.0009918213
.0009918213
.0009765625
.0010070801
.0009765625
.0009918213
.0009918213
.0009765625
.0009613037
.0009765625
.0009918213
.0009765625
.0009765625
.0009765625
.0009765625
.0009765625
.0009765625
.0009613037
.0009918213
.0014343262
.0016937256
.0004272461
-.0018615723
-.0735473633
.1283264160
-.2038726807
-.0730133057
.2960815430
.2261810303
-.2554779053
-.2888183594
-.3111724854
-.2457427979
-.1513366699
.1497192383
.2465515137
.1541442871
.2358856201
.1786193848
-.3244781494
-.0848541260
-.1758575439
-.3300323486
.1563110352
.1541290283
.2161254883
.3764495850
-.3971557617
-.3583679199
-.3972167969
.3971862793
.2637329102
-.3972167969
.3890686035
-.3972167969
.2643585205
-.3972167969
-.3972167969
-.3985595703
-.3980255127
.3785705566
.3978118896
.3168487549
-.3759918213
-.1774444580
-.3984375000
.3975524902
.3976593018
.2821655273
-.3982849121
-.3213043213
-.3973541260
-.3464660645
.3864288330
-.3849487305
.3972015381
-.3636474609
.2159118652
.3145904541
-.3976440430
.3967437744
-.3980865479
-.2949829102
-.2837829590
-.3177185059
.3982849121
-.2749481201
.3120727539
.2259826660
-.2140808105
.3673858643
-.3995056152
.2027435303
-.3922729492
.2778320313
.2096710205
-.3261566162
-.2430725098
-.3761444092
-.2850646973
-.3991699219
.2276458740
-.3073730469
-.2306213379
-.3021850586
-.3957519531
-.2842254639
.3410797119
-.1727752686
-.2923278809
.2580566406
-.2836608887
.2651062012
-.1867370605
.1328125000
.1776275635
-.1791534424
-.2164306641
.2191314697
-.1554107666
-.2439422607
-.2164916992
.1421051025
.1725006104
.1091766357
.1210174561
.1169433594
.0994720459
.1056365967
.0859985352
.1272583008
-.0807189941
-.1296844482
-.0799102783
.1044006348
-.1075744629
.0596313477
-.1379241943
-.2163238525
-.1342926025
.0795288086
.1241149902
-.1495208740
.1232147217
.0902557373
-.0984649658
.1306457520
.2151489258
.1244354248
-.1860809326
.1668243408
-.0990142822
.0853424072
-.1486968994
-.1248779297
-.1645812988
.0607910156
.1704254150
.1852264404
-.1596221924
-.1867370605
.1501922607
.1017913818
.1365509033
-.1115570068
.1402587891
-.1199035645
-.1139984131
.1350402832
.1685333252
.1798706055
.0683898926
-.0847320557
.0694580078
.1127471924
-.1239013672
-.0753479004
.1664733887
.1367034912
.0971221924
-.0643463135
.1668548584
-.0894775391
-.1336212158
-.0678253174
-.0643005371
-.1766967773
.1183624268
-.1314544678
.1050109863
.0977783203
-.1374664307
.0773468018
-.1569366455
.1143341064
-.0773925781
.1369628906
-.1463775635
-.1168823242
.1306762695
.0848541260
.1674041748
.1057891846
-.0666961670
.0647277832
.0815887451
-.0612182617
.0844268799
-.1166534424
-.0478363037
.0419464111
-.0623626709
.0998229980
-.0618591309
-.1315765381
.1192626953
.1779174805
-.0563964844
-.0949859619
-.0719451904
-.0624847412
.0668182373
.0707855225
.1071319580
.0849609375
.0701293945
-.0805969238
.0823211670
-.0836486816
.1416931152
.1265716553
.0615234375
-.0972290039
-.1076660156
-.0968627930
.0503234863
.0587615967
-.0702056885
-.0738372803
.0873870850
-.0686645508
-.0562286377
.0361633301
.0493011475
-.0362091064
.0727233887
-.0432891846
-.0394744873
.0511932373
-.0482788086
.0734710693
.0549926758
-.0273284912
-.0437622070
.0501556396
.0376281738
.0274047852
.0554504395
.0530548096
-.0639190674
-.0850372314
-.0661010742
-.0635070801
.0729675293
.0511627197
-.0461273193
.0448608398
.1062927246
-.0618743896
-.0750122070
.1038970947
-.0638275146
-.1291046143
.0785980225
-.0713806152
.0646972656
-.0559844971
-.0732269287
-.0502777100
-.0463256836
.1085205078
.1063385010
-.0884704590
.0421905518
-.0355224609
.0621337891
-.0547332764
-.0391693115
.0494537354
.0442504883
-.0430603027
.0420532227
.0522613525
-.0260009766
.0372009277
.0488586426
.0396881104
.0653686523
.0455169678
-.0332794189
.0332946777
.0315551758
.0285797119
.0626373291
-.0380706787
.0162048340
.0859832764
-.0890655518
-.0359039307
-.0281066895
-.0442199707
.0475311279
-.0319824219
.0368957520
-.0532989502
-.0603332520
.0407867432
-.1253814697
-.0319976807
-.0513610840
.0549468994
-.0486297607
.0412292480
.0294342041
-.0441589355
.0285949707
.0259857178
-.0506286621
.0470886230
-.0232849121
.0187530518
.0150451660
-.0100555420
.0127410889
-.0279235840
.0228118896
-.0240325928
.0312957764
-.0201263428
.0130310059
-.0245361328
-.0435638428
.0175781250
.0206604004
.0239410400
.0261230469
-.0424041748
.0453338623
-.0359039307
.0447845459
-.0235900879
.0477294922
.0195159912
-.0382690430
.0310058594
.0328369141
-.0153808594
-.0215148926
-.0265350342
-.0277252197
.0234527588
-.0421447754
.0327301025
-.0535125732
-.1413421631
.0289764404
.0324859619
.0227355957
-.0269775391
-.0376739502
.0386962891
.0317077637
.0260925293
.0264434814
.0372772217
-.0331420898
-.0302886963
-.0321197510
.0391235352
.0460052490
-.0272521973
-.0347290039
.0210113525
.0274505615
.0222930908
-.0173797607
.0502319336
-.0408630371
-.0473480225
-.0254058838
-.0189056396
.0389862061
-.0180969238
.0462188721
.0337066650
.0243377686
-.0227050781
.0252685547
.0200195313
.0149993896
-.0119781494
-.0082244873
-.0143280029
.0202789307
.0368194580
.0268859863
-.0254974365
.0183868408
.0513763428
.0164947510
-.0376739502
.0227355957
.0183563232
.0148010254
-.0106353760
.0246734619
-.0245361328
-.0159606934
.0087890625
-.0131683350
-.0122680664
-.0103149414
.0109405518
-.0120239258
-.0200805664
.0267944336
.0136260986
-.0115814209
-.0183258057
.0182647705
-.0162506104
-.0135040283
-.0089721680
.0157012939
.0091705322
.0136108398
-.0239410400
.0147857666
-.0130615234
-.0096588135
-.0087432861
-.0166473389
.0190277100
.0161285400
-.0128936768
-.0142669678
-.0309906006
-.0164947510
.0178375244
-.0193634033
.0144500732
.0141906738
.0103302002
.0152130127
-.0169372559
-.0128631592
-.0125427246
.0091247559
-.0145111084
-.0123596191
.0230560303
.0149230957
-.0120391846
.0163116455
.0249328613
.0235748291
-.0239715576
.0128631592
-.0222778320
.0238037109
-.0153503418
-.0086822510
-.0233917236
-.0119018555
.0071411133
.0156555176
-.0131072998
-.0067901611
-.0174255371
.0109100342
-.0051574707
-.0211944580
.0117950439
.0093383789
.0147552490
-.0127868652
-.0097656250
.0176391602
.0101013184
-.0178375244
.0083770752
-.0154724121
.0251312256
.0076599121
-.0077514648
-.0070037842
.0043945313
.0076293945
.0093078613
-.0078125000
-.0081634521
.0145874023
-.0099182129
.0140075684
.0056762695
-.0075683594
-.0099792480
.0165710449
.0041503906
-.0163726807
.0069427490
.0071258545
-.0064849854
-.0064697266
-.0040435791
.0086669922
.0057373047
-.0095062256
.0068511963
.0060577393
.0053710938
.0065002441
.0072937012
-.0056762695
-.0098724365
.0036163330
-.0053863525
-.0071105957
.0064544678
-.0113067627
.0096435547
.0128326416
-.0119628906
.0067443848
.0129394531
-.0122833252
-.0097351074
.0080871582
.0078887939
-.0159912109
.0045166016
.0065612793
-.0101318359
-.0071105957
-.0052490234
-.0110321045
.0076904297
.0084686279
-.0075378418
-.0084381104
.0120697021
.0050201416
-.0105133057
.0078125000
.0053253174
-.0038452148
.0066223145
-.0055541992
.0085296631
.0065612793
-.0073547363
.0059204102
-.0138092041
.0086364746
-.0055694580
.0068206787
-.0069580078
-.0032043457
-.0047912598
.0032653809
-.0050506592
-.0046081543
.0114746094
-.0137939453
.0080261230
.0052032471
.0054168701
-.0131072998
.0092620850
-.0076904297
.0061187744
.0068054199
-.0165100098
.0116119385
-.0091857910
.0093841553
-.0098266602
-.0084381104
.0043487549
.0090179443
-.0079956055
-.0074768066
.0060882568
.0070800781
-.0090484619
.0079345703
-.0073547363
.0061492920
.0037689209
.0034637451
-.0035552979
-.0119934082
.0044250488
-.0061340332
-.0043334961
-.0086212158
.0110168457
-.0061187744
.0073547363
.0071258545
-.0091857910
-.0105895996
.0059814453
.0096588135
-.0096588135
.0041656494
.0039672852
.0053558350
-.0070037842
-.0043792725
.0035400391
-.0019836426
.0050811768
-.0055847168
.0022125244
.0051116943
.0036773682
.0042114258
-.0070495605
.0059051514
-.0068817139
-.0043182373
-.0034179688
.0027465820
.0041809082
.0014801025
-.0029907227
-.0028076172
-.0034027100
.0066070557
.0116424561
-.0082550049
-.0089416504
.0070800781
.0049133301
.0026092529
-.0033721924
.0053405762
.0026397705
.0041809082
.0036468506
-.0056304932
.0079345703
.0051422119
-.0061035156
-.0057067871
.0051727295
.0043640137
-.0045623779
-.0034790039
-.0038604736
.0052185059
.0041961670
.0018463135
-.0035858154
.0053710938
.0093688965
-.0054321289
-.0045318604
-.0058898926
.0054931641
.0041198730
-.0078430176
.0063018799
.0052795410
-.0049438477
.0036621094
-.0025177002
.0046234131
-.0050964355
.0041046143
-.0050048828
-.0070190430
.0075225830
.0030670166
.0053863525
-.0072174072
.0058135986
.0030364990
-.0043945313
-.0041656494
.0025024414
.0036926270
-.0024261475
-.0030059814
.0046844482
-.0044403076
-.0036468506
.0019226074
-.0048828125
.0037994385
-.0053710938
.0022430420
-.0041809082
.0048675537
-.0025634766
.0028839111
-.0022277832
-.0025787354
-.0034027100
.0021209717
.0017395020
.0033874512
.0053100586
-.0029144287
.0015716553
-.0014190674
-.0017547607
-.0045166016
.0038299561
-.0031433105
.0023651123
-.0049591064
-.0027313232
.0017242432
-.0019073486
-.0021972656
-.0044708252
.0028991699
.0061645508
-.0022277832
.0035095215
-.0042266846
.0040588379
.0034637451
-.0034637451
-.0025634766
.0042114258
.0057830811
-.0031585693
-.0022735596
-.0036468506
.0056304932
.0027465820
-.0030059814
.0022430420
-.0047607422
.0037841797
-.0025177002
.0026245117
-.0036163330
.0023345947
.0043487549
-.0016937256
.0028381348
-.0031433105
.0029907227
.0013580322
.0030212402
.0022583008
.0016479492
-.0026855469
-.0016784668
-.0029296875
-.0027160645
-.0028686523
.0045776367
-.0044403076
-.0015869141
.0027313232
-.0041809082
.0065460205
-.0023498535
-.0026092529
-.0030059814
.0035095215
.0015869141
-.0048217773
.0024871826
-.0008392334
-.0036926270
.0015411377
.0032501221
-.0013580322
.0034179688
.0021057129
-.0031433105
.0030059814
.0025482178
.0012359619
-.0007629395
.0021514893
-.0025177002
-.0025329590
-.0017242432
-.0014343262
.0022583008
-.0013275146
.0012359619
-.0026550293
.0040283203
-.0039520264
.0014038086
-.0011749268
.0025482178
-.0037078857
.0016479492
.0028228760
-.0027313232
.0024719238
-.0027008057
.0011596680
.0028076172
-.0021820068
-.0021667480
.0018005371
.0031585693
.0011901855
-.0018920898
-.0017700195
.0028076172
.0024414063
-.0016174316
-.0030212402
.0027465820
-.0016021729
.0021362305
-.0027008057
-.0015258789
.0014343262
-.0026245117
.0020141602
-.0023803711
.0024414063
.0019683838
-.0016937256
.0022430420
.0023193359
-.0026397705
.0030517578
.0008697510
-.0030517578
-.0014953613
.0028991699
.0023803711
-.0014495850
.0027160645
-.0013732910
-.0012664795
.0018310547
.0016174316
-.0025024414
.0012512207
.0008697510
.0013732910
.0004577637
-.0015106201
.0011444092
.0021057129
-.0013885498
-.0007781982
-.0018463135
.0010528564
.0014801025
-.0010986328
.0015563965
.0021362305
.0018463135
.0008697510
-.0015411377
-.0011596680
.0023193359
.0024108887
-.0016326904
-.0008850098
.0015869141
.0009918213
-.0019378662
.0020751953
-.0007324219
.0008697510
.0010528564
.0014953613
-.0004882813
.0009155273
-.0017852783
.0011444092
-.0010070801
.0016784668
-.0013427734
-.0012969971
.0008239746
-.0007171631
.0019836426
.0011749268
-.0012359619
-.0008392334
.0007781982
.0005950928
-.0013275146
-.0009307861
-.0013275146
.0007324219
-.0008087158
-.0006866455
-.0009002686
-.0013275146
.0004882813
.0004882813
.0008544922
-.0016632080
.0016632080
-.0007171631
.0005340576
-.0005950928
-.0018615723
.0011444092
.0015258789
.0007019043
-.0012664795
.0004119873
-.0009002686
.0017089844
-.0007781982
-.0010070801
-.0007019043
.0015716553
-.0006561279
.0005645752
-.0004272461
.0012664795
-.0005187988
.0008850098
-.0011749268
.0005340576
-.0018005371
.0007934570
-.0009307861
-.0004730225
.0009918213
.0011749268
-.0005187988
-.0003967285
-.0006866455
.0010375977
-.0010986328
-.0004882813
.0009155273
-.0003509521
.0004425049
-.0011596680
.0019073486
.0009155273
-.0006256104
-.0014038086
.0008850098
.0006713867
-.0003356934
-.0008544922
-.0003204346
.0011901855
-.0007324219
-.0012969971
-.0005340576
.0008850098
-.0007629395
-.0006256104
-.0005187988
-.0009460449
.0006866455
.0015411377
-.0011444092
-.0007476807
-.0003509521
.0016784668
-.0013580322
-.0007324219
.0010681152
.0007019043
.0003356934
-.0006103516
.0009613037
-.0006103516
.0011749268
-.0005798340
-.0002136230
-.0003204346
.0004425049
-.0005340576
.0005035400
-.0009918213
.0008392334
.0005493164
-.0005340576
-.0003814697
.0004882813
.0006561279
-.0008239746
.0004577637
.0005950928
.0004119873
-.0003356934
.0004119873
-.0005035400
.0005340576
-.0007476807
-.0012664795
.0010986328
