-.0000152588
-.0000152588
-.0000152588
-.0000152588
.0000152588
-.0000152588
-.0000152588
.0000152588
-.0000152588
.0000152588
-.0000152588
.0002288818
-.0003356934
.0030670166
-.0036773682
.0038757324
.0437774658
-.0723419189
.0691375732
-.0686035156
-.0731964111
.0415191650
.1289367676
.1185455322
.0944671631
-.1742858887
.0880432129
-.1101989746
.1166839600
-.1954193115
.1387481689
.1710662842
.4363250732
-.3491973877
-.4858093262
-.4880676270
.4999847412
-.3283996582
.4928131104
.3770141602
.4184722900
-.4954833984
-.4567871094
.4798889160
.4017486572
.4999847412
.3036193848
.3174133301
.2517700195
-.3561859131
.4221496582
-.3891906738
-.3531646729
-.2336120605
.3103637695
.3147735596
-.3995056152
.4271850586
-.3464508057
.2233581543
.3212585449
-.4568786621
.3401184082
-.3477783203
.4243011475
.2374877930
-.1845245361
.2923126221
.3758697510
-.4354095459
-.2547912598
-.1831665039
-.2978973389
.4593200684
-.2312011719
.3984222412
-.1831665039
-.3859100342
-.3442687988
-.3533325195
.3765716553
.2719268799
-.3521881104
.3465423584
.3395690918
.3636627197
-.3595733643
-.3190460205
.4356994629
-.3883209229
.3119964600
-.3104858398
.3529968262
-.2274780273
.2151031494
-.3129577637
.4105987549
-.2061614990
-.2817077637
-.2908477783
-.2696533203
.2767181396
-.2784423828
-.1152648926
.2024688721
.1632080078
-.2274017334
-.1612548828
.0920257568
.1936035156
.2527313232
-.1858062744
-.1407775879
.2262573242
-.1483001709
-.1164855957
.1039581299
-.1222534180
.1017608643
-.1167602539
.0795440674
.0970458984
.1173248291
-.1112518311
.1238708496
.0877990723
.1120910645
-.0844573975
.1483001709
-.1287841797
.1380920410
-.0741882324
.1366119385
.1535949707
.0846099854
.1764526367
-.1323089600
-.0896453857
-.1461486816
-.0643005371
.1036834717
.1066894531
-.1369018555
-.1026458740
-.1220092773
-.1044311523
-.0826721191
-.1009063721
-.0616912842
-.1582336426
.1034851074
-.0976867676
-.0752716064
.0844421387
.0844573975
.1755218506
.1088867188
-.0572509766
-.0937957764
.1030731201
-.0513610840
-.0497589111
-.0655517578
.0746917725
-.0890655518
-.0466766357
-.1266021729
.1010742188
-.0806884766
-.0818786621
.1085662842
.0683135986
.0937805176
-.0549011230
.0857849121
.1053009033
.0797119141
.0882873535
.0975646973
-.1090087891
-.0882263184
.0820922852
-.1154327393
.1398468018
-.1633758545
-.1402893066
-.1290893555
-.0962829590
.1174316406
.1122436523
-.1063537598
.1343078613
-.1040191650
-.0845336914
-.1133880615
.0781097412
.1415557861
-.0556640625
-.0473632813
-.0705871582
-.0717163086
.1011199951
-.0627288818
.0499877930
-.0425415039
.0402984619
-.0478057861
.0641784668
-.0713348389
.0648956299
-.1117248535
.2045745850
.0487823486
-.0398712158
.0425567627
.0798187256
-.1121368408
-.0450134277
-.1554718018
-.1287994385
-.0666046143
-.0573425293
.0503082275
-.0414428711
-.1373443604
.1671905518
.0902862549
.0359039307
-.0328674316
.0551300049
-.0688629150
-.1380462646
.0949859619
.0603790283
.0862426758
.0350036621
-.0313720703
.0436096191
.0446472168
.0464172363
-.0688934326
.0521545410
-.0225677490
-.0520477295
-.0484924316
.0656433105
.0586547852
.0666198730
.0402069092
.0272369385
-.0387268066
.0430297852
.0424957275
-.0340423584
.0329589844
.0648193359
-.0431213379
.0598602295
-.0582733154
-.0434112549
-.0378875732
.0467224121
-.0370483398
-.0376281738
.0668792725
.0754089355
.0505523682
-.0667266846
-.0929718018
-.0719909668
-.0463714600
.0684814453
-.0409851074
.0395660400
-.0301971436
.0437774658
.0459747314
-.0527343750
-.0348968506
-.0202941895
.0628051758
-.0307922363
.0367736816
-.0459594727
.0421600342
-.0276489258
.0533142090
.0364227295
.0315246582
.0230560303
-.0283508301
.0358428955
-.0433959961
-.0416564941
.0483093262
-.0399017334
-.0870971680
-.0892639160
.0618286133
.0224304199
-.0314788818
.0234832764
-.0375976563
.0370178223
-.0356750488
-.0269927979
-.0877838135
-.0604553223
.0408782959
-.0419158936
.0393066406
-.0377197266
-.0433807373
-.0126190186
-.0333862305
.0492095947
.0677947998
-.0493927002
.1018524170
.0357360840
.0491638184
.0280609131
.0360870361
-.0408782959
.0256042480
-.0457153320
.0532836914
.0224304199
-.0380249023
.0437927246
.0216827393
-.0309600830
.0298461914
-.0192871094
.0211639404
-.0132904053
.0173492432
-.0183105469
-.0094757080
.0138702393
-.0190887451
.0140838623
-.0130157471
-.0180206299
.0122070313
.0315246582
.0186920166
.0142669678
-.0131530762
.0180969238
-.0209197998
.0113983154
.0141448975
-.0181732178
.0202941895
.0160064697
-.0308074951
.0162963867
.0315704346
-.0230560303
-.0186920166
-.0179595947
-.0298004150
-.0191192627
-.0527648926
-.0202178955
.0258331299
.0346374512
-.0621490479
-.0491180420
.0195617676
.0304260254
-.0228729248
-.0195465088
.0214080811
.0336608887
-.0284118652
-.0183715820
.0397338867
.0202484131
-.0277404785
.0293121338
.0161590576
.0313415527
-.0164947510
-.0159912109
.0429840088
.0234680176
-.0142517090
-.0151672363
-.0182800293
.0124969482
.0148620605
.0238189697
-.0204315186
.0093078613
.0204162598
-.0159759521
.0401306152
.0258483887
.0102081299
-.0152893066
.0285186768
.0160522461
-.0149993896
-.0171813965
.0077667236
.0215606689
-.0142517090
-.0239105225
.0194854736
.0153045654
.0161437988
.0231475830
.0338897705
-.0093383789
-.0236663818
.0278930664
.0138854980
.0137176514
-.0112915039
.0252532959
-.0280151367
-.0100708008
.0122070313
.0093231201
-.0140533447
.0126800537
-.0164337158
.0191955566
.0111541748
.0097503662
.0123138428
.0090026855
-.0067901611
.0131530762
.0115051270
-.0157928467
-.0119476318
-.0098419189
.0289916992
.0119628906
.0088958740
-.0188140869
.0118255615
-.0100708008
.0211181641
.0131225586
-.0139617920
.0076751709
.0053253174
-.0127716064
-.0098876953
-.0080566406
.0078735352
.0144042969
-.0098571777
-.0088195801
.0175018311
.0181732178
-.0145416260
.0153656006
-.0098876953
-.0142822266
.0094909668
-.0122985840
-.0078125000
.0091094971
.0134735107
-.0068511963
-.0132598877
.0137786865
-.0216217041
.0092315674
-.0114746094
-.0093078613
.0088653564
-.0196075439
.0146942139
.0152130127
-.0114898682
.0148010254
.0051574707
-.0135040283
.0072174072
-.0080718994
.0082702637
-.0111846924
-.0076904297
.0094757080
-.0064544678
-.0140228271
.0139160156
-.0130157471
.0113220215
.0122070313
.0065155029
.0153808594
.0110168457
.0164184570
.0107269287
-.0126190186
-.0200805664
.0113220215
.0080718994
.0066986084
.0081939697
-.0155334473
-.0112609863
-.0061035156
.0049591064
-.0056915283
.0105285645
-.0107879639
.0096282959
.0071105957
-.0122833252
-.0156860352
.0432128906
.0142822266
.0423583984
-.0186309814
.0540924072
.0362243652
-.0170898438
-.0103149414
.0091400146
.0114440918
-.0052490234
-.0069580078
.0078582764
-.0045928955
.0066680908
-.0083770752
.0056610107
-.0050506592
.0099945068
-.0040130615
-.0051116943
.0062866211
.0097961426
-.0064392090
-.0074310303
.0094146729
-.0063629150
-.0073089600
.0039672852
.0037994385
-.0057525635
-.0081024170
.0111541748
-.0087280273
-.0088043213
.0056457520
.0070037842
-.0066223145
-.0040588379
.0047149658
-.0060882568
.0080261230
-.0042877197
.0071563721
.0037841797
-.0043182373
.0126647949
.0037994385
-.0067749023
.0041656494
-.0048065186
-.0039520264
.0054931641
.0043182373
.0064086914
.0069885254
-.0044555664
.0049591064
.0040283203
.0082702637
.0047454834
.0071105957
-.0062713623
.0044555664
.0095367432
.0038604736
-.0035247803
.0056610107
.0106353760
-.0082855225
-.0097351074
.0060729980
-.0077819824
.0050964355
-.0089721680
.0089569092
-.0046844482
.0063629150
.0087280273
-.0104980469
.0079193115
-.0039062500
.0067749023
.0048522949
.0088043213
-.0055847168
.0054779053
.0067749023
-.0096435547
.0094146729
.0070800781
-.0071716309
-.0070037842
.0061645508
-.0073547363
.0076293945
.0048065186
.0065155029
.0073547363
-.0126953125
-.0069580078
.0062866211
.0072937012
-.0055236816
-.0102996826
.0094604492
-.0071105957
.0069427490
.0054779053
.0068359375
-.0115051270
.0065917969
.0078430176
-.0088806152
.0065307617
.0054931641
.0059509277
-.0037078857
-.0038452148
.0018005371
.0052032471
.0046386719
-.0024566650
-.0032806396
-.0015106201
.0036315918
.0036773682
.0030670166
.0031280518
.0069885254
.0040588379
-.0035552979
.0032806396
.0035400391
.0023651123
.0032653809
-.0022735596
-.0043792725
-.0032348633
.0021820068
.0057830811
-.0053558350
.0048065186
-.0044555664
.0040130615
-.0043640137
-.0021972656
-.0019683838
.0023803711
.0014495850
.0025482178
.0032196045
-.0061340332
.0056457520
.0056610107
-.0039520264
-.0031585693
.0046081543
.0061645508
.0027160645
.0038757324
-.0030975342
.0035705566
.0052337646
-.0041809082
.0018310547
-.0050964355
.0063018799
.0079803467
-.0033721924
-.0036010742
-.0041809082
.0042572021
.0060729980
-.0037994385
.0030670166
.0036163330
-.0038299561
.0035400391
-.0036010742
.0014343262
.0030975342
.0029296875
.0043945313
.0023498535
-.0043640137
.0065155029
.0028228760
.0058441162
-.0055694580
.0044708252
.0035400391
-.0028076172
-.0048370361
.0051422119
.0029449463
.0056152344
-.0033874512
-.0027160645
.0032348633
-.0032043457
.0083770752
-.0033111572
-.0060119629
.0041046143
-.0048217773
.0018463135
.0018310547
.0038604736
.0019073486
.0039520264
-.0028991699
.0036163330
.0032196045
-.0023193359
-.0044708252
-.0033111572
.0063476563
-.0041656494
-.0020294189
-.0024414063
.0025329590
.0022583008
-.0014801025
.0043029785
-.0030517578
.0032348633
.0039672852
-.0023345947
-.0016937256
-.0013275146
-.0016937256
.0039215088
.0039978027
-.0026092529
-.0034332275
-.0027160645
.0039825439
-.0037841797
.0057067871
.0039672852
.0031127930
-.0045928955
.0059967041
.0050811768
-.0024719238
-.0034637451
-.0040130615
.0065765381
.0044708252
.0027770996
.0039672852
-.0024566650
.0047454834
-.0014495850
-.0033264160
.0029449463
-.0022888184
.0031433105
.0027770996
-.0043029785
.0027160645
-.0031433105
.0033416748
.0022583008
.0032806396
.0019683838
.0032348633
.0020751953
.0019378662
-.0018157959
.0028839111
.0022583008
.0032196045
.0033264160
.0030059814
-.0017852783
.0032806396
-.0051116943
.0028839111
-.0024566650
-.0035705566
-.0029449463
.0044403076
.0019073486
-.0039978027
.0033416748
.0019989014
-.0031433105
.0018920898
.0044097900
-.0016021729
.0038604736
-.0017395020
-.0014038086
.0025329590
.0025939941
.0016632080
-.0043945313
.0019378662
.0047149658
-.0023803711
.0031738281
-.0019531250
.0011596680
.0035247803
.0009307861
.0018920898
-.0015106201
.0029907227
.0021820068
-.0020294189
.0023040771
.0011749268
.0027770996
.0020751953
.0018463135
-.0014648438
-.0034942627
.0028686523
-.0022125244
.0030975342
.0036315918
.0022430420
-.0014038086
.0021514893
.0041351318
.0019378662
-.0012207031
-.0031890869
.0037536621
-.0029144287
.0019989014
.0047760010
-.0021972656
.0039672852
.0029449463
.0023651123
-.0037841797
.0029602051
.0035705566
.0034027100
-.0011749268
-.0023956299
.0025482178
-.0022583008
.0018920898
.0031280518
.0042114258
-.0037078857
-.0017547607
.0011596680
.0035095215
-.0014495850
.0035858154
-.0005950928
.0032043457
.0025482178
.0055389404
.0010070801
.0018463135
.0021820068
.0036926270
-.0034790039
.0020294189
.0021820068
-.0050048828
-.0023345947
.0014495850
.0037994385
-.0013580322
.0024414063
-.0015411377
.0023040771
-.0030822754
.0040893555
.0025329590
-.0019531250
.0029296875
.0037536621
.0026855469
.0018310547
-.0018157959
-.0034332275
.0032806396
.0030517578
-.0019226074
.0017242432
.0035705566
.0011596680
-.0015411377
.0016632080
-.0009460449
.0024566650
-.0007324219
.0022430420
.0022125244
.0024414063
.0013732910
-.0010223389
.0024414063
.0016937256
.0025482178
.0026245117
.0028991699
.0008697510
.0011596680
-.0029907227
.0015869141
-.0024108887
-.0019226074
.0015106201
.0019073486
.0023498535
-.0018310547
-.0028533936
-.0020141602
.0015563965
.0011749268
.0012359619
.0018310547
.0013885498
.0012817383
.0018768311
.0025024414
-.0023193359
-.0008544922
.0008697510
.0024566650
.0015869141
.0019989014
.0021514893
.0021362305
.0021057129
.0010223389
-.0006713867
.0008697510
.0016326904
.0029907227
.0008697510
-.0022430420
-.0013885498
.0030975342
-.0012817383
.0012054443
-.0011291504
.0016021729
.0016632080
.0022277832
.0010681152
-.0016479492
.0019073486
-.0033264160
.0015563965
.0014801025
-.0018463135
.0009918213
.0020141602
.0010528564
.0011138916
.0018463135
.0014038086
.0010070801
.0011138916
.0012817383
.0013885498
.0008392334
-.0013732910
-.0021972656
.0017395020
.0013732910
-.0020446777
.0012664795
.0027313232
-.0009460449
.0012664795
.0016784668
-.0014953613
.0018005371
-.0006866455
.0012359619
-.0007171631
.0017395020
.0012664795
.0012817383
.0008544922
.0014953613
.0013427734
.0013427734
.0014343262
-.0019378662
