-.0007629395
.0012817383
.0019683838
.0033264160
-.0032653809
-.0027465820
.0048828125
.0051116943
-.0043029785
-.0038757324
.0206298828
-.0181732178
.0083618164
-.0095367432
.0381622314
-.0340423584
.0280303955
.0443878174
.1548309326
-.0547027588
.0783843994
.0915374756
.1496887207
.1938171387
.1014862061
-.0758514404
.0709533691
-.1020507813
.0923767090
.0625000000
.0358123779
-.0348968506
.0193939209
-.0421447754
.0324249268
-.0243988037
-.0283660889
.1633911133
.0955963135
-.0557861328
.0832366943
-.0378417969
.0475921631
-.0270996094
-.0235290527
-.0420989990
-.0238037109
.0222778320
-.0348815918
-.0287170410
-.0714111328
-.0511016846
.0328674316
-.0482025146
.0493927002
-.0389709473
-.0402832031
.0534667969
.0429687500
-.0465087891
.0664825439
-.0562896729
-.0375213623
.0530853271
.0261840820
-.0417785645
-.0525360107
-.0573272705
.0393829346
.0415496826
-.0455780029
-.0577850342
.0365905762
.0410156250
.0453338623
-.0646209717
.0424957275
.0587615967
-.0451660156
.0529174805
.0383148193
-.0503845215
.0534362793
.0474700928
-.0430297852
-.0415191650
-.0489654541
-.0564270020
-.0442047119
.0427703857
-.0415039063
-.0747833252
-.0554046631
.0513763428
-.0310668945
-.0800476074
-.0540771484
.0422973633
-.0447540283
.0598907471
-.0556488037
-.0427856445
.0356903076
-.0671234131
.0453796387
.0421447754
.0747070313
-.0408325195
-.0406799316
.0487823486
-.0437316895
.0806427002
-.0444183350
.0551147461
.0516357422
.0583648682
.0451354980
.0443878174
.0365753174
-.0528869629
-.0449981689
-.0464630127
-.0501556396
-.0586395264
-.0309295654
-.0376892090
.0471649170
.0721435547
-.0493316650
.0572357178
-.0420379639
.0793762207
-.0463256836
-.0365142822
.0402984619
.0623016357
.0465087891
-.0626525879
.0351715088
.0575103760
.0393676758
-.0495910645
.0394439697
.0615386963
.0393066406
-.0569305420
.0327758789
-.0918273926
.0372467041
-.0534057617
.0381317139
.0563659668
-.0453948975
.0430145264
.0519409180
-.0643920898
-.0475311279
.0454101563
.0435333252
.0755615234
-.0477142334
.0472259521
.0597991943
.0656280518
.0309600830
-.0368652344
-.0438690186
.0482788086
.0572052002
-.0401306152
-.0456542969
.0580902100
.0381164551
.0442962646
.0476074219
-.0594024658
.0506439209
-.0420227051
-.0483093262
.0682830811
.0491333008
-.0559844971
.0317687988
.0668945313
.0355072021
.0383911133
-.0424957275
.0524291992
-.0266723633
-.0665130615
-.0442047119
.0651550293
-.0317230225
.0515136719
-.0440521240
.0578765869
.0410614014
.0442047119
-.0455780029
-.0699462891
.0638885498
.0629577637
.0455780029
.0809020996
-.0479888916
.0514068604
.0292968750
-.0814208984
-.0425262451
.0370941162
-.0330963135
-.0651550293
.0441131592
-.0516815186
-.0318298340
-.0645904541
-.0421905518
-.0420074463
-.0546417236
-.0705261230
.0616760254
-.0412445068
.0420379639
.0785827637
.0386199951
-.0721130371
.0376281738
-.0608215332
.0415191650
-.0596466064
-.0397491455
.0751800537
-.0349731445
-.0574188232
-.0467376709
.0799407959
.0410766602
.0418853760
-.0459899902
-.0713195801
-.0311126709
-.0548553467
-.0403747559
.0783843994
-.0442810059
-.0564117432
.0697479248
.0576934814
.0601196289
-.0505371094
.0469512939
.0553588867
-.0388031006
-.0580139160
-.0328369141
.0643768311
-.0418243408
.0419006348
.0503845215
-.0752258301
-.0348663330
-.0354614258
.0372009277
.0611724854
-.0489654541
.0442047119
.0445861816
-.0885162354
.0562896729
-.0523376465
-.0379333496
-.0631866455
.0413818359
.0536956787
-.0361022949
-.0787200928
-.0594482422
-.0446166992
-.0387725830
-.0867309570
.0545959473
-.0379333496
-.0518035889
-.0751037598
-.0361022949
-.0520629883
-.0435943604
-.0889587402
.0463867188
-.0438995361
.0558624268
-.0923461914
-.0333251953
-.0460205078
-.0413360596
.0575561523
-.0505065918
.0506286621
.0517730713
-.0724334717
-.0511932373
.0633544922
-.0474090576
.0978393555
-.0593872070
.0424041748
-.0522613525
.0888214111
-.0516662598
.0342864990
-.0415802002
-.0942840576
-.0396423340
.0511627197
.0446929932
-.1008758545
-.0591278076
-.0484466553
.0582733154
-.0719451904
.0400085449
-.0662689209
-.0361328125
.1042022705
.0577392578
.0451202393
.0520782471
.0697631836
-.0485076904
.0550842285
.0444946289
.0791625977
-.0464630127
-.0745086670
-.0373840332
-.0586242676
-.0386505127
.0481567383
.0549011230
.0640869141
-.0407714844
-.0410308838
.0321044922
.0790100098
.0336303711
.0343017578
.0445556641
-.0996093750
.0558624268
.0401000977
-.0474548340
.0597076416
-.0563507080
-.0435943604
.0568389893
.0739898682
-.0316162109
-.0589752197
.0379486084
.0732421875
-.0326843262
.0403594971
.0409851074
.0633239746
.0559234619
-.0333099365
-.0422363281
-.0689392090
-.0543518066
-.0785827637
.0550384521
-.0634002686
.0462036133
-.0523223877
-.0356597900
-.0524902344
.0416412354
-.0631561279
.0437622070
.0694580078
-.0518341064
-.0570220947
-.0411834717
-.0717010498
-.0424346924
-.0635375977
.0406799316
-.0812377930
-.0430450439
.0502777100
.0471038818
-.1080627441
.0724945068
-.0603179932
.0388183594
-.0872039795
.0781555176
.0653686523
.0458526611
-.0948791504
-.0625610352
-.0498352051
.0443725586
-.0642089844
.0647125244
-.0464630127
.0772399902
-.0862731934
-.0607910156
.0519104004
-.0664215088
-.1072692871
-.0815734863
.0752410889
.0440826416
-.0925445557
.0689392090
-.0542602539
-.0718231201
-.1087188721
.0596618652
.0384674072
-.0592803955
-.0789337158
-.0453948975
.0611572266
-.0651397705
-.0845336914
-.0526275635
.0858917236
-.0513153076
-.0812683105
-.0516815186
.0928649902
.0454559326
-.0914764404
-.0646972656
.0440063477
.0449523926
-.0963134766
-.0597839355
-.0397033691
.0413208008
-.1063690186
-.0467071533
-.0493469238
.0612640381
-.0886230469
.0368499756
-.0542449951
.0386962891
.0873107910
.0343627930
-.0551147461
.0387573242
-.0714111328
-.0614471436
.0492248535
.0560455322
-.1048583984
-.0371704102
-.0560760498
.0453186035
.0920715332
.0489654541
-.0574188232
.0500640869
-.0672912598
.0397949219
-.0558319092
.0395050049
-.0684814453
-.0397949219
-.0601043701
.0456237793
-.0700836182
-.0379180908
-.0491943359
.0449371338
.0710144043
.0595397949
.0459899902
.0389251709
-.0800476074
-.0722503662
-.0416870117
.0387573242
-.0942993164
-.0522460938
.0605773926
.0423431396
.0816345215
-.0485534668
.0414733887
.0381622314
-.0666351318
.0583953857
-.0360565186
.0605621338
-.0685424805
.0453948975
.0734252930
-.0453338623
-.0892639160
.0417633057
-.0418090820
.0455322266
-.0914306641
.0590209961
.0683288574
-.0343933105
-.0671539307
.0478668213
.0801849365
-.0337066650
-.0751647949
.0384521484
-.0569152832
-.0340423584
-.0772094727
-.0487060547
.0523376465
.0406951904
.0810546875
-.0511322021
.0519104004
-.0403747559
-.0575103760
-.0516967773
.0577087402
.0548706055
.0650939941
.0454864502
.0395660400
.0393371582
-.0619049072
-.0605773926
-.0516510010
-.0558166504
.0592041016
-.0453033447
.0469818115
.0264587402
-.0529327393
-.0570526123
-.0547943115
-.0469512939
.0783233643
-.0584564209
-.0547485352
-.0495147705
-.0601196289
.0549774170
-.0524902344
.0461120605
-.0605468750
.0491027832
-.0742797852
.0545349121
.0599975586
-.0406646729
-.0459594727
.0304870605
.0657196045
-.0376892090
-.0741424561
.0371093750
-.0859832764
-.0651092529
.0654907227
.0396118164
.0504608154
.0415802002
-.0839538574
.0638122559
-.0470733643
.0258941650
-.0668792725
.0329437256
.0540161133
.0538024902
-.0890502930
.0537567139
-.0550842285
-.0349273682
.0908203125
.0443725586
.0553436279
-.0457153320
-.0836944580
.0487518311
-.0426940918
-.0444183350
.0754699707
.0514831543
-.0535430908
.0366516113
.0629730225
-.0562286377
-.0711212158
.0359344482
.0815582275
-.0386657715
-.0816650391
-.0417022705
-.0821533203
.0507507324
.0449371338
-.0309753418
-.1004333496
.0571899414
.0525970459
-.0329132080
-.0646820068
-.0441436768
-.0479583740
.0359344482
-.0861663818
-.0461730957
-.0435485840
.0433502197
-.0940246582
.0445251465
-.0591125488
-.0370788574
.0601348877
.0546112061
.1507873535
-.0762329102
.0554809570
.0568847656
-.1144561768
-.0620727539
.0579681396
.0583190918
.1143646240
-.0650787354
-.0549468994
.0346527100
.1532135010
.0689544678
-.0433807373
.0366668701
.1090545654
-.0782928467
-.0556640625
.0576171875
.1342010498
.0439147949
-.0435791016
.0590972900
.0960998535
.0616149902
.0530700684
-.0574188232
.1172790527
.0509948730
.0454406738
-.0458068848
.1190643311
.0738220215
.0341339111
-.0460052490
.1011505127
.0533905029
.0461578369
.0458679199
.1193237305
.0786437988
-.0432434082
.0378570557
.0658569336
.0473175049
-.0601806641
.0653228760
-.0754547119
.0403594971
-.0521697998
-.0446166992
.0670471191
.0383605957
-.0431976318
.0524902344
.0868835449
.0481414795
.0422363281
.0512237549
-.0732727051
-.0523529053
.0495758057
.0350341797
.0805511475
-.0466766357
-.0365142822
.0546112061
.0711059570
-.0570678711
.0615997314
-.0516815186
.0882263184
-.0447387695
-.0559082031
-.0488433838
-.0721282959
-.0468139648
-.0516204834
.0648803711
.0882263184
-.0456390381
-.0468597412
-.0362091064
-.0592346191
-.0409393311
-.0593719482
.0409851074
.0628967285
.0420074463
-.0397338867
.0335083008
-.0666198730
-.0422821045
.0561218262
.0468902588
.0973968506
-.0527801514
-.0462036133
-.0328826904
-.0897979736
-.0412445068
-.0621032715
.0454864502
-.0598907471
.0403289795
-.0507202148
-.0374298096
.0786743164
-.0365905762
.0741577148
-.0359954834
.0937805176
.0393829346
.0331420898
-.0434570313
-.0771789551
.0421295166
-.0516967773
.0444946289
.1002655029
.0508117676
-.0370483398
.0563049316
.1077423096
.0581512451
-.0405273438
-.0341796875
.0705261230
.0383911133
.0572662354
-.0542297363
.0755767822
.0526580811
.0477447510
-.0427398682
.0625152588
-.0382690430
.0500030518
-.0477600098
-.0499267578
-.0815429688
-.0423736572
-.0629119873
.0824737549
-.0549468994
.0582275391
.0524444580
.0712127686
-.0335083008
.0448760986
-.0372772217
.0556640625
-.0395355225
-.0460510254
.0529937744
.0812530518
-.0545043945
.0390930176
.0390472412
-.0512390137
.0602569580
-.0419616699
-.0517883301
.0846557617
-.0449218750
.0365753174
-.0846252441
.0811462402
.0604858398
-.0405578613
.0578002930
.0751190186
.0490112305
.0436553955
.0534210205
-.0768432617
-.0457611084
.0301361084
.0459442139
.0898742676
-.0375823975
.0593566895
.0566406250
.0854644775
-.0346221924
.0414733887
.0520324707
.0560302734
.0579223633
.0436706543
-.0537719727
.0699768066
.0443878174
-.0331268311
-.0711364746
-.0703887939
-.0391235352
-.0507202148
.0608062744
-.0770721436
.0515594482
.0526123047
.0626525879
.0792541504
.0575256348
.0537719727
.0680847168
-.0846710205
-.0643310547
.0335540771
.0438842773
.0701141357
.0622406006
-.0386199951
.0518341064
.0800323486
-.0693511963
.0429382324
-.0866699219
-.0893249512
-.0581359863
-.0445404053
-.0494689941
.0693511963
-.0474700928
.0399627686
.0441436768
.0793609619
.0392761230
-.0401458740
.0518188477
.0529479980
.0320129395
-.0424957275
-.0383758545
.0645751953
-.0552062988
.0418243408
.0543518066
.0819244385
.0551910400
.0408020020
.0699462891
.0690612793
-.0572509766
.0298767090
-.0362243652
.0674591064
-.0644531250
-.0493011475
-.0585479736
.0797119141
.0608062744
-.0578460693
.0529937744
-.0787506104
.0546112061
-.0410156250
-.0620422363
.0856323242
.0603942871
-.0559844971
.0398101807
.0601654053
.0456695557
-.0491790771
-.0498809814
.0537414551
.0316314697
-.0516662598
-.3266448975
.1383209229
.0943145752
.0945129395
-.0997924805
-.1202392578
-.0572814941
-.0434417725
-.0534515381
.0368347168
-.0642395020
-.0381774902
-.0370178223
-.0244140625
.0412597656
.0512542725
.0283050537
-.0341033936
-.0473785400
.0244445801
.0337371826
-.1112823486
-.0327911377
.0293884277
-.0331420898
.0664215088
.1343536377
.0876464844
.0848541260
-.0356597900
-.0326538086
.0276184082
.0128326416
-.0224456787
-.0274353027
-.0162811279
.0173950195
-.0240173340
.0294647217
.0157775879
-.0137786865
-.0080871582
.0094451904
-.0100708008
.0154266357
.0140075684
.0133819580
-.0086212158
-.0331573486
.1243286133
.0311737061
.0226287842
.0139923096
.0114593506
.0186462402
-.0119018555
-.0182647705
.0106964111
.0079650879
-.0081176758
-.0055999756
.0072631836
-.0100708008
.0054321289
-.0054016113
-.0106964111
.0139770508
-.0059814453
-.0068359375
.0115356445
.0075378418
.0080718994
.0071258545
.0092620850
.0044555664
.0054321289
.0067749023
-.0086059570
-.0090637207
-.0072631836
.0056304932
-.0073699951
.0092010498
.0072021484
.0115509033
.0052795410
-.0045166016
.0065307617
.0033416748
.0027770996
-.0036163330
-.0031433105
.0041961670
-.0023193359
.0023345947
-.0015563965
.0014648438
-.0014495850
.0018463135
.0010833740
.0025634766
-.0020446777
.0019073486
.0008392334
-.0012664795
