-.0000610352
-.0000610352
-.0000610352
-.0000610352
-.0000610352
-.0000610352
.0000610352
-.0000610352
-.0000915527
.0216674805
.0064849854
.0036010742
-.0025787354
-.0017547607
.0044403076
-.0036163330
-.0027465820
.0025939941
.0034179688
-.0093383789
-.0079650879
.0250701904
.0158081055
.0056304932
.0036926270
-.0036315918
-.0034332275
-.0060119629
-.0040435791
.0082702637
.0110778809
-.0094299316
-.0082397461
.0403900146
.0083160400
.0093994141
.0056915283
-.0084075928
.0056762695
-.0092926025
.0064086914
.0135955811
.0130615234
-.0119934082
-.0066833496
-.0088806152
.0099639893
.0095672607
-.0131072998
.0077209473
.0074310303
.0124816895
-.0138244629
.0054779053
-.0091400146
-.0107574463
-.0108642578
-.0088500977
.0105895996
.0196228027
-.0131988525
.0101318359
.0123901367
-.0144958496
.0102233887
.0175781250
.0384216309
.0136413574
-.0102996826
.0230560303
.0134277344
.0150909424
.0254058838
-.0122985840
-.0173034668
-.0202331543
.0162200928
-.0214385986
.0180206299
-.0193328857
-.0240631104
-.0201568604
.0223693848
.0237579346
.0205841064
-.0243072510
.0212249756
-.0220794678
.0352325439
.0186767578
.0348205566
.0263824463
-.0450286865
.0233459473
.0427093506
.0209960938
.0291137695
.0262908936
.0260620117
.0339965820
.0362243652
.0480957031
-.0227355957
.0363006592
.0256195068
.0330810547
.0355987549
.0357208252
.0323791504
-.0238952637
-.0484619141
.0262756348
.0305328369
.0223693848
-.0220031738
-.0317840576
-.0249633789
-.0283660889
.0184173584
-.0810699463
.0276947021
.0279541016
-.0271911621
-.0483703613
.0209808350
.0278167725
.0229187012
.0243225098
.0334625244
-.0122833252
-.0466308594
.0178985596
-.0473175049
-.0258941650
.0354614258
.0181884766
-.0303649902
-.0307312012
-.0251922607
.0234375000
-.0239868164
.0395355225
-.0250549316
-.0259246826
-.0345001221
-.0423278809
-.0229492188
.0403442383
-.0272674561
.0219421387
.0284271240
-.0176086426
-.0295257568
-.0210113525
-.0537261963
-.0234680176
.0294342041
.0227813721
-.0498199463
.0249328613
.0211334229
-.0342712402
-.0380249023
.0278472900
-.0238800049
-.0419311523
-.0274353027
-.0472412109
.0242614746
-.0366973877
-.0238647461
-.0191802979
.0187072754
-.0236816406
-.0348205566
.0237579346
-.0445709229
.0188140869
-.0271453857
-.0259094238
.0239868164
.0347442627
-.0374908447
.0247650146
.0294494629
.0361938477
-.0175781250
-.0372161865
.0255889893
.0388336182
-.0278015137
.0338745117
-.0226135254
.0274200439
-.0198974609
-.0147247314
-.0537109375
.0270080566
-.0808258057
.0167999268
-.0411376953
.0256347656
-.0308227539
.0260467529
-.0134735107
-.0285797119
-.0169525146
.0305175781
-.0321655273
.0454864502
-.0234375000
-.0526580811
-.0221099854
.0337066650
.0312500000
.0230255127
-.0290985107
.0375366211
-.0381317139
-.0266418457
-.0486907959
-.0287628174
-.0284118652
-.0258789063
-.0331573486
.0327453613
-.0209350586
.0265655518
.0210266113
-.0288696289
-.0230712891
-.0384063721
-.0436096191
-.0177612305
.0300903320
-.0311737061
.0424499512
-.0255432129
.0260467529
-.0227813721
.0366668701
.0311126709
-.0261993408
-.0222320557
-.0272064209
.0457305908
.0344848633
.0325164795
-.0244445801
-.0474700928
-.0315704346
.0257873535
.0207519531
.0308837891
.0301055908
.0247344971
.0269622803
-.0205993652
.0262908936
-.0210723877
.0467987061
.0299835205
.0410919189
-.0200500488
.0405120850
.0141601563
-.0364837646
.0155792236
-.0281066895
.0225067139
.0298614502
-.0248870850
.0268402100
-.0167541504
.0228729248
.0384368896
.0315093994
-.0330963135
-.0275268555
.0472564697
-.0178070068
-.0269317627
-.0216522217
-.0306701660
.0253906250
-.0269622803
-.0240936279
-.0200042725
-.0295104980
.0254974365
-.0178680420
.0236358643
-.0651702881
.0247802734
.0218048096
.0200958252
-.0444335938
-.0298309326
-.0276184082
.0137939453
-.0396881104
.0630187988
-.0264739990
.0228271484
.0223999023
.0394134521
.0384521484
-.0227813721
-.0162506104
.0372924805
.0231170654
.0288391113
-.0351715088
-.0596160889
-.0229187012
.0342254639
-.0153808594
.0310974121
.0233612061
-.0216827393
-.0209503174
-.0278930664
-.0325775146
.0172729492
.0244750977
-.0244598389
.0277252197
.0220184326
-.0326538086
.0201416016
.0405426025
-.0192260742
.0429534912
-.0223236084
.0265960693
.0253448486
.0283660889
.0261993408
-.0299072266
.0281219482
-.0357055664
-.0296630859
.0210418701
-.0248718262
-.0233612061
.0282287598
-.0152893066
-.0568542480
-.0354614258
.0267486572
.0209655762
-.0160522461
-.0272674561
.0200195313
-.0193328857
-.0146331787
.0192413330
-.0264739990
-.0264129639
.0183868408
-.0429992676
.0163726807
.0298919678
-.0149688721
.0366821289
.0295104980
-.0360412598
.0259399414
-.0253601074
-.0305633545
-.0188446045
.0186614990
-.0146026611
.0193328857
.0205993652
.0294647217
.0189208984
.0268859863
-.0183715820
-.0375671387
-.0248565674
-.0362701416
-.0195617676
.0212249756
-.0124053955
.0265960693
-.0242004395
.0281677246
-.0278778076
-.0283660889
-.0296783447
.0300903320
-.0266876221
.0279388428
.0411682129
-.0418853760
.0446166992
-.0312652588
-.0438842773
.0241699219
.0318603516
-.0280761719
.0486602783
.0250701904
-.0434875488
-.0188598633
-.0395812988
.0200347900
.0282745361
-.0293731689
-.0390167236
.0249786377
.0368347168
.0213775635
-.0615539551
-.0471191406
-.0291137695
.0344085693
.0421600342
-.0553283691
.0393676758
-.0217742920
-.0541992188
-.0358886719
-.0387878418
-.0314941406
.0359039307
-.0372772217
.0307159424
-.0151824951
-.0598907471
.0204467773
.0340881348
.0257568359
.0258789063
-.0276184082
-.0361785889
-.0270233154
-.0334320068
-.0264892578
.0328674316
-.0298767090
-.0220794678
.0265960693
.0378723145
-.0234069824
.0449829102
-.0390625000
-.0381317139
-.0391235352
.0313262939
-.0277862549
-.0227203369
.0386962891
-.0313415527
.0375213623
.0561981201
.0333404541
-.0253601074
-.0317993164
-.0177459717
-.0288238525
.0218963623
.0336914063
-.0299835205
-.0253753662
-.0198364258
-.0280914307
-.0464782715
.0211334229
-.0156707764
-.0487060547
.0311737061
-.0321655273
-.0257110596
-.0319061279
.0342102051
.0323486328
-.0298919678
-.0416107178
.0221099854
-.0345306396
.0212249756
-.0390472412
-.0296173096
-.0287017822
.0286560059
-.0523376465
-.0302734375
.0304718018
.0214233398
-.0360565186
.0280761719
.0444335938
.0236206055
.0501556396
.0293273926
.0378570557
.0227966309
-.0348663330
.0298767090
-.0293731689
.0250244141
.0422058105
-.0744323730
.0271759033
.0246124268
.0511627197
-.0218811035
.0230255127
-.0299835205
-.0415496826
.0148162842
.0362091064
-.0174255371
.0558166504
-.0260620117
.0355529785
.0310058594
-.0453033447
.0184173584
.0328216553
-.0314941406
-.0450286865
-.0267181396
.0415802002
-.0157012939
-.0510253906
-.0408477783
-.0280761719
.0194244385
-.0346374512
-.0487823486
.0238037109
-.0214385986
.0292358398
-.0603332520
.0348815918
-.0334014893
-.0365447998
-.0529327393
.0372314453
-.0480346680
-.0223236084
-.0354614258
.0382537842
.0270996094
-.0261230469
.0202636719
-.0238952637
-.0255889893
-.0288696289
.0247039795
-.0321350098
-.0483398438
.0477600098
.0298156738
-.0247802734
-.0344696045
-.0544738770
-.0311279297
-.0274658203
-.0222625732
-.0350494385
.0327148438
-.0219268799
.0522460938
-.0566253662
.0394897461
.0239105225
.0402679443
.0553131104
-.0467376709
-.0286560059
-.0362091064
.0734100342
-.0406646729
-.0724334717
.0337371826
.0291748047
.0199279785
.0504760742
.0443420410
-.0393829346
.0337829590
.0367889404
-.1501464844
-.0449066162
-.0268402100
-.0318298340
-.0273742676
-.0346069336
-.0253753662
-.0316772461
.0245208740
.0341186523
.0542144775
-.0338592529
.0262298584
-.0226593018
-.0225067139
-.0478515625
-.0276184082
.0214080811
.0285797119
.0365905762
.0442504883
-.0271759033
-.0331726074
-.0236053467
-.0428009033
-.0317535400
-.0276489258
.0205078125
-.0462493896
.0657806396
-.0344543457
.0228118896
.0338592529
.0229797363
.0385742188
.0179443359
.0286254883
-.0292358398
.0249633789
.0189819336
-.0263824463
-.0377655029
-.0319976807
-.0426177979
-.0321197510
.0281982422
.0404205322
.0243682861
-.0261688232
-.0305023193
-.0283660889
.0266265869
.0246429443
.0399932861
.0178985596
-.0374908447
.0184020996
-.0310363770
.0367736816
-.0221862793
-.0256958008
.0377044678
.0624847412
-.0273284912
.0258178711
-.0367584229
.0646209717
-.0535125732
.0305175781
.0368194580
.0718078613
.0320892334
.0227355957
-.0180969238
-.0325927734
.0246429443
-.0200500488
-.0339813232
-.0280456543
-.0363006592
.0297088623
.0288238525
.0281219482
.0298614502
.0388793945
-.0250396729
-.0442047119
.0701141357
.0473937988
.0243072510
.0397949219
-.0494995117
.0380554199
.0374145508
.0373382568
-.0419311523
-.0336761475
.0376739502
.0449218750
.0178375244
-.0330047607
.0231933594
-.0558319092
-.0933685303
-.0506134033
-.0235748291
-.0441894531
-.1510467529
-.0317230225
.0280151367
-.0379486084
.0200195313
-.0268859863
-.0254211426
.0216674805
.0377807617
.0363311768
.0254669189
-.0242767334
.0404663086
-.0593414307
-.0361022949
-.0208740234
-.0322723389
.0483245850
.0377197266
.0212707520
-.0578002930
-.0223236084
.0314025879
.0174865723
.0468902588
.0303192139
-.0560913086
-.0275421143
.0622558594
.0686798096
.0563659668
.0299835205
-.0343475342
.0315246582
-.0255432129
.0294494629
-.0210113525
-.0280914307
-.0211639404
-.0340118408
.0245513916
-.0267791748
.0480041504
-.0518188477
-.0254821777
.0382385254
.0174255371
.0303802490
.0196533203
.0369110107
.0211486816
.0332794189
-.0169067383
.0471038818
.0353546143
-.0933837891
-.0262603760
.0372772217
-.0314178467
-.0248413086
.0292510986
.0332031250
-.0261840820
.0323181152
.0227661133
.0301971436
.0362548828
-.0370941162
-.0276031494
.0441284180
-.0402374268
-.0269470215
-.0167388916
-.0340423584
.0411376953
.0224304199
-.0418243408
.0196075439
-.0436553955
-.0205230713
-.0554962158
-.0244445801
.0659027100
-.0457763672
.0294342041
-.0293121338
-.0441131592
-.0221557617
-.0344696045
-.0316925049
-.0334167480
.0397949219
-.0379943848
-.0363006592
.0289459229
.0453796387
-.0470886230
.0214233398
.0318603516
-.0309295654
-.0246582031
-.0305633545
-.0339660645
-.0219573975
.0413970947
.0395202637
-.0413665771
-.0526580811
-.0403442383
-.0323791504
.0260467529
-.0497436523
-.0206909180
-.0278320313
.0206909180
.0451354980
.0318756104
-.0281829834
.0169982910
.0273284912
.0249328613
-.0247802734
-.0286865234
.0240478516
-.0430603027
.0292358398
-.0399322510
.0310516357
-.0287017822
-.0222930908
.0252532959
.0232543945
.0307769775
.0186920166
-.0300903320
-.0206298828
-.0631713867
.0223388672
.0188751221
-.0314483643
.0267944336
.0273590088
.0194854736
.0157775879
-.0347290039
.0492553711
-.0225982666
-.0246582031
-.0197753906
-.0370635986
-.0183258057
.0281829834
-.0288696289
-.0434265137
-.0196838379
.0357818604
.0243225098
-.0356903076
.0312194824
-.0272064209
.0301666260
-.0175323486
.0205230713
.0307922363
-.0287475586
.0211029053
.0326690674
-.0270538330
.0282440186
-.0178222656
-.0393218994
.0201416016
.0242309570
.0226593018
.0354309082
.0249328613
-.0286712646
-.0190429688
.0196075439
.0455780029
.0247192383
.0337677002
.0194091797
.0244445801
-.0312805176
.0259552002
-.0236053467
-.0461578369
-.0178985596
.0304260254
.0195465088
.0268249512
-.0250549316
-.0277252197
.0209503174
.0181274414
-.0201873779
.0296936035
.0348358154
-.0177612305
-.0487518311
-.0236816406
.0372161865
.0233154297
.0360412598
-.0316009521
-.0279693604
.0325469971
.0336761475
.0263671875
-.0278320313
.0153350830
-.0186920166
.0258483887
.0195770264
-.0229644775
-.0281372070
.0441894531
-.0344238281
.0278472900
-.0204772949
-.0418548584
.0193328857
.0252227783
-.0157470703
-.0321197510
.0248718262
-.0216674805
-.0199584961
.0242919922
-.0390014648
.0239257813
.0348358154
-.0252075195
.0340728760
-.0191802979
-.0334777832
-.0208587646
.0476226807
-.0267028809
.0256042480
-.0213470459
.0341796875
.0239410400
.0377349854
-.0280456543
-.0253295898
-.0320739746
-.0183105469
-.0398712158
-.0229949951
-.0412292480
.0235748291
.0207519531
.0138702393
.0425109863
.0267181396
.0354003906
-.0175628662
-.0285644531
-.0242614746
.0302581787
-.0313873291
-.0247650146
-.0304260254
.0164947510
-.0373687744
.0192718506
.0837707520
.0331573486
.0241088867
.0220336914
.0144348145
.0256805420
-.0108489990
.0134735107
-.0162658691
.0081176758
.0082092285
-.0086059570
-.0105133057
.0089416504
-.0052337646
-.0079650879
-.0059356689
.0041046143
.0032348633
-.0050811768
-.0035858154
.0059051514
.0040283203
.0040893555
-.0031433105
.0030364990
-.0029296875
.0014190674
-.0014343262
-.0009918213
.0079345703
.0025482178
.0009307861
.0008697510
-.0003662109
-.0005950928
-.0003967285
.0003051758
-.0000915527
-.0000457764
.0000610352
.0263671875
