-.0011901855
-.0057373047
-.0524139404
-.0621337891
-.0630645752
-.0649871826
-.0529937744
.1024017334
.0938873291
.0877532959
.0923919678
-.0862884521
.0740051270
-.0980834961
.0853881836
.1035003662
.0915222168
.0856933594
.0775146484
-.0686340332
.0734863281
-.0963439941
.0955810547
.0914459229
.0870361328
.0585021973
-.0690307617
-.0871887207
.0874938965
.0699768066
.0793609619
.0892486572
.0752716064
-.0931854248
-.0896606445
-.0252532959
-.0832061768
-.0219268799
-.0445861816
-.0227050781
.0208129883
-.0132751465
-.0119934082
-.0055084229
.0010375977
.0009155273
.0005950928
-.0137329102
-.0176086426
.0402374268
-.0355072021
-.0114440918
.0130157471
.0053863525
.0320434570
-.0091247559
.0747222900
-.0282287598
.0252075195
.0056304932
.0341644287
.0913543701
.1281585693
.0711212158
.0342407227
.0438690186
.0341186523
.0311279297
.0332183838
-.0589447021
-.1245422363
-.1130828857
.0336608887
.0294342041
.0325012207
.0329132080
.0364074707
-.0913848877
-.1116333008
-.0600738525
-.0528564453
-.0420074463
-.0327758789
-.0257415771
-.0327911377
-.0398864746
-.0512542725
.0191040039
-.0058135986
.0260772705
.0229492188
.0121154785
.0084838867
.0074920654
.0495910645
.0728302002
.0496063232
.0089111328
.0096282959
-.0102081299
.0125885010
.0309600830
.0474090576
.0444488525
.0066833496
.0021514893
-.0064544678
.0047454834
.0028533936
-.0198669434
-.0510253906
-.0694427490
-.0343780518
-.0077056885
-.0055389404
.0183868408
-.0055694580
-.0244903564
.0487213135
.0461273193
.0521240234
.0383148193
.0283050537
.0386505127
.0249481201
.0131378174
-.0075988770
-.0133819580
.0016479492
.0007781982
-.0031890869
-.0207366943
.0143280029
-.0126953125
-.0098419189
.0108032227
-.0083312988
-.0053710938
-.0234832764
.0487670898
.0414733887
.0381469727
-.0160217285
-.0118560791
-.0141906738
.0183715820
.0177764893
.0172119141
-.0152740479
-.0099945068
-.0041809082
-.0010528564
.0010070801
.0010070801
.0006408691
-.0004119873
-.0004577637
-.0003662109
.0003509521
.0005798340
.0003814697
.0002593994
-.0006713867
.0252838135
.0589447021
.0343475342
-.0016784668
.0005187988
-.0003356934
-.0005340576
.0709533691
.0842285156
.0773620605
.0620117188
.0018463135
.0269470215
.0412750244
-.0470123291
.0400543213
-.0264282227
-.0178222656
.0428009033
.0725097656
-.0745086670
-.1156311035
-.0369262695
.0579223633
.0577850342
.0184326172
.0217132568
-.0140075684
-.0075225830
-.0095520020
-.0103302002
-.0088958740
-.0100708008
-.0068817139
-.0058135986
.0019989014
.0006866455
-.0004577637
-.0005340576
.0003204346
.0003509521
-.0003814697
-.0006561279
.0003814697
.0004425049
.0002746582
-.0003051758
-.0005340576
-.0005645752
-.0006103516
-.0006866455
.0018157959
.0009307861
.0006866455
-.0113830566
-.0004272461
.0004119873
.0005493164
.0006408691
.0210113525
-.0308380127
.0198364258
-.0340576172
.0407562256
-.0429382324
.0314941406
-.0185699463
.0193786621
-.0195617676
.0092468262
-.0045623779
.0067749023
-.0187835693
.0014343262
-.0010681152
-.0004577637
-.0005950928
-.0006103516
-.0002441406
-.0004425049
.0004882813
.0004730225
-.0007476807
-.0008392334
-.0008239746
.0187072754
.0221405029
.0193634033
-.0109558105
-.0118408203
-.0077972412
.0070648193
.0022277832
.0044403076
-.0117950439
-.0021514893
-.0012207031
-.0008850098
-.0007171631
-.0010986328
.0010986328
-.0016937256
-.0105895996
-.0156097412
-.0046997070
.0068511963
-.0210418701
-.0160064697
.0120239258
-.0198516846
.0079650879
-.0406494141
-.0366363525
-.0303192139
-.0319519043
-.0431823730
-.0469512939
-.0329437256
.0140533447
-.0304412842
.0187225342
-.0105285645
-.0168304443
-.0180664063
.0131072998
.0089569092
-.0019989014
-.0009460449
.0010681152
.0013580322
.0015869141
.0016784668
.0024566650
-.0041961670
.0060729980
-.0079498291
.0067901611
.0055389404
.0051879883
.0054626465
-.0045471191
-.0036621094
-.0060577393
.0053100586
.0038909912
-.0035400391
-.0037384033
.0036010742
-.0029449463
.0022430420
-.0026245117
-.0015411377
-.0009460449
.0006103516
-.0006713867
-.0021057129
-.0174865723
-.0139770508
.0059967041
-.0294799805
-.0307769775
.0046539307
-.0278625488
-.0366821289
-.0445556641
-.0502319336
-.0390930176
-.0382232666
.0344238281
-.0329284668
-.0480041504
-.0347595215
.0055847168
.0006866455
-.0278472900
-.0562896729
-.0535125732
-.0443267822
-.0402069092
-.0259246826
.0025177002
.0031585693
.0122070313
-.0237426758
-.0167541504
-.0153045654
-.0039215088
.0009765625
.0005493164
.0086822510
-.0178527832
-.0265960693
-.0261383057
-.0251159668
-.0236663818
-.0248107910
-.0258789063
-.0268096924
.0084381104
-.0018920898
-.0353851318
.0053558350
-.0281982422
-.0354614258
-.0315704346
-.0285644531
-.0241088867
-.0165710449
-.0069274902
-.0034942627
-.0022583008
-.0012054443
.0004272461
-.0006561279
-.0007934570
.0005950928
.0004730225
-.0007019043
-.0008239746
-.0009307861
.0005950928
.0008087158
.0007476807
-.0005645752
-.0005340576
.0006103516
-.0026550293
-.0204772949
-.0173950195
.0199890137
-.0183105469
-.0147247314
-.0175933838
-.0064544678
.0048370361
-.0300750732
-.0301971436
-.0291290283
-.0442047119
-.0406646729
-.0377502441
-.0350494385
-.0294952393
-.0110778809
-.0094451904
.0012512207
-.0323486328
-.0276031494
-.0236206055
-.0107116699
-.0321960449
-.0419006348
-.0253753662
.0136718750
-.0121307373
.0083923340
-.0058593750
-.0309600830
-.0333557129
-.0343475342
-.0377807617
-.0332946777
-.0326232910
-.0092315674
.0012817383
.0014495850
.0185394287
-.0407409668
.0187683105
.0326538086
.0166931152
-.0094757080
.0134429932
-.0237579346
-.0205841064
-.0192108154
.0149536133
.0051422119
-.0064544678
-.0072631836
.0101013184
-.0146636963
-.0169219971
-.0172729492
-.0121154785
-.0076293945
.0109863281
.0086669922
-.0077362061
-.0066070557
-.0108795166
.0153350830
.0011138916
-.0121307373
-.0117187500
.0082244873
-.0201568604
.0113525391
.0008544922
.0245361328
-.0168762207
-.0127105713
-.0214996338
-.0152740479
-.0091247559
-.0314636230
-.0245819092
-.0199584961
.0124511719
-.0052642822
.0068359375
-.0021820068
-.0010223389
-.0007934570
-.0008544922
-.0109558105
.0104827881
-.0165100098
-.0141143799
-.0066680908
-.0037536621
-.0177459717
-.0201568604
-.0171051025
.0018310547
-.0009155273
-.0007629395
-.0081329346
-.0107879639
-.0013122559
-.0006408691
-.0003356934
.0206146240
.0051116943
-.0029449463
-.0038604736
-.0064239502
.0093536377
-.0117797852
-.0126342773
-.0110321045
-.0123596191
-.0097808838
-.0053863525
-.0022583008
-.0007934570
.0009765625
.0008392334
.0005645752
-.0006103516
.0010528564
.0010528564
.0011444092
.0010833740
.0013732910
.0028228760
.0034484863
.0022125244
-.0028533936
-.0037536621
.0021972656
.0033264160
.0023803711
.0922851563
.1118011475
.1019439697
-.0951843262
.0696105957
.0551300049
.0397186279
.0358734131
.0246734619
-.0129394531
-.0022888184
-.0027465820
-.0029449463
.0022125244
.0014190674
-.0007171631
-.0008697510
-.0009307861
-.0005950928
.0010223389
.0009918213
.0006713867
-.0135192871
-.0018310547
-.0098724365
.0513610840
-.0312957764
.0100708008
-.0305633545
.0369262695
-.0493621826
-.0327606201
.0078430176
.0017852783
.0107879639
-.1108398438
-.0693817139
-.0688781738
-.0319824219
.0247497559
-.0262298584
-.0193328857
-.0084228516
.0526275635
.0415496826
.0173645020
-.0081024170
.0329742432
.0448303223
.0238037109
.0387115479
.0336761475
.0390472412
-.0258178711
.0229644775
.0181732178
-.0145263672
-.0057830811
.0021057129
-.0017547607
.0007781982
.0012359619
.0006256104
-.0007171631
-.0003814697
.0003204346
.0003051758
-.0003509521
-.0004882813
.0002746582
.0004425049
.0003051758
-.0002441406
.0026702881
-.0051879883
-.0095214844
.0172576904
-.0200195313
-.0175476074
-.0160980225
-.0174407959
-.0045013428
-.0092163086
-.0138397217
-.0094451904
-.0225219727
-.0219573975
-.0146484375
-.0084838867
.0035858154
-.0122375488
-.0167541504
-.0101013184
-.0083007813
-.0097351074
-.0093231201
.0058135986
.0023651123
.0018157959
.0010375977
-.0009460449
-.0006408691
.0008850098
.0015563965
.0009002686
.0010833740
-.0007476807
.0010375977
-.0009002686
-.0006561279
.0006256104
.0008087158
.0020294189
-.0435638428
-.0033264160
-.0036468506
.0060119629
.0077819824
.0074310303
-.0078277588
-.0054779053
-.0030364990
.0010833740
.0010986328
.0007171631
.0008544922
-.0023803711
-.0017395020
-.0018615723
.0044555664
-.0047302246
.0053100586
.0063018799
.0079345703
-.0074157715
.0041351318
-.0030975342
-.0021820068
.0006713867
.0004882813
-.0006713867
.0005340576
.0005035400
-.0933685303
-.1482238770
-.0980987549
-.0431365967
-.0149230957
-.0035400391
.0024108887
.0021057129
-.0013885498
.0019836426
.0014801025
.0010681152
.0004882813
.0003662109
.0003662109
-.0004882813
.0003051758
.0005187988
-.0390625000
-.0690155029
-.1093444824
-.1107177734
.0983734131
.1000823975
.0793914795
-.0610656738
-.0997161865
.0841827393
.0386352539
.0324859619
-.1060485840
-.0226745605
.0081634521
.0150146484
.0284576416
-.0240631104
.0268859863
-.0898895264
-.1069183350
-.1052551270
-.0966796875
-.0841217041
.0237579346
-.0709075928
-.1759948730
.0732574463
.0167236328
.0805053711
.1166229248
-.0638732910
.0818176270
.1003265381
.0851745605
.0908050537
.0564117432
.0699768066
.0622100830
.0688629150
.0471191406
.0213623047
.0151824951
.0167388916
.0251007080
-.0043945313
.0022125244
-.0194549561
.0404663086
.0359191895
-.1002807617
-.1108703613
.0951995850
.0144348145
.0054779053
.0033264160
.0320739746
.0666351318
-.0300445557
-.0516204834
.0422668457
-.0099029541
-.0007019043
.0010528564
.0244293213
.0606689453
.0682830811
.0639495850
.0549011230
.0505523682
.0316619873
-.0297698975
.0666046143
.0846252441
-.0680999756
-.0803985596
-.0676269531
.0666351318
-.0879974365
-.1035003662
.0832519531
.0864410400
.0791931152
.0676574707
-.0602569580
-.0984344482
.0773315430
-.0197906494
.0089569092
.0018463135
-.0415496826
.0784606934
.1036987305
.0166015625
.0120849609
.0017852783
.0010528564
.0009002686
-.0010681152
.0328826904
-.0167541504
.0032348633
.0007934570
-.0196228027
.0207061768
-.0296020508
.0211639404
.0261535645
-.0220031738
-.0172882080
.0225219727
.0400085449
.0391387939
-.0405883789
-.0440063477
-.0546264648
-.0104064941
-.0032043457
.0009155273
-.0166015625
.0112915039
-.0104064941
-.0134735107
.0647735596
.0508575439
-.0475463867
.0301971436
.0127410889
-.0127563477
-.0117492676
-.0137939453
-.0198822021
-.0088500977
-.0082702637
-.0077514648
-.0078582764
.0204925537
.0557708740
.0483703613
.0452728271
.0441131592
-.0348358154
.0453186035
.0449371338
.0425872803
-.0207824707
-.0208129883
.0322570801
-.0216979980
.0116577148
.0057678223
-.0117797852
-.0021057129
-.0013427734
-.0013427734
.0005035400
.0006866455
.0008087158
.0005798340
.0003814697
-.0009460449
-.0009307861
.0005950928
.0005798340
.0006408691
.0023803711
-.0008392334
-.0006103516
-.0016174316
-.1034240723
-.3720397949
.0873413086
-.0138397217
.0081939697
-.0023040771
.0548706055
-.1665191650
-.0858612061
-.2679138184
-.3043365479
-.3579864502
-.4268951416
.3925323486
-.3995208740
-.3174743652
-.1331481934
-.2256011963
-.2068634033
.1713562012
.1644134521
.1084136963
.0716400146
.0588989258
.0397644043
.0228424072
.0177001953
-.0247802734
.0387420654
.0355987549
-.0154418945
-.0015563965
.0033111572
.0075073242
.0677032471
-.1301574707
-.1328125000
-.0719451904
-.0351104736
-.0389099121
.0512847900
.0721130371
.0617675781
-.0292358398
.0599365234
-.1207580566
.0848083496
-.0756072998
.1149291992
.2033538818
.0818786621
-.0415954590
.0404205322
.1131744385
-.1068267822
.0850982666
.0925140381
.1345825195
.3531799316
.0635681152
.0391845703
-.0311889648
-.0168762207
.0610656738
.1267242432
.1560516357
.1203155518
-.0877838135
-.1026306152
-.0928649902
-.0916290283
.0392913818
-.0082244873
-.0384826660
-.0330963135
-.1570892334
-.1692810059
-.1159667969
-.1276855469
-.1115417480
-.0950012207
.1244506836
-.0941619873
.0962829590
-.0906524658
.1002960205
.0684509277
-.0282745361
-.0099639893
-.0102844238
.0074462891
-.0694732666
.0594940186
-.0445251465
-.0780181885
-.1339416504
-.1313171387
-.1144256592
-.1308441162
-.1267089844
.1738128662
.2084503174
.2342987061
.1932983398
.1639099121
-.1200408936
.0307922363
.0263977051
.0156707764
-.0191955566
-.0776977539
.0969543457
-.0833740234
-.0590209961
-.0119323730
.0164489746
-.0456390381
-.0737152100
-.0580749512
.0217895508
.0112762451
.0120391846
-.0814361572
-.1033172607
-.1039886475
-.0758819580
.0347747803
.0292510986
-.0280456543
-.0730438232
-.1371459961
-.0577087402
-.0882720947
-.1212615967
-.0743560791
.0950927734
-.1158294678
.1679077148
-.2623596191
-.2680358887
-.2109985352
-.0491333008
.0137939453
.0067291260
-.0019378662
