-.0012207031
-.0005950928
.0007781982
.0008544922
.0012359619
.0012969971
.0010833740
.0010375977
.0003051758
-.0004882813
-.0006103516
-.0009002686
-.0014495850
.1166534424
.0854797363
.0786743164
.1804199219
-.0982971191
.0536804199
.0895233154
.0478515625
.0657196045
.0295104980
.0138702393
-.0126953125
.0594635010
.0941467285
.0693817139
.0611877441
.0494232178
-.0264282227
.0715026855
.0511932373
.0076751709
.0782165527
.0383300781
.0858764648
.0962371826
.0393524170
-.0073547363
.0676727295
-.0025329590
-.0203857422
.0700225830
-.0192413330
.0679626465
.1004791260
.0405883789
.0576171875
.0813140869
.0503692627
.0543365479
.0421600342
.0126190186
.0568847656
.0477142334
.0518035889
.0760345459
.0606231689
-.0348052979
.0323028564
.0552215576
.0136871338
.0712127686
-.0089874268
.0995025635
.0062561035
.0353088379
.0743865967
-.0594482422
.0426635742
.0211029053
.0201110840
.0697937012
.0773468018
.0416259766
.0475463867
.0448303223
.0518341064
.0615692139
-.0133666992
.0133361816
-.0085449219
.0154418945
.0993652344
.0861968994
.0037231445
.0249023438
.0186309814
.0593261719
-.0243682861
-.0201110840
.0503234863
.0348663330
-.0197906494
.0299987793
-.0082855225
.0343475342
.0225982666
-.0161895752
-.0128479004
-.0167083740
.0040740967
-.0032806396
-.0010681152
.0013885498
-.0005187988
.0008087158
.0010070801
.0010223389
-.0010070801
.0012207031
.0008239746
-.0007476807
.0010528564
-.0011901855
-.0088653564
.0339965820
.0337524414
.0801696777
.1024322510
.0729064941
.0731811523
.0265655518
.0367126465
.0930328369
-.0599670410
-.0127410889
.0101013184
.0878753662
.0978851318
.0665130615
.0178222656
.0373992920
.1046142578
.0019226074
-.0279846191
.0365142822
-.0314025879
.0662078857
.0547180176
.0591125488
.0593566895
.0556182861
.0965728760
.0663299561
.0712127686
.0511627197
.0449066162
.0337066650
.0680541992
.0244445801
-.0253906250
.0538330078
.0646820068
.0401916504
.0577850342
.0578308105
.0637664795
.0446929932
.0173950195
-.0166778564
.0440826416
.0381469727
.0586242676
.0576019287
.0456848145
.0879364014
-.0091400146
.0647277832
-.0339660645
.0278167725
.0554504395
.0155639648
.0507354736
.0323944092
-.0231933594
.0237731934
.0509948730
.0607604980
.0157623291
.0143432617
.0540924072
.0715332031
.0648651123
.0807952881
.0667114258
.0395812988
.0218353271
.0397491455
.0710449219
.0472869873
.0595397949
.0180969238
.0214385986
-.0607452393
.0150299072
.0471343994
.0635833740
.0538330078
.1150817871
.0731811523
.0847167969
.0042572021
-.0122222900
-.0034027100
-.0031890869
.0040740967
.0041656494
-.0052795410
.0044708252
-.0015411377
-.0189666748
.0471191406
.0629882813
.0891418457
.0828247070
.0763549805
.0740203857
.1286773682
.1083984375
.0754394531
-.0329437256
.0922698975
-.0231323242
.0427856445
.0579528809
.0357055664
.0483398438
.0341796875
.0580902100
.0370483398
-.0150299072
.0706329346
.0639801025
-.0232238770
.0780639648
.0485687256
.0618133545
.0211791992
.0040283203
.0036163330
.0016326904
-.0172424316
-.0367889404
.0463104248
.0621337891
.0538482666
.1026763916
-.0169372559
.0746002197
.0707855225
-.0288696289
-.0022735596
.0650482178
.0979614258
.0637359619
.0393676758
.0213165283
-.0180511475
.0129241943
-.0046386719
.0048370361
.0204315186
-.0240020752
.0473785400
-.0330810547
.0397491455
.0653381348
-.0662841797
.0599060059
.0088195801
.0378417969
.0413970947
.0234527588
.0738525391
.0427398682
-.0194549561
.0193481445
.0370483398
.0025024414
.0016021729
-.0006256104
.0008697510
-.0008544922
-.0012054443
-.0005493164
-.0006561279
.0010833740
-.0009918213
.0006713867
.0046081543
-.0068969727
-.0158843994
-.0155639648
.0674133301
.0857849121
-.0793914795
.0758972168
.0823211670
-.1301879883
.0551147461
.0680694580
.0238189697
-.0273742676
.0857238770
-.0152740479
.0575866699
.0464477539
.0357360840
.0623931885
.0436706543
.0773010254
-.0715942383
.0798797607
.0461120605
.0047454834
.0577850342
.0794677734
.0232696533
.0192565918
-.0240631104
.0638122559
-.0060272217
-.0180206299
-.1061248779
.0665283203
.0657348633
.0728912354
-.0093994141
-.0049438477
.0549316406
-.0223999023
.0747680664
.0427856445
.0561828613
.0462951660
-.0178070068
.0153503418
-.0923919678
.0725402832
.0228729248
.0806579590
.0624542236
-.0053710938
-.0051422119
-.0063171387
-.0050048828
-.0031433105
.0429534912
-.0327606201
.0721435547
.0697479248
-.0194244385
.0527038574
.1013336182
-.0141448975
.0011749268
.0694427490
.0741271973
.0125732422
.0806427002
.1089477539
.0140686035
.0068054199
.0020904541
.0154418945
.0997009277
.0713958740
.0238342285
.0525054932
.0695037842
-.0018463135
.0845794678
.0229339600
.0763092041
.0755767822
.0036773682
.0205383301
.0699615479
.0304412842
-.0412445068
.0564575195
.0423889160
.0217285156
.0229492188
-.0087890625
-.0052642822
.0016784668
.0006713867
-.0010833740
.0006561279
-.0004577637
-.0002593994
.0002441406
.0003051758
-.0003814697
.0009765625
.0007476807
.0009002686
.0012054443
.0024261475
.0027465820
.0018920898
-.0014038086
-.0028686523
.0843048096
-.0409393311
.0836334229
.0061950684
.0256652832
.0486755371
-.0288848877
-.0219421387
.0646820068
.0652160645
.0700225830
-.0408782959
.0488281250
-.0817871094
.0534820557
.0348510742
.0694427490
.0643310547
.0131072998
.0203247070
.0509033203
-.0303497314
.0736083984
.0757598877
.0256042480
.0503082275
.0380249023
.0561523438
-.0090332031
.0248565674
-.0590515137
.0619659424
-.0273590088
.0818634033
.0552520752
.0556182861
-.0311126709
.0518798828
.1084136963
.0180053711
.0558319092
-.0097198486
.0506286621
-.0308990479
-.0137634277
.0592651367
-.0258026123
.0961456299
.0134277344
.0474700928
.0517730713
-.0269470215
.0580902100
-.0081481934
.0775604248
.0589599609
.0461120605
-.0138244629
.0466918945
.0288696289
.0390319824
.0337829590
-.0144042969
.0690765381
.0404205322
.1053314209
.0956573486
.0563049316
.0037384033
-.0042266846
.0051879883
.0043640137
-.0046844482
.0113220215
.0537261963
.0260467529
.0999145508
.0704650879
.0746459961
.0556640625
.0480194092
.0740051270
.0491943359
.0253601074
.0616912842
.0186614990
.0788421631
.0208435059
-.0068817139
.0765228271
-.0203552246
.0574188232
.0563659668
-.0273742676
-.0171813965
.0695953369
-.0313568115
-.0174255371
.0639190674
.0055084229
.0829010010
.0530853271
.0738067627
.0729064941
.0536041260
.0059204102
.0089263916
.0048980713
.0022277832
-.0187072754
.0886993408
.0435028076
.0590057373
.1083221436
.0879211426
.0166320801
-.0761260986
-.0632171631
.0627746582
.0861053467
-.0827331543
.1004333496
.0825805664
.0061492920
.0049438477
.0354461670
.0577239990
-.0066223145
-.0412139893
.0634002686
.0553588867
-.0722503662
.0669708252
.0720062256
-.0017395020
.0598297119
.0348663330
-.0340118408
-.0316009521
.0583801270
-.0278015137
.0108642578
.0514068604
.0212860107
-.0335083008
-.0230712891
.0234680176
-.0139923096
.0012817383
.0010681152
.0012054443
.0004730225
.0004272461
-.0003051758
-.0002746582
.0008544922
-.0006256104
.0005798340
.0007781982
.0012054443
.0015563965
.0027770996
.0021514893
.0022277832
.0054931641
.0469512939
-.0151977539
.0443420410
.1066741943
.0363311768
.0722656250
.0705108643
.0678710938
.0729827881
-.0263977051
.0553741455
-.0132598877
.0726013184
.0433654785
.1013336182
.1277008057
.0073699951
.1041717529
-.0546569824
.0317535400
-.0080413818
.0027160645
-.0034027100
.0023498535
.0131683350
.0358581543
.0251617432
-.0195770264
.0051116943
.1269378662
.1160583496
.0515747070
.0672760010
.0729522705
.0506896973
.0177154541
.0730438232
-.0820465088
-.0851898193
.0754699707
.0080718994
.0081634521
-.0057983398
-.0020751953
.0667114258
.0628509521
.0217437744
.0157775879
-.0942535400
.1525726318
.0805511475
-.0719604492
.0570831299
-.0216522217
-.0197448730
.0883941650
.0637359619
.0783538818
.0630035400
.0516510010
-.0335083008
.0747070313
.0130615234
.0206604004
.0794525146
.0527038574
.0391693115
.0300903320
.0795593262
.0536193848
.0403442383
.0385894775
.0461730957
.0613098145
-.0277862549
.0864257813
.0444183350
.0035095215
.0118408203
.0757293701
.0358734131
.0217132568
.0362396240
.0188140869
.0649414063
.0847473145
.0249938965
-.0043334961
.0059509277
.0039215088
.0272369385
-.0246124268
-.0026855469
.0614471436
.0746459961
-.0312805176
-.1564331055
.1152496338
.0730590820
.0657653809
.0740814209
.0328216553
.0784454346
.0244293213
-.0131378174
.0429687500
.0107269287
.0500946045
.0274200439
-.0243225098
.0163726807
.0416412354
.0021057129
-.0174255371
-.0113830566
-.0027160645
-.0010528564
.0005645752
.0007171631
.0009307861
.0004272461
-.0011901855
-.0004577637
-.0004425049
-.0009002686
-.0024566650
-.0027770996
-.0010528564
.0016784668
.0771331787
-.0905609131
-.1228942871
.1069488525
.1139068604
.0762023926
-.0276641846
.0225830078
.0762023926
.0744323730
.0124511719
.0610656738
.0902099609
.0157623291
.0602569580
.0744171143
-.0163421631
.0615234375
.1116790771
.0860900879
.1442565918
.0801391602
-.0220031738
.0639801025
-.0523071289
-.0298309326
.0445098877
.0549468994
.0726776123
.1110534668
.0757598877
.0899353027
.0593566895
.0141754150
.0971374512
.0500183105
.0626983643
-.0104370117
-.1106109619
-.0787353516
-.0121307373
.1016235352
.0476531982
.0539245605
.0379333496
-.0307769775
-.0626525879
.0750885010
.0824432373
.0495605469
.0443420410
-.0193176270
.1021575928
.0692443848
.0835723877
.0678405762
.0872650146
.0597839355
.0299835205
-.0181579590
.0422515869
.0272827148
.0410919189
.0775146484
.1037139893
.0761108398
.0554962158
.0765686035
-.0362243652
-.0236816406
-.0108489990
.0745544434
.0681304932
.0178527832
-.0016784668
-.0024566650
-.0017242432
-.0021972656
-.0024719238
-.0014343262
-.0019378662
.0512237549
.0202026367
.0163574219
.0826873779
.0187072754
.0435791016
.0311889648
.0086059570
.0837249756
.0648193359
.0762481689
.0703125000
.0183563232
.0650482178
-.0258331299
.0281219482
.0655670166
.0964813232
.0963592529
.0686492920
.0668945313
-.0773315430
.0514221191
.0514373779
.0161132813
.0160522461
.0828094482
.1302490234
-.0187377930
.0864715576
.0371551514
.0770416260
.0823364258
-.0028533936
.0961151123
.0190124512
-.0158538818
.0055389404
.0060577393
-.0041198730
.0015716553
-.0126037598
.1073608398
.0241851807
.0515594482
.1192474365
.0819396973
-.0243988037
.0772705078
-.0102996826
.0506134033
.0452423096
-.0878448486
.0798034668
.0046691895
.0418853760
.0332489014
-.0153350830
-.0028839111
.0041809082
.0033264160
.0010375977
.0007019043
.0009155273
.0005645752
-.0010833740
.0010986328
.0010375977
.0012359619
.0015106201
.0020446777
.0022277832
.0053710938
.0161132813
.1168365479
-.0182495117
-.0233459473
.0870513916
.1110992432
.0791778564
.1026306152
.1239318848
.1038970947
.0607757568
-.0296783447
.1068878174
.0764770508
.0224914551
.0451202393
.0404968262
.0792083740
.0756225586
.0816497803
.0189666748
.0758666992
-.0869293213
-.0660858154
-.0763244629
-.0409240723
-.0025024414
-.0052490234
-.0054931641
.0020599365
.0013275146
-.0221862793
-.0087585449
.0521850586
.0661773682
.0148925781
.0868988037
.0680999756
.0760498047
.0733184814
.0606231689
-.0273590088
.0130615234
.0852966309
.0854492188
.0066528320
.0789489746
.0181427002
.0141448975
.0560302734
.0992584229
-.0080108643
.0182647705
.0752563477
.0948028564
.0411071777
-.0254058838
.0652923584
.0546112061
.0817260742
.0585021973
.0844879150
.0811920166
.0699157715
-.1117401123
-.1024322510
.0130462646
.1307525635
.0424346924
-.0052947998
.0059967041
.0038757324
.0023345947
-.0035705566
.0993652344
-.0373382568
.0997619629
.0761566162
.0785522461
.1476135254
.0222015381
.0833282471
-.0792999268
.0858459473
.0017852783
.0847473145
.0786285400
.0803070068
.0299072266
-.0487518311
.0484466553
.0582275391
.0706329346
.0727233887
.0782318115
-.1049957275
.0850372314
-.0148315430
-.0183258057
.0651550293
.0756530762
.0164642334
-.0080566406
-.0047607422
-.0040130615
-.0117492676
.1043090820
.0676574707
.0786285400
-.0459594727
.0970001221
.0967254639
-.0255279541
.0923767090
.0117950439
-.0151214600
.0665740967
-.0696105957
.0512084961
-.0043640137
-.0203247070
-.1020812988
.0641632080
.1004943848
.0616607666
.0550994873
-.0157775879
.0706787109
.0367736816
.0059204102
.0454711914
.0631408691
.0268707275
-.0282897949
-.0227203369
.0472106934
-.0247344971
.0501556396
.0544433594
-.0116577148
-.0185241699
.0333862305
.0089111328
.0018310547
.0005798340
.0003814697
.0789489746
