.0001983643
-.0001525879
-.0012969971
-.0056762695
.0054016113
-.0068359375
.0108947754
-.0193023682
-.0173034668
.0120697021
-.0235137939
-.0244445801
.0244598389
.0225982666
-.0224761963
.0330657959
.0344848633
.0392150879
.0396118164
.0323638916
-.0297698975
.0312194824
.0399932861
.0455169678
.0645599365
-.0464935303
-.0418090820
-.0508575439
-.0597686768
.0799102783
-.0536193848
-.0649414063
-.0579681396
-.0362396240
-.0372009277
.0540924072
.0454254150
-.0539703369
-.0346679688
.0295562744
-.0386657715
-.0434265137
-.0379028320
.0415954590
-.0459136963
.0504608154
-.0368347168
-.0280609131
-.0379028320
.0601654053
.0494079590
-.0485076904
.0503997803
-.0353851318
.0332183838
.0446929932
.0290679932
.0394134521
-.0467376709
.0451049805
-.0361633301
.0415802002
-.0412445068
-.0315704346
.0417327881
-.0424041748
-.0406341553
-.0443878174
-.0447082520
.0594177246
-.0371856689
.0304870605
.0277404785
.0211791992
-.0274810791
-.0232086182
.0232543945
-.0233306885
.0384368896
.0353698730
.0386505127
-.0883178711
.0917663574
.0343627930
.0296478271
-.0762176514
.2253723145
.0626983643
-.0956573486
-.2821502686
-.3790893555
-.1535186768
.1277160645
.0552215576
-.2193145752
-.1409301758
-.1776428223
-.1088409424
-.0338745117
-.0381622314
.0304565430
.0375518799
.0468902588
-.0455474854
-.0370788574
-.1089935303
-.1852264404
.1182861328
-.0525360107
.1512145996
.1183776855
.0360260010
-.0567016602
-.2612609863
-.1413269043
-.0448608398
-.0914001465
.0317077637
-.0976867676
-.2613677979
.0432891846
-.1728210449
-.0521850586
.0440063477
-.2300262451
-.0578460693
-.0426025391
-.1493377686
.0595550537
.0231170654
.0355987549
.0820617676
-.0362243652
.0413208008
-.0426483154
.0273590088
-.0370178223
.0303344727
-.0244750977
-.1505889893
-.1130676270
.0906677246
.0326080322
-.1119689941
.0825653076
.1245269775
-.0751037598
.0601501465
.0670013428
.0794372559
-.2517395020
-.0983276367
-.0677185059
.0368957520
-.0898742676
-.1020355225
.1042327881
-.1500701904
.0727844238
.0462036133
-.0650024414
.0693511963
.0607452393
-.0527801514
.0334014893
.0328063965
-.0328979492
.0270233154
-.0293426514
-.0401306152
.0372009277
-.0256958008
-.0403747559
-.0310211182
.0313720703
.0278778076
-.0275726318
-.0406188965
-.0346527100
-.0526123047
-.0330352783
.0371093750
-.0340576172
-.0420837402
-.0462036133
-.0763244629
-.1515045166
-.1523590088
-.1130371094
.0739898682
-.0326232910
.0677032471
-.0895385742
.0334167480
-.0346832275
.0312347412
-.0359649658
-.0394287109
.0276641846
.0455627441
.0446472168
.0470428467
-.0456390381
.0623474121
-.0740051270
-.2182769775
-.2150115967
.1391448975
.1744384766
-.0766448975
-.0758972168
.0307312012
.0976257324
-.0821228027
.0411834717
-.0668640137
-.1198272705
-.1189880371
-.0824584961
-.0461273193
-.0807647705
.0331268311
-.0698852539
-.0651855469
-.0726470947
.0494384766
-.0271606445
.0375366211
.0260772705
.0250549316
.0294342041
-.0270690918
-.0346679688
-.0343933105
.0244140625
-.0347900391
-.0326538086
-.0296478271
-.0341491699
-.0346527100
-.0284729004
-.2147064209
-.0277252197
-.1048278809
.0932617188
-.1857147217
.1981811523
-.0393371582
-.1725311279
.1075134277
.0868988037
-.1850280762
-.2991638184
-.2279510498
-.1195983887
-.0755615234
-.0569000244
-.0275421143
.0764465332
-.0552062988
-.1126098633
-.1273956299
.1180419922
.0676116943
-.0802917480
-.0245361328
-.1063995361
.0325317383
-.0186309814
.0608062744
-.0415954590
-.0794219971
-.0493164063
-.1316986084
-.0794372559
-.0336914063
-.0272064209
.0316314697
.0297546387
-.0240478516
-.0254516602
-.0261688232
.0163421631
.0189514160
-.0438079834
.0599517822
.0778961182
.0614624023
.1566162109
.0523681641
-.0589904785
.0578155518
.1023101807
-.0458374023
-.1064910889
-.0401306152
.0476684570
-.1108703613
-.0676574707
-.0281829834
-.0674591064
.0639038086
-.0783538818
-.0420532227
.0300750732
.0202026367
-.0306549072
-.0269470215
.0248870850
-.0256652832
-.0254516602
.0694885254
-.3075408936
-.2937164307
-.2214660645
-.1390686035
-.1616973877
.0529785156
.0512084961
.0386657715
-.0199890137
.1385498047
-.2604980469
.0542449951
.1031494141
-.0296630859
-.0658569336
.0453796387
.0714263916
.1064910889
-.0522918701
.0524597168
-.0551910400
-.0295867920
-.0241851807
.0312500000
.0369873047
-.0272521973
.0255889893
-.0236053467
.0330657959
.0317230225
-.0292510986
-.0368957520
-.0361022949
.2133483887
.1380920410
.2460479736
.1830902100
-.1019897461
-.0679626465
-.0713653564
-.0769348145
-.1016387939
.0287170410
-.1026000977
-.0461883545
-.0789794922
-.0548400879
-.0419311523
-.0889892578
-.0620727539
-.0790405273
-.0659332275
-.0453033447
.0146636963
-.0378875732
.0337524414
.0348052979
-.0318145752
-.0341339111
-.0198059082
-.0226135254
.0395965576
.0383453369
-.0309753418
.0234069824
.0249176025
-.0182952881
.0292510986
.0277557373
.0216827393
.0315399170
-.1690216064
-.2913665771
-.1542205811
.0666656494
-.0288848877
.1677398682
.0866394043
-.0432434082
-.0467681885
-.0642852783
-.0522460938
.0329437256
-.3012084961
.0394287109
-.0734558105
-.0260467529
-.0595092773
.0254516602
-.0702056885
-.0331420898
-.0259246826
-.2444915771
-.1423339844
.0509643555
.0272369385
.0204010010
-.0382843018
-.0709228516
-.0321807861
-.0263214111
.0260009766
-.0319061279
-.0255737305
-.0432586670
-.0444183350
-.0444946289
.0341644287
-.0436706543
-.0694732666
.0347290039
-.0354461670
.0436553955
.0341796875
-.0470275879
-.0854797363
-.2006072998
-.1706542969
-.1312713623
.0421600342
-.1752471924
.1486206055
-.0220184326
.0861053467
-.0830993652
.0662841797
.0807800293
.0871887207
-.0884704590
.0510864258
.0518646240
-.0510101318
-.0829467773
-.0553436279
-.0274047852
.0389404297
-.0269317627
-.0261840820
-.0260162354
-.0353851318
-.0726165771
-.0339050293
.0703277588
.0596160889
-.0915527344
.1078491211
-.0220184326
-.0509033203
-.0609283447
-.0356445313
-.0315399170
.0678253174
-.0429077148
-.0604858398
.0558776855
-.0269470215
-.0211944580
-.0202636719
.0235595703
-.0293426514
-.0430755615
.0322418213
.0262298584
-.0264739990
-.0914764404
-.1436004639
-.0817565918
-.0734100342
.0250549316
-.0260314941
.0311889648
-.0450439453
-.0291290283
-.0368347168
-.0295104980
-.0332794189
.0787506104
.1129760742
-.1942596436
.0670013428
.0799255371
-.2210235596
.0960083008
.1089782715
.1136932373
-.0668029785
-.0369415283
.1490478516
.0449676514
.0427398682
.0632629395
.0327301025
.0630645752
-.1033782959
.0254516602
-.0744476318
-.0300903320
.0657348633
.0359039307
-.0844726563
.0380706787
.0395660400
-.0728912354
.0360260010
-.0417938232
.0277099609
.0244140625
.0215759277
.0381622314
.0492401123
.0240936279
-.0264282227
-.0294342041
.0538024902
.0836639404
.1673126221
-.1038208008
.0552825928
.0266876221
.0255432129
.1060943604
-.0379333496
.0375061035
-.1395874023
.0285339355
-.0335845947
.0847473145
-.1487121582
-.0324249268
-.0488739014
.0985107422
-.0740814209
-.1034393311
-.0946960449
.0498199463
.0548706055
-.0496673584
-.0475006104
-.0455627441
.0409851074
-.0359344482
.0539093018
.0533447266
.0441436768
-.2041931152
.0606842041
-.1767730713
-.0478973389
-.0368804932
-.1498565674
.0997467041
.1289825439
.0389556885
.0438537598
.1266174316
-.0520477295
.1077728271
.0660247803
-.0648498535
-.0605773926
.0952606201
-.0596466064
.0793304443
-.0447387695
-.0373382568
.0390472412
.0431060791
.0281677246
.0962524414
.0666198730
.0798950195
.0534667969
.0417175293
-.1217193604
.0817718506
-.0552520752
.0467224121
-.0318450928
.0472106934
-.0483856201
.0388488770
-.0244903564
-.0404510498
.0404968262
.1377410889
.1250457764
.1488037109
-.1554412842
-.1097106934
-.0805358887
.1174774170
.0513458252
-.1523590088
.0462646484
.1294403076
.1080322266
.1555023193
.1136016846
-.0977020264
-.0526885986
-.0428924561
-.0451812744
-.0408020020
.0510711670
.0603790283
-.1681976318
-.2216949463
-.0614166260
.0968627930
.0521697998
-.1298370361
-.0851287842
-.2324523926
.0545196533
-.1082916260
-.1157073975
.0539855957
-.0581665039
-.2660064697
-.0535430908
.0530548096
.0751342773
-.0527801514
-.1311798096
-.1292114258
.0803375244
.0425262451
.0794372559
-.0480804443
-.0417633057
-.0482940674
.0489807129
-.0341796875
-.0425262451
-.0332641602
-.0293121338
.0348510742
-.0353546143
-.0258789063
-.0313262939
.0347137451
.0405578613
.0339202881
-.0286712646
-.0332794189
-.0533294678
.0697631836
-.0246276855
-.0540618896
-.0502014160
-.1563720703
.0339660645
-.0255279541
-.1338958740
.0653076172
-.1093750000
-.1157379150
.0724945068
-.1020202637
-.1274108887
.0708923340
-.1364135742
-.0303192139
-.1195678711
-.2335662842
.0322875977
.0559234619
.0719604492
-.1389617920
.0446624756
.0442962646
.0476684570
-.0515441895
-.0546875000
.0451507568
-.0702362061
.0725250244
-.0593109131
-.0475769043
.0360412598
-.0384979248
-.0438232422
.0314025879
-.0474548340
.0368652344
.0724639893
-.1601257324
.0397338867
.0325622559
-.0716857910
-.0673675537
-.0428619385
.0488891602
-.0427398682
.0467071533
-.0367584229
.0915374756
.0522003174
.0338287354
.0444488525
.0398406982
.1674346924
-.3403625488
-.4219360352
-.1249694824
-.1624450684
.0851440430
-.1393432617
-.1283264160
-.0906677246
-.0679016113
-.0507507324
.1085510254
-.0859985352
-.3603820801
.0655822754
-.0735015869
-.1660766602
.1298065186
.1086883545
.0692901611
.0301055908
-.0425109863
-.1285552979
-.1611022949
.0563812256
-.0781860352
-.1873779297
-.0424804688
-.0344085693
-.1881408691
.0749206543
-.0615692139
-.2105865479
-.2002258301
.0550384521
.0236358643
-.0261840820
-.0393676758
.0360565186
-.0561828613
.0805664063
.0915069580
-.0600585938
.0362701416
-.1379547119
-.2034759521
.0421295166
-.0751800537
.0341949463
-.0891723633
-.0877075195
.0468139648
-.0335388184
-.0308685303
-.0362548828
.0313415527
.0268707275
.0208435059
.0254516602
-.2371978760
-.0729064941
.0658416748
.1218261719
-.0451049805
-.1915893555
.1121978760
.0346069336
-.1191406250
-.0733032227
-.1218566895
-.0395202637
.1196594238
-.0938720703
.1447296143
.1229095459
.0362701416
.0647125244
-.2247467041
.0567626953
.0527191162
.0374755859
-.1079254150
-.0404052734
.0261077881
-.0370330811
-.0460968018
-.0424804688
-.0370788574
.0289154053
-.0247802734
.0928802490
-.0912017822
.1022186279
-.0968475342
-.0853576660
-.0843963623
-.0435028076
-.0341186523
-.0580291748
-.2019653320
.0650024414
.0484466553
-.1434783936
-.2413024902
.0356903076
-.0945587158
-.0816802979
.1352996826
-.0824127197
-.0942230225
-.0868988037
-.0913696289
.0625762939
-.0347595215
-.0440368652
.0368194580
.0459442139
-.0279846191
-.0636596680
-.1357116699
-.0829010010
.0274658203
.0868225098
.1620635986
.1308135986
.0971679688
-.1151428223
.1088104248
-.1226348877
-.0614013672
-.0817413330
-.0378570557
-.0433349609
-.0871276855
.0763702393
-.0518798828
-.0960845947
-.0593719482
.0427093506
-.1021881104
-.0746307373
.0502471924
-.0650024414
-.0637054443
-.0681457520
-.0650482178
.0483093262
.0510253906
.0744628906
-.0509185791
-.0552215576
.0634307861
.0550384521
-.0562744141
-.0398864746
-.0376434326
-.0478363037
.0704345703
.0473632813
-.0829010010
-.2311401367
-.2952575684
-.2652587891
.0587158203
-.0366973877
-.3220672607
-.1574249268
.0400238037
.1291809082
.0923614502
.0847473145
-.1146087646
-.1028900146
.0662384033
-.0413513184
-.0680389404
-.0781097412
-.0319213867
-.0758361816
-.0617370605
-.0576934814
.0617828369
.0591278076
.0596618652
.0547637939
-.0460357666
-.0375823975
-.0359802246
.0339813232
.0304870605
-.0565643311
-.2347717285
-.1628570557
.1803131104
.1302947998
.0738067627
-.0721282959
.0306091309
.0593566895
.0425109863
-.0543975830
-.1619873047
.0806732178
.1251983643
-.0839538574
.0610046387
.0866241455
-.2345275879
.0563964844
.1057891846
.1426239014
-.1035308838
-.1239929199
-.0949401855
-.0506591797
-.0549926758
.0528869629
.0433654785
.0440521240
.0393066406
.0377807617
.0366973877
.0499572754
.0466613770
-.0479125977
-.0321960449
.0608978271
-.0424652100
-.0290374756
.0449829102
-.0399780273
-.0504150391
.0488891602
.0563812256
-.0495300293
-.0456542969
-.0514221191
.0416564941
.0417480469
.0421752930
.0340881348
.0574951172
-.0698699951
-.0576324463
-.0713500977
.0444183350
-.0344085693
.0448608398
-.0466156006
-.0561676025
-.0441436768
.0428466797
-.0415649414
.0374908447
.0443725586
.0367126465
-.0215301514
-.0256652832
.0218048096
.0223999023
-.0214080811
-.0285339355
.0179748535
.0299224854
-.0289459229
.0252990723
-.0209045410
.0143280029
-.0123596191
.0119323730
-.0098114014
-.0099792480
-.0066833496
-.0068817139
.0048370361
.0047454834
.0029296875
.0056610107
.0020599365
-.0016174316
.0019378662
-.0016632080
-.0012207031
.0006561279
-.0005187988
.0004119873
-.0003662109
.0295715332
