.0000915527
.0009765625
-.0013275146
-.0013732910
.0023498535
-.0045928955
-.0036010742
.0058135986
.0059051514
.0071258545
-.0053405762
.0079498291
.0062866211
-.0092620850
.0114746094
-.0144500732
-.0127410889
-.0112762451
.0179595947
.0130004883
.0301361084
.0141448975
.0189666748
.0103607178
.0112152100
-.0148010254
-.0178527832
.0245513916
-.0144500732
-.0153045654
.0206909180
-.0219268799
-.0186614990
-.1166839600
-.1362915039
-.0170898438
.0264282227
.0256958008
.3056488037
.0863494873
.0680236816
.1944732666
-.3672943115
-.2444763184
-.1567535400
.1334686279
-.0616760254
-.2660217285
-.1938781738
-.2292327881
-.1577911377
-.0404663086
.0173797607
-.0214538574
-.0207672119
-.0219116211
.0404357910
-.0200958252
.0205841064
.1288604736
-.2217102051
.1541900635
.0650024414
-.1772155762
-.1474304199
.0472259521
-.0272369385
-.3630828857
-.3205566406
-.1345672607
-.0385437012
.1055755615
-.0367126465
-.0356750488
-.2766571045
-.1528930664
-.1041870117
.1133117676
.0204162598
.0311584473
-.2348937988
-.0630950928
.0298309326
-.1690673828
-.1254882813
-.0162353516
.0172576904
-.0211486816
-.0198669434
.0147857666
.0133666992
.0188140869
.0145111084
.0129852295
-.0261383057
-.0135650635
-.1655883789
-.1723937988
-.0502929688
.0246124268
-.1091766357
-.1227569580
.1078338623
-.1598663330
.0858764648
.0727081299
.0374145508
.0775146484
-.2322235107
-.2743682861
-.0896911621
.0152130127
-.1109619141
-.0205078125
-.1027679443
.1462097168
-.1955566406
.1008148193
.0536193848
.0631103516
.0354614258
-.1371002197
-.0843963623
-.0493011475
-.0377807617
.0140686035
-.0145721436
.0109100342
-.0117797852
.0180816650
-.0189361572
.0157470703
.0143280029
-.0106353760
.0150146484
-.0211639404
.0138244629
.0133514404
.0232543945
.0223083496
.0258941650
.0233306885
-.0129699707
-.0603942871
-.0218963623
-.0188293457
.0625762939
.1519622803
-.1658477783
-.1603698730
-.1461944580
-.0902099609
-.0207214355
-.0478057861
-.0850677490
-.0606842041
.0317382813
.0165557861
.0162506104
-.0151367188
-.0156402588
-.0150909424
-.0448150635
.0670776367
-.0470428467
.0368041992
-.0470123291
.0894165039
-.0436859131
-.3105010986
.1736602783
.1496734619
.2178344727
-.0799255371
-.0968017578
.0109710693
-.1151123047
.0762939453
.0756225586
-.0209808350
-.0318450928
-.2716217041
-.1211547852
-.0827331543
.0327758789
-.1223144531
-.0730895996
-.0813446045
-.0672149658
-.0816650391
-.0434265137
-.0279083252
-.0204162598
-.0127410889
-.0134124756
.0129852295
-.0161437988
.0137023926
-.0146484375
-.0190734863
-.0190734863
.0388488770
.0540008545
.0287170410
.0145416260
.0099792480
.0128631592
-.0091552734
-.2541961670
.0175018311
.0569152832
.1141510010
.1739349365
-.3851318359
.1217193604
.0296630859
.1273040771
.1286315918
.1073303223
-.2224731445
-.3668212891
-.3266906738
.1173553467
-.1141052246
.0555877686
-.0631561279
.0190582275
-.0540924072
-.0261077881
-.1303863525
-.1512603760
-.1483612061
.0870513916
-.0842895508
.0343017578
-.1236114502
.0817108154
.0205230713
-.0650787354
.0324249268
.0167388916
-.0809326172
.0637969971
-.1678924561
-.1015472412
.0307312012
-.0132293701
.0251617432
.0218658447
.0210418701
.0324096680
-.0296325684
-.0236206055
.0193023682
-.0143280029
.0373077393
.0679016113
.1192321777
.1057891846
-.0615234375
.2614898682
.0185546875
.0823974609
-.0319366455
-.1126403809
-.0378265381
-.1373748779
-.0395965576
.0581054688
-.1468048096
-.1384277344
.0214538574
-.0401458740
-.0677947998
.0827789307
-.0867156982
-.0656127930
.0148468018
-.0187835693
-.0237121582
.0177612305
.0165557861
-.0237884521
-.0379486084
.0327148438
.1307525635
-.4243011475
-.3438262939
-.2672882080
-.1359100342
-.1230010986
-.1178131104
-.0294036865
-.0232849121
.0171051025
-.0617065430
.1602935791
-.3017578125
.0584259033
.1111297607
-.0339355469
.0272369385
.0811920166
.0687713623
.0924987793
-.0441131592
-.0417633057
.0180053711
.0215759277
-.0211486816
.0175018311
.0195617676
-.0239410400
.0254821777
.0218811035
-.0278015137
.0161743164
.0160827637
-.0197906494
.0241394043
.0219421387
-.0183868408
.2640228271
-.1625213623
.2902832031
-.0697021484
.1590423584
-.1219635010
.0804901123
.0712280273
.0914154053
-.1038208008
.0449371338
-.1275024414
.0449981689
.0741577148
-.0945281982
.0542907715
-.0674896240
-.1105499268
.0210876465
.1275787354
-.0697021484
-.0385131836
-.0349578857
.0387573242
.0555267334
.0541992188
-.0296325684
-.0683135986
-.0601196289
.0324096680
-.0314941406
-.0421295166
-.0456695557
-.0207366943
.0186920166
-.0157012939
.0184326172
-.0121612549
-.0191040039
-.0259246826
-.0283508301
-.0967864990
-.3083343506
-.3096008301
.1195526123
.0700683594
.0151824951
-.2434082031
.1013793945
-.0296325684
-.0312194824
.0364379883
.1311035156
-.0611267090
-.0389862061
-.3382568359
.0578765869
-.1015167236
.0477752686
.0206146240
-.0187988281
.0238494873
.0596923828
.0307464600
-.0408477783
.2468414307
-.1945343018
-.0426635742
.0330047607
-.0327911377
.0342407227
.0176391602
-.0753784180
.0230407715
.0407562256
-.0682983398
.0239105225
-.0251770020
-.0209045410
.0172271729
.0178680420
.0222930908
-.0168609619
.0141448975
-.0166778564
-.0173034668
.0159912109
-.0191955566
-.0174102783
.0197296143
-.2120361328
-.2386932373
-.2064208984
-.1627349854
.0351104736
.1408538818
-.1695098877
.0650939941
.0288085938
.0614929199
.0857086182
-.0870513916
.0817413330
.0858459473
-.1211242676
-.0581970215
-.0734252930
.0348968506
-.1029510498
-.0822601318
-.0459442139
.0239868164
.0166168213
-.0265045166
-.0258941650
-.0204772949
.0186157227
-.1176605225
-.0595245361
.0258941650
.0879211426
-.0820922852
-.0961151123
.1148986816
-.0244750977
-.0758666992
.0337677002
.0664215088
-.0435180664
-.0240783691
.0670166016
-.0845489502
-.0822906494
-.0534057617
-.0286254883
.0130615234
.0358581543
.0203399658
.0175323486
-.0235900879
-.0143280029
.0108795166
.0431213379
.0918121338
-.0838470459
-.1792907715
.0708160400
.0770874023
.0189971924
-.0261535645
-.0194854736
-.0270996094
.0178375244
-.0174102783
.0190124512
.0195617676
.0200042725
.1347351074
-.1008148193
-.2287445068
-.0569915771
-.0974884033
-.1336517334
-.1475372314
.1225891113
.0516052246
.1604309082
-.0858459473
-.0336914063
.1462707520
-.0317535400
-.0518798828
-.0635070801
-.0571746826
.0217285156
-.1194915771
.0724029541
-.0145416260
-.0446472168
-.0498199463
.0603942871
-.0206451416
-.0671081543
-.0496520996
-.0126495361
-.0675201416
-.0555114746
-.0127258301
.0116729736
-.0228271484
-.0151367188
-.0204010010
.0356292725
.0564422607
.0189514160
.0150451660
-.0297546387
.0206909180
-.0830535889
.1609497070
-.2229919434
.1351013184
-.0696105957
.0330047607
.0278778076
.1442108154
-.0365600586
-.0160827637
-.1551361084
-.0547790527
.0287933350
.0238647461
-.1521606445
.0988311768
.0513153076
-.0217132568
.0921020508
-.0735015869
-.1005706787
-.0872192383
-.0245513916
.0143737793
-.0271606445
-.0182800293
.0246276855
-.0198669434
-.0134582520
-.0215454102
.0148315430
-.0144500732
-.0267944336
-.1651763916
-.0963439941
.1965332031
.1222381592
.0266418457
.0314178467
-.1053009033
.1048583984
.1164550781
.0499572754
-.0445861816
-.1246490479
.1352844238
-.0200195313
-.0492401123
.0908660889
-.0220642090
.0683135986
.1035766602
-.0354766846
-.0197601318
.0246734619
.0218963623
-.0218353271
.0128784180
.0317230225
.0696868896
-.0293273926
.0601959229
-.0704498291
-.0527801514
-.0275726318
.1363983154
.0656127930
-.0500946045
-.0392761230
-.1060943604
.0254516602
-.0211486816
-.0301055908
-.0196685791
.0169677734
.0189819336
.1130371094
.1097869873
-.1445159912
-.0826110840
-.2221832275
-.0869140625
-.1334381104
-.0535583496
.1318206787
-.0937042236
-.1833343506
-.0486145020
.1222991943
.1231079102
.1375732422
.0737609863
.0804748535
-.0427551270
.0260772705
.0137176514
.0492248535
-.0232849121
-.0219879150
-.0348052979
.1058349609
-.2281341553
.1149597168
.1141510010
.1305541992
.1637268066
-.0389709473
-.2163696289
-.2548065186
.0298156738
-.0841827393
-.0823059082
-.0601654053
-.0299377441
-.2288665771
-.1615600586
.0181427002
.0413055420
-.0531616211
-.0233764648
-.1708374023
-.1491851807
.0944061279
.0345153809
.0701751709
-.0307922363
-.0345001221
-.0251770020
.0118713379
-.0164184570
.0211944580
.0196380615
.0238952637
.0201873779
-.0193328857
-.0685119629
-.0729980469
-.0311126709
.0669250488
-.0690612793
-.0179290771
-.0143127441
.0223083496
.0236053467
.0439147949
.1085968018
.0102233887
.1189117432
.0609130859
.1276855469
.1880950928
-.0331115723
-.0189666748
-.1621246338
.0513153076
-.1262969971
-.1398620605
.0742034912
-.0805206299
-.2302246094
.0948181152
-.1614379883
-.0606231689
.0392150879
-.1955566406
.2093048096
-.0187072754
-.0601959229
.0383758545
-.1053009033
-.0376281738
-.0589904785
.0169372559
.0423126221
-.0308227539
-.0560760498
.0657958984
.0797119141
.0763702393
-.0616302490
.0156707764
.0204772949
-.0215759277
-.0185699463
-.0230255127
-.0103302002
-.0217285156
.0364074707
-.0586547852
-.1741790771
.0319976807
.0347290039
.0738677979
-.0687255859
-.1152496338
.0232543945
.0810699463
.0513458252
.0201416016
-.0717163086
.0975799561
.0419769287
.0260467529
-.0295562744
.0170593262
-.0754089355
-.1457672119
-.4996337891
-.3052520752
-.2394714355
-.1538391113
.1139526367
-.1714172363
.1446990967
.1231689453
-.1225128174
.0428924561
.0617980957
.1499938965
.0388641357
-.3627777100
-.0935516357
-.0825347900
-.1928405762
.1269836426
.1248931885
.1109313965
.0360107422
.0607452393
-.1693267822
-.1397552490
-.1280059814
-.0692138672
-.1255950928
-.2068328857
.0314025879
-.0577545166
-.2365875244
.0465850830
.0708618164
-.2254943848
-.2668304443
-.1445770264
.0295715332
-.0391998291
.0240020752
.0243835449
.0171813965
-.0282592773
.0350646973
-.0767364502
.0758666992
.0207366943
.0991058350
-.3431701660
-.1104888916
.0481719971
-.0835266113
-.0376739502
-.0936279297
-.0953369141
-.0334777832
-.0556030273
-.0198059082
-.0217742920
-.0258178711
-.0150146484
-.0139007568
-.0240631104
-.0137023926
-.2871398926
.0755615234
-.0923309326
.0923004150
.0619964600
.1662292480
-.1689605713
-.0288391113
.0396728516
-.1602783203
-.0884704590
-.1346130371
-.0680847168
.0794067383
.1847076416
-.1916198730
.1255493164
.1494445801
-.0156250000
.0256805420
-.2588043213
-.0565643311
.0560302734
.0350494385
-.1583099365
-.0258789063
-.0351257324
-.0279083252
-.0280151367
-.0529022217
-.0322875977
.0637664795
-.0416259766
-.0209655762
.1004638672
.1224365234
.1352386475
-.1127471924
-.0877532959
-.0825195313
-.0452270508
-.0183868408
-.0160369873
.0446929932
.1792755127
-.0797271729
-.0238647461
-.1387634277
-.3262939453
-.1819305420
-.0594329834
-.1041870117
.0196075439
.2059631348
-.0899963379
-.1051940918
-.0861816406
.0879821777
-.0836181641
-.0330657959
.0225067139
-.0413818359
-.0383605957
-.1197814941
-.0340270996
-.1066436768
-.1046905518
-.0272064209
-.0271911621
-.1149139404
.1139678955
-.3109436035
.1536712646
.1205291748
-.1752014160
-.1945800781
.0966949463
-.0335235596
.0664367676
.0355834961
-.0263366699
-.1137695313
-.0883026123
-.0197601318
-.0528411865
-.0843505859
-.0324249268
-.0325927734
-.1546783447
-.0760650635
.0240325928
.0190887451
-.0521392822
-.1026763916
-.0339202881
-.0356140137
.0580291748
-.0500030518
.0508270264
.0477600098
-.0632324219
-.0478515625
-.0579986572
-.0365905762
-.0160675049
.0251617432
.0211944580
.0179138184
.0248107910
-.0289306641
.0697326660
-.3308868408
-.3441619873
-.3008880615
.0810241699
-.0343017578
-.2704010010
-.2501678467
-.0507965088
-.1351318359
-.1704559326
.0828247070
.0610046387
.1257781982
.1268310547
.1042175293
-.0234527588
.0329437256
-.0648498535
-.0432739258
-.0874938965
-.0681915283
-.0515289307
-.0822448730
.0625762939
-.0620574951
.0580596924
.0557403564
.0192718506
-.0206756592
-.0190429688
.0307922363
-.0225982666
.0677947998
-.0461578369
-.2729492188
-.1039276123
.1844482422
.1542205811
.0937347412
.0149230957
.0140533447
.0148620605
.0181579590
.0259094238
-.0260620117
-.2317199707
.0848693848
.1221923828
-.0662078857
-.0349121094
-.0262908936
-.2544403076
.1163940430
-.0299530029
-.0386810303
-.0458068848
.1362762451
.0997161865
.1011047363
-.0607910156
.0517425537
.0562286377
.0245208740
.0258636475
-.0278472900
-.0237426758
-.0288848877
.0184783936
.0216979980
.0147705078
-.0190734863
-.0170440674
-.0169677734
-.0224761963
-.0168609619
.0128173828
.0186004639
.0111694336
.0131988525
.0104675293
.0080108643
-.0107116699
-.0122985840
-.0095520020
.0100402832
-.0115051270
.0063476563
-.0074615479
-.0064392090
-.0094451904
-.0076446533
-.0046539307
.0052490234
.0036010742
.0021820068
.0021820068
.0017242432
.0020599365
.0010375977
.0661621094
