-.0045623779
-.0046844482
.0064086914
-.0088806152
-.0157928467
.0254821777
-.0167694092
-.0149841309
.0284118652
-.0325469971
.0259399414
-.0337982178
.0659637451
-.0384521484
-.0424499512
-.0551605225
-.0492401123
-.0647583008
-.0567626953
-.0822143555
-.0999145508
-.0918884277
-.1113891602
.0945587158
-.0805511475
.0668792725
-.0624694824
-.2221832275
.2983551025
-.0989990234
-.1179504395
-.2990570068
-.4346466064
-.2220611572
.1845855713
.1514434814
.1253967285
-.2730102539
-.2485198975
-.2058410645
-.1047515869
.0476837158
-.0411529541
.0673065186
.0387573242
-.0672302246
-.0549316406
.1100006104
.0617675781
-.2367401123
.2563781738
.1433715820
-.0940856934
-.1805114746
-.2064819336
-.1166076660
-.0895538330
-.3572387695
-.3259887695
-.1685180664
-.0562591553
-.1267089844
-.0598144531
.0623321533
-.2627258301
-.2493438721
.0783996582
-.1669158936
.0385742188
-.0737609863
-.2932434082
-.0754547119
.0658416748
-.1485290527
-.1637725830
-.0520324707
.0718841553
-.0870819092
-.0590667725
-.0425415039
.0339813232
-.0688934326
-.0790252686
-.0596771240
.0516967773
.0615081787
.0546112061
-.1951446533
.1322479248
.1417388916
.0631408691
-.1778564453
-.3799285889
.1266021729
-.1121215820
.1024017334
-.0609436035
.1212310791
.0856781006
-.4999847412
.1802062988
.0555572510
.0564880371
-.1326293945
.0646820068
.1079864502
-.1338958740
-.2078552246
.0621032715
.0508728027
.1114349365
.0667724609
.1660308838
.0875854492
.0686645508
.0705108643
.0819702148
-.0851593018
-.0393981934
-.1866760254
-.0686187744
-.0585479736
.1982269287
.0693664551
-.0675659180
.0468902588
-.0906066895
-.0649261475
.0930938721
.0648956299
.0503387451
-.0450744629
-.0814666748
-.0501403809
-.0475311279
.0434875488
-.0523071289
.0424499512
.0730590820
-.1982727051
.1583404541
.1633911133
.1097259521
.0578918457
.0758209229
.0960998535
.1213073730
-.0541076660
.0428161621
.0414276123
-.0394134521
.0637512207
.0348663330
-.0494842529
.1885223389
.0978088379
.0746154785
.0853881836
-.1019592285
-.2165679932
-.2168273926
-.3412017822
.2166442871
.2172698975
.2183990479
.0675811768
-.0969696045
.0730895996
-.1038208008
-.0938110352
-.0738067627
-.0400695801
.0405731201
-.3176422119
-.1281585693
.0594482422
.0639495850
-.1070404053
.1217803955
.1808929443
.0939178467
-.0879211426
.0635528564
.0463714600
.0367279053
.0287780762
.0550384521
.0398406982
.0410766602
-.0545501709
-.0433807373
-.0362854004
-.0466156006
.0418548584
.0347747803
-.0304718018
-.0231628418
.0334930420
-.0440063477
-.0367889404
.1479797363
-.0840454102
-.0419921875
-.1741943359
.0962982178
-.2368927002
-.2375030518
-.0822753906
-.1976470947
.1519012451
.1139221191
.1548614502
-.2394714355
-.3769989014
-.2515563965
-.1236267090
.1703643799
.0759582520
-.0763854980
.1149139404
.0794982910
.0625915527
.1079406738
-.2093658447
.1387481689
.1194610596
-.1302490234
.0707855225
-.1493835449
.0823211670
.0789031982
.1014404297
-.0526275635
-.0549774170
-.0695953369
.0797576904
-.1600036621
.1142730713
.0633544922
.0498657227
.0474700928
-.0480346680
-.0393524170
-.0502014160
-.0472259521
-.0713043213
-.0444793701
.0630035400
-.0373382568
.1621093750
-.1636505127
.1627502441
.1055603027
.2231903076
-.0812530518
-.0512695313
-.0797119141
.1231079102
-.0606231689
-.0639648438
-.0955047607
-.1453399658
-.1564636230
-.1687469482
.1142730713
.0673522949
.0834960938
-.0851745605
.0960235596
-.1227111816
-.1167449951
.0598602295
.0796813965
.0555419922
-.0658416748
.0858001709
-.0695648193
.0727386475
.0764923096
.1547546387
-.4466705322
-.3699340820
-.2362670898
.1633911133
.1649627686
-.1409912109
.0578155518
.0656280518
.0557403564
-.1340637207
.1795043945
-.3139648438
-.0853118896
.1349182129
-.0789337158
.0518493652
.1008148193
.1140747070
.1513061523
.0783843994
.0539093018
-.0763397217
-.0727386475
.0650482178
-.0507812500
.0687561035
-.0980377197
-.0706329346
-.0557708740
-.0636901855
-.0431365967
-.0411682129
-.0317382813
.0736694336
-.0664215088
.0556030273
.2593231201
-.1662902832
.2711029053
.2393798828
.2295379639
-.1377258301
-.1341857910
.1516418457
.1418304443
.1440582275
.1511535645
-.1181335449
.2723388672
-.1378784180
-.1189880371
.1083526611
.1109771729
-.1699829102
-.1158752441
.0492401123
-.0858764648
-.1004028320
.0415344238
.0451202393
.0579681396
.1001281738
.0947875977
.0794372559
.0753479004
.0769195557
-.0708465576
-.0523681641
-.0590362549
-.0489654541
-.0619354248
-.0829772949
.0581359863
-.0540008545
.1652221680
-.1286163330
-.1205902100
.0889587402
.0829772949
-.2893066406
-.2980957031
-.2003021240
-.0887603760
-.0749969482
-.1674652100
.1874542236
.1291961670
.1006622314
.0927276611
.1198272705
.0967864990
.1163177490
-.3620758057
.1110229492
-.1260375977
.1364593506
.1052551270
-.1013488770
-.0745086670
.1228485107
.0570068359
.0838775635
.0599670410
-.2111663818
-.2129821777
.0682525635
-.0564422607
-.0426788330
-.0494232178
-.1084442139
-.0611419678
-.0771942139
-.0864257813
-.0713500977
.0453643799
.0536041260
-.0761871338
.0847930908
-.0802307129
.0414733887
.0887756348
-.0640563965
.0557708740
-.0639801025
.0764312744
.0693664551
-.0764312744
-.0984802246
-.2388916016
-.2585754395
-.2176971436
-.1657714844
.0656280518
.1407470703
-.2015228271
.0763549805
.1028442383
-.0985565186
.1132049561
-.0772857666
.1027221680
.1210632324
-.1119079590
-.0802917480
.0727386475
.0446319580
-.0955810547
-.1033477783
-.0975036621
-.1124420166
-.0760955811
-.1266174316
-.0871887207
-.0703582764
-.1331634521
-.0573272705
-.1080627441
.0487365723
-.1257171631
.1029663086
-.1147613525
.1483001709
.1686248779
.1022338867
-.0687561035
-.0727386475
-.0625457764
-.0489959717
-.0737762451
.0579986572
-.0964508057
-.0923156738
.0831146240
.0852355957
.0702362061
.0642852783
-.0496063232
-.0471343994
.0586700439
-.0590972900
-.0523071289
-.0643768311
-.1020660400
-.1189270020
-.1995697021
.0719909668
-.0901794434
-.0198516846
.0771026611
.1004791260
.1049346924
-.1874847412
-.1062316895
-.0773773193
-.0813446045
-.0917816162
-.1377410889
.1198120117
-.2510986328
.0740814209
-.0945434570
-.0893859863
-.1980743408
.1254882813
.0852966309
.1674652100
.1019744873
.0668334961
.0835876465
-.0466308594
.0664215088
.0859680176
.0959777832
.0383758545
.0992889404
.1685943604
.0496520996
.1040191650
.0484924316
-.0758972168
.0542907715
-.1325836182
.0896606445
-.0679473877
-.0774078369
-.0936889648
-.0515289307
.0708007813
.0812072754
-.0673217773
-.0673522949
-.0336914063
.0929107666
-.0796661377
.0567779541
-.0913543701
-.0798797607
-.1078033447
-.1179351807
-.1579589844
.2077026367
.1612396240
-.0811767578
.0710754395
.0471801758
.1438903809
-.0688171387
-.0917510986
-.1436614990
-.0638427734
-.0601654053
-.0413665771
.1592559814
-.1189880371
.0434265137
-.0599365234
-.1081542969
.0836791992
-.1067657471
-.1079406738
-.0697021484
-.0740966797
-.0751190186
-.0887451172
.0706481934
-.1068115234
.0876770020
-.0630798340
.1743164063
.0467681885
-.0713806152
-.1148834229
-.2164001465
-.0551757813
-.1826324463
-.0513458252
-.0816650391
.1841583252
-.1222991943
.1170043945
.0497436523
.0469512939
.0773010254
.1350097656
.0554199219
.0771942139
.0810394287
.1422424316
.0757598877
.1360015869
.1037445068
-.0700836182
-.0673522949
-.3511352539
.0811614990
.0625610352
.0761566162
.0549316406
-.1455078125
.0418548584
.3929290771
-.1008453369
-.0662536621
-.0477752686
-.1344299316
-.0770416260
-.0549774170
.0633087158
-.0610961914
.0345153809
.0496673584
-.0531311035
.0467834473
.0547637939
.0493469238
-.0930328369
-.0714416504
-.1642150879
.1372680664
.2039794922
-.1999359131
.1660766602
.0886535645
-.1789093018
.0912780762
-.2016601563
.0822753906
.1270751953
.1532287598
.1240234375
-.1371917725
-.0878753662
-.0682678223
.1015777588
.0321044922
.0433197021
.0433349609
.0403594971
-.0412597656
.1182708740
.2322540283
.2150726318
-.0885772705
-.1001892090
-.0850677490
-.2474670410
-.0467071533
-.2894134521
-.0691833496
.0997009277
-.0915527344
.1326293945
.0556335449
-.0418548584
-.3051910400
-.1262664795
.0787048340
-.1222686768
-.0829162598
-.0666503906
.3207550049
.2086029053
.1665344238
.2218322754
.1385650635
.0547180176
.0509490967
.0722045898
.0743408203
-.0474548340
.0567626953
.0335388184
.0331573486
-.0496673584
-.0555114746
.0439605713
.0602569580
.0609893799
.0570068359
.0780487061
-.1245727539
.0889434814
.0412445068
-.0397949219
-.0465698242
-.1481475830
.0627593994
-.0670623779
-.0852203369
-.0557556152
-.2253112793
-.0508728027
-.0367126465
.0730285645
-.0827331543
.0356445313
.1567993164
.0734863281
.0862579346
-.1474304199
-.1699676514
.1442260742
-.1686706543
.0384368896
.0304260254
-.2583312988
-.1217041016
.0787811279
.0842590332
.0930175781
-.1375579834
-.0357971191
.0923767090
-.1367950439
-.0782165527
.0742187500
-.0438232422
.1103820801
-.1241455078
.1151885986
.1344146729
.0709838867
.0574798584
.0561370850
.0789031982
-.0733184814
.0761718750
.0633239746
.0782318115
-.1047821045
-.1907196045
.0792541504
-.0752868652
.0956268311
.0800933838
-.1007995605
.0558319092
.0710906982
.0601654053
-.0552673340
-.0482635498
.1095428467
-.0733642578
-.0493774414
-.0509490967
.0596923828
-.0790557861
.2107238770
-.4421081543
-.4999847412
-.0668792725
-.2844390869
.2736206055
.1781311035
.1842498779
-.1875000000
-.1565551758
.1047058105
-.0965118408
.1350250244
-.1655883789
-.2892913818
-.2090454102
.2043914795
.1542816162
.1762237549
.1404876709
.1494293213
.0991210938
-.0715179443
-.1159667969
-.2287902832
.1335296631
.1430511475
.1121215820
.1819305420
-.1707916260
-.0965576172
.0713500977
-.2226409912
.1303100586
.0850830078
-.2192840576
-.2903289795
.1613616943
-.0811920166
.0875091553
-.0403747559
-.0636291504
.0528717041
-.0627288818
-.0597229004
.0977020264
.0815582275
.0785980225
-.1011505127
-.2179870605
.2578277588
.0632019043
.1240844727
-.0907897949
-.0672607422
-.1414184570
-.0892486572
-.0978698730
-.0523986816
-.0511322021
-.0929870605
.1026000977
.0853729248
.0732269287
-.0420227051
.1614990234
-.2757568359
.1070861816
.0624694824
.1366119385
.0355682373
-.2306365967
.1485137939
.0787200928
.1181793213
-.1380767822
-.1274414063
-.2250671387
.1024475098
.1729736328
.1914367676
.2286529541
-.2306518555
.1361236572
.0911865234
-.1355590820
-.2721099854
-.1229553223
-.0932006836
.0484619141
.1501617432
-.0485534668
-.0605926514
-.0392608643
-.0505065918
.0808410645
-.0775604248
-.0759277344
.0749206543
-.0761108398
.1081085205
.1226654053
-.1302947998
-.1076354980
-.1272125244
.0900726318
-.0661926270
.0792846680
.1786499023
-.1272583008
.1686096191
.1033935547
.0820922852
-.2084045410
-.3106384277
-.2731323242
.0514678955
-.1083831787
-.1161956787
.1606140137
-.1616668701
.1360473633
.1118316650
.1312255859
.1201629639
.1055297852
.0681762695
-.0938720703
-.0851898193
-.0803222656
-.0901184082
.0733184814
-.1507415771
.0741729736
.0736999512
.0843811035
.1208648682
-.2369537354
.1815185547
.1591949463
.1516571045
-.1835479736
-.2067871094
.0629119873
-.0625915527
-.0728912354
.0830841064
.0519104004
-.1105041504
-.1220397949
.0741119385
.0805053711
.1128692627
.0432891846
-.0675964355
-.1740722656
-.0869903564
.0833587646
.0648803711
.0700836182
-.0938110352
.0920257568
.0978698730
-.0847015381
-.0922546387
-.0809631348
-.0587005615
-.0870971680
-.0847625732
-.0751800537
-.0981597900
.1073760986
-.0653076172
-.0610351563
.0855255127
-.0817718506
.0823059082
.0946502686
-.2185363770
-.3794708252
-.3417968750
-.2411041260
-.0937347412
-.0761260986
-.4581451416
-.1940460205
-.0935974121
.1593170166
.1531829834
.1252288818
.0713500977
.1327056885
.1195831299
.0746002197
.0862274170
.0724487305
-.1267547607
.0482025146
-.0998992920
-.0568084717
-.0632019043
-.0974121094
.0833435059
-.0658874512
.0787353516
.0916900635
.0559844971
-.0604400635
-.0825805664
-.0716400146
-.0551147461
.0699615479
-.0838470459
-.3061828613
-.2139282227
.1991577148
.2023162842
.1189270020
.0556182861
-.0560302734
.0419006348
.0392150879
-.1127624512
-.0910491943
-.2633819580
-.1966247559
.1155090332
.0925292969
-.0777435303
.0696563721
-.2073059082
-.2639923096
.0715637207
.1441497803
.1678466797
-.0842285156
.1694488525
.1224060059
.1114959717
.1082000732
.1237640381
.0645446777
.0845947266
.0432739258
.0436248779
-.0420379639
-.0594177246
.0750122070
-.0409393311
-.0309600830
.0509643555
-.0496368408
-.0456085205
-.0390319824
.0682525635
.0360107422
-.0329895020
-.0383911133
-.0305175781
-.0353240967
-.0274505615
-.0349121094
-.0368041992
-.0300750732
.0142059326
.0196075439
.0138702393
-.0106811523
-.0119018555
-.0058746338
-.0027618408
.0034179688
-.0032043457
-.0610351563
