.0001373291
.0001678467
.0004119873
-.0010986328
-.0025634766
.0023803711
-.0032043457
.0034942627
.0055694580
-.0048217773
-.0076446533
-.0074920654
-.0086975098
-.0097808838
-.0095825195
.0105438232
.0111236572
-.0091094971
-.0122528076
-.0095214844
.0173645020
.0152130127
.0163269043
.0209808350
.0211639404
-.0212249756
-.0236358643
.0264739990
-.0215454102
-.0245056152
.0229339600
.0286560059
.0282440186
-.0244445801
.0418090820
-.0249023438
-.0244903564
-.0299530029
-.0332336426
-.0276184082
.0305480957
-.0278167725
-.0227966309
.0298004150
-.0361785889
.0322875977
-.0290374756
.0314483643
-.0306701660
.0288848877
.0407562256
-.0258636475
.0394744873
.0338134766
-.0301666260
-.0367126465
-.0336456299
-.0270690918
.0523071289
.0476531982
.0432128906
.0543212891
-.0475921631
-.0585021973
.0350952148
.0490875244
.0526733398
-.0368804932
-.0612030029
-.0416107178
-.0330505371
-.0492553711
.0353393555
.0436859131
-.0311279297
-.0292205811
.0287933350
-.0293884277
-.0474395752
-.0324401855
-.0436859131
-.0236816406
.0329895020
.0302886963
-.0286712646
.0282440186
.0277252197
-.0386810303
.0254669189
.0287628174
.0238952637
.0212249756
-.0231475830
-.0278778076
-.0248565674
-.0242462158
-.0247650146
-.0182952881
-.0189361572
-.0202636719
.0182952881
.0261383057
-.0242919922
-.0200042725
-.0248565674
.0287780762
.0192718506
.0145416260
.0192565918
-.0193634033
-.0143737793
.0199432373
-.0162200928
-.0188140869
.0153045654
.0173950195
-.0171051025
.0158538818
.0111999512
.0155792236
.0138244629
-.0170288086
-.0163421631
-.0125885010
-.0191040039
.0162658691
-.0129089355
.0220642090
.0151977539
-.0220031738
.0132141113
-.0191497803
-.0195617676
.0203704834
-.0209808350
.0242309570
.0207672119
.0237274170
-.0343475342
-.0205535889
.0176086426
.0139770508
-.0180053711
.0159301758
.0146026611
-.0117492676
.0102539063
-.0131988525
-.0163726807
.0127716064
-.0105133057
.0133819580
.0142974854
-.0114288330
.0138702393
.0134887695
.0140991211
-.0203247070
.0159454346
-.0186614990
.0152740479
.0130462646
.0119628906
-.0133209229
-.0161743164
.0163421631
-.0108032227
.0154113770
.0165863037
-.0917358398
-.1256103516
-.1053314209
.1043395996
-.1486206055
-.2115020752
-.1461791992
-.0386657715
.0214996338
.0152587891
-.0136108398
.0292205811
.0895538330
.0475158691
-.0420227051
.0114898682
.0112609863
-.0152130127
-.0213623047
.1256561279
.0735321045
.1311950684
.1476898193
.2357025146
.2258758545
.1761322021
-.0439605713
-.0236511230
.0691833496
-.1463470459
-.2048492432
.2368621826
.1832275391
.1613464355
-.0863037109
.0624694824
.0742340088
-.0731964111
.0401306152
-.0087127686
-.0381317139
-.0164642334
.1346130371
-.1173248291
.0455017090
-.0182342529
-.0190429688
.0202941895
-.0108337402
.0588073730
-.0563812256
.0341491699
.0103759766
.0075683594
.0135040283
.0113372803
-.0319976807
-.0637969971
-.0587310791
-.0470275879
-.0426330566
.0192108154
-.0119781494
.0074615479
.0139007568
.0146179199
.0134887695
-.0123901367
-.0102081299
.0083618164
-.0079650879
.0084838867
.0660705566
-.0122070313
-.0179138184
-.0123291016
.0156860352
.0070343018
.0046691895
-.0037536621
-.0048217773
-.0081329346
-.0072479248
.0066833496
.0048065186
.0063629150
-.0041961670
-.0045623779
-.0063018799
-.0126342773
-.0060424805
.0120697021
.0102996826
.0042114258
-.0057830811
-.0032653809
-.0045318604
-.0034027100
.0034179688
.0043029785
-.0043182373
.0035400391
-.0037689209
-.0054016113
-.0075988770
.0057983398
.0087280273
.0081176758
.0056762695
-.0042114258
.0044250488
-.0039062500
-.0041961670
-.0043029785
-.0050048828
.0054626465
-.0059051514
.0055541992
.0045013428
.0066375732
-.0057678223
-.0076446533
-.0089874268
.0079193115
-.0043182373
-.0062408447
.0522003174
-.0789031982
.1125030518
.1911468506
-.2252960205
-.3018341064
-.3323516846
-.3267211914
-.3431854248
-.2779846191
-.1912536621
.1407623291
.0606079102
.0422210693
-.0290679932
.0287780762
.0133666992
-.0107421875
.0069580078
.0064392090
.0072326660
.0073394775
.0078582764
.0137329102
-.0095520020
.0080718994
.0086822510
.0068664551
-.0113525391
.0067901611
.0048828125
-.0068969727
.0051116943
-.0065765381
-.0061645508
-.0047454834
.0051879883
.0070495605
-.0094146729
.0110473633
-.0103607178
.0169830322
-.0201568604
.0395965576
.0373535156
.0403289795
.0408325195
-.0199737549
.0301971436
.0235137939
.0142822266
.0306396484
.0432891846
.0458831787
.0654144287
-.0573730469
-.0529174805
.0799102783
.1420898438
.1827392578
-.1936492920
-.1952209473
.1593933105
.0836334229
.0618591309
.1462707520
-.1897430420
-.1921539307
-.1680755615
.0923461914
-.1118011475
-.0264739990
.0505981445
.0458374023
.0303497314
.0285949707
.0252075195
-.0287628174
.0254211426
.0308837891
.0385131836
.0278015137
-.0141601563
-.0125122070
.0086059570
-.0084991455
-.0093994141
-.0143585205
-.0097961426
.0113677979
-.0108032227
.0058898926
-.0104217529
-.0107574463
-.0095062256
.0102081299
.0092468262
.0108642578
-.0091247559
-.0069122314
-.0095062256
-.0085754395
-.0075988770
.0082702637
.0096893311
.0113525391
-.0098419189
.0080108643
.0122528076
-.0104827881
-.0130310059
-.0106506348
-.0117034912
-.0101623535
.0150756836
-.0166778564
.0118408203
-.0129852295
-.0134887695
.0175781250
.0116729736
.0142669678
-.0191192627
.0191345215
.0178833008
-.0171813965
.0164642334
.0136566162
.0185852051
-.0179595947
.0162506104
-.1192016602
-.1168823242
-.0434112549
-.0505065918
.0440063477
-.0483551025
.0749511719
-.0300598145
.0147247314
.0224304199
-.0845947266
-.1548309326
-.0844421387
.0495452881
.0129699707
-.0142059326
.0202941895
.0244750977
.0440216064
-.0557861328
.0417022705
.0383605957
-.0663757324
-.0700073242
-.0663757324
-.0523834229
-.0427398682
-.0465393066
-.0535888672
-.0565338135
-.0435485840
.0267639160
.0188293457
.0189971924
-.0190887451
-.0192108154
.0271301270
-.0201873779
-.0184936523
.0270233154
-.0237426758
.0270538330
.0226593018
-.0197753906
-.0184631348
-.0148468018
.0182037354
-.0142974854
-.0101165771
-.0156707764
-.0182189941
.0174102783
-.0144348145
.0167083740
-.0167083740
-.0130615234
-.0135650635
.0169677734
.0123443604
-.0148010254
-.0151062012
.0148468018
-.0128021240
.0133819580
-.0152587891
.0174407959
-.0128021240
-.0152435303
.0129547119
.0144958496
-.0170440674
-.0168609619
.0166320801
.0182037354
.0249938965
-.0230560303
.0184783936
.0366363525
-.0484313965
-.0600128174
.0913085938
.1241302490
.1539306641
-.1969451904
.1711425781
.1372375488
.1046600342
.0860290527
-.1122283936
-.1617431641
-.1689300537
.1664581299
.1788787842
.1459350586
.1612243652
-.1346588135
.1403350830
.1230468750
.0844879150
.0661315918
.0423736572
.0302429199
.0692138672
-.0586700439
-.1775054932
-.2029266357
-.1721496582
.1393737793
.1507873535
-.1317291260
.1735992432
.1837768555
.1969757080
-.1823425293
-.1873931885
-.1878509521
.1011352539
-.1336059570
-.1218261719
-.0738677979
.0762634277
.0808105469
.0628204346
.0702667236
-.0411682129
.0677032471
-.0353546143
.0749359131
-.0421905518
.0406646729
.0188140869
-.0308380127
.0321807861
.0785675049
-.1270751953
-.0960235596
.0967407227
.0853271484
.0555725098
-.0437316895
.0082855225
.0072021484
.0075378418
.0384674072
.1189575195
-.1420288086
.0678558350
.0429687500
.0458221436
.0601806641
.0411834717
.0397796631
.0307312012
.0093231201
-.0136871338
-.0139007568
-.0156250000
-.0141601563
-.0107421875
-.0087127686
-.0070037842
-.0075531006
.0106353760
.0070800781
.0152435303
.0353088379
.0348968506
-.0200653076
-.0141754150
.0086669922
.0146942139
.0437774658
-.0281982422
-.0293884277
-.0343627930
-.0306396484
.0420227051
-.0443267822
.0414428711
.0461730957
.0400390625
.0265960693
-.0229492188
-.0254211426
-.0281372070
.0189666748
.0158081055
.0347290039
.0351867676
.0283203125
.0298309326
.0273437500
.0198516846
-.0205688477
-.0287933350
-.0220031738
-.0178680420
-.0210418701
.0293121338
.0347747803
.0511016846
.0557556152
-.0328826904
.0730743408
.1494750977
-.1222534180
.1041564941
.0696716309
-.0203247070
.0136413574
.0157775879
-.0286560059
.0612945557
-.0326690674
-.0295867920
.0251007080
.0491027832
.0575866699
-.0271606445
.0249786377
-.0175323486
.0081481934
.0069427490
-.0095520020
.0878143311
-.0864868164
-.1154327393
.0945587158
.0725555420
-.0341186523
-.0247497559
-.0142211914
.0146636963
.0093994141
-.0095672607
-.0109405518
-.0079803467
-.0103759766
.0099792480
.0104370117
-.0103912354
-.0096282959
.0078582764
.0084228516
-.0087432861
-.0102081299
.0136108398
-.0103454590
-.0118408203
-.0119628906
.0151062012
.0109252930
.0159454346
.0175018311
-.0167083740
-.0249176025
-.0184936523
.0197906494
-.0204772949
-.0366363525
-.0289306641
.0281829834
.0226593018
-.0257415771
.0292816162
.0292053223
.0272674561
-.2514038086
-.1245117188
-.1337585449
-.0955963135
.1071472168
-.0813751221
-.0723419189
.0500946045
.0487365723
.0485687256
-.0984191895
-.0962371826
-.0472412109
-.0559082031
-.0449066162
.0273437500
.0254516602
-.0234985352
-.0185699463
.0210113525
-.0261688232
.0236206055
-.0250549316
.0191650391
.0200347900
.0254974365
-.0218658447
-.0307769775
-.0212402344
.0360565186
-.0223236084
.0231323242
-.0519561768
-.0916595459
-.0775299072
.0386962891
.0231475830
-.0184783936
-.0135498047
-.0147094727
-.0314788818
-.0256195068
-.0254821777
-.0317077637
.0233154297
.0194091797
-.0218200684
-.0762329102
-.0951843262
-.0935821533
.0817108154
.0549011230
-.0291137695
.0408020020
-.0603942871
-.0325927734
-.0164794922
-.0186157227
-.0143890381
-.0180358887
.0156555176
-.0158538818
.0109558105
-.0184936523
.0134124756
.0139923096
-.0288391113
-.0284881592
.0150299072
.0106506348
.0092010498
.0129394531
.0123748779
.0147094727
-.0155487061
-.0135498047
.0108337402
-.0129547119
-.0093536377
-.0099182129
.0089874268
-.0075073242
.0088043213
.0084075928
-.0084381104
-.0109252930
-.0100708008
-.0066528320
-.0097961426
-.0082397461
.0306701660
-.0395050049
-.0534210205
-.0572967529
-.0667877197
-.0780639648
-.0718383789
-.0730743408
-.0084686279
.0070343018
.0078277588
.0064086914
.0308227539
-.0579528809
-.0648498535
-.0628051758
-.0522918701
-.0455017090
-.0348510742
-.0104827881
-.0126647949
-.0098876953
.0105133057
-.0089569092
.0163879395
-.0213623047
.0414581299
-.0405426025
.0523376465
.0610656738
.0905303955
.0975952148
.1026458740
.0959930420
.0655517578
-.0498504639
.0331420898
-.0377349854
-.0316619873
.0336608887
.0109405518
-.0272369385
-.0353240967
.0233612061
-.0293731689
-.0179290771
.0113372803
-.0110626221
.0108489990
-.0273284912
.0144348145
.0212554932
-.0491180420
-.0740356445
.0677642822
.0355682373
-.0264282227
.0603790283
.1005859375
.0998382568
.0664215088
-.0135650635
-.0122222900
.0177917480
.0200500488
-.0143280029
-.0151672363
.0185241699
.0232391357
.0556182861
.0816192627
.1135559082
.1103057861
-.0707550049
-.0187072754
-.0259704590
-.0215759277
-.0208129883
.0175476074
.0284729004
.0427093506
.0505828857
-.0257415771
-.0233764648
-.0282440186
.0273132324
-.0290222168
-.0349884033
-.0242004395
-.0235443115
-.0271911621
.0476074219
.0272369385
.0209808350
.0151824951
.0226745605
.0187225342
.0195770264
-.0207214355
.0184020996
-.0139007568
.0180511475
.0249481201
.0182037354
-.0160980225
-.0208129883
-.0188293457
-.0218811035
.0245666504
-.0240478516
-.0161437988
-.0631713867
.0213470459
.0160064697
-.0195770264
-.0157623291
-.0202636719
.0261688232
-.0141906738
.0162506104
-.0230560303
.0339660645
-.0229644775
.0218200684
-.0150756836
-.0137939453
.0138092041
.0122833252
-.0361480713
.0142211914
-.0137939453
-.0181732178
.0120849609
.0167388916
-.0158233643
.0125579834
-.0111541748
.0165405273
.0125122070
.0118560791
-.0113372803
.0099792480
.0075988770
-.0095062256
.0113983154
.0141143799
-.0130615234
-.0124664307
.0140533447
-.0118255615
-.0119323730
-.0175628662
-.0124664307
.0135192871
-.0115966797
-.0148620605
.0146942139
-.0167541504
.0182952881
-.0135345459
.0120239258
.0167388916
-.0156097412
.0158386230
-.0118713379
-.0145568848
-.0143737793
-.0104064941
.0143127441
-.0117187500
.0114135742
.0177307129
.0123443604
.0130615234
-.0118865967
.0164642334
.0152435303
-.0135803223
-.0157623291
-.0113983154
.0128326416
.0095062256
-.0073699951
-.0101470947
-.0123901367
.0063323975
-.0070800781
-.0055236816
.0081329346
-.0052185059
.0058593750
-.0052642822
.0047149658
-.0040588379
.0052337646
-.0037994385
-.0037384033
-.0032348633
.0031585693
-.0027465820
.0025329590
.0016784668
-.0014801025
.0015716553
.0014648438
.0010070801
.0007781982
.0004425049
.0002746582
-.0001373291
-.0001831055
-.0001525879
-.0001678467
.0001678467
.0002441406
.0002288818
-.0001525879
.0261688232
