-.0002593994
.0018920898
.0023345947
-.0045318604
-.0055084229
-.0072174072
-.0114593506
-.0103759766
.0095977783
.0165405273
.0112915039
.0152130127
.0139007568
.0119934082
-.0186157227
-.0239562988
-.0209655762
.0252075195
-.0325622559
.0204162598
-.0276641846
-.0269470215
-.0460357666
-.0431365967
-.0309448242
.0422668457
.0353851318
.0264739990
.0338134766
.0311431885
-.1070709229
.1311492920
.0348968506
.0343780518
-.0672454834
.2833862305
.0772247314
-.0630340576
.2068634033
-.3687591553
-.2441864014
-.1708374023
.1297912598
.0941009521
-.2671966553
-.1721496582
-.2407379150
-.1708374023
.0602569580
-.0508728027
-.0466308594
.0312652588
.0300598145
-.0358428955
.0454711914
.0350646973
-.1493835449
-.2403564453
.1496124268
-.1083831787
-.1864624023
-.1608276367
.0494384766
.0296783447
-.3504638672
-.2950744629
-.1447296143
-.0433959961
-.1010589600
.0315246582
.0355072021
-.2711334229
-.1396484375
-.1090545654
.1052856445
-.0405273438
-.0459289551
-.2502593994
-.0742645264
.0448150635
-.1729125977
.1238098145
.0481719971
.0475616455
-.0239410400
.0430450439
-.0361480713
.0319824219
.0404510498
-.0334167480
-.0389556885
.0480499268
.0685119629
-.2103424072
-.1694946289
-.0787506104
-.0458374023
-.1418762207
-.1258697510
.1253051758
-.1107635498
.0838470459
.0545959473
.0522613525
.1073455811
-.2590637207
-.2191009521
-.0739746094
-.0369262695
-.1144104004
.0489959717
.1133422852
.1328582764
-.2136840820
.0857238770
-.0485687256
.0728454590
-.0351409912
.1438903809
-.0959320068
.0512542725
.0325164795
.0210723877
-.0218811035
.0258178711
-.0388183594
-.0413055420
-.0306701660
-.0238952637
.0323333740
-.0432434082
.0312652588
.0243072510
.0338287354
-.0312805176
-.0338439941
-.0197601318
-.0303497314
-.0451507568
-.0344848633
.0588378906
.0427093506
.0346069336
.0226135254
.1690979004
-.1693115234
-.1702880859
-.1413574219
-.0806579590
.0307312012
.0654144287
-.0908203125
-.0661163330
-.0344543457
-.0377960205
.2000732422
-.0429840088
-.0388641357
-.0525512695
.2286529541
.0539093018
.0585479736
.2058563232
-.0666961670
.0778503418
-.0957641602
-.3247070313
.1119842529
.1501464844
.2269592285
.0486907959
-.0716705322
-.0293426514
-.1207275391
-.0870666504
-.0381317139
.0317993164
.0627593994
-.2648162842
-.1209716797
.0377960205
-.0386810303
-.1247711182
-.1149444580
-.1010589600
-.1014099121
-.0681457520
.0464782715
-.0921936035
.0422363281
.0504455566
-.0406036377
-.0319671631
-.0262908936
-.0509490967
-.0344085693
.0182800293
.0178680420
.0382690430
-.0312042236
-.0281372070
-.0444030762
.0219421387
-.0282897949
.0379943848
-.2726135254
.0567016602
-.1209106445
.1321258545
-.2259216309
-.3395385742
-.0459136963
-.0299835205
.1489105225
.1211242676
.1121673584
-.2528228760
-.3651885986
-.2967834473
-.1477050781
-.1038360596
.1566925049
.1054382324
.0703887939
.1437683105
.0785980225
-.1125335693
-.1833801270
.1386260986
-.0971221924
-.0946807861
-.0316772461
-.1293182373
.0505218506
-.0275573730
.0942840576
-.0312805176
-.0336914063
-.0847778320
.0904235840
-.1740570068
-.1045837402
.0414276123
.0222625732
.0272064209
-.0238800049
-.0260467529
-.0170440674
.0203704834
-.0373077393
-.0247650146
.0223846436
.0513458252
.0663452148
.1069641113
-.0538482666
.0979003906
.2133331299
.0606384277
.0755615234
-.0278778076
-.1552886963
-.0348968506
-.1373596191
-.0341796875
-.0505828857
-.1574401855
-.1291046143
-.0385742188
.0300140381
-.0604248047
-.0810852051
.0684356689
-.0819244385
.0513305664
.0399627686
-.0250549316
-.0463867188
-.0371246338
-.0449981689
.0505371094
.0669403076
-.1731719971
-.4467926025
-.3700408936
-.2258605957
-.2030487061
-.1891021729
.0768585205
-.0460052490
-.0368347168
-.0334930420
.1276092529
-.2744903564
-.2546234131
.0532531738
.1270599365
.0683288574
-.0908355713
.0490264893
.0777740479
.0978546143
-.0280914307
-.0288696289
-.0309753418
.0281677246
.0477142334
-.0340576172
.0270233154
.0333862305
.0590362549
-.0923156738
.0597534180
.0320892334
.0487518311
.0378112793
.0243530273
.0279541016
-.0327301025
.1834716797
.2710113525
.2966003418
.2259063721
-.1156463623
-.0903778076
-.0866241455
-.1006622314
-.1093139648
-.0699005127
-.0924224854
-.1203613281
-.0335998535
-.0817565918
-.0758056641
.0527343750
-.0931396484
-.0925750732
-.0400543213
.0749053955
-.0858612061
-.0444488525
-.0463104248
.0760955811
-.0577239990
.0820312500
-.0442352295
-.0529479980
-.0305328369
.0260009766
.0330810547
-.0582427979
.0511322021
-.0278472900
-.0285797119
.0378723145
-.0388488770
-.0330505371
-.0507354736
-.0415649414
.0302124023
.1370391846
-.4604949951
.1869201660
.0647735596
.0881347656
.0625610352
.1624755859
.0913238525
-.0543670654
-.0372467041
-.1029205322
-.0461120605
-.0416412354
-.0366058350
-.1351623535
-.0313873291
-.1117248535
-.0602416992
.0811767578
.0387878418
.0813598633
.0573730469
.0590820313
.0540924072
.2329406738
-.2102508545
-.0618286133
.0793762207
.0600280762
.0649414063
-.0993041992
.0608215332
.0654754639
.0462188721
-.0318908691
.0479431152
.0369262695
.0335540771
.0282592773
.0357208252
.0454864502
.0388793945
.0427246094
-.0394744873
.0401306152
.0258789063
-.0318145752
-.0420989990
.0457458496
-.2710723877
-.2275695801
-.1820526123
-.1265716553
.0561676025
-.2151489258
-.1628265381
-.0414123535
.1116943359
.0338897705
.0315093994
-.1266632080
.0983581543
-.0930023193
-.1227874756
-.0745849609
-.0616149902
-.0668182373
-.0728912354
-.0793304443
.0648498535
-.0424499512
.0332946777
.0321502686
-.0378723145
-.0441131592
.0469665527
-.0744476318
-.0426635742
.0858612061
.0792999268
-.1126098633
-.1154327393
.0332336426
-.0943908691
-.0678863525
.0696258545
.0400695801
.0298919678
.0639038086
-.0719146729
-.0828704834
-.0718383789
-.0525054932
-.0392303467
-.0415954590
.0608215332
-.0293273926
-.0285186768
-.0485076904
.0357818604
.0306091309
-.0432128906
.1333923340
-.1325531006
-.1858673096
.0787658691
.0753631592
-.0615692139
-.0641784668
-.0296478271
.0507812500
.0420227051
.0311737061
.0584716797
-.0373687744
-.0611114502
.1468200684
-.2308654785
-.2009887695
.0955810547
-.0484161377
-.2393493652
.1080780029
.1338043213
-.1306152344
-.0822448730
-.0438232422
-.0385437012
.1097412109
.0590667725
.0844421387
.1189270020
.0371246338
.1217803955
.1311035156
-.0227813721
-.1213989258
-.0434112549
-.0513763428
-.0512695313
.0720825195
.0677490234
-.0423889160
.0632171631
-.0503234863
-.0276184082
.0227355957
-.0251007080
.0292510986
.0281066895
-.0453491211
-.0706939697
-.0279235840
-.0319213867
-.0312042236
.0345001221
-.0657196045
.1412353516
.1911621094
-.1774749756
.0840759277
-.0476226807
-.0363616943
.0745239258
.0748291016
.0541687012
.1165618896
-.1525115967
-.0723876953
-.0430145264
-.0820312500
-.1881256104
-.0421905518
-.0401153564
-.0287322998
-.0859375000
-.1056976318
-.1089324951
-.0809783936
.0429992676
.0247344971
.0413970947
.0429534912
-.0246582031
.0184783936
-.0247497559
.0313873291
-.0245971680
.0248260498
-.1342773438
-.2057800293
-.0412597656
.1724090576
-.0304107666
.0369415283
-.1609191895
.1002349854
-.1266174316
.0325775146
-.0438995361
-.0466003418
-.1323394775
-.0268859863
.0583953857
.0475463867
-.0750732422
.0229949951
-.1055450439
.0432739258
-.0535736084
-.0483398438
.0409698486
.0432128906
.0425415039
.0363464355
.0431518555
.0892333984
-.0551757813
.0767822266
-.0773010254
-.0404357910
.1050872803
.1020965576
-.0427703857
.0644989014
.0388793945
-.0215148926
-.0392303467
.0261077881
.0220031738
-.0386505127
-.0237731934
-.0307006836
-.0269165039
.1651458740
.1414337158
.2004089355
.0791625977
.1321563721
.0940246582
.1387786865
-.0824737549
-.1606903076
-.0918426514
-.1085815430
.1208190918
.1083984375
.1240997314
.0861816406
-.0624694824
.0400238037
-.0352783203
-.0432434082
.0397644043
-.0374603271
.0219879150
.0350036621
.2285766602
-.0892333984
-.1484680176
-.1031036377
.0374450684
-.1582641602
.0452575684
-.2943420410
-.0359649658
-.0996704102
-.1906280518
-.1233673096
-.0389404297
-.1679229736
-.2689971924
-.0410156250
.0333251953
.2239074707
-.0498809814
-.1534729004
-.1896362305
.1070404053
-.0380859375
.0760345459
.0498199463
.0431518555
.0375671387
-.0275878906
-.0297851563
-.0293121338
.0299072266
.0253753662
-.0520019531
.0425262451
.0373687744
.0466003418
.0253143311
.0911712646
-.0581359863
-.0401153564
-.0604553223
-.0273895264
.0759887695
-.0964202881
.1835937500
.0456085205
.1192169189
-.0717315674
.1015167236
.2026519775
-.0644378662
.0171966553
-.1624603271
.1196441650
-.0408477783
-.1636810303
-.1022338867
-.0686950684
-.2206115723
-.1266479492
-.1585998535
-.1493377686
.0326843262
-.1527862549
-.2600250244
.0382995605
.0475463867
-.0565185547
.1048126221
.0931854248
-.0519714355
.0426177979
.0625457764
.0401153564
-.0403747559
.0542144775
-.1434936523
-.1412353516
.0865020752
.1220550537
-.0718841553
.0330352783
-.0248413086
.0398254395
-.0386505127
-.0272979736
.0310668945
-.0446472168
-.1974487305
.0503082275
.0246887207
-.0579071045
-.0832214355
-.1229400635
.0301055908
.0832672119
-.0573425293
.0435333252
.0259857178
.1178131104
.0583801270
-.0247344971
-.0164947510
.0200347900
-.0807952881
.1407318115
-.4992370605
-.4537811279
-.2190093994
-.2113342285
.0826873779
-.1766357422
-.1517791748
-.1239318848
-.1297912598
-.0454254150
-.0883636475
.1425170898
-.0392303467
-.4160766602
-.0822906494
.0871276855
-.2078094482
-.1499786377
.1254119873
.0898437500
.0189056396
.0900421143
-.1089019775
-.1434173584
-.1477661133
-.0457611084
-.1176757813
-.2202758789
-.0543823242
.0524597168
-.2236328125
-.0477752686
-.0919952393
-.2111816406
-.2765960693
-.1630401611
-.0435333252
.0479736328
-.0520477295
-.0292968750
-.0327758789
-.0303344727
.0252227783
.0818481445
.0872955322
.0456390381
.1121520996
-.2666625977
.1481781006
-.0397186279
-.0713348389
-.0398406982
.0781707764
-.1193695068
-.0529937744
-.0579528809
.0199890137
.0287628174
.0361328125
.0615997314
-.0927276611
.0460968018
-.0459594727
-.2777862549
.1103210449
-.0903320313
.1005706787
-.0715637207
-.1585235596
-.2161865234
-.1177520752
-.0924987793
-.1703796387
.0769348145
.0918731689
.0729217529
.0354309082
-.2034606934
-.1183013916
.1170349121
.1642608643
.0509033203
-.0464324951
-.2531127930
.0618438721
-.0606689453
-.0434722900
-.1520233154
-.0561981201
-.0453491211
-.0364074707
-.0545196533
-.0456390381
.0630645752
.0399017334
.0470428467
.0286102295
.0994262695
.1117248535
.1407470703
-.1118011475
-.0934143066
-.0770568848
-.0548248291
-.0414123535
.0312805176
.0534362793
.1697845459
-.0667724609
-.0340270996
-.1611328125
-.3441925049
-.1925201416
-.0566711426
-.1053771973
.0475158691
.1986236572
-.0932617188
-.0957641602
-.0975646973
-.0746459961
-.0788726807
-.0472717285
.0426025391
-.0348968506
-.0340576172
-.1186065674
.0356597900
-.1144561768
-.1095123291
.0571899414
.0725097656
.1014709473
.1226501465
-.2971954346
.1647338867
.1612854004
-.1616516113
.1976470947
-.1494750977
.0602264404
-.0715789795
.0481719971
-.0234985352
-.1038970947
-.0789794922
.0322113037
-.0653076172
-.0829620361
.0488433838
.0400543213
-.1421356201
-.0728149414
.0506286621
.0261840820
-.0630950928
-.1052551270
-.0439758301
-.0433807373
.0719909668
-.0476074219
.0520782471
-.0579833984
-.0738067627
.0736083984
-.0672454834
-.0428619385
.0348510742
.0316925049
-.0313415527
-.0421447754
-.0431671143
-.0580902100
-.0867462158
-.3527526855
-.3083496094
-.2857055664
.0671234131
.0659637451
-.3339080811
-.2408905029
-.0339508057
-.1286926270
-.1974182129
.0976867676
-.0641021729
.1174316406
-.1351165771
.0962677002
.0363922119
-.0694732666
.0713958740
.0423583984
-.0589752197
-.0576171875
.0349731445
-.0959777832
.0607910156
.0714111328
-.0504150391
.0683593750
-.0241699219
.0424804688
-.0418548584
-.0570373535
-.0306243896
.0558013916
.0482330322
-.2811737061
-.0925292969
-.1925048828
.1658630371
.1026763916
.0611877441
-.0398101807
.0539550781
.0648803711
-.0625762939
-.0288238525
-.2451934814
.1081542969
.1240081787
.0871734619
-.0444183350
.0765838623
-.2511444092
-.0773315430
.0650787354
.0634460449
.0548248291
.1297149658
.0753784180
-.0880432129
-.0559082031
-.0794525146
-.0893249512
-.0409240723
.0909271240
-.0490570068
.0314025879
.0502624512
.0287170410
.0294952393
-.0325775146
-.0203552246
-.0480804443
.0280303955
-.0248718262
-.0374908447
.0181121826
-.0154876709
-.0260467529
-.0212097168
-.0157775879
-.0113067627
.0096282959
-.0141143799
.0139617920
.0136871338
.0210266113
-.0176086426
.0158386230
-.0122528076
-.0111389160
-.0105590820
-.0127410889
-.0100097656
-.0052490234
.0064392090
.0047454834
.0041351318
.0040435791
.0022430420
.0022735596
-.0016479492
.0013580322
-.0006256104
.0634613037
