-.0233459473
.0184936523
.0462341309
-.0138549805
-.2607574463
-.1751403809
.0371246338
.0192108154
-.0107574463
-.0034942627
.0018920898
-.0009307861
-.0006256104
.0007934570
-.0006713867
-.0007324219
.0006256104
.0006103516
-.0007629395
-.0008697510
.0005645752
.0008850098
-.0007324219
-.0009002686
.0006713867
-.0007019043
-.0008544922
.0013885498
.0013885498
-.0026550293
.0021820068
-.0036926270
.0310058594
.0853118896
.0332489014
.0407104492
.0216064453
-.0425872803
.0748596191
.0644836426
.0070800781
-.0448455811
-.0908508301
.0186920166
.0052642822
.0173645020
-.2862396240
-.3053588867
-.0525817871
.0408630371
.0231781006
.0109710693
-.0190429688
.0093688965
.0062713623
-.0124816895
.0057830811
-.0025634766
.0069427490
-.0067901611
.0023345947
.0023040771
.0014495850
-.0010833740
.0018615723
-.0027008057
.0045623779
-.0014801025
.0013732910
-.0012054443
.0012512207
-.0010681152
-.0009307861
-.0008239746
-.0023803711
.0014343262
-.0017242432
.0502471924
-.0286254883
-.0296325684
-.0206298828
-.0071716309
-.0988159180
.0305023193
.0165557861
.0054779053
-.0084075928
-.0269927979
-.0258789063
-.0456085205
.0241699219
-.0179443359
-.0060882568
-.0065917969
.0034027100
-.0019989014
-.0028076172
-.0018615723
-.0019836426
.0012512207
-.0012359619
.0010375977
-.0011291504
.0013275146
-.0012969971
.0054626465
-.0043029785
-.0670318604
-.0481262207
-.0498504639
-.0175018311
-.0079345703
-.0051727295
-.0112609863
.0137329102
-.0140228271
.0105743408
-.0071258545
.0049591064
.0032348633
.0013885498
-.0013122559
.0009002686
.0010986328
-.0013427734
-.0013427734
.0011901855
.0010986328
-.0027770996
-.0018615723
.0048217773
.0536956787
.0417938232
.0678253174
-.0511932373
.0188140869
.0559844971
.0355529785
-.0397644043
.0484619141
.0200042725
-.0075836182
-.0036163330
.0046997070
.0055389404
-.0016326904
-.0016174316
.0026092529
-.0032501221
.0020751953
-.0408782959
-.0252990723
.0255737305
-.0241394043
.0253601074
-.0292510986
.0379028320
-.0364074707
-.0289306641
.0132446289
.0281372070
.0283966064
.0148620605
-.0242462158
-.0312194824
.0642700195
.0539245605
.0408020020
-.0384826660
-.0438232422
.0208740234
.0145263672
-.0131530762
-.0122985840
-.0061798096
.0098724365
.0030517578
.0023956299
.0020446777
-.0018310547
-.0012664795
.0012664795
.0015258789
.0012512207
.0012054443
-.0019226074
-.0028381348
.0011138916
.0019378662
-.0167083740
-.0075683594
-.0146789551
-.0175170898
.0165710449
-.0285186768
.0542297363
.0336914063
-.0253753662
.0315551758
.0349578857
-.0298156738
.0335693359
-.0337524414
.0307159424
-.0282287598
.0353240967
.0319213867
-.0357055664
-.0335693359
.0646362305
.1285858154
.0422668457
.0905151367
.0929565430
.0509796143
-.0393524170
-.0932464600
-.0469665527
.0328826904
.0289154053
.0304412842
.0519256592
.0284423828
-.0345611572
-.0306701660
.0316925049
-.0636138916
-.0748596191
.0627441406
-.0636749268
.1283569336
.0990600586
-.0597686768
.0638580322
.0916137695
.1044464111
.1154327393
.1192321777
.0515594482
.0338592529
-.0514984131
.0401458740
-.0514526367
.0616149902
.0614776611
-.0418243408
-.0361022949
-.0413360596
.0455780029
.0407104492
-.0440368652
-.0377960205
.0449981689
-.0526123047
-.0309295654
.0264282227
-.1488189697
-.0309295654
-.0405120850
-.0312652588
.0321044922
-.0272674561
-.0252685547
.0848999023
-.0385742188
.0339202881
.0264892578
-.0243377686
.0554809570
.0224304199
-.0281677246
.0570373535
-.0253448486
-.0557250977
.0290527344
.0380096436
-.0470733643
-.0508880615
.0452270508
.0436248779
.0314483643
.0271759033
-.1490325928
-.0372924805
-.0342864990
-.0328216553
.0327148438
.0242614746
.0362396240
.0563201904
-.0412445068
-.0461425781
.0484771729
.0447235107
-.0586395264
.0457611084
-.0447540283
-.0488891602
.0534210205
-.0517120361
-.0436401367
-.0430297852
.1844482422
-.0607604980
.0471343994
.0719909668
.0699005127
-.0567779541
.0536956787
.0435943604
-.0756835938
.1005249023
.0658874512
-.0283966064
-.0381317139
.0321197510
-.0330047607
-.0349884033
-.0421752930
.0297698975
.0497436523
.0322418213
.0419616699
-.0359039307
.0400695801
.0349273682
.0321655273
.0359802246
-.0306701660
.0297698975
-.0190734863
-.0216674805
.0160064697
-.0162658691
-.0390167236
.0199279785
.0355682373
.0348205566
-.0466156006
-.0219879150
-.0300445557
-.0344085693
.0361938477
-.0324859619
.0262756348
.0212860107
-.0294189453
.0318908691
.0681915283
-.0333099365
.0213928223
.0451965332
-.0387878418
-.0344696045
.0307006836
.0453796387
-.0187225342
.0185852051
-.0211181641
.0063629150
.0111846924
-.0035247803
-.0063476563
-.0042266846
.0045013428
.0039215088
.0034637451
-.0066223145
-.0042266846
-.0023956299
.0027008057
.0023803711
.0607604980
-.0234527588
.1083831787
.0878753662
.0729064941
-.0158233643
.0043029785
-.0064697266
.0052947998
-.0043792725
-.0037078857
-.0030670166
.0024566650
.0023040771
-.0031280518
.0029754639
.0041503906
.0048980713
.0034942627
-.0025177002
.0026092529
.0022430420
-.0043792725
.0019378662
-.0019531250
-.0022430420
-.0018310547
.0016937256
.0023345947
.0023803711
.0031890869
.0025634766
.0021057129
-.0027465820
.0022430420
-.0017089844
.0026397705
.0024871826
-.0021362305
-.0022277832
.0025024414
.0021362305
.0026550293
-.0019378662
-.0019531250
.0011138916
-.0009307861
-.0012664795
-.0009460449
.0009765625
.0011901855
-.0009155273
-.0010528564
.0011749268
.0015258789
.0016326904
-.0165405273
.0046539307
-.0046081543
.0517883301
.0429840088
.1371765137
.1447753906
-.0789794922
.0106048584
-.0378570557
.0152587891
-.0607757568
-.0865020752
-.0713806152
-.1133270264
-.1325988770
-.0285339355
.0382080078
-.0271148682
.0268096924
-.0296783447
-.0209655762
-.0102996826
-.0608062744
-.1849517822
-.1055603027
-.0821990967
-.0253906250
-.0258483887
.0468292236
-.0682830811
.0590057373
-.0378875732
-.0630950928
-.0237121582
.0370635986
-.0071105957
.0091705322
-.0082244873
.0296478271
.0412597656
-.0457763672
-.0564117432
.0148315430
.0110015869
.0305938721
.0403289795
.0208129883
-.0738067627
.0724945068
-.0223083496
-.0606231689
.0532684326
-.0404510498
.0344543457
.0295410156
-.1178131104
.1543884277
-.1116333008
.0310211182
-.0124206543
-.0179290771
-.0094757080
.0055389404
.0035705566
.0053405762
-.0017547607
-.0021057129
.0022125244
-.0016479492
-.0014190674
.0017242432
.0019073486
-.0023651123
.0018157959
.0112457275
-.1054077148
-.0469970703
-.0118408203
.0099639893
-.0946350098
.1588897705
.0358886719
.0211486816
.0625152588
-.2664642334
-.2856140137
-.2431488037
-.1007995605
.0770721436
.0317230225
-.0302429199
-.0369567871
.0090942383
-.0028533936
-.0037078857
-.0019989014
-.0019836426
-.0023498535
.0078277588
.0058593750
-.0144042969
.0140533447
.0210571289
-.0364837646
.0700378418
-.0367736816
-.0090942383
-.0038146973
.0054779053
.0045623779
.0237579346
.0278625488
-.0138854980
.0043945313
.0023498535
.0039672852
-.0070648193
.0079803467
.0274353027
-.0204467773
.0464782715
.1367645264
-.0496063232
-.0372619629
-.0316772461
-.0622863770
-.0638732910
-.0321044922
.0459289551
.0279541016
.0193786621
-.0078125000
.0214691162
-.0204162598
-.0194091797
-.0295257568
-.0219421387
-.0193786621
-.0396118164
.0523223877
-.0288543701
-.0207366943
-.0813598633
-.0604248047
.0514678955
-.1229705811
.0348815918
-.0249633789
-.0508117676
-.0507812500
-.0415954590
-.0315246582
-.0752716064
.0541687012
-.0171508789
.0353240967
.0742797852
-.0350036621
.0105590820
-.0500793457
.0410614014
-.0345153809
.0331573486
-.0362396240
-.0132598877
-.0067901611
-.0189819336
-.0340881348
.0289306641
.0161285400
-.0129852295
.0093536377
-.0035858154
-.0124206543
-.0240631104
-.0297088623
-.0221862793
-.0187225342
.0237121582
.0217132568
.0123443604
-.0072479248
-.0136718750
.0082702637
-.0103454590
-.0030517578
.0027313232
-.0021514893
-.0013427734
.0018463135
.0021514893
-.0013580322
.0012817383
.0019836426
-.0016784668
.0048370361
-.0036315918
.0041046143
-.0194854736
-.0812835693
-.0374450684
-.0450134277
-.0369873047
.0950622559
-.1035156250
.0662689209
-.0601348877
.0389709473
.0510406494
-.0974273682
.0657348633
-.0313873291
-.0916442871
-.1107635498
-.0757904053
-.0651245117
-.0614776611
-.1150054932
-.0322418213
.0074005127
-.0045013428
.0033569336
-.0044097900
.0115814209
-.0040435791
.0022735596
-.0039367676
-.0019683838
.0016784668
-.1096191406
-.0096588135
-.0048675537
-.0020446777
-.0021209717
-.0023193359
-.0015716553
-.0018463135
.0017700195
.0075836182
-.0015869141
-.0168914795
-.0153656006
.0444946289
-.1055755615
-.1197509766
-.1313781738
.0949401855
-.0781250000
-.0825195313
-.0728302002
-.0435028076
-.0415802002
.0211944580
.0084381104
-.0047912598
.0028533936
.0029144287
.0021057129
-.0219268799
-.0052795410
-.0031433105
.0024261475
.0018310547
-.0019378662
-.0018768311
.0052947998
.0202178955
-.0048980713
.0022735596
.0020599365
.0020904541
.0012207031
-.0023193359
-.0015411377
-.0016784668
-.0024261475
.0019226074
.0022583008
-.0015411377
-.0015869141
-.0011291504
.0014648438
.0018005371
.0245056152
-.0426330566
.0279693604
-.0084991455
.0065155029
-.0028839111
-.0020446777
.0014343262
-.0017700195
-.0017242432
-.0014953613
.0021667480
.0010986328
-.0027465820
-.0115814209
.0063934326
.0032043457
.0029449463
.0017852783
-.0014801025
-.0014801025
.0018463135
-.0093231201
.0439758301
.0814361572
-.1690521240
-.1926879883
.0534515381
.0136718750
-.0937957764
.1944274902
-.1357269287
.0272369385
.0089416504
.0155944824
-.0879821777
-.1411743164
.1486816406
.1246032715
-.0949859619
-.0255126953
-.0634765625
.0558471680
-.0183258057
-.0053558350
-.0029296875
-.0025634766
.0014648438
-.0017242432
.0011444092
-.0012359619
.0011901855
-.0012359619
-.0543823242
-.0090332031
-.0023193359
-.0011444092
.0012207031
-.0013122559
-.0013275146
.0623474121
.0021362305
.0524139404
-.0027618408
-.0013122559
.0026855469
.0023803711
-.0022125244
-.0027313232
.0022735596
.0010986328
-.0012664795
-.0010223389
.0007934570
-.0007781982
-.0009002686
-.0008087158
.0006866455
.0009002686
-.0011749268
.0011901855
.0008239746
.0010986328
-.0010681152
.0007934570
.0011749268
-.0012359619
-.0012054443
.0015716553
.0011291504
-.0014190674
-.0009613037
.0008850098
.0011901855
-.0010681152
-.0010070801
-.0020141602
-.0020446777
-.0020446777
-.0015716553
.0022888184
-.0015563965
-.0018615723
.0020446777
-.0042877197
.0050964355
-.0023956299
-.0020751953
.0026855469
.0018920898
-.0181884766
-.0598907471
.1002807617
-.0849761963
-.1102905273
.1153106689
.1298370361
.0971832275
.1002960205
.1125030518
-.1270141602
.1381683350
.0863952637
.0784301758
.0836029053
.0652618408
-.0337982178
.0164031982
-.0051116943
-.0041656494
.0036926270
-.0026092529
-.0025634766
.0032501221
.0018920898
-.0016326904
-.0026397705
.0058441162
.1318359375
-.0613555908
.0582275391
-.0590972900
-.0350799561
.1700897217
.1907806396
-.0266723633
-.0066223145
.0259857178
-.1602630615
.2525024414
.0723114014
-.0207977295
.0400085449
.0588378906
.0894775391
.0942687988
.1273040771
.1807250977
.1195526123
.0273742676
.0166625977
.0187377930
.0150146484
-.0063018799
.0059967041
.0026550293
-.0018615723
-.0933532715
.0550231934
.0401153564
.0634613037
.0471801758
.0151519775
.0317382813
-.2257080078
.0539245605
.0116271973
.0684661865
-.1073608398
.0742645264
.0290985107
.0144195557
-.0104370117
.0141143799
.0620422363
.1047668457
.1776123047
.1067199707
-.0122070313
-.0043334961
-.0082550049
.0221862793
-.0213165283
-.0035552979
-.0136108398
-.0019531250
-.0027008057
.0134277344
.0052337646
-.0097808838
-.0023040771
.0019073486
.0012207031
-.0014801025
-.0023193359
.0065155029
.0046997070
.0053710938
.0055847168
.0297851563
.0125579834
.0035095215
-.0018768311
-.0049743652
.0235748291
.0031127930
-.0105743408
.0171356201
.0307159424
.0114593506
.0081481934
.0064697266
.0377044678
-.0901031494
.0417022705
-.0307312012
.0492553711
.0392150879
-.0343170166
-.0267944336
-.0507965088
.0453491211
-.1021728516
-.1826629639
.1148986816
.1087646484
.0782623291
-.0546569824
-.0328826904
-.0160675049
-.0116119385
-.0495147705
.1035461426
.0833892822
-.0392608643
.0337371826
.0369720459
-.0306396484
.0254669189
-.0113830566
.0105438232
-.0073547363
-.0040893555
-.0023803711
-.0055694580
.0030975342
-.0024566650
.0405120850
-.0662841797
.0155487061
.0535430908
.1643218994
.1033477783
-.0889892578
.0330657959
-.0142822266
.0781860352
-.0881500244
-.0880889893
-.0570831299
.0448760986
-.0371856689
.0104064941
-.0284881592
-.0231781006
-.0328674316
-.0065612793
.0074768066
.0335540771
-.0112915039
-.0039215088
-.0035095215
.0037231445
.0027008057
-.0046691895
-.0015716553
-.0014648438
.0014953613
.0110778809
