-.0026245117
-.0285491943
-.0358581543
-.0385131836
-.0421447754
-.0469665527
-.0542602539
-.0553741455
-.0546417236
-.0516815186
-.0491638184
-.0511016846
-.0492248535
-.0485534668
-.0484619141
-.0422363281
-.0373382568
-.0340881348
-.0249023438
-.0231475830
-.0216064453
-.0251312256
-.0181884766
.0098876953
-.0011749268
-.0005187988
-.0007171631
-.0009307861
.0006561279
.0005187988
.0004577637
.0006256104
.0003204346
-.0007629395
-.0136566162
-.0178222656
-.0196380615
-.0132904053
.0072784424
.0102691650
.0072784424
-.0074157715
.0060119629
.0060882568
-.0063323975
-.0022430420
-.0082855225
.0234222412
.0072784424
.0127716064
.0121917725
.0132904053
.0136260986
.0129699707
.0127563477
.0172271729
-.0275421143
-.0354766846
-.0416107178
-.0470275879
.0447845459
-.0495910645
.0520629883
.0494079590
.0497131348
.0304260254
-.0040130615
-.0018920898
-.0010681152
.0122375488
-.0237274170
-.0329284668
.0473632813
-.0316619873
.0241088867
.0262451172
-.0263824463
.0281524658
-.0293884277
-.0283660889
.0154418945
-.0179748535
.0262908936
.0254974365
-.0199737549
-.0173339844
-.0317535400
-.0265808105
-.0260772705
-.0174560547
-.0179748535
-.0158996582
-.0063323975
.0007324219
-.0006256104
.0051879883
-.0016632080
-.0079345703
.0253448486
-.0319519043
-.0374450684
-.0532226563
-.0509643555
-.0420227051
-.0106964111
-.0180664063
.0225524902
.0210876465
.0253753662
-.0270843506
.0016632080
-.0009307861
-.0006561279
.0005950928
-.0005950928
-.0005035400
-.0441436768
-.0237579346
-.0121459961
.0266723633
-.0394439697
-.0425567627
-.0450897217
-.0526580811
.0592041016
.0581054688
.0597686768
.0559539795
.0496368408
.0525207520
.0484466553
.0476684570
.0364074707
.0140838623
.0035858154
-.0006103516
-.0072174072
-.0004882813
-.0073547363
-.0154724121
-.0301666260
.0169830322
.0102386475
-.0129699707
-.0140838623
-.0086669922
-.0025177002
-.0009002686
-.0005493164
-.0113830566
-.0039062500
-.0106201172
-.0140380859
-.0133361816
.0131225586
-.0134277344
-.0133972168
-.0137481689
-.0163574219
-.0161132813
-.0152587891
-.0129699707
-.0107269287
-.0047302246
-.0012969971
-.0009155273
.0003814697
.0007019043
.0003967285
-.0006103516
-.0005340576
.0006103516
-.0009765625
-.0009460449
-.0014801025
.0016174316
-.0019836426
.0023345947
-.0016021729
-.0017547607
.0014953613
.0017395020
-.0009613037
-.0007629395
-.0006713867
-.0005340576
-.0008087158
-.0007781982
.0143890381
-.0152893066
-.0277252197
-.0222015381
.0091705322
.0055541992
.0087890625
-.0037384033
.0053710938
-.0033416748
.0302581787
.0327148438
.0322418213
.0254058838
-.0181732178
-.0123748779
.0097961426
.0208282471
.0197601318
-.0185394287
-.0181121826
-.0138854980
-.0138244629
.0082550049
.0044708252
-.0063781738
-.0070495605
.0105590820
.0170288086
.0143127441
-.0119018555
-.0091094971
-.0082244873
-.0157318115
.0121307373
.0103302002
-.0142364502
-.0141448975
-.0050354004
-.0113677979
.0073852539
-.0063781738
-.0061645508
-.0056457520
-.0091400146
-.0010070801
.0007324219
.0006103516
-.0002899170
.0179595947
.0161895752
-.0178375244
.0151977539
-.0099945068
.0037841797
.0170135498
-.0097961426
.0131530762
.0160980225
.0172424316
-.0202484131
.0161895752
-.0154266357
-.0138092041
-.0145263672
-.0152740479
.0173950195
-.0151977539
-.0139160156
-.0142669678
-.0150604248
-.0148010254
-.0142364502
-.0133056641
-.0072479248
-.0023345947
-.0023956299
-.0156555176
-.0200958252
-.0265808105
-.0228881836
.0080566406
.0187072754
-.0261230469
.0298919678
.0282592773
-.0264892578
-.0347900391
-.0285797119
.0135040283
-.0014495850
.0004119873
.0005645752
-.0021514893
.0265197754
.0335693359
.0337982178
.0349731445
.0353240967
.0119934082
-.0057678223
-.0068206787
.0045776367
-.0057678223
.0044555664
.0040435791
.0248565674
.0245361328
.0362854004
.0307617188
.0353698730
.0351867676
.0332641602
.0325622559
.0290985107
.0267181396
.0236968994
.0214996338
.0248718262
.0247039795
.0274505615
.0281219482
-.0266723633
-.0198211670
-.0118255615
-.0017547607
-.0007781982
-.0004730225
.0004272461
.0006866455
-.0012054443
-.0008697510
.0010833740
-.0011749268
-.0016937256
-.0012969971
-.0016021729
-.0020141602
.0018463135
.0020599365
.0022277832
-.0025482178
-.0025329590
-.0022277832
.0019378662
.0011749268
.0010223389
.0007781982
-.0005340576
-.0003814697
-.0005187988
-.0006561279
-.0319213867
.0269622803
-.0253295898
-.0275268555
.0168304443
-.0122680664
-.0186462402
.0119781494
-.0097351074
.0093536377
-.0016479492
-.0043334961
-.0040588379
-.0226440430
-.0254211426
-.0243072510
-.0220184326
-.0207977295
-.0198974609
-.0180511475
-.0203247070
-.0170440674
-.0111694336
.0046081543
.0108489990
-.0150299072
-.0157928467
-.0148925781
-.0175628662
-.0170440674
-.0144958496
-.0139160156
-.0091552734
-.0066375732
-.0041809082
-.0021972656
-.0031127930
.0029296875
-.0028228760
.0061645508
-.0028991699
-.0035095215
.0030059814
-.0016021729
.0165863037
-.0239715576
-.0237121582
-.0226287842
-.0211944580
-.0191040039
-.0209655762
-.0201721191
-.0202178955
-.0192718506
-.0183410645
-.0171966553
.0184326172
.0223846436
.0289916992
.0364227295
.0303344727
-.0317687988
-.0268096924
-.0149230957
.0054168701
.0013732910
-.0010375977
-.0013122559
-.0009002686
-.0007476807
-.0004882813
.0004577637
.0004577637
-.0003662109
-.0004425049
.0004119873
.0003967285
-.0005493164
.0004882813
.0004272461
.0005645752
-.0006713867
-.0005950928
.0007324219
.0005950928
.0008087158
-.0008087158
-.0010070801
-.0006866455
.0007324219
-.0005798340
.0005035400
.0004730225
-.0070953369
-.0075073242
-.0172882080
.0134887695
-.0034484863
-.0050964355
.0048980713
.0061798096
.0029754639
-.0019073486
-.0019683838
-.0021209717
-.0053253174
-.0047760010
.0044403076
-.0029144287
-.0020599365
.0018615723
.0092926025
-.0077362061
.0075378418
-.0066986084
.0092163086
-.0073394775
-.0063934326
-.0208740234
.0143585205
.0108489990
.0083770752
-.0108642578
-.0036468506
-.0005645752
-.0005035400
-.0027923584
-.0005187988
-.0079650879
.0131225586
-.0130310059
.0106048584
.0174255371
.0234832764
.0221099854
.0196533203
.0153045654
.0151367188
-.0134582520
-.0125274658
-.0083007813
-.0046539307
-.0047760010
.0162963867
.0204315186
-.0264129639
.0158538818
.0131530762
-.0087738037
-.0025634766
-.0030364990
-.0021057129
.0105743408
-.0111389160
-.0120086670
-.0110168457
-.0104064941
.0060882568
.0058898926
.0045318604
-.0011291504
-.0006408691
.0003051758
.0080718994
-.0038604736
.0052185059
.0081481934
.0029449463
-.0012512207
-.0014953613
-.0013122559
.0014495850
.0014038086
.0013732910
.0013885498
-.0020599365
-.0021362305
.0046081543
-.0047149658
-.0103149414
-.0115203857
-.0115203857
-.0128784180
-.0101013184
-.0073699951
.0044555664
.0113220215
-.0138092041
-.0174713135
-.0172424316
.0118865967
-.0086822510
.0036621094
-.0005798340
-.0003356934
-.0057220459
-.0024261475
-.0082702637
-.0085296631
.0060577393
.0056457520
-.0042266846
-.0052185059
.0027313232
-.0043792725
-.0061798096
-.0101776123
-.0072937012
-.0071105957
-.0075073242
-.0068817139
-.0055389404
.0009155273
-.0005035400
.0004577637
-.0004577637
-.0006256104
.0013427734
-.0040893555
.0062103271
.0089111328
-.0112609863
-.0083770752
.0017547607
.0010070801
.0007019043
.0004425049
.0106048584
-.0041198730
.0035705566
-.0042877197
-.0082397461
-.0024871826
-.0034484863
.0030822754
-.0021972656
.0020141602
-.0021362305
-.0017700195
.0019073486
-.0021362305
.0025329590
-.0099639893
-.0089111328
-.0079803467
-.0072937012
.0083770752
.0103759766
-.0076141357
-.0068511963
.0056915283
.0052032471
.0044860840
.0049133301
-.0083465576
.0085296631
.0094146729
.0110778809
-.0107879639
.0117492676
.0121154785
.0124969482
.0114746094
.0142211914
.0161895752
.0160369873
.0142059326
-.0130615234
.0080566406
-.0014801025
-.0009002686
-.0010986328
-.0080871582
-.0224609375
.0149230957
.0165863037
-.0124053955
.0151824951
-.0171813965
-.0104370117
-.0036926270
-.0014190674
.0012207031
.0043029785
.0059051514
.0051116943
-.0061035156
.0052947998
.0040893555
-.0018768311
-.0010833740
-.0005493164
-.0004425049
.0009155273
.0019073486
.0021972656
-.0029144287
.0025024414
.0043792725
-.0027770996
.0036621094
.0036773682
.0029144287
.0036468506
.0037536621
.0038604736
.0034332275
-.0033569336
.0017547607
-.0013580322
-.0008850098
-.0008697510
-.0005340576
-.0014190674
.0015869141
-.0021209717
.0026245117
.0010070801
.0073699951
.0113983154
.0079040527
.0055999756
.0162963867
.0314636230
.0323791504
.0208129883
-.0090637207
.0027618408
-.0061492920
-.0085296631
-.0128631592
-.0213775635
-.0225219727
-.0230560303
.0200653076
-.0216064453
-.0265502930
.0115509033
-.0027770996
.0121002197
.0143585205
.0135803223
.0111541748
.0083312988
.0063934326
.0063323975
.0076751709
.0071563721
.0067749023
-.0041046143
.0037384033
.0005645752
-.0004577637
-.0003814697
-.0004577637
-.0111083984
.0035705566
-.0044403076
-.0046691895
.0038452148
.0048065186
-.0055694580
.0032196045
.0033569336
-.0025634766
-.0046997070
-.0041046143
-.0024566650
-.0034179688
.0037384033
.0021362305
-.0054931641
.0031127930
-.0013275146
-.0042877197
.0092315674
.0093994141
.0113677979
.0127563477
-.0113677979
-.0102081299
.0093231201
.0082702637
-.0076446533
-.0068664551
.0053253174
-.0044708252
-.0028533936
.0029602051
.0023956299
.0017547607
-.0024871826
-.0026245117
-.0030364990
-.0025634766
-.0018157959
.0036926270
-.0040130615
.0067138672
.0059051514
-.0059051514
-.0077819824
-.0059814453
-.0045928955
.0021820068
-.0027618408
-.0049285889
.0058593750
.0042114258
.0023651123
-.0004577637
-.0004119873
.0004119873
-.0015258789
-.0034790039
.0016784668
.0007934570
-.0003356934
-.0003967285
-.0060119629
.0009460449
.0004730225
-.0003204346
-.0004730225
-.0005645752
-.0006408691
-.0016174316
.0046234131
.0033569336
.0021972656
-.0035095215
.0031433105
-.0027160645
-.0023803711
-.0019226074
-.0005493164
.0007934570
-.0004882813
-.0003204346
.0009002686
.0024871826
-.0017395020
-.0019073486
.0018920898
.0014495850
.0026245117
-.0182647705
.0233459473
-.0097351074
.0156250000
-.0077667236
-.0040435791
-.0028839111
.0021972656
.0024108887
.0022735596
-.0011749268
-.0076446533
-.0105590820
-.0112457275
-.0173950195
.0087890625
-.0021057129
.0027160645
-.0048828125
-.0038604736
-.0026855469
.0010986328
.0010833740
-.0009155273
.0007476807
-.0004272461
.0046539307
.0038452148
.0093688965
.0165710449
-.0114440918
-.0207214355
-.0177917480
-.0059814453
-.0019989014
.0037994385
-.0057983398
.0083618164
-.0062103271
.0075378418
.0067749023
.0080871582
.0073852539
-.0070037842
.0059661865
.0045318604
-.0041198730
-.0036468506
-.0016174316
.0011444092
-.0013732910
.0012664795
.0011138916
-.0039215088
.0037689209
.0036926270
-.0047912598
-.0032958984
-.0030670166
-.0024414063
.0018920898
-.0008239746
.0004425049
.0005187988
.0007781982
.0008544922
-.0009918213
-.0013122559
-.0016174316
-.0018310547
-.0018463135
-.0016479492
.0016021729
-.0015563965
.0019378662
.0019683838
-.0025329590
-.0017547607
-.0014648438
-.0016632080
-.0019378662
.0014495850
.0017852783
-.0016021729
-.0013885498
-.0008544922
-.0009918213
-.0005798340
.0004425049
.0004119873
-.0010986328
-.0011138916
-.0008239746
.0006103516
.0002899170
-.0006713867
-.0009918213
.0084075928
-.0426940918
.0597839355
-.0737152100
.0783691406
.0756835938
.0852813721
.0968933105
.0959320068
-.0953979492
-.1072998047
-.1043548584
-.0914154053
-.0891723633
-.0905151367
-.0925903320
-.0921783447
-.0918884277
-.1003265381
-.1102447510
-.1031188965
-.1007537842
-.0950927734
-.0839385986
.0728759766
.0738372803
.0671691895
.0732574463
.0715637207
.0693817139
-.0678863525
-.0407257080
-.0228576660
.0518951416
.1029815674
.1002197266
.1667938232
.1720581055
.1145324707
.0303955078
.0359039307
-.0412445068
.0395965576
-.0344696045
.0244293213
.0312042236
-.0319061279
-.0317077637
-.0328674316
.0323486328
-.0409240723
-.0374450684
-.0255584717
-.0009307861
-.0163574219
-.0188598633
-.0217285156
.0252227783
.0238494873
-.0270538330
-.0309906006
.1052856445
.1026763916
-.1370391846
-.1658477783
-.1664123535
-.1540679932
-.1404418945
.0287933350
.0026092529
-.0013732910
-.0010681152
-.0009613037
-.0005340576
.0003051758
.0211944580
.0191802979
.0442047119
.0609130859
-.0837402344
.1138916016
.1047973633
.0924224854
.0978546143
.0947113037
.0940246582
.0905151367
.0920562744
.0855407715
.0798187256
.0794219971
.0707397461
.0633544922
.0590820313
.0468750000
.0377044678
.0336456299
-.0270690918
-.0207672119
.0173645020
-.0085144043
.0073089600
.0054321289
-.0041503906
.0029754639
.0036468506
.0031127930
-.0022430420
.0019683838
-.0015411377
-.0015563965
.0010070801
.0009460449
-.0006256104
.0006103516
-.0007171631
-.0009460449
-.0007629395
