-.0010681152
-.0612335205
.1225128174
-.1116180420
-.1060485840
.1254272461
.1024627686
-.0818176270
-.0281066895
-.0289611816
.0384674072
.0259552002
.0286712646
-.0095520020
.1383972168
-.2505035400
-.1924591064
-.1295318604
.0817413330
.0486297607
-.0298614502
.0285339355
-.0308074951
.0219421387
.0569000244
-.1117248535
.1095886230
-.0494384766
.0937347412
.1054382324
.1025085449
-.0500335693
.0785217285
.1143035889
-.0718994141
.1181030273
-.1118316650
-.0688018799
.0484771729
.0496826172
-.1639709473
.1420440674
-.1456298828
-.0397796631
.0322570801
.1359863281
.1566619873
.1559143066
.1580352783
-.0273590088
-.0271911621
.0930175781
.0681915283
.0164947510
-.0415802002
-.0300903320
.0584259033
-.0342559814
.0384979248
-.0661621094
.0220031738
.1049499512
-.0678100586
.0761566162
-.0352020264
.0175323486
-.0131683350
-.0111999512
.0625610352
.0725097656
.0917510986
.0796203613
.0699615479
.0712280273
.0654144287
.0543518066
-.0366668701
.0366821289
.0338897705
-.0260772705
-.0259399414
.0140228271
.0160675049
-.0182189941
-.0098571777
.0061187744
-.0048370361
.0022430420
-.0012054443
.0016326904
-.0016479492
-.0013122559
-.0014801025
.0018005371
-.0017852783
-.0016937256
.0015563965
.0021057129
.0025634766
-.0032348633
-.0026702881
-.0068817139
-.0099487305
-.0074920654
.0055847168
-.0012969971
-.0025329590
.0022583008
-.0239868164
.0455322266
-.0361175537
.0211029053
.0154266357
.0395355225
-.0598907471
.1018981934
-.0253906250
.0182037354
-.0136413574
.0448608398
.0831756592
.0823211670
.0925140381
-.0273895264
-.0109100342
.0124816895
.0284576416
.0413818359
.0861968994
.0801849365
.1282196045
.1132507324
.0887603760
.0378265381
.0903167725
.1106567383
-.0382232666
.0357513428
-.0252685547
-.0389709473
.0985717773
-.0405883789
.0659790039
.1048583984
-.0692443848
.0348663330
-.0278167725
-.0245666504
.0286712646
.0250091553
-.0310821533
.0250091553
-.0268249512
.0680236816
.0666809082
.0538482666
.0503540039
-.0451965332
.0630035400
.0802307129
.0869445801
-.0610809326
.0468444824
.0186004639
.0467987061
-.0431518555
.0243072510
-.0057830811
.0055389404
.0077056885
.0106658936
-.0118408203
-.0929260254
-.0373535156
.0138854980
.1226501465
-.0209045410
.0052032471
-.0026855469
-.0115966797
.0292968750
.0200958252
.0182037354
-.0111083984
.0998077393
.0971069336
-.0432434082
-.0349273682
.0448608398
-.0657043457
-.0366363525
.0428009033
.0358886719
-.0402679443
-.0378723145
-.0170440674
-.0058288574
-.0148315430
.0205535889
.0343017578
-.0079345703
.0030059814
-.0110015869
-.0020294189
-.0025177002
-.0370178223
-.0617523193
.0531768799
.0139312744
.0572814941
-.0592956543
-.0485382080
.0196838379
.0047149658
-.0159759521
.0066528320
.0565338135
-.0382690430
.0425109863
.0383758545
-.0284729004
-.0189361572
.0154571533
.0137786865
.0035858154
.0147247314
.0045166016
.0317077637
.0235290527
.0194702148
-.0083007813
.0107879639
.0164184570
-.0196533203
-.0201110840
-.0224914551
-.0244445801
.0175170898
-.0091705322
-.0055694580
-.0052795410
-.0094146729
.0058898926
-.0035095215
-.0021514893
.0017852783
.0010375977
.0007171631
-.0008544922
-.0008392334
.0012969971
.0011749268
.0011901855
.0013580322
.0012512207
.0011596680
.0011901855
-.0009613037
.0011138916
.0008850098
.0005493164
.0021972656
.0005645752
.0005950928
.0010833740
.0008239746
.0010223389
.0008697510
-.0007171631
.0013275146
.0010833740
.0007934570
.0011444092
.0007934570
-.0013885498
.0006256104
.0004272461
.0027160645
-.0043945313
-.0125885010
.0208282471
-.0174102783
-.0090789795
.0055999756
-.0056762695
.0058441162
.0081481934
.0183410645
.0235443115
-.0122833252
.0085906982
-.0045776367
.0046234131
.0038299561
.0087127686
-.0221862793
-.0343475342
.0232238770
.0148925781
.0006408691
.0003051758
-.0189361572
.0163269043
.0110321045
.0105133057
-.0091094971
-.0107574463
-.0081787109
-.0065460205
-.0080718994
-.0136260986
.0060729980
-.0144958496
.0072174072
.0027008057
.0051574707
.0211639404
-.0148620605
-.0177764893
.0239257813
.0196685791
-.0158691406
-.0142822266
-.0142517090
-.0106048584
.0065612793
.0077514648
-.0055084229
-.0023956299
-.0010833740
-.0006866455
-.0005798340
-.0005950928
-.0007171631
-.0003814697
.0003509521
.0005035400
.0020904541
-.0005798340
.0012512207
.0007629395
.0006713867
-.0009002686
.0010070801
-.0012207031
.0013275146
.0014495850
.0011138916
-.0008850098
-.0007019043
.0006408691
-.0007019043
.0007476807
.0006408691
.0006408691
.0009155273
-.0139312744
.0120697021
.0163879395
-.0342102051
.0401763916
.0376281738
-.0142974854
-.0203552246
-.0407257080
-.0197448730
.0256652832
-.0088195801
.0224914551
-.0158233643
-.0233764648
.0200958252
-.0199127197
.0191497803
.0148773193
.0125427246
.0136108398
-.0213470459
.0264739990
.0272979736
-.0130615234
.0156402588
.0203247070
.0206756592
.0159454346
-.0122528076
.0119018555
.0100708008
.0121917725
.0114593506
.0155639648
-.0155487061
.0110626221
.0049133301
.0076293945
-.0104370117
-.0121459961
.0122070313
.0162506104
.0194091797
.0091857910
.0092926025
.0110168457
.0187377930
.0088806152
-.0046081543
-.0023803711
-.0047302246
.0077667236
.0061035156
.0064392090
.0103759766
-.0068206787
.0191650391
-.0059661865
.0037078857
.0083465576
-.0040740967
-.0057525635
.0102081299
.0141448975
-.0237579346
-.0365600586
.0338592529
.0235443115
-.0090179443
.0112152100
-.0119781494
.0051727295
-.0048522949
.0034790039
-.0022583008
.0006256104
.0009613037
.0147552490
.0045623779
-.0072479248
-.0095520020
-.0079040527
.0066070557
.0093231201
-.0052490234
-.0059814453
-.0088958740
.0080566406
-.0112152100
-.0070343018
.0142517090
.0199584961
-.0219421387
.0047149658
-.0017852783
-.0024414063
-.0012664795
-.0156402588
-.0216674805
.0137939453
-.0126190186
.0072021484
-.0066528320
-.0022125244
-.0011749268
.0008697510
.0030517578
.0133056641
-.0168914795
-.0067443848
-.0012664795
.0058135986
.0100555420
-.0084686279
.0105743408
-.0075073242
-.0063018799
.0047454834
.0030975342
-.0007019043
-.0130767822
.0073699951
-.0098266602
-.0071258545
-.0177764893
.0097351074
.0045623779
-.0072174072
.0010681152
-.0004425049
-.0178222656
-.0059661865
-.0124511719
-.0081481934
.0079956055
-.0078277588
-.0049285889
.0113372803
-.0218658447
-.0097961426
.0012359619
-.0006408691
.0072784424
.0204315186
-.0115509033
.0050201416
.0015716553
-.0051879883
-.0213928223
.0267333984
.0068664551
-.0097045898
.0132446289
.0120849609
.0040435791
-.0024871826
.0055389404
.0053558350
.0070495605
-.0160522461
-.0152130127
-.0197601318
-.0067443848
.0052032471
.0048370361
.0039978027
.0071258545
-.0061950684
-.0012969971
-.0007781982
-.0080108643
.0072021484
-.0041961670
-.0032501221
.0034942627
-.0028686523
-.0018920898
.0006103516
-.0005798340
-.0004425049
.0031280518
-.0029754639
-.0022277832
-.0006408691
-.0007629395
-.0004730225
-.0003967285
.0005340576
.0004730225
.0005187988
-.0008087158
-.0007781982
.0011444092
-.0024261475
.0027008057
.0035552979
.0038757324
.0033874512
.0014648438
.0011138916
.0009918213
.0006866455
.0113677979
.0237731934
.0189514160
-.0060272217
.0078887939
.0034179688
-.0024719238
-.0011138916
-.0066375732
.0076904297
.0088043213
-.0118560791
.0074768066
-.0061035156
-.0240936279
-.0256500244
.0173492432
.0183715820
-.0110626221
.0005493164
-.0006866455
-.0039062500
-.0121612549
-.0123748779
.0090789795
-.0080718994
.0075683594
.0102233887
-.0106811523
.0106048584
-.0131378174
-.0113525391
.0112457275
-.0058898926
.0102539063
-.0135192871
-.0212097168
-.0217742920
.0182189941
-.0138397217
-.0108947754
.0116882324
-.0084991455
.0105895996
.0054779053
.0011596680
.0007476807
.0004882813
-.0004730225
-.0005187988
-.0058593750
-.0291137695
.0249786377
-.0229339600
.0155792236
.0022735596
.0043792725
-.0008392334
.0010528564
.0018463135
-.0059814453
-.0089111328
-.0057220459
.0048217773
-.0063476563
-.0137176514
-.0086364746
.0056457520
-.0069122314
-.0066528320
.0037536621
-.0028686523
-.0040893555
.0082092285
.0111999512
-.0065002441
-.0041503906
-.0008239746
.0006408691
.0006408691
.0029449463
.0076599121
.0066680908
.0034179688
.0087127686
.0053405762
-.0063934326
.0046844482
.0067138672
-.0025177002
.0015258789
.0017242432
-.0039520264
-.0165100098
.0238189697
-.0142517090
.0038757324
.0013885498
-.0009307861
.0108032227
.0041046143
.0049133301
.0003967285
.0005798340
.0041046143
.0143432617
-.0226898193
.0113525391
-.0176544189
-.0067596436
-.0027770996
.0026550293
-.0019683838
-.0028228760
-.0023498535
.0023040771
-.0017242432
-.0007324219
.0009918213
.0006256104
.0003967285
.0007019043
.0010528564
.0007171631
.0008239746
.0010833740
.0011444092
.0010223389
.0011901855
.0008087158
.0012359619
.0010833740
-.0020904541
.0027313232
.0022735596
-.0028381348
.0036315918
.0038146973
-.0010223389
.0015716553
.0025939941
.0011138916
-.0017089844
-.0014038086
-.0008544922
-.0016632080
-.0015563965
-.0015258789
-.0018005371
-.0051879883
.0055236816
.0045166016
.0058441162
.0049896240
-.0046997070
-.0038909912
.0044555664
-.0044860840
.0009460449
-.0009613037
-.0244903564
-.2735290527
-.3701477051
.3178710938
-.2539062500
-.3504791260
-.2857055664
-.2672119141
-.2684020996
-.2540893555
-.1290588379
-.1666412354
-.1901092529
-.2213592529
-.2152709961
-.2411041260
-.2526245117
.3702545166
.4108581543
.3603820801
.3975524902
.3941192627
.3943481445
.3978576660
-.2308349609
-.2112274170
-.1860198975
-.1694335938
.1503143311
.1521453857
-.1106414795
-.0939941406
-.0732421875
-.0436553955
.0230102539
-.0157623291
.0050811768
.0039978027
.0008850098
-.0010833740
-.0004730225
.0008544922
.0016632080
.0009765625
-.0010375977
-.0013122559
-.0017089844
-.0013275146
-.0008239746
.0005950928
.0019378662
.0456542969
-.2975616455
-.3026275635
-.1685028076
.0826110840
-.2848510742
-.1771545410
.1719970703
.1890563965
.1968383789
.2039794922
.3031311035
.2602081299
-.1583862305
.0654754639
-.0543060303
-.0460510254
-.0101470947
.0281829834
-.0612640381
.0888214111
-.1308135986
-.1317291260
-.1405334473
-.1583709717
-.1865386963
-.1712341309
.0772399902
.1797943115
-.3023986816
-.2695770264
-.1354522705
.0705261230
-.0297393799
.0184020996
.0802154541
.1303405762
.1214752197
.0858612061
.0777740479
.0598449707
.0302581787
-.0026092529
-.0020751953
-.0010223389
.0390777588
.1232299805
-.1731109619
-.1515197754
-.1417846680
.0763702393
-.0594177246
-.0325317383
.0237121582
.0234375000
-.0726013184
-.1184234619
.0771026611
.0928192139
.0941619873
-.1560668945
-.1609649658
.1298675537
-.0423736572
.0145416260
.0036773682
-.0364685059
-.0830993652
-.0411987305
.0131530762
.0749511719
-.1163330078
-.1273803711
.1109161377
.0985717773
.1179656982
.1092834473
-.0936431885
-.0923004150
.0672912598
-.0599365234
.0142822266
-.0055084229
-.0070343018
.0028686523
-.0017700195
-.0010986328
-.0009307861
.0011444092
.0008544922
-.0006408691
-.0010070801
-.0008850098
-.0006866455
-.0006103516
-.0010681152
-.0006713867
.0006713867
.0011444092
.0013885498
.0011596680
-.0010528564
-.0012817383
-.0054168701
-.0398254395
-.0536499023
-.0408630371
.0414428711
-.1219177246
-.0889587402
-.2379760742
-.3445587158
-.2304077148
.0480499268
-.0801391602
.1962432861
.0596008301
.0642547607
.2064208984
-.2548065186
-.1364440918
.0493164063
-.0671386719
.1726379395
-.3227996826
-.3552093506
-.2966156006
-.2294006348
-.0692443848
-.1403045654
-.1314239502
.0250091553
-.0136871338
.0042877197
-.0213623047
.0271453857
-.0510253906
-.2066650391
-.3233642578
-.3618011475
-.2851867676
-.2234344482
-.2778472900
.1326141357
.0372924805
-.0320739746
.0485687256
.0937500000
-.0299377441
-.0182189941
.0176544189
-.0386657715
.0700225830
-.0942840576
-.2198333740
.2293701172
.1933746338
-.1942596436
-.1918792725
.1481628418
.0355377197
.0561676025
.1195220947
-.1579132080
.0657348633
.0437469482
-.0167388916
.0164642334
.0240631104
.1055755615
-.1937713623
-.2193603516
.0526733398
.0287170410
.0088500977
-.0043182373
.1269073486
-.3227233887
-.3473815918
-.3399353027
.3238983154
.3220825195
.3361053467
-.2023010254
.0339355469
-.0301818848
-.0273590088
.0141601563
.0881500244
-.1739959717
-.1974029541
-.2153167725
.0987396240
.0462799072
-.0451507568
-.0340576172
.1385955811
-.0422973633
.0185852051
-.0045776367
.0221252441
-.0933227539
.0497589111
-.0196228027
.1018218994
.1634521484
.1331634521
-.1503753662
-.1560516357
.1206359863
.1358337402
.1136932373
.1172790527
-.0699920654
-.0678100586
-.0567321777
-.0274047852
.0125274658
.0048675537
-.0112609863
.0077667236
.0045471191
-.0043792725
.0020141602
.0008239746
-.0009460449
-.0010528564
-.0012512207
-.0007934570
.0009002686
.0008392334
