.0014953613
-.0014190674
.0042572021
.0015258789
.0027923584
.0038146973
-.0018157959
.0022125244
.0012664795
.0019683838
-.0049591064
.0034027100
-.0016784668
.0032196045
.0020599365
.0044860840
-.0097351074
.0458068848
.0643615723
.0506591797
-.0563201904
.0792236328
.0820007324
-.0538940430
-.0670166016
.1225891113
.0492095947
-.0290374756
-.0148620605
-.0144195557
-.0572204590
-.0741577148
-.0679626465
-.0448913574
.0177307129
.0143432617
-.0457153320
.0409240723
-.0182952881
-.0226287842
.0365600586
.0321350098
.0389251709
.0237731934
.0076446533
-.0047149658
-.0028533936
-.0017547607
.0027008057
-.0020751953
-.0101318359
-.0347442627
.0476226807
.0538787842
-.0141296387
-.0100555420
-.0080566406
-.0126037598
.0214843750
-.0501556396
-.0454864502
.0295410156
-.0418853760
-.0364074707
.0254516602
.0264282227
.0308990479
.0274963379
.0248107910
.0271148682
.0228729248
-.0102233887
.0097198486
.0033264160
.0050048828
-.0291137695
-.0401458740
-.0450439453
-.0405578613
-.0446166992
-.0469665527
-.0526733398
-.0396118164
-.0428314209
-.0404205322
-.0326995850
-.0180206299
-.0064086914
-.0052032471
-.0034027100
-.0025329590
.0031585693
.0042877197
-.0028228760
.0040130615
.0019531250
.0026855469
-.0034332275
-.0030517578
-.0018615723
-.0032348633
-.0027465820
.0028533936
.0017089844
.0043792725
-.0046844482
-.0272979736
-.0478363037
-.0553894043
-.0610198975
-.0832824707
-.0632324219
-.0760040283
-.0768585205
-.0769348145
-.0696105957
-.0556945801
-.0251770020
-.0077362061
-.0259857178
-.0564880371
-.0432586670
.0194396973
.0067596436
.0055847168
-.0226440430
.0456390381
.0507659912
-.0416564941
-.0288848877
-.0303344727
-.0397949219
-.0470428467
.0234222412
.0166778564
.0232238770
-.0593261719
-.0501098633
.0104522705
.0119018555
-.0056152344
.0130462646
-.0792999268
-.0664672852
.0484008789
.0269012451
-.0141601563
-.0058441162
.0020599365
-.0052032471
.0472106934
-.0637359619
-.0590972900
.0693511963
.0181121826
.0053863525
.0042572021
.0088195801
.0032196045
-.0030975342
-.0027770996
-.0027313232
.0022735596
-.0037536621
.0046081543
.0021820068
.0036773682
-.0026092529
-.0024871826
-.0018463135
-.0020294189
.0058593750
.0034942627
.0076904297
-.0346984863
-.0513305664
.0547637939
-.0367126465
-.0281829834
-.0365753174
.0496826172
.0511779785
-.0076446533
-.0040740967
.0036010742
.0045318604
-.0379486084
-.0501556396
.0090332031
.0212554932
.0259246826
-.0100250244
.0051422119
.0032958984
.0046234131
-.0062561035
.0039520264
-.0035247803
.0276031494
.0337677002
.0453338623
.0614624023
.0442657471
-.0382080078
-.0396423340
-.0391387939
.0387573242
.0210876465
-.0135498047
-.0053100586
.0057830811
.0053710938
.0080261230
.0040435791
.0051422119
.0054473877
.0038604736
-.0030212402
-.0022430420
-.0027618408
-.0020294189
.0021057129
.0019531250
.0046691895
-.0020751953
.0047760010
-.0032653809
.0100097656
-.0100097656
-.0387573242
.0486450195
.0598297119
.0551757813
.0527038574
.0425262451
-.0409088135
.0566406250
.0341796875
-.0242156982
-.0101013184
-.0079650879
-.0065765381
.0040740967
.0035858154
.0028686523
-.0030059814
-.0031127930
.0037689209
.0028839111
-.0037994385
-.0026397705
-.0020141602
-.0037841797
-.0026702881
-.0173797607
-.0249633789
.0317687988
.0447692871
.0611419678
-.0638885498
.0633850098
-.0299835205
-.0446929932
.0563964844
-.0358581543
.0421142578
.0714721680
.0673065186
.1275634766
-.0626678467
-.0846252441
-.0650024414
.0592651367
-.0724182129
.1428985596
.1386260986
.1174316406
-.1086273193
.0918579102
-.0624542236
-.0250549316
-.0956268311
.1642913818
.1418151855
.1685638428
.1450195313
-.0865783691
-.0686645508
-.0681304932
.0794372559
-.1147003174
.0725250244
.0579071045
-.0699005127
-.0770721436
-.0688934326
.0694427490
.0496978760
-.0445098877
-.0357208252
-.0108032227
-.0092010498
.0073547363
.0036621094
.0170898438
-.0474090576
.0234832764
.0242462158
-.0161895752
-.0122375488
.0071563721
-.0198669434
-.0551300049
-.0716094971
.1213836670
.0979766846
-.0906372070
.0932922363
.0572967529
.0210266113
-.0155944824
-.0130310059
-.0095825195
.0089416504
-.0036621094
-.0017852783
-.0045776367
.0039367676
-.0047454834
-.0484313965
-.0780639648
.0628204346
.0197753906
.0174560547
-.0734558105
-.0911407471
.0776824951
-.0624084473
-.0534057617
-.0316619873
-.0510864258
-.0569915771
-.0402526855
-.0364074707
.0450744629
-.0253448486
-.0214538574
-.0612335205
.0510253906
.0542755127
.0455322266
.0295257568
.0227508545
-.0512084961
-.0361175537
.0214691162
.0261077881
-.0237884521
.0142974854
.0055541992
.0029754639
.0023956299
.0095520020
-.0067443848
-.0051574707
-.0318756104
-.0428161621
.0560760498
-.0634155273
.0236053467
.0053100586
.0062866211
-.0068664551
.0222778320
.0405273438
.0349426270
-.0654754639
.0496368408
.0469512939
.0366363525
-.0292968750
.0129394531
.0099639893
-.0065917969
-.0037841797
-.0069274902
.0233306885
.0417022705
.0462646484
.0768127441
-.0776824951
-.0543823242
.0399475098
-.0285644531
.0143585205
.0674285889
-.0390472412
-.0839538574
-.1338043213
-.1132507324
.0479583740
.0792388916
-.0664825439
-.0211181641
.0154876709
.0074920654
-.0090332031
.0348510742
.0652465820
-.0640869141
-.0591583252
.0503692627
-.0629730225
-.0550384521
-.0718383789
.0329742432
.0205993652
.0061340332
.0605621338
.0643920898
-.0546722412
.0273284912
.0183410645
-.0262603760
.0325469971
-.0305328369
-.0506896973
.0529479980
-.0760650635
-.0562438965
-.0511322021
-.1009368896
-.0469055176
.0466308594
.0737609863
.0774841309
.0958251953
.0270996094
.0198974609
.0209960938
-.0547180176
-.0605163574
-.0208282471
.0140686035
-.0154571533
.0299072266
.0364837646
.0083312988
-.0112915039
.0734558105
.0446624756
-.0640411377
-.0663299561
.0255432129
-.0101623535
.0285644531
-.0778503418
-.0972290039
.0709228516
.0309143066
-.0159912109
-.0173645020
-.0430145264
-.0646820068
-.0569152832
-.0356292725
-.0107574463
.0125427246
-.0513763428
-.0490570068
.0306549072
-.0096893311
.0055694580
.0295257568
.0891265869
-.1012573242
.0369110107
.0096740723
-.0053405762
-.0095367432
.0871582031
-.0737152100
-.0354461670
.0164489746
.0055541992
.0030975342
.0033111572
.0079956055
-.0194549561
-.0528869629
-.0183715820
-.0065155029
-.0043334961
-.0065765381
.0151062012
.0109405518
.0164489746
-.0436401367
-.0429229736
-.0341949463
-.0293426514
-.0400390625
.0479125977
.0187988281
.0146026611
-.0168457031
.0062408447
.0482330322
.0578613281
.0370178223
.0290222168
.0114593506
.0075073242
-.0280609131
.0270690918
-.0194244385
-.0199432373
-.0481109619
.0509490967
.0118408203
.0061340332
.0050506592
.0063323975
.0481109619
-.0715026855
.0969696045
-.0855865479
-.0745086670
-.0622863770
-.0671539307
.0378112793
.0360870361
.0509033203
.0442810059
-.0634918213
.0797424316
.0717315674
-.0402679443
-.0484161377
-.0475311279
-.0368041992
-.0410614014
.0319366455
-.0993957520
-.1342163086
-.1161499023
-.1563415527
-.1487274170
-.1458892822
.0916442871
.0738983154
-.0458221436
.0773162842
-.0535430908
-.1013183594
-.0837707520
.0955657959
.1282196045
.0929565430
.1194915771
.1277770996
.0852050781
.1382751465
.0944213867
.0973968506
-.0752410889
-.0754241943
.0794677734
-.0532073975
-.1078491211
-.2216339111
-.1376190186
-.1659393311
-.1324005127
-.1335296631
-.2220458984
-.1030426025
.0328521729
.0146789551
.0294952393
-.0183868408
.0203247070
.0393218994
-.1242370605
-.1381530762
.1586151123
.1219024658
.1440277100
.1219635010
-.1164855957
.1445159912
.1164245605
-.0809020996
-.0864105225
.0552825928
-.0619964600
.0599670410
.1099548340
.0809326172
.1041870117
.0749511719
-.0793457031
-.0683746338
-.0701599121
.0599822998
.0461883545
-.0624694824
-.0523529053
-.0447540283
.0452880859
-.0399322510
-.0295410156
-.0150604248
-.0135040283
.0141601563
.0124816895
.0142669678
-.0245666504
.0285644531
-.0482482910
.0622253418
-.0904541016
-.0768280029
.0556182861
-.0631103516
-.0716857910
.0709991455
.0765228271
.0541687012
-.0506286621
-.0471343994
.0554656982
-.0480041504
-.0406646729
.0412750244
.0599060059
.0658111572
.0623626709
-.0447387695
.0322113037
-.0241241455
-.0237731934
-.0265960693
.0358123779
.0533599854
-.0512695313
-.0558013916
.0422668457
.0174407959
-.0359344482
.0269775391
.0164489746
.0047607422
.0185546875
-.0044555664
-.0404357910
-.0604095459
-.0487213135
-.0255737305
.0156860352
.0080108643
-.0108184814
-.0074005127
.0028533936
.0034637451
-.0202636719
.0097961426
-.0035552979
-.0046081543
.0065765381
-.0204315186
-.0196075439
.0149536133
.0122833252
-.0049285889
.0029144287
.0015869141
-.0162353516
-.0060272217
-.0372467041
.0653533936
.0876007080
.0718994141
.0822143555
-.0798797607
-.0930786133
.1061096191
-.0866699219
-.0805358887
.0196533203
-.0141143799
-.0522460938
.1032562256
.0973815918
-.0791320801
.0236816406
.0340423584
-.0784912109
-.0535278320
-.0190124512
.0288848877
.0158843994
.0211486816
.0206146240
.0282745361
.0170135498
.0044403076
.0105133057
-.0155487061
-.0104370117
.0043334961
.0391387939
.0261077881
.0265960693
.0279998779
.0150756836
.0140533447
.0177764893
-.0300140381
-.0316314697
.0299377441
.0480194092
.0504760742
.0128326416
-.0132598877
.0181579590
.0159912109
-.0355377197
-.0344543457
.0523834229
.0667114258
-.0437622070
.0221252441
.0113220215
-.0308837891
.0748291016
.0774383545
-.0227355957
.0259704590
.0288391113
.0368957520
.0695343018
-.0404510498
.0578308105
.0658111572
-.0180664063
-.0057373047
-.0036621094
.0230712891
-.0492401123
-.0709991455
-.0389862061
-.0154571533
.0061035156
-.0072784424
-.0093536377
-.0046539307
-.0253295898
-.0257263184
-.0229339600
.0199127197
.0161895752
-.0112304688
-.0136566162
-.0090637207
.0096740723
-.0071716309
.0070495605
.0031738281
.0018005371
.0041503906
-.0034942627
.0026702881
-.0033416748
.0188446045
.0553741455
-.0711059570
.0973358154
.1100463867
.0733489990
.0460357666
.0569915771
.0185241699
-.0081024170
-.0066375732
-.0047454834
-.0050048828
.0027008057
-.0027618408
.0044097900
.0027618408
.0034179688
.0016174316
.0133819580
.0217437744
.0207061768
.0478973389
.0338287354
.0271606445
.0295562744
.0265502930
.0185852051
-.0069732666
.0056915283
.0036315918
.0026855469
.0026092529
-.0030975342
-.0026550293
.0034790039
-.0038757324
.0024566650
-.0033874512
.0169982910
-.0494079590
-.0410156250
-.0411529541
-.0438690186
-.0341796875
-.0237426758
-.0147857666
.0110778809
-.0062866211
.0032806396
.0018768311
.0032806396
.0077362061
-.0085144043
.0142517090
-.0057525635
.0049285889
-.0054473877
.0029296875
-.0054168701
.0095977783
.0252838135
-.0246734619
-.0243835449
.0157318115
-.0236511230
.0158843994
-.0325469971
-.0307922363
.0204162598
.0117187500
-.0104064941
.0064086914
-.0392456055
.0799560547
.0382385254
.0088500977
-.0068359375
.0105895996
.0149841309
.0117187500
.0031585693
.0028533936
-.0021514893
-.0080871582
-.0116424561
-.0074462891
.0464477539
.0506744385
.0476837158
.0326995850
.0310821533
-.0700531006
.0362091064
-.0161743164
-.0141448975
-.0094909668
-.0072021484
-.0067749023
.0185852051
.0637664795
-.0612182617
.0332489014
-.0251007080
.0258483887
-.0121459961
.0106048584
.0027923584
.0030822754
.0037841797
.0018463135
.0023803711
-.0044403076
-.0049285889
-.0054931641
.0040130615
-.0040283203
.0035095215
.0016479492
.0028839111
.0027160645
.0245971680
-.0376892090
.0418548584
.0421752930
-.0153350830
-.0181884766
.0184783936
.0193176270
.0113983154
.0030670166
.0046081543
-.0038452148
.0150299072
-.0351257324
-.0219116211
-.0165100098
-.0068511963
-.0137939453
.0202636719
-.0116424561
.0079956055
-.0077362061
-.0054168701
.0566101074
.0536041260
.0529937744
-.0323181152
.0298461914
.0294952393
-.0263977051
.0174102783
.0069274902
-.0062408447
-.0044403076
.0017395020
-.0021667480
-.0024566650
-.0026550293
.0038909912
.0045318604
-.0014801025
.0013427734
.0021820068
.0029144287
-.0053710938
-.0021362305
.0027618408
.0031433105
-.0087432861
.0275268555
.0089111328
.0130767822
.0085296631
-.0207214355
.0218353271
.0181274414
-.0172271729
-.0110626221
-.0124969482
.0166473389
.0191192627
.0151062012
.0187072754
.0199432373
.0193634033
-.0204162598
-.0118255615
.0053558350
.0056457520
.0144500732
-.0066223145
-.0046234131
.0013885498
.0158538818
-.0400085449
.0398559570
.0440979004
.0365447998
.0078125000
-.0206909180
-.0182037354
.0299072266
.0453643799
-.0263519287
.0453948975
.0594635010
.0589599609
-.0416717529
.0312805176
.0202636719
.0138549805
.0360870361
.0219421387
.0188751221
.0088958740
.0029602051
-.0036315918
-.0027770996
-.0022583008
-.0027923584
-.0024871826
.0032196045
.0012817383
.0012512207
.0033111572
.0029296875
