-.0001831055
-.0001831055
.0001983643
-.0001373291
.0001525879
-.0001831055
-.0001525879
.0001678467
-.0003967285
.0021820068
-.0039978027
.0183715820
.0180664063
.0178070068
.0130615234
.0108184814
.0279235840
.0210266113
.0910797119
.0651092529
-.0201568604
.0063018799
-.0111389160
.0408020020
.0833892822
-.0632476807
.0691833496
.0227050781
-.0130157471
.0041961670
.0035858154
.0052947998
-.0058135986
-.0043182373
-.0040130615
-.0032043457
.0024566650
-.0031433105
.0030212402
-.0036163330
.0046081543
.0033111572
-.0026092529
.0026702881
-.0034179688
-.0035247803
-.0029754639
.0023498535
.0034027100
.0033264160
.0036010742
.0029144287
-.0042724609
.0185699463
.0262603760
.0187072754
.0137939453
-.0057373047
-.0053863525
.0131072998
.0218658447
-.0210113525
-.0210571289
-.0046234131
.0060119629
.0042877197
-.0036773682
-.0029602051
-.0040283203
.0038299561
-.0023498535
.0038299561
.0031127930
.0031433105
-.0029296875
.0024871826
.0027770996
-.0025482178
.0025482178
-.0100250244
-.0198364258
.0334777832
-.0186462402
-.0160064697
.0218658447
-.0148773193
.0281524658
-.0358123779
.0351715088
.0267028809
.0095520020
-.0052032471
-.0055541992
-.0084991455
-.0089263916
.0067291260
-.0050811768
.0043640137
-.0044860840
.0061187744
-.0104675293
.0057830811
-.0053558350
-.0038299561
.0043792725
.0035552979
-.0048828125
.0060272217
-.0091857910
.0070495605
.0050354004
-.0036010742
-.0064697266
.0067291260
-.0059051514
.0043487549
-.0041809082
-.0036926270
.0034484863
.0052337646
-.0049896240
.0040130615
.0023651123
-.0037841797
-.0043792725
.0045776367
.0120391846
-.0119934082
.0121459961
-.0105590820
-.0106658936
-.0108032227
-.0142211914
-.0144653320
.0170440674
.0113830566
.0119171143
-.0081939697
-.0062866211
-.0061340332
-.0062103271
.0107727051
.0086669922
.0129852295
-.0134582520
.0156250000
.0147552490
-.0128784180
-.0166168213
.0124511719
.0112915039
-.0114746094
.0164794922
.0156555176
.0157928467
-.0153961182
-.0147247314
-.0122222900
-.0139007568
.0153808594
.0126495361
-.0131988525
-.0110473633
.0105590820
-.0114898682
.0100402832
-.0089263916
-.0089874268
.0112609863
.0092163086
-.0105438232
.0087585449
.0201568604
.0584411621
.0576477051
.0335998535
.0306091309
.0255737305
-.0091400146
-.0117950439
-.0089111328
-.0118255615
.0829467773
.0655670166
.0685729980
-.0347595215
-.0178375244
.0133056641
-.0148620605
.0114135742
-.0059814453
.0057983398
.0206604004
.0634918213
.0575866699
.0686950684
.0587158203
.0398101807
.0359649658
.0349578857
.0339813232
.0262603760
.0172882080
-.0100402832
-.0061645508
.0064849854
-.0050811768
.0053253174
-.0054779053
.0068359375
-.0123291016
-.0188903809
-.0150756836
-.0185546875
-.0197296143
.0173492432
.0096740723
-.0060424805
.0055847168
.0336608887
.0416412354
-.0532836914
.0395812988
.0274658203
.0278472900
.0234375000
-.0583648682
-.0728759766
-.0594787598
-.0632934570
.0519256592
.0422821045
.0914764404
-.0503692627
.0381011963
.0390319824
.1024627686
.1112670898
.1183624268
.0890655518
.0912475586
-.0750885010
-.0320434570
.0246582031
-.0230255127
-.0533142090
-.0556640625
.0693817139
.0363922119
.0317382813
.0088348389
-.0052185059
-.0034179688
-.0044097900
.0053405762
.0040435791
.0259857178
.0282287598
.0289611816
.0089416504
-.0147705078
.0366821289
.0684509277
.0427703857
.0346527100
-.0110626221
.0158386230
.0368041992
.0309295654
.0586547852
.0574035645
-.0607604980
-.0756530762
-.0591888428
.0186767578
-.0080718994
-.0343627930
.0262756348
.0257720947
-.0100097656
-.0060882568
.0055084229
.0265350342
.0296020508
-.0155639648
.0087890625
-.0097351074
.0404357910
.0759887695
.0682373047
.0404968262
.0247192383
.0199432373
-.0172424316
-.0198669434
-.0079193115
.0034027100
-.0045318604
-.0146179199
.0113983154
-.0112304688
-.0128021240
-.0099334717
.0068664551
-.0042877197
.0046081543
.0048980713
-.0045928955
.0063781738
-.0046539307
-.0043945313
-.0042877197
-.0083007813
-.0048065186
.0037841797
.0034332275
-.0042266846
.0048217773
.0032653809
.0036315918
.0041046143
-.0037384033
.0045471191
.0057983398
-.0033111572
-.0031585693
.0046386719
.0028686523
.0027770996
-.0028686523
-.0034179688
.0091247559
-.0374298096
.0395202637
-.0311584473
-.0402984619
.0311584473
-.0145874023
-.0054321289
-.0064849854
-.0094604492
-.0053863525
-.0044555664
-.0037384033
.0046691895
.0028686523
-.0031890869
.0039672852
-.0029449463
.0043487549
-.0038146973
.0030975342
-.0033874512
.0034790039
-.0024414063
-.0035400391
-.0030517578
-.0029602051
-.0046386719
-.0094299316
.0033264160
.0024566650
-.0032806396
.0041351318
-.0051422119
-.0033111572
-.0037689209
.0032196045
-.0034484863
.0049438477
.0031890869
.0040130615
-.0031738281
.0042266846
-.0097198486
.0059967041
.0367126465
-.0440216064
-.0231933594
-.0255432129
.0921020508
.0475158691
.0341339111
.0369262695
.0243988037
.0374298096
.0358886719
.0236511230
.0110168457
.0272827148
-.0182037354
.0068359375
-.0061187744
-.0040893555
-.0039978027
.0058135986
-.0035552979
-.0037078857
.0037231445
-.0034637451
-.0036621094
.0038909912
-.0034790039
-.0032806396
.0036468506
-.0038146973
.0034637451
.0041198730
.0032196045
-.0032196045
.0031585693
.0145111084
-.0137786865
.0097503662
.0050354004
-.0035247803
-.0040283203
-.0039062500
.0037384033
-.0031127930
.0049743652
-.0042114258
.0042572021
.0033874512
.0042266846
.0033874512
-.0042877197
-.0026702881
-.0034637451
-.0032653809
.0148010254
-.0030975342
-.0022735596
.0027160645
-.0032501221
-.0044708252
-.0034790039
.0267791748
.0134735107
.0089569092
-.0163421631
-.0233917236
-.0213470459
.0092926025
-.0044860840
.0066223145
-.0075378418
-.0032501221
-.0032806396
-.0032806396
.0033416748
-.0025482178
-.0032348633
.0026855469
.0034027100
-.0030059814
.0026855469
-.0031585693
.0030364990
.0026245117
-.0034637451
-.0027923584
-.0025024414
-.0036315918
-.0045318604
.0045013428
.0025024414
.0038604736
-.0035705566
.0037689209
.0030670166
.0042877197
.0030517578
-.0050659180
.0041198730
-.0260925293
-.0193176270
-.0050048828
-.0047149658
-.0131988525
-.0304412842
-.0228118896
-.0171966553
.0138549805
.0124664307
-.0101470947
.0086059570
-.0036010742
-.0044250488
-.0037231445
.0036315918
-.0038452148
-.0032348633
-.0029296875
.0026550293
.0040740967
.0035705566
.0035247803
-.0029144287
-.0036010742
-.0034179688
.0028533936
-.0030212402
.0045623779
-.0026397705
-.0023193359
-.0040588379
-.0025634766
-.0037231445
.0028076172
-.0043029785
.0030670166
-.0042724609
.0047760010
.0041503906
-.0034179688
.0029907227
-.0031433105
-.0047760010
-.0047607422
.0064849854
.0039825439
.0032348633
-.0045928955
-.0037536621
.0026550293
-.0033111572
.0035400391
.0029907227
-.0033416748
.0029602051
.0035095215
.0033874512
-.0024871826
.0037994385
-.0040588379
.0044860840
.0035705566
.0041198730
-.0033264160
-.0038909912
-.0046997070
-.0048522949
.0046844482
-.0047912598
.0061035156
-.0039825439
-.0447387695
-.0592498779
-.0446319580
-.0519256592
.0145721436
.0102996826
-.0074310303
.0072174072
-.0067749023
-.0068206787
.0055999756
.0048522949
.0043182373
.0061950684
.0045318604
.0054016113
-.0059509277
.0068664551
-.0068054199
.0067291260
-.0045166016
-.0050811768
.0041809082
.0048980713
-.0040740967
.0038909912
-.0043182373
-.0027008057
-.0041809082
-.0055999756
-.0458679199
.0664520264
.0451049805
.0148925781
.0090789795
.0642089844
.0930786133
.0717468262
.0201416016
-.0100708008
.0135040283
.0270996094
.0213012695
-.0074310303
.0056152344
.0054779053
.0039215088
.0044250488
.0039672852
.0051422119
-.0067138672
-.0058898926
-.0051879883
.0043792725
-.0558624268
-.0582733154
.0186767578
-.0105285645
.0094909668
.0064849854
-.0053405762
.0102539063
.0059661865
.0046844482
-.0050659180
-.0043487549
.0040435791
.0054016113
.0082397461
.0060882568
.0052795410
.0070190430
-.0063171387
-.0059509277
.0063018799
.0057067871
.0056152344
.0059661865
-.0032653809
-.0033569336
-.0020751953
-.0040588379
.0543212891
.0764617920
.0804748535
.0854187012
.0561370850
.0198364258
-.0177459717
-.0240783691
-.0128173828
.0047760010
-.0045013428
-.0040740967
.0034484863
-.0026855469
.0032501221
.0033569336
.0033721924
-.0028228760
.0027008057
.0030364990
.0098114014
-.0034790039
.0034179688
.0032806396
.0026855469
-.0033111572
-.0032043457
.0031585693
-.0019989014
-.0028533936
.0016937256
.0031433105
.0019226074
.0028839111
.0016784668
-.0025787354
-.0024108887
.0064086914
.0027923584
-.0027313232
.0025634766
.0028991699
-.0026855469
-.0028839111
.0465545654
.0154418945
.0157928467
-.0165710449
.0149993896
.0166931152
.0092010498
.0095977783
.0129852295
.0086822510
-.0124511719
.0118103027
-.0135345459
-.0088348389
.0558471680
.0727844238
.0440521240
-.0173492432
.0119934082
.0066528320
-.0318145752
-.0233612061
-.0184783936
.0098876953
.0067443848
-.0060882568
.0376129150
-.0089416504
-.0070190430
-.0103607178
-.0064086914
.0042114258
.0119323730
-.0549774170
.0094451904
.0038604736
.0034790039
-.0036621094
.0184936523
-.0093841553
.0055999756
-.0102996826
.0071563721
-.0841522217
-.1452941895
.0440063477
.0190277100
.0100555420
-.0068359375
-.0058441162
.0045776367
-.0030822754
-.0032043457
-.0043945313
-.0045623779
.0036010742
.0032348633
.0304718018
.0070190430
-.0051727295
.0031280518
.0029602051
-.0071105957
.0284576416
-.0078887939
-.0068969727
.0038452148
.0030975342
-.0036163330
.0040588379
-.0065460205
-.0046386719
.0097198486
-.0187835693
.0094757080
.0052490234
-.0046081543
.0065917969
.0047149658
-.0054931641
-.0029602051
-.0051879883
-.0055084229
-.0048217773
-.0035858154
-.0034484863
.0028839111
.0023956299
.0116882324
.0494537354
.0654602051
.0637664795
.0454864502
-.0290374756
-.0381164551
.0177917480
.0196838379
.0264587402
.0316467285
.0193786621
-.0118713379
-.0093536377
.0222930908
.0166473389
.0100097656
.0233306885
.0207824707
.0182037354
.0158691406
.0069885254
.0254669189
.0323333740
.0441894531
-.0309600830
.0139465332
.0233459473
.0197296143
.0226135254
-.0267181396
.0214996338
.0213623047
.0160217285
.0263061523
-.0218353271
.0625457764
.0291442871
.0272979736
.1026458740
.0989837646
.0602722168
.0719299316
-.0205993652
-.0095367432
.0365600586
.0236968994
.0208587646
.0144500732
.0290527344
.0280761719
.0301361084
-.0155334473
-.0085296631
.0182800293
.0163269043
-.0070800781
.0047149658
.0037536621
.0035552979
-.0040283203
.0038604736
.0040740967
-.0050201416
.0041351318
-.0053558350
-.0131530762
-.0858154297
-.0720214844
-.0340118408
-.0123443604
.0052032471
-.0153198242
-.0330505371
-.0508270264
-.0543975830
-.0427246094
-.0128173828
.0161437988
.0101623535
.0049285889
-.0039215088
.0211029053
-.0095977783
-.0068511963
.0045013428
-.0036315918
.0041656494
.0041503906
.0088043213
.0151214600
-.0045166016
-.0056152344
-.0054626465
.0045471191
-.0047912598
-.0030975342
-.0032196045
.0021972656
.0023803711
-.0025024414
-.0072174072
-.0135345459
-.0220031738
-.0156555176
.0226745605
-.0129852295
-.0211944580
-.0187530518
-.0249481201
-.0253906250
.0281219482
-.0048065186
-.0036926270
.0069427490
.0150451660
.0153656006
.0173950195
.0178375244
.0143737793
-.0224304199
.0198211670
-.0208282471
-.0183868408
-.0083312988
.0132751465
-.0062103271
.0073394775
.0137634277
-.0202026367
-.0166778564
-.0195465088
-.0227508545
-.0223236084
.0184020996
.0151672363
-.0162048340
-.0237579346
.0233306885
-.0195007324
.0104980469
.0130767822
.0467681885
.0478363037
.0267028809
.0553131104
.0131378174
.0089111328
-.0070800781
.0121612549
.0484313965
.0536804199
.0654144287
-.0214233398
.0238952637
.0318145752
.0175018311
-.0198364258
-.0088653564
.0115051270
-.0326995850
.0328826904
.0376892090
.0226593018
.0057525635
.0049896240
.0027160645
-.0030059814
.0055084229
-.0027313232
-.0159454346
.0254058838
.0324859619
-.0330047607
.0202178955
.0113372803
.0046081543
.0037536621
-.0030670166
-.0038146973
.0043945313
.0115356445
-.0288848877
.0306701660
.0271453857
.0392303467
.0424652100
-.0629577637
.0904998779
-.0995178223
.1113739014
.0301666260
-.0138549805
-.0394134521
.0428466797
-.0173950195
-.0114898682
-.0875701904
.0753173828
.0840759277
.0387268066
.0723419189
-.0515899658
.0429687500
.0402221680
-.0305786133
.0222167969
.0595855713
.0330810547
-.0300750732
.0184173584
-.0109100342
-.0050048828
-.0036163330
.0029296875
-.0089874268
.0031127930
.0069122314
.0036315918
.0102844238
-.0077362061
.0048370361
.0052795410
-.0061035156
.0060577393
.0046844482
-.0031890869
.0016784668
-.0012512207
.0009155273
.0006561279
-.0008697510
-.0006103516
-.0004577637
.0003814697
-.0004577637
-.0003967285
.0004730225
.0001831055
-.0195007324
