.0007629395
.0007781982
.0014343262
-.0291137695
-.0549316406
-.0609588623
-.0711822510
-.0783081055
-.0742492676
-.0567169189
-.0404510498
-.0393981934
-.0413513184
-.0424346924
-.0716094971
.1028289795
.1129150391
-.0758056641
-.0937347412
-.0627136230
-.0244598389
.0079650879
-.0233917236
-.0256958008
-.0727386475
.1101837158
.0889434814
.0928497314
.0764923096
-.0232238770
.0096130371
-.0035400391
-.0034637451
-.0167083740
-.0175781250
-.0405426025
-.0292053223
-.0112457275
.0036621094
.0014801025
.0167999268
.0214538574
.0076904297
-.0254821777
-.0144653320
.0073089600
-.0210266113
.0283660889
-.0540161133
-.0701904297
.0695343018
.0628662109
-.0628356934
-.0443420410
-.0281982422
-.0325317383
-.0403747559
-.0453186035
-.0546569824
.0600433350
.0614471436
.0620117188
.0424346924
.0448608398
.0364532471
.0161895752
-.0028686523
.0018615723
.0014801025
-.0011596680
-.0008850098
-.0097808838
.0317230225
.0422363281
.0400543213
.0406951904
.0486907959
.0539398193
.0432281494
.0392150879
-.0245208740
-.0042266846
-.0018005371
-.0025482178
.0017395020
.0011138916
.0005950928
.0010833740
-.0028533936
.0027313232
.0033721924
.0029754639
-.0020904541
-.0023040771
-.0021972656
-.0022583008
-.0017852783
.0016632080
-.0021820068
.0029754639
.0053863525
-.0043182373
-.0049896240
-.0035705566
-.0042572021
.0089111328
.0004730225
-.0017700195
-.0006103516
.0005035400
-.0006256104
.0122985840
-.0021667480
.0009002686
-.0006713867
.0007171631
-.0009613037
-.0403137207
-.0469360352
-.0489807129
-.0456848145
-.0419158936
-.0364532471
-.0361022949
-.0374603271
-.0398406982
-.0392150879
-.0376129150
-.0417175293
-.0379180908
-.0318908691
-.0270080566
-.0323638916
.0482025146
.0541687012
.0512390137
.0309295654
-.0308074951
-.0179138184
.0123138428
-.0155639648
-.0153961182
.0164031982
.0177154541
.0163269043
-.0062561035
-.0084838867
.0053558350
.0247344971
.0393829346
.0378417969
.0340118408
.0378265381
.0368652344
.0363616943
.0353088379
.0314483643
-.0189971924
-.0130615234
-.0093841553
-.0149383545
-.0141906738
-.0178222656
-.0225524902
-.0238494873
.0233917236
.0238647461
.0251007080
-.0182189941
.0191650391
-.0122985840
.0135040283
.0065307617
-.0010223389
-.0008697510
-.0007781982
.0004577637
-.0005645752
.0005645752
.0189361572
.0417938232
-.0082855225
-.0247650146
.0372619629
.0598602295
.0869903564
.0943298340
.0955352783
.0577392578
-.0218505859
-.0224609375
-.0151672363
-.0109863281
-.0017242432
-.0013122559
-.0078887939
-.0507202148
-.0625457764
-.0716247559
-.0575714111
-.0347747803
-.0184478760
-.0093231201
.0031433105
.0014648438
.0015563965
-.0186767578
-.0451507568
.0624847412
.0689086914
.0632781982
.0373840332
-.0256958008
-.0036315918
-.0209045410
-.0198516846
-.0257720947
.0428466797
.0457000732
.0316162109
-.0158843994
-.0033111572
-.0052032471
.0613403320
.0714263916
.0729370117
-.0695343018
-.0731811523
.0689086914
.0623779297
.0679016113
.0246887207
.0363464355
.0570678711
.0596008301
.0619659424
.0572204590
.0492858887
.0407562256
.0363616943
.0227508545
-.0097961426
-.0076904297
.0021362305
-.0016479492
-.0010833740
.0010986328
-.0018157959
.0012359619
.0028076172
-.0025482178
.0017852783
-.0017395020
.0018310547
-.0019378662
.0011901855
-.0016784668
.0013580322
-.0014648438
-.0013732910
.0014495850
.0006103516
.0003204346
-.0006256104
.0005035400
.0003509521
-.0003814697
.0026550293
-.0256652832
-.0340728760
-.0398864746
.0413513184
.0402069092
.0312500000
-.0330047607
-.0347595215
-.0381622314
-.0238189697
-.0241241455
-.0218963623
-.0192413330
-.0150299072
-.0103912354
.0110168457
.0021362305
.0039825439
-.0008697510
-.0005645752
.0005645752
-.0005950928
.0006103516
-.0003814697
.0003051758
.0003662109
-.0005340576
.0003356934
.0005035400
-.0004119873
.0004272461
-.0004272461
.0003509521
-.0262298584
.0209197998
-.0217285156
-.0356597900
-.0473632813
-.0429687500
.0400238037
.0357513428
.0290527344
.0240936279
-.0215148926
-.0194549561
-.0189361572
-.0176696777
-.0173034668
-.0168609619
-.0184631348
-.0191497803
-.0179595947
-.0172576904
-.0148773193
-.0122833252
-.0103149414
-.0068054199
-.0060577393
.0035400391
.0012054443
-.0008087158
.0006561279
-.0004272461
-.0004425049
.0005950928
-.0010223389
-.0029144287
.0003967285
.0007324219
.0096893311
.0428619385
.0384979248
-.0119018555
-.0037231445
-.0030059814
.0037231445
.0047912598
.0012512207
.0012359619
.0270385742
.0595703125
.0687561035
.0687255859
.0725402832
.0545959473
-.0330505371
-.0161743164
.0130767822
-.0102081299
.0042724609
-.0064849854
-.0054626465
.0037841797
-.0287322998
.0286407471
-.0293884277
-.0174102783
-.0067291260
.0054931641
-.0045013428
.0082550049
.0106811523
.0212097168
.0339050293
.0265502930
.0338897705
.0376739502
.0406341553
.0341949463
.0354614258
.0354919434
.0352935791
-.0381164551
.0367736816
.0400695801
-.0424041748
-.0481109619
.0496978760
.0530395508
.0493774414
.0527343750
.0266876221
.0146484375
.0106658936
-.0061187744
.0024414063
-.0014038086
.0006713867
.0007476807
-.0005798340
-.0006713867
-.0007629395
.0008697510
-.0013275146
.0009307861
-.0008850098
.0009613037
.0007324219
.0006866455
.0009002686
.0012207031
-.0009155273
-.0013275146
-.0008544922
.0010986328
.0012359619
.0010986328
.0012664795
.0010070801
-.0007171631
-.0005187988
.0006103516
.0003356934
.0006408691
-.0004882813
-.0145111084
-.0246276855
-.0357971191
-.0421447754
-.0419464111
-.0404968262
.0386657715
.0373535156
.0369720459
.0346679688
.0309906006
-.0280914307
-.0265197754
-.0255279541
-.0225219727
-.0202026367
-.0178985596
-.0151977539
-.0126800537
-.0081939697
.0136718750
.0067596436
.0034637451
.0021209717
-.0016174316
-.0006713867
.0006103516
.0003662109
.0002746582
.0013580322
-.0014953613
-.0013427734
.0012054443
-.0006866455
.0010070801
-.0007629395
-.0012054443
.0009613037
-.0009307861
-.0008697510
.0005950928
.0006103516
-.0004119873
.0004577637
-.0004425049
-.0004577637
.0005645752
.0004425049
-.0003509521
-.0005187988
.0003967285
-.0179290771
-.0206451416
-.0264129639
-.0194244385
-.0177001953
-.0182037354
-.0182495117
-.0173339844
-.0143127441
-.0186920166
-.0196380615
-.0277862549
-.0327148438
-.0350189209
-.0362243652
-.0480804443
-.0473785400
-.0444641113
.0125732422
-.0187377930
-.0263519287
-.0449371338
-.0537261963
-.0472106934
-.0432128906
-.0338592529
-.0260925293
-.0122833252
.0071868896
.0056152344
.0064849854
.0040283203
-.0217742920
-.0323181152
-.0360107422
-.0319213867
-.0334625244
-.0328979492
-.0430145264
-.0366973877
-.0322570801
-.0317687988
-.0226593018
-.0120239258
-.0059814453
.0040283203
.0027770996
.0029449463
-.0023193359
-.0019073486
.0127868652
-.0162811279
-.0150146484
-.0174102783
-.0172271729
-.0174102783
-.0178833008
-.0255584717
-.0277404785
-.0318298340
-.0309600830
-.0268096924
-.0111389160
-.0049591064
.0295410156
.0073242188
-.0367279053
-.0302124023
-.0319671631
-.0286560059
-.0209960938
-.0169067383
-.0132904053
-.0191650391
-.0249633789
-.0275878906
-.0278320313
-.0234222412
-.0229034424
-.0198669434
-.0179748535
-.0244903564
-.0260009766
-.0249633789
-.0169677734
-.0124359131
-.0220336914
-.0107269287
-.0187683105
-.0124969482
.0015258789
.0009002686
.0007476807
.0005035400
-.0003967285
.0004577637
-.0002441406
.0004119873
-.0291900635
.0306396484
-.0363922119
-.0173034668
-.0097351074
-.0205230713
-.0087738037
-.0507965088
.0591888428
.0672149658
.0839538574
.0773010254
.0694427490
.0715332031
.0345916748
-.0514526367
-.0334930420
-.0223236084
.0094299316
-.0153961182
.0013122559
-.0009918213
-.0006866455
-.0006256104
.0007476807
-.0044555664
-.0109100342
-.0127258301
-.0146636963
-.0203247070
-.0241088867
-.0291900635
-.0356903076
-.0375213623
-.0340423584
.0281372070
-.0123138428
-.0023345947
-.0022430420
.0012512207
.0014648438
.0005035400
-.0209655762
.0249023438
-.0283813477
-.0094604492
.0018005371
.0015716553
.0038604736
-.0059509277
-.0058746338
-.0068817139
-.0167999268
-.0161743164
.0142364502
-.0122680664
.0030670166
.0129547119
.0028076172
.0314178467
-.0256195068
.0379486084
.0272369385
.0291137695
.0330657959
.0321350098
.0345001221
.0363922119
.0382537842
.0415954590
.0404205322
.0384368896
.0311279297
-.0135040283
-.0017700195
-.0117797852
-.0263519287
-.0501098633
-.0356903076
-.0370178223
-.0334014893
-.0238800049
-.0190429688
-.0101776123
-.0046081543
.0022735596
.0010223389
-.0006408691
-.0006256104
-.0010070801
.0013122559
-.0012512207
-.0012207031
.0019683838
-.0026855469
.0022735596
-.0017700195
.0014038086
.0019378662
.0024108887
.0020599365
.0022735596
-.0019836426
-.0023498535
-.0018463135
.0008392334
-.0006713867
-.0004425049
-.0005645752
-.0013885498
-.0037994385
.0086364746
-.0099639893
.0053558350
-.0338897705
.0485382080
.0766754150
.0529022217
.0057983398
-.0035400391
-.0020904541
-.0018463135
.0066528320
-.0024108887
-.0265655518
-.0303802490
-.0291137695
-.0207519531
-.0123596191
-.0079193115
.0111694336
.0131835938
.0119018555
-.0081939697
-.0043640137
-.0025634766
-.0031890869
-.0016021729
.0245666504
.0375823975
.0403594971
.0277862549
.0269775391
-.0242614746
.0239105225
.0335845947
.0401763916
.0473327637
.0385589600
.0101013184
-.0107421875
-.0045471191
.0069885254
-.0447692871
-.0381317139
-.0385589600
-.0299377441
-.0224456787
-.0309600830
.0323944092
.0370025635
.0468292236
.0554046631
.0533142090
.0288696289
-.0054931641
.0034790039
.0040130615
.0034179688
.0402221680
.0662994385
.0801391602
.0757141113
.0726776123
.0681610107
.0601806641
-.0279846191
-.0191040039
-.0118408203
-.0051879883
-.0034332275
.0189361572
.0060729980
-.0041656494
-.0358886719
-.0373687744
-.0331115723
-.0207672119
-.0207672119
-.0192871094
-.0137023926
-.0102081299
-.0070800781
-.0084991455
.0126953125
-.0075531006
-.0028533936
-.0011596680
.0007781982
.0006103516
.0005950928
-.0019073486
-.0022583008
.0019989014
-.0033264160
.0041503906
-.0029449463
-.0253295898
-.0350646973
-.0309753418
-.0160064697
-.0012207031
-.0015716553
.0012207031
.0012512207
-.0007629395
.0141754150
.0314331055
.0413360596
.0446777344
.0395965576
.0485076904
.0471191406
.0599975586
.0317535400
-.0173492432
-.0129547119
-.0129089355
-.0190887451
.0268096924
.0292663574
.0237884521
-.0234985352
-.0157012939
-.0154724121
-.0149841309
-.0153045654
-.0214843750
.0246734619
.0339355469
.0361328125
.0375366211
.0295104980
-.0208892822
-.0185852051
-.0197143555
-.0211791992
-.0244293213
-.0311889648
-.0247039795
-.0238189697
-.0235900879
-.0239410400
-.0223846436
-.0267639160
-.0191345215
-.0159301758
-.0111389160
.0058288574
.0014038086
-.0015106201
.0007476807
-.0006256104
.0007781982
.0011138916
.0008697510
-.0013275146
.0012512207
.0016479492
.0013275146
-.0019531250
.0019836426
.0021972656
-.0018005371
.0015411377
-.0016937256
.0013732910
.0011444092
-.0005645752
.0004577637
.0003662109
.0021667480
-.0047760010
.0097198486
.0110015869
-.0058746338
.0361480713
.0627441406
.0574645996
.0615539551
-.0563201904
-.0229187012
-.0138702393
.0060729980
-.0036468506
.0088043213
-.0257873535
-.0272827148
-.0233764648
-.0089111328
.0019683838
.0058593750
.0070800781
-.0249786377
-.0286865234
-.0192871094
-.0033264160
.0068206787
-.0016632080
.0160064697
.0439758301
.0604400635
.0619659424
.0617980957
-.0335845947
.0340270996
.0349273682
-.0332641602
-.0209350586
-.0107574463
-.0029754639
-.0058288574
.0067443848
-.0331268311
.0195007324
-.0050506592
.0067596436
.0089416504
.0112304688
.0136260986
-.0082397461
.0052185059
-.0065002441
-.0064697266
-.0079956055
.0073547363
-.0051269531
.0185394287
-.0260009766
.0261383057
.0305938721
.0303039551
.0311584473
.0291290283
.0208282471
.0221405029
.0302276611
.0346374512
.0330810547
.0284576416
.0146636963
-.0066833496
-.0024414063
.0082702637
.0114288330
-.0232238770
-.0168457031
-.0171203613
-.0156097412
-.0164794922
-.0149078369
-.0132751465
-.0117950439
-.0095520020
-.0070800781
.0057067871
-.0073089600
-.0051116943
-.0069885254
.0142822266
.0202484131
.0150604248
-.0220184326
-.0155487061
.0157470703
-.0094757080
-.0051116943
.0101165771
-.0099945068
.0063323975
-.0068206787
-.0037689209
.0417022705
.0384521484
.0594177246
.0623474121
.0579681396
.0639495850
.0595703125
.0554199219
.0170440674
-.0180969238
.0358581543
.0371093750
.0390625000
.0433197021
.0482330322
.0436248779
.0397644043
.0326080322
.0193023682
.0063934326
-.0077209473
.0054626465
.0098266602
.0114288330
-.0130157471
-.0114593506
-.0129089355
.0125122070
-.0119323730
.0136413574
.0114135742
-.0094299316
.0066070557
.0044250488
-.0021057129
.0013122559
-.0007019043
.0005187988
.0005035400
.0004425049
-.0003662109
-.0003814697
.0003509521
.0003814697
-.0006561279
-.0006408691
-.0008697510
