-.0141448975
-.0372467041
-.0592651367
-.0485229492
.0586547852
.0771179199
.0748138428
.0755004883
-.1068725586
.0756378174
-.0495147705
-.0316619873
-.0248718262
-.0277099609
.0374603271
-.0553894043
.0608978271
.0401153564
.0197448730
-.0177307129
.0354156494
-.0458374023
.0759735107
.0668029785
.0700531006
-.0579376221
.0802001953
-.0684509277
-.0669097900
.0670776367
.0680236816
-.0741424561
.0560760498
-.0490570068
.0474548340
-.0319519043
.0231781006
-.0299987793
.0260925293
-.0524597168
-.0507049561
.0731964111
-.0612945557
-.0633087158
-.0696868896
-.0674438477
-.0673675537
-.0631103516
-.0468902588
-.0465087891
-.0385131836
.0398559570
-.0372619629
-.0322570801
.0368804932
-.0143280029
-.0230712891
-.0202484131
-.0247039795
-.0216217041
-.0300140381
.0289916992
-.0549468994
-.0574951172
-.0714111328
-.0745544434
-.0476074219
.0491485596
-.0396270752
.0455780029
-.0521087646
-.0472412109
-.0495910645
-.0290222168
-.0325317383
-.0270996094
.0359497070
-.0346069336
.0332031250
.0373382568
-.0486297607
.0437622070
-.0438232422
.0507812500
-.0621032715
-.0537719727
-.0619049072
-.0732116699
-.0628204346
-.0808868408
.0699920654
-.1024017334
-.0867919922
.0762786865
.0592803955
-.0278320313
.0286407471
-.0378723145
-.0275878906
-.0729370117
-.0602874756
.0408172607
-.0366058350
.0419769287
-.0394287109
-.0230865479
.0186462402
.0089874268
.0061035156
-.0051879883
-.0043487549
.0244750977
.0426330566
.0490112305
.0647277832
-.0612792969
-.0547943115
-.0578613281
-.0673217773
-.0855255127
-.0594482422
.0768280029
.0700683594
-.0315246582
-.0406036377
-.0307617188
.0354919434
.0421600342
-.0272521973
.0219116211
.0222778320
-.0213775635
-.0453491211
.0473937988
-.0568695068
.0480804443
.0649719238
-.0569763184
-.0499725342
.0414581299
-.0505065918
-.0339660645
-.0341796875
-.0391845703
-.0381317139
-.0278778076
-.0170593262
-.0123901367
-.0333404541
-.0494079590
-.0589599609
-.0523376465
-.0718994141
-.0621337891
.0513153076
-.0467376709
.0581207275
.0341339111
-.0374603271
.0421905518
.0318145752
.0255889893
-.0224456787
.0205383301
.0135040283
.0140686035
.0118865967
.0535888672
-.0441894531
-.0501861572
-.0405731201
.0456085205
.0437774658
.0401916504
.0491638184
.0412902832
-.0417175293
-.0468139648
.0379791260
.0388946533
-.0430908203
.0418853760
.0269165039
-.0246582031
.0213165283
-.0290679932
.0341796875
-.0407714844
.0409088135
-.0650177002
.0490570068
-.0564880371
-.0433959961
.0410614014
.0443878174
.0400848389
.0288696289
-.0305938721
-.0312957764
-.0273742676
.0148010254
-.0122985840
-.0103912354
.0104675293
.0089111328
-.0101623535
-.0075531006
-.0059356689
.0056762695
-.0050048828
-.0040435791
.0039825439
.0034942627
.0018463135
.0025329590
-.0020904541
-.0019378662
-.0059967041
-.0084075928
-.0201263428
.0433959961
.0599822998
-.0576019287
-.0612487793
.0577545166
.0611267090
.1033172607
-.0704498291
.0607757568
-.0424194336
.0381317139
-.0145721436
-.0208435059
-.0151367188
-.0272674561
.0261535645
-.0141448975
.0150451660
.0205535889
-.0212097168
.0589599609
-.0781097412
-.0649566650
.0693511963
.0870819092
.0884857178
.0847320557
-.0735321045
-.0692138672
-.0491333008
-.0573577881
.0535736084
-.0402069092
-.0333099365
-.0211334229
.0092163086
.0057830811
-.0125579834
.0340423584
.0429534912
-.0465393066
.0697631836
-.0733032227
.0549774170
.0595703125
-.0626068115
-.0893096924
.0798645020
-.0677185059
-.0951080322
-.0666961670
-.0692749023
.0376739502
.0290374756
.0207214355
-.0147094727
.0163421631
-.0288543701
.0214996338
.0335235596
-.0531463623
-.0458984375
-.0394287109
-.0413818359
.0429077148
-.0402221680
-.0674285889
.0602416992
.0705261230
-.0562896729
.0451812744
.0289916992
-.0322570801
.0257263184
-.0375518799
.0381927490
-.0752716064
.0663452148
.0799713135
-.0764007568
-.1052246094
-.0792541504
.0881958008
-.0668334961
.1009979248
.0930938721
.0919189453
.0894775391
-.0775909424
.0735626221
.0450897217
-.0431976318
.0234985352
-.0411682129
-.0442962646
-.0763854980
-.0993652344
-.1264190674
-.1157531738
-.1246795654
-.1221923828
.1286926270
.1324920654
-.1123046875
-.1231079102
-.1425781250
-.1251068115
.1310119629
.1209106445
.0742034912
-.0678253174
-.0585937500
-.0539855957
-.0501251221
-.0456085205
-.0661926270
-.0764770508
-.1119995117
.0358886719
-.0354461670
.0445861816
.0445861816
-.0388641357
-.0207824707
.0232391357
-.0225524902
.0257568359
-.0224914551
-.0114898682
.0215911865
-.0271911621
-.0382843018
-.0337677002
-.0754547119
-.0989685059
-.0767974854
-.0698699951
-.1046142578
.1186065674
.0741577148
-.1043548584
-.0844421387
.1160888672
.1468048096
.0928802490
.0743103027
.0471191406
-.0492858887
-.0411376953
-.0330963135
-.0382537842
.0554351807
.0379791260
-.0354156494
-.0529479980
-.0354919434
-.0631561279
.0516510010
.0526123047
.0726470947
-.0713043213
.0676574707
-.0632476807
.0577697754
-.0666809082
.0507354736
.0647735596
-.0541839600
.0635070801
-.0573883057
-.0304718018
-.0191192627
-.0099792480
.0111389160
-.0400238037
-.0446319580
.0614776611
.0641479492
-.0803985596
.0541534424
.0649414063
.0519714355
-.0567321777
-.0650939941
.0518188477
-.0414733887
-.0476074219
-.0661315918
-.0432128906
.0261840820
-.0367736816
.0193023682
.0214233398
.0294189453
.0335998535
-.0426330566
.0469818115
.0457153320
-.0845947266
-.0863037109
-.0787048340
-.0465087891
-.0612182617
.0682525635
-.0536499023
.0608367920
.0605163574
-.0652465820
-.0590515137
.0633544922
-.0423583984
.0235137939
.0296630859
.0381469727
.0333099365
-.0523071289
.0537414551
.0382080078
.0198974609
-.0207061768
.0158386230
.0107421875
.0076751709
-.0080261230
.0056610107
.0084533691
-.0080108643
-.0060577393
.0092620850
.0102386475
.0092315674
.0105743408
.0058135986
.0025634766
.0026397705
.0012817383
-.0017395020
-.0024414063
-.0022735596
-.0034332275
-.0064544678
-.0116424561
.0110473633
-.0048675537
.0035400391
.0027465820
-.0064086914
.0166320801
.0120849609
-.0044555664
-.0036773682
-.0036163330
-.0070648193
-.0092315674
.0095214844
-.0097656250
-.0099792480
.0214080811
.0255584717
.0290374756
.0241394043
.0095520020
.0071105957
-.0105285645
.0048065186
-.0055084229
-.0102233887
-.0135345459
-.0160522461
.0148773193
.0077514648
.0129699707
-.0176696777
.0226135254
-.0133819580
.0169830322
-.0160522461
.0071868896
.0062866211
.0042572021
.0034790039
.0030517578
.0018005371
-.0015106201
-.0013732910
-.0012359619
.0052032471
.0021362305
.0015563965
-.0018157959
.0011596680
.0037994385
-.0030212402
.0064544678
.0086669922
.0078735352
.0103759766
.0085601807
.0294189453
.0104370117
.0143280029
-.0124664307
.0076751709
.0054016113
-.0029602051
-.0022277832
-.0023345947
-.0019531250
.0028839111
.0037536621
.0092926025
.0047149658
-.0050506592
.0079040527
.0252838135
.0271759033
-.0309600830
.0313262939
.0294647217
.0227813721
.0271606445
.0195922852
.0222778320
.0128784180
.0119934082
.0068664551
-.0046234131
-.0025177002
-.0060119629
-.0048522949
-.0036163330
.0107421875
-.0944366455
.1755828857
.1862640381
.1889038086
-.1770324707
.1173095703
.1589965820
.1418762207
.1784515381
.1817016602
.1527557373
.1485595703
-.1950988770
-.1330413818
.1422119141
.1491851807
-.1735687256
-.1502532959
.2032165527
-.2236785889
.2109832764
.2268066406
-.1952362061
.2584991455
.2753448486
.2418212891
-.2437133789
-.1643981934
.1641082764
-.1687622070
-.1817474365
.1598358154
-.1492767334
-.1858825684
-.1090240479
.0889587402
-.1213531494
-.0741424561
-.0411529541
.0377197266
.0312805176
.1540985107
-.0985260010
.0769500732
-.0605468750
-.0368957520
-.0381011963
.0399322510
-.0894470215
.0748138428
.0747680664
.0475463867
-.0877685547
.0777130127
-.1764678955
-.0628967285
.1263580322
-.1863250732
.1826019287
.1958007813
.2541961670
-.3125305176
.2673645020
.2071380615
-.1485137939
-.1488037109
-.1882324219
-.1419525146
-.2164611816
-.1576232910
.1518402100
-.1711883545
-.1703033447
.1300506592
-.2350616455
-.1476135254
-.0819396973
-.0496063232
.0385742188
-.0298919678
-.0391082764
.0614624023
.0323791504
-.0195465088
.0303649902
-.0189819336
-.0152587891
-.0757293701
-.0199432373
-.0202941895
.0268554688
.0377349854
-.0347595215
.3166809082
-.1702423096
-.2063903809
-.1723937988
-.1817169189
.2355499268
.1474761963
.1785583496
-.2435455322
-.2170715332
-.2166595459
-.1974792480
-.2225341797
-.3096466064
.2017364502
-.1401977539
.0618133545
-.0348358154
.0355682373
-.0249481201
-.1029968262
-.0305786133
-.0499420166
-.0590820313
-.0413513184
-.0896606445
-.2410888672
-.2161560059
-.2583618164
-.2893981934
-.2919616699
-.2971649170
-.3256530762
-.2561950684
-.3002624512
-.2732849121
-.2592010498
-.1648254395
-.4599151611
-.1052551270
-.0533294678
.0464935303
-.0443420410
-.0262908936
.0544891357
.0394592285
-.0243682861
-.0268249512
.0131988525
-.0113525391
-.0522003174
-.1449432373
-.1841125488
-.1846313477
.1768188477
-.1543884277
-.1397094727
-.1679687500
-.1013336182
-.1688385010
-.1200866699
-.1250762939
-.2147979736
.1400909424
-.1727752686
-.1975708008
-.1275177002
-.1397247314
-.1172637939
-.2269592285
.1276702881
-.1140747070
-.1314849854
.1272583008
.1163940430
-.1421203613
.1397705078
.1142730713
-.1596527100
-.2679138184
-.3185577393
-.4854125977
.1903686523
-.2030639648
.2396850586
-.3207702637
-.2513885498
-.2966918945
-.2728576660
-.4250030518
-.4136657715
.2605285645
-.3521118164
.2177429199
-.2308349609
-.1691131592
-.1310119629
.1230010986
-.1107177734
.0726470947
-.0756835938
-.1266326904
.1763458252
.2174835205
-.3133239746
-.4141998291
-.3237915039
-.2324066162
.1103515625
.0810241699
-.0974426270
-.1755981445
.1196594238
-.1476898193
-.1162261963
-.0805969238
-.0801086426
.0828094482
.0806579590
-.1324462891
-.2227478027
-.1822814941
-.2121429443
-.1428680420
.1647338867
-.3521881104
.2262115479
-.2838897705
-.2555541992
-.2237243652
-.2220001221
-.2339477539
-.2178344727
-.2014617920
-.2039489746
-.1829833984
-.2038726807
-.2186126709
-.1972045898
-.1775665283
-.1598663330
-.1557159424
-.1750793457
-.1246032715
-.0933380127
-.0417633057
.0196533203
.0174407959
-.1002960205
.1280670166
-.0570220947
-.0332183838
.0213928223
.0424804688
-.0324096680
-.0977783203
.2431640625
-.0898895264
-.0314178467
.0207672119
-.0122070313
.0307769775
-.0744476318
-.0929107666
-.1807708740
-.1306610107
-.1295471191
-.1071166992
-.1408081055
-.1332550049
-.1194915771
-.1453704834
-.1364135742
-.1637878418
-.0915374756
.0864715576
-.1112518311
-.0782623291
-.0673522949
-.0587005615
.0435028076
.0556030273
.0257263184
-.0150909424
.0073394775
-.0026092529
.0028686523
.0055541992
.0120239258
-.0164489746
-.0230712891
.0163726807
.0172271729
.0080566406
.0476074219
.0373535156
.0255889893
.0335693359
-.0274810791
.0294494629
-.0171356201
-.0060272217
.0070953369
-.0081176758
.0052490234
.0052337646
.0048675537
.0025024414
.0077667236
.0168304443
.0231170654
.0332946777
.0315551758
-.0108947754
-.0116577148
.0074462891
.0052337646
-.0032043457
-.0036010742
-.0034027100
.0041809082
.0020294189
-.0127105713
-.0379333496
-.0271148682
-.0196990967
-.0147247314
.0055694580
.0024108887
-.0151977539
-.0187683105
.0119171143
-.0255126953
-.0125427246
.0178375244
-.0085601807
-.0209350586
-.0158081055
-.0096130371
-.0069427490
-.0060119629
-.0048065186
.0051727295
.0041046143
-.0024108887
.0023803711
.0111846924
-.0201721191
-.0272674561
.0343475342
.0198974609
.0096740723
.0064544678
.0048828125
.0156250000
-.0263519287
.0381927490
-.0190277100
.0186004639
.0195312500
-.0124511719
-.0077056885
.0096588135
.0097351074
.0106353760
.0104064941
.0106964111
-.0091247559
.0074157715
.0059814453
.0057830811
.0054473877
.0043334961
-.0041198730
-.0172882080
-.0234680176
-.0085601807
.0119476318
.0320434570
.0447235107
.0380249023
.0378875732
.0400695801
.0395812988
.0377502441
.0498199463
.0436706543
.0449829102
.0418853760
.0360107422
.0273132324
.0288085938
.0252685547
.0240783691
.0191040039
.0205535889
.0196838379
.0306549072
.0326538086
.0312347412
.0315856934
.0362091064
-.0332946777
.0331420898
-.0295562744
-.0269622803
.0250091553
.0308837891
.0312347412
.0283203125
.0280456543
.0287170410
.0316619873
.0314483643
.0323181152
.0338439941
.0316009521
-.0292816162
-.0236511230
-.0250091553
.0111694336
-.0052642822
.0040283203
.0027313232
.0042419434
.0034790039
.0075225830
.0188140869
.0281982422
-.0083160400
.0049896240
-.0607604980
-.0553741455
.0250549316
-.0129547119
-.0060119629
-.0311279297
-.0174407959
-.0083465576
.0050048828
-.0148010254
.0152282715
-.0106506348
.0045318604
-.0029144287
.0031280518
-.0027465820
-.0033264160
-.0031127930
-.0025482178
-.0034942627
.0043334961
.0017395020
-.0012207031
-.0013275146
-.0013885498
