-.0000610352
-.0000762939
.0000762939
.0000457764
-.0000762939
-.0003814697
.0008850098
-.0275878906
-.0835418701
-.1281280518
.1332855225
-.0929260254
-.0709838867
-.0428619385
-.0470428467
-.0779876709
-.0715789795
-.0630950928
-.0525054932
-.0365295410
-.0198516846
-.0038909912
-.0015716553
-.0014038086
-.0098876953
-.0481109619
.0669250488
-.0099182129
-.0129241943
-.1235504150
.1318054199
-.0787048340
-.0498962402
-.0649566650
.0619812012
.0558929443
-.0444488525
.0330352783
.0188598633
-.0231628418
.0197143555
.0120239258
-.0186614990
-.0492553711
-.0333099365
-.0590057373
-.0450744629
.0274963379
.0264892578
-.0348358154
-.0314178467
-.0281524658
-.0058441162
.0009613037
.0004577637
-.0002899170
.0001068115
.0000762939
-.0000762939
.0003662109
.0010528564
-.0298309326
-.0445556641
-.0903778076
.1105957031
.0999145508
-.0754547119
-.0378265381
-.0116119385
.0032348633
-.0018310547
-.0017700195
-.0007934570
-.0018463135
.0008392334
.0018157959
.0318298340
-.0716094971
-.0996246338
-.0677795410
-.0074462891
-.0398864746
-.0576324463
-.0648498535
-.0596923828
-.0530548096
-.0452423096
-.0166473389
.0126800537
-.0592498779
-.0467376709
-.0283050537
.0606536865
-.0698699951
-.0342254639
.0246276855
.0372924805
.0404815674
.0232238770
.0201416016
-.0119476318
.0244445801
.0402069092
-.0430908203
.0179901123
.0105285645
.0028533936
-.0015563965
.0018310547
.0017547607
-.0012359619
.0008544922
-.0002593994
.0000610352
-.0012664795
-.0017089844
.0018157959
-.0018768311
.0015106201
.0005340576
.0007629395
-.0210418701
-.1119995117
-.0993652344
.0669403076
-.0334014893
-.0328979492
-.0604705811
.0436096191
-.1007843018
-.0636444092
-.0407562256
.0243072510
-.0325622559
-.0873413086
-.0577545166
-.0308685303
.0822906494
.0494384766
.0117645264
.0398712158
-.0389862061
-.0578613281
.0680847168
.0819091797
-.0869903564
-.0757598877
-.0476684570
-.0051116943
-.0148468018
.0475616455
-.0280761719
-.0213012695
-.0062713623
-.0022888184
-.0014190674
.0020294189
-.0012817383
.0013427734
.0030212402
-.0581817627
-.0809936523
.0804290771
.0457000732
-.0751647949
-.0726318359
.0544586182
.0844421387
-.0615234375
.0322875977
-.0559997559
.0117950439
-.0096740723
-.0557556152
-.0688781738
-.0181121826
.0122222900
.0578155518
.0502014160
-.0444183350
-.0503387451
-.0277862549
.0111999512
-.0320739746
-.0601806641
-.0374755859
.0161132813
-.0188598633
-.0331115723
.0130462646
-.0101623535
.0389862061
.0329437256
-.0236511230
-.0232543945
.0461883545
.0432739258
.0370483398
.0200500488
-.0362701416
.0453033447
.0091400146
.0279388428
-.0293426514
-.0445098877
.0261993408
.0169982910
-.0473480225
-.0507965088
.0340270996
.0321502686
.0240173340
-.0052947998
-.0110168457
.0035400391
.0013580322
-.0018463135
.0361328125
.0448760986
-.0300598145
.0608673096
.0398559570
-.0022277832
-.0403442383
.0319061279
-.0289459229
-.0337219238
-.0314178467
.0200347900
-.0062713623
.0048980713
-.0021057129
.0023651123
.0016021729
-.0004882813
.0006256104
-.0013885498
.0006103516
.0008392334
.0012817383
.0013275146
-.0007934570
.0005798340
-.0014801025
.0014343262
-.0594787598
-.0913848877
.1086425781
-.1110076904
-.0823669434
.0451354980
-.0505218506
.0182342529
.0393981934
-.0687713623
-.0653228760
-.0483703613
-.0679779053
-.0493621826
-.0502166748
.0121459961
-.0357666016
-.0292663574
.0245666504
.0035095215
-.0024414063
-.0007934570
-.0011596680
.0008239746
-.0012359619
.0006561279
-.0010833740
-.0016021729
.0056610107
-.0354156494
-.0898284912
-.0925445557
-.0430450439
.0092926025
-.0305023193
.0527343750
-.0442504883
.0683746338
-.0460662842
.0426177979
.0151824951
.0079193115
-.0680236816
-.0663757324
-.0430297852
.1058959961
-.0703125000
-.0346069336
-.0335693359
.0565032959
.0223999023
-.0245208740
.0114135742
-.0060119629
-.0355072021
-.0370178223
-.0362396240
-.0277099609
.0072021484
-.0014038086
.0021820068
-.0010833740
-.0013732910
.0010070801
-.0017089844
.0015258789
.0015258789
-.0023345947
.0462799072
.0294952393
-.0600891113
-.0521392822
.0444488525
-.0528564453
.0605926514
-.0583953857
.0460052490
-.0234222412
-.0167388916
.0042572021
-.0008239746
-.0013122559
.0009918213
-.0002746582
-.0001678467
.0017852783
-.0008087158
.0014343262
-.0007324219
.0010986328
.0096740723
.0979766846
.1270751953
-.0160064697
-.0216064453
-.0160827637
-.0955505371
-.0786437988
.0788269043
-.0420989990
-.0287017822
.0231170654
-.0049743652
-.0018463135
.0010223389
.0009613037
-.0013732910
.0012207031
.0015106201
-.0018157959
-.0019073486
.0020294189
-.0009460449
-.0005950928
-.0010223389
.0016021729
.0703277588
.1349487305
.0834350586
-.0735626221
-.0232849121
-.0579986572
-.0489196777
-.0310363770
.0534973145
-.0540313721
-.0696868896
-.0418701172
-.0236511230
.0473632813
.0272674561
-.0801239014
.0784454346
-.0517120361
.0480957031
-.0052185059
-.0196228027
.0237884521
-.0101623535
-.0592498779
.0642242432
-.0679779053
-.0584259033
.0608215332
-.0573577881
-.0184020996
-.0094146729
-.0430297852
-.0456848145
-.0503692627
-.0543670654
.0330352783
-.0553588867
.0038299561
-.0097351074
.1145324707
.0849761963
-.0761566162
.0098724365
.0206298828
.0329437256
.0318145752
-.0150146484
-.0042419434
-.0213317871
-.0304107666
-.0119323730
.0527038574
.0593872070
.0573272705
.0557403564
.0187377930
.0276031494
.0094909668
-.0034637451
.0439758301
-.0350036621
.0065460205
.0073547363
-.0604858398
.0572967529
.0354156494
-.0230865479
.0107116699
-.0052947998
-.0073547363
-.0020446777
-.0014343262
-.0017852783
-.0010681152
-.0024719238
-.0019683838
.0020141602
.0025024414
-.0032043457
.0029296875
.0020751953
-.0019378662
.0027313232
-.0023193359
.0860137939
.1727905273
-.0376129150
.0123596191
-.0888671875
.1223144531
.0798034668
-.0082855225
.0686187744
-.0606231689
-.0240631104
-.0645141602
.0481414795
-.0405731201
-.0347137451
-.0517272949
-.0432128906
-.0578460693
-.0397338867
-.0375213623
-.0351867676
-.0288848877
-.0234222412
-.0055084229
.0035705566
-.0017395020
-.0008697510
.0015106201
-.0022125244
-.0012359619
.0017242432
-.0030670166
-.0007324219
.0016174316
-.0009613037
-.0011444092
.0015411377
-.0029144287
.0276336670
.1302642822
.1722106934
.0852508545
-.0486145020
-.0328674316
.0486907959
-.0054016113
-.0446166992
-.0577087402
.0468444824
-.0295562744
.0457153320
.0382843018
.0165557861
.0119018555
-.0702056885
.0468750000
-.0431518555
.0380554199
.0231781006
-.0065155029
.0098724365
.0027465820
.0016937256
-.0008850098
.0018157959
-.0012512207
.0013122559
.0012207031
-.0019836426
.0014343262
.0134277344
.0376434326
.0199737549
-.0438842773
.0782165527
-.0746917725
.0430603027
.0335845947
-.0245819092
-.0032348633
-.0025177002
.0018615723
-.0023345947
.0012054443
.0018157959
-.0011444092
.0026855469
-.0006561279
-.0026245117
.0012207031
-.0415344238
-.0515899658
.0060577393
-.0179138184
.0747833252
-.0555267334
.0705871582
.0621948242
.0592498779
-.0469512939
.0134277344
.0041198730
-.0020599365
.0019226074
.0010223389
.0028686523
-.0008239746
.0011749268
.0008087158
-.0013580322
.0007934570
-.0020751953
.0018768311
-.0006256104
.0010375977
-.0681915283
-.0652160645
-.0557861328
.0211334229
.0472869873
-.0437316895
.0146789551
-.0235595703
.0222015381
-.0190887451
.0763397217
.0630340576
-.0131530762
.0261535645
.0105743408
-.0036926270
.0015106201
-.0012817383
.0014038086
-.0018920898
-.0005493164
.0016479492
-.0028991699
-.0018005371
.0027770996
-.0019378662
-.0032043457
-.0015869141
-.0024108887
-.0024261475
.0022888184
.0018157959
-.0024108887
-.0018615723
.0045623779
-.0734558105
-.0720367432
-.0529479980
-.0616302490
-.0657653809
-.0223846436
.0847930908
-.0648956299
.0370635986
.0556793213
-.0059356689
-.0754852295
-.0860137939
-.0783386230
-.0869903564
-.0695495605
-.0488891602
-.0505371094
-.0534210205
-.0173950195
.0200500488
.0345916748
.0373687744
.0228424072
-.0319213867
-.0225982666
.0811462402
-.0786437988
.0796051025
-.0355682373
-.0538940430
.0151062012
-.0282592773
.0199127197
-.0124053955
-.0089721680
.0030212402
-.0016784668
.0014801025
-.0108337402
.0206146240
-.0526275635
.0824127197
.0675506592
-.0290832520
.0355682373
.0406036377
-.0600128174
.0717620850
-.0354156494
.0224761963
-.0071563721
-.0025329590
.0016174316
.0034332275
-.0020294189
.0016021729
-.0020599365
.0012054443
.0010223389
-.0005950928
.0011138916
-.0014038086
.0013275146
-.0011901855
.0003051758
.0016021729
-.0450134277
-.0618591309
.1072692871
.0860595703
.0761871338
.0429229736
-.0119323730
.0047912598
-.0020751953
-.0013732910
.0029754639
-.0031280518
.0020446777
.0009918213
-.0017700195
.0013580322
-.0033721924
-.0031738281
.0025177002
.0017547607
.0076293945
.1743164063
.0980377197
.0080871582
.0402679443
-.0899963379
-.0994415283
-.0554656982
.0123901367
-.0135040283
-.0768127441
.0728454590
-.0098266602
-.0756530762
.0659790039
-.0230560303
-.0076751709
.0024414063
-.0021362305
.0031738281
.0559539795
.0732116699
-.0688018799
.0644073486
.0327911377
-.0086212158
.0117645264
-.0541839600
-.0455169678
-.0274505615
-.0301818848
.0080413818
-.0033721924
.0023956299
-.0038909912
-.0012054443
-.0022430420
.0036468506
-.0224761963
.0402221680
.0356903076
.0178833008
-.0142059326
.0509796143
.1076660156
-.0469207764
.0469970703
-.0205993652
-.0069885254
-.0111846924
.0214843750
.0428314209
-.0471496582
-.0148925781
-.0075378418
-.0016326904
-.0017852783
.0019073486
-.0017089844
.0019989014
.0014801025
-.0017700195
.0023193359
-.0028839111
.0019836426
.0009918213
-.0022277832
.0015563965
-.0034637451
.0055541992
-.0772552490
-.0577087402
.0207366943
.1082000732
-.1326904297
-.1271362305
-.0507965088
.1670379639
.1637115479
-.1185302734
.0749206543
.0423431396
-.0370483398
.0741882324
-.0507354736
.0570526123
.0742340088
.0830841064
.0895385742
.0431976318
.0041046143
.0137329102
-.0114746094
.0077972412
-.0036163330
.0025329590
-.0025634766
.0043945313
-.0017700195
.0009613037
-.0022735596
.0031585693
-.0032196045
-.0009155273
-.0147094727
.0617523193
-.0096282959
-.0335540771
.0901031494
.1019592285
.1269989014
-.0327758789
-.0491333008
.0569152832
-.0350952148
.1095581055
.0981903076
.1024322510
.0659790039
.0558929443
-.0279235840
-.0405883789
-.0037231445
-.0172576904
.0849304199
-.0458984375
-.0412902832
.0344238281
-.0414886475
.0846862793
.0799255371
-.0311279297
.0439758301
-.0433044434
-.0211181641
.0178833008
.0091247559
-.0535125732
.0560455322
.0423126221
-.0255737305
-.0216522217
.0196380615
-.0176849365
.0119171143
.0059509277
-.0032653809
.0015106201
.0016326904
-.0009155273
.0015106201
.0262908936
-.0362091064
.0311126709
.0236206055
.0259857178
-.0399932861
.0431823730
.0292968750
-.0318298340
.0110931396
-.0025787354
-.0010986328
-.0012512207
-.0025024414
.0009613037
.0017700195
-.0020446777
.0032653809
-.0014648438
-.0012054443
.0036315918
-.0042572021
.0035400391
-.0058441162
-.0248413086
.0440826416
-.0941009521
-.0807189941
-.0585479736
-.0394744873
-.0235595703
-.0041656494
.0012969971
-.0011596680
.0007781982
-.0011749268
.0009765625
.0015411377
-.0016632080
.0017700195
-.0021057129
.0020751953
.0014495850
-.0017089844
.0017089844
.0014648438
-.0014190674
.0019378662
.0012817383
-.0021057129
.0041961670
.0403442383
.0385437012
.0334930420
.0493621826
.0467987061
.1294403076
.1145935059
.0577392578
.0108489990
.0213623047
.0724334717
.1367492676
.0984954834
-.0512084961
-.0441894531
-.0199890137
-.0274963379
.0091552734
.0124969482
-.0595550537
.0266876221
-.0238494873
.0440521240
.0664978027
.0863800049
.0784912109
.0424652100
.0066680908
.0045166016
-.0051727295
.0314025879
.0230865479
-.0356140137
.0183868408
-.0154724121
-.0217132568
.0183410645
-.0171966553
.0019683838
-.0039062500
.0015411377
-.0009918213
.0007934570
.0011444092
-.0016937256
-.0017547607
.0011901855
-.0019836426
.0030364990
.0019989014
.0010681152
.0011291504
-.0020141602
-.0018310547
.0026245117
-.0019226074
.0012207031
.0020294189
-.0055541992
.0034790039
.0007934570
-.0015258789
.0023345947
.0520019531
.1066589355
-.0733795166
-.0800933838
-.0818023682
-.0117645264
-.0397796631
-.0357818604
.0048522949
.0130157471
.0881500244
.1130371094
-.0692291260
-.0536499023
-.0642242432
-.0606079102
-.0440826416
-.0261077881
-.0295867920
-.0630950928
.0267486572
-.0503997803
-.0110321045
-.0078125000
.0783081055
.0746459961
.0564727783
.0332183838
-.0311431885
.0244903564
.0150451660
-.0076141357
.0033721924
-.0028839111
-.0027923584
.0335845947
-.0315551758
.0408630371
.0150299072
-.0291442871
-.0118408203
-.0325927734
-.0132751465
.0101318359
.0084075928
-.0073242188
.0047454834
.0010681152
-.0009155273
.0025787354
-.0016174316
.0010375977
.0007476807
-.0273742676
