-.0000610352
.0000457764
-.0000457764
-.0000610352
-.0000610352
-.0000457764
.0000457764
-.0000610352
-.0000457764
.0018615723
-.0015869141
.0026855469
-.0025634766
-.0263977051
-.1089172363
-.0669860840
-.1083526611
-.0962982178
-.0942535400
-.0281219482
-.0735168457
-.0615539551
-.0745239258
-.0337677002
-.0039367676
-.0511016846
-.0482025146
-.0492553711
.0536346436
-.0410766602
-.0250854492
-.0079040527
.0079040527
-.0128631592
-.0221557617
-.0369720459
-.0344848633
-.0051116943
.0357055664
.0937652588
.0727844238
.0703430176
-.0652618408
-.0673217773
-.0577697754
-.0718994141
-.0743560791
-.0647583008
-.0412139893
.0471343994
-.0676116943
-.0379028320
-.0356903076
-.0567169189
-.0086822510
-.0294799805
.0721588135
-.1249237061
-.0526580811
-.0616149902
-.0449981689
.0178985596
-.0252685547
-.0294494629
-.0531616211
-.0521697998
-.0304412842
-.0108184814
.0059967041
-.0011596680
.0013427734
.0037536621
-.0030517578
.0144042969
-.0608520508
-.0609893799
-.0614776611
-.0585479736
-.0542907715
-.0324401855
-.0072174072
.0021362305
-.0016479492
-.0018157959
.0021362305
-.0013580322
-.0010986328
.0016784668
-.0411071777
-.0709381104
-.0560760498
-.0440063477
-.0261077881
.0042266846
.0336761475
-.0467071533
-.0460662842
-.0485076904
-.0792236328
-.0585021973
-.0592956543
-.0532836914
-.0165252686
.0067443848
-.0628509521
-.0565948486
-.0355224609
-.0505828857
.0795593262
.0899505615
-.0640411377
-.0211334229
-.0637969971
-.0437164307
-.0291290283
-.0226287842
.0055236816
-.0638427734
-.0426483154
-.0503845215
-.0339355469
-.0262451172
-.0147552490
.0026092529
.0052795410
.0016326904
.0016632080
.0023040771
.0031890869
-.0105590820
-.0811004639
-.0836944580
-.0095672607
-.0533447266
-.0373992920
.0939331055
-.0680694580
-.0647583008
.0751800537
-.0842285156
-.0825958252
-.0792083740
-.0257415771
-.0296173096
-.0410003662
-.0525512695
-.0673980713
-.0717773438
-.0677490234
-.0556030273
.0213470459
-.0191192627
-.0500793457
-.0456237793
-.0118713379
-.0213470459
-.0709075928
-.1018371582
-.0499114990
-.0617828369
-.0579681396
-.0580139160
.0526580811
-.0596313477
-.1048583984
.0496368408
-.0466766357
-.0231781006
.0055541992
-.0248870850
-.0331878662
-.0213928223
-.0200500488
-.0132293701
.0189056396
-.0495758057
-.0353851318
.0843811035
-.0672912598
-.0564117432
-.0604400635
-.0772857666
-.0716400146
-.0451507568
-.0846099854
-.0928192139
-.0453643799
-.0646667480
-.0632019043
-.0031127930
-.0119628906
-.0596771240
-.0871276855
.0759735107
-.0282440186
-.0487213135
.0041351318
-.0697784424
-.0668029785
.0498657227
-.0440673828
-.0494842529
-.0645141602
-.0075836182
.0543670654
.0202636719
-.0758972168
-.0676116943
-.0432891846
.0689697266
-.0400543213
-.0445556641
-.0189666748
.0607910156
-.0249786377
-.0098266602
-.0459289551
-.0467071533
-.0613250732
-.0463409424
-.0654754639
-.0226898193
-.0464935303
-.0500183105
.0239410400
.0233001709
-.0289459229
-.0558319092
-.0538024902
-.0273284912
-.0103454590
-.0604705811
-.0673675537
-.0591888428
-.0530090332
-.0582122803
-.0332183838
.0173492432
-.0699157715
-.0538024902
-.0388488770
-.0232696533
-.0503692627
-.0600280762
.0033569336
.0117187500
-.0595703125
-.0505981445
-.0350646973
-.0587158203
-.0594635010
-.0421447754
.0187835693
-.0290527344
-.0088348389
.0256652832
-.0114440918
.0188293457
-.0035705566
.0037841797
.0015106201
-.0052032471
.0017852783
-.0027008057
.0017242432
-.0021514893
.0022430420
-.0012817383
.0044250488
-.0018920898
-.0041046143
-.0559387207
-.1130981445
-.0787506104
-.1322784424
-.1412353516
-.1305084229
-.0762329102
-.0975646973
-.1178741455
-.0446929932
-.0076141357
-.0662841797
-.0198211670
-.0476531982
-.0438842773
-.0401916504
-.0751190186
-.0475463867
-.0359954834
.0452270508
-.0260925293
-.0423736572
-.0158538818
-.0138702393
-.0092926025
-.0034484863
-.0040130615
.0032196045
-.0041656494
-.0019378662
.0034637451
.0013580322
-.0022277832
.0031127930
.0010681152
-.0096435547
.0926971436
-.1962280273
-.1324310303
-.0889434814
.0179443359
.0930938721
-.0679626465
-.0744171143
-.1017913818
-.0943145752
-.0806579590
-.0476989746
.0121154785
-.0647277832
-.0458221436
-.0316009521
.1125488281
-.0738372803
-.0698699951
-.0419311523
-.0333099365
-.0606994629
.0093231201
-.0317230225
-.0140533447
-.0371246338
-.0360412598
-.0459289551
-.0452270508
-.0382690430
-.0252838135
-.0093841553
-.0190734863
-.0139465332
-.0489349365
-.0454559326
.0746612549
-.0417327881
-.0298461914
.0124511719
-.0339965820
-.0527343750
-.0534057617
-.0488586426
-.0397033691
-.0310211182
-.0243377686
-.0173339844
-.0165405273
-.0100555420
-.0113220215
.0017089844
-.0016021729
.0013275146
-.0018005371
.0018310547
-.0011138916
.0015411377
.0028076172
-.0013885498
.0025787354
.0016937256
.0015411377
.0083312988
.0018768311
-.0839538574
-.0925750732
-.0927886963
.0056610107
-.0074462891
-.0599975586
-.0942535400
-.0863189697
-.0667419434
-.0483551025
-.0327758789
-.0142669678
-.0022735596
-.0042419434
-.0050354004
-.0050048828
-.0038909912
.0019073486
-.0144042969
.0194396973
-.0944061279
-.0722045898
-.0490112305
.0330963135
-.0336608887
-.0596313477
.0480499268
-.0981903076
-.0315551758
-.0362091064
.0722351074
-.0433502197
-.0693511963
.0711059570
-.1001129150
-.0219726563
-.0906372070
.0233459473
-.0029144287
-.0410003662
-.0070190430
.0229644775
-.0910034180
-.0785064697
-.0664062500
-.0252685547
-.0469512939
-.0318756104
-.0200195313
-.0488739014
-.0164489746
.0048522949
-.1080627441
-.0795745850
-.0340576172
-.0529632568
-.0600891113
-.0459747314
-.0561523438
.0032806396
-.0224914551
.0162811279
-.0341033936
-.0361022949
-.0358123779
-.0350189209
.0075531006
.0221405029
-.0268249512
-.0461120605
-.0361785889
-.0563964844
.1004486084
.0335693359
-.0372924805
-.0258483887
-.0714569092
.0944671631
.0896453857
.0850830078
-.0431060791
-.0327911377
.0095062256
-.0372467041
-.0484771729
-.0289459229
.0097656250
.0215301514
-.0583190918
.0592193604
.0459747314
.0316314697
-.0187683105
-.0254974365
-.0182952881
.0292358398
.0905914307
.0568695068
-.0070037842
-.0035400391
.0021514893
-.0027160645
-.0021667480
-.0045166016
.0030517578
-.0021362305
-.0016784668
-.0014648438
.0012817383
-.0017852783
-.0031280518
-.0014343262
-.2247772217
-.1419372559
-.0896759033
.0139923096
.0176696777
-.0665588379
.0707244873
.0072021484
-.0429687500
-.0424346924
-.0330963135
-.0316619873
-.0094604492
-.0512542725
.0734252930
.0888061523
-.0670318604
-.0623626709
.0591735840
-.0509948730
-.0546417236
-.0301208496
-.0294799805
-.0086212158
-.0053405762
.0038604736
-.0029449463
.0016937256
.0019073486
-.0104980469
-.0275573730
.0753326416
-.0750427246
.0530853271
-.0398559570
-.0390167236
-.0427703857
.0232391357
.0260162354
.0392608643
-.0331573486
-.0407409668
.0532073975
.0419158936
-.0365295410
-.0406341553
-.0172119141
.0281219482
-.0523071289
-.0386962891
-.0393371582
-.0343017578
-.0283203125
-.0247802734
-.0161132813
.0860137939
-.1422119141
-.0074462891
-.0045776367
-.0051727295
-.0086059570
-.0269165039
-.0664672852
-.0794982910
-.0837249756
-.0704498291
-.0599212646
-.0338745117
-.0658721924
-.0606079102
-.0637664795
-.0520172119
-.0367736816
-.0386962891
-.0278625488
-.0265045166
.0093078613
-.0092468262
-.0019836426
-.0013732910
-.0021820068
.0016021729
.0180206299
-.0677490234
-.0595397949
-.0073394775
.0259857178
-.0157165527
-.0437164307
-.0351867676
.0390930176
-.0470123291
.0484313965
-.0317535400
.0208740234
-.0175323486
.0022125244
-.0540924072
.0146331787
-.0018768311
.0012359619
.0014343262
.0018615723
-.0039520264
.0061340332
-.0589141846
-.1244964600
-.0998382568
-.0717163086
-.0383148193
-.0140228271
-.0048675537
-.0543518066
.0026245117
.0028228760
-.0023193359
-.0101776123
.0281982422
-.0576934814
-.0666961670
-.0521697998
-.0443115234
-.0301666260
-.0113983154
.0303649902
.0105590820
.0786285400
-.0586853027
.0388793945
-.0140686035
.0414733887
.0212554932
-.0083465576
.0039367676
.0030364990
-.0018005371
.0031585693
-.0034484863
.0039367676
-.0047760010
-.0035247803
.0033721924
-.0050964355
-.0027770996
-.0843963623
-.0739288330
-.0688629150
-.0780181885
.1596374512
-.0602722168
.0898132324
-.1045684814
-.0801086426
-.0849761963
-.1378479004
-.0191802979
-.0693359375
-.0847930908
-.0804443359
-.0685272217
-.0526733398
-.0335540771
-.0599822998
-.0626373291
-.0164794922
-.0363311768
-.0360870361
.0768737793
.0775604248
.1176605225
-.0676574707
-.0749359131
-.0565948486
-.0428314209
-.0456848145
.1061859131
-.0984039307
-.0082397461
-.0454254150
-.0350799561
.0406188965
.0935668945
.1384429932
-.0641174316
-.0629272461
-.0657958984
-.0574798584
-.0425415039
.0852661133
-.1251525879
-.0665893555
-.0662994385
-.0629577637
-.0258483887
.0193176270
.0061950684
-.0040435791
.0054626465
-.0023193359
-.0017700195
-.0008392334
.0017700195
-.0028381348
.0027465820
-.0012207031
.0030822754
-.0423583984
-.0885314941
-.0949707031
-.0777130127
-.0676574707
-.0454711914
-.0168304443
.0079650879
-.0026245117
.0006713867
-.0015716553
-.0037231445
-.0020294189
.0016632080
.0012054443
.0009460449
.0024871826
.0047760010
.0279235840
-.0466918945
-.0792694092
-.0105590820
.0184020996
-.0893707275
-.0972442627
-.0618743896
.0236968994
-.0873870850
-.0417938232
-.1210632324
-.0191040039
-.0310058594
-.1600036621
-.1089935303
-.0797729492
-.0379638672
-.0242004395
.0049438477
-.0805053711
-.0731964111
-.0502777100
-.0402069092
-.0351257324
-.0463104248
-.0218963623
-.0460815430
-.0727081299
-.0132904053
-.0336456299
-.0318603516
.0227813721
-.0445709229
-.0549468994
-.0502929688
-.0396728516
-.0195159912
.0062408447
-.0047607422
.0013122559
.0024719238
.0023193359
.0024414063
-.0024261475
-.0016632080
.0066833496
-.0036468506
.0008239746
-.0009002686
-.0014648438
-.0022430420
.0027008057
-.0011901855
-.0411224365
-.0329895020
.0817565918
.0279235840
.0196990967
-.0503845215
-.0427398682
-.0533142090
-.0669555664
-.0183715820
-.1001434326
.0978851318
.0910034180
-.0786590576
-.0428771973
-.0419311523
-.0202331543
-.0198211670
-.0414276123
-.0243530273
-.0360717773
.0340270996
.0351867676
-.0369415283
.0263824463
.0104370117
-.0030517578
.0210266113
.0379180908
.0690612793
-.0676422119
-.0200653076
-.0242767334
.0052490234
-.0018463135
.0031433105
-.0019073486
.0020446777
.0025787354
.0075683594
-.0188598633
-.0549621582
-.0162353516
-.0153503418
-.0566253662
-.0772857666
-.0767822266
.1063995361
-.1036224365
.0287322998
.0309600830
.1118621826
.0706024170
-.0462799072
-.0779876709
-.0792083740
-.0928955078
-.0811614990
-.0919647217
-.0895690918
-.0619354248
-.0435791016
-.0868835449
.0016326904
-.1090698242
-.1238555908
-.0868377686
.0073547363
.0143737793
-.0709533691
-.0744628906
-.0574798584
.1160736084
.1098632813
-.0324554443
.0507049561
.0583801270
.0311431885
-.0096893311
-.0759429932
-.0651855469
-.0555419922
-.0289611816
.0480957031
-.0625610352
-.0441284180
-.0458221436
-.0335388184
-.0301513672
-.0231628418
-.0920562744
.0814819336
-.0670776367
-.0507659912
.0453338623
-.0349731445
.0126647949
.0033111572
-.0052490234
.0060272217
.0035552979
-.0018768311
.0024719238
.0021820068
.0017089844
.0012817383
.0007629395
.0185852051
-.1224822998
-.1156158447
-.0225067139
-.0563049316
-.0555725098
-.0487365723
-.0316619873
-.0536651611
-.0390777588
-.0363616943
-.0149688721
-.0028228760
-.0027160645
-.0021667480
-.0034637451
-.0012969971
.0014038086
.0011901855
-.0008392334
.0007476807
-.0010833740
-.0038757324
.0070495605
-.0283966064
-.0156707764
.0167388916
-.0165100098
-.0412139893
-.0369873047
-.0267028809
.0131378174
.0020599365
-.0723419189
.0178222656
-.0196838379
.0366973877
-.0560607910
-.1005859375
-.0875701904
-.0560302734
-.0403289795
-.0411834717
-.0386199951
.0105438232
.0278930664
-.0754547119
-.0223693848
-.0415496826
-.0437622070
-.0131225586
.0920257568
.0940093994
.0601348877
.0151672363
-.0359954834
.0534667969
-.0446014404
.0625000000
-.0453948975
-.0397338867
-.0381927490
-.0318298340
-.0450439453
-.0387420654
-.0402374268
-.0361328125
-.0222167969
.0019683838
.0499114990
.0237884521
-.0017852783
.0014953613
-.0036468506
-.0016021729
-.0025787354
.0025482178
-.0584259033
-.0642242432
-.0762329102
-.0531616211
.0146179199
-.0584716797
-.0463867188
.0116882324
-.0171356201
.0873565674
.0814208984
-.0820159912
-.0782318115
-.0709228516
-.0618286133
-.0480957031
-.0639495850
.0233001709
-.0440826416
-.0610198975
.0184478760
-.0108184814
-.0761413574
.1006774902
-.0776519775
-.0578002930
-.0401611328
-.0426940918
.0972595215
-.1128540039
-.0608978271
-.0715179443
-.0538787842
-.0284729004
-.0583038330
.0365142822
.1057434082
-.0984954834
-.0617218018
-.0472259521
-.0382232666
-.0232849121
.0181121826
.0843963623
-.0561218262
.0045318604
.0054626465
.0020904541
.0012969971
.0026855469
.0036163330
-.0032501221
.0026092529
-.0046234131
-.0110473633
