.0017395020
-.0009613037
.0008239746
-.0013427734
-.0084228516
-.1078338623
.0782318115
-.0213012695
-.0139770508
-.0104980469
.0048675537
.0041046143
.0043945313
-.0023193359
-.0139617920
.0836639404
-.0636444092
.0136566162
-.0087432861
-.0073089600
.0043182373
.0050964355
.0019836426
-.0019836426
.0088958740
-.0034637451
-.0011596680
-.0013885498
-.0008697510
.0007171631
-.0018310547
-.0017089844
.0050964355
-.0043487549
-.0102844238
-.0458526611
.0086059570
.0137329102
-.0086212158
-.0061492920
-.0061492920
.0049285889
-.0059509277
-.0092620850
.0071411133
.0074310303
.0146942139
-.0064849854
.0087432861
.0145568848
-.0086822510
.0101623535
-.0114898682
.0103149414
-.0207824707
.0161132813
-.0148925781
.0110778809
.0216827393
-.0273895264
-.0235900879
-.0100708008
.0161590576
-.0184631348
.0153808594
-.0137786865
-.0192565918
.0216369629
.0247497559
-.0202941895
-.0638122559
.0176849365
.0116882324
.0223999023
.0256652832
.0147705078
.0182495117
-.0175781250
.0119476318
-.0178375244
-.0144042969
-.0133666992
.0102386475
.0136413574
-.0076599121
.0135345459
.0111236572
-.0122222900
.0070343018
-.0105590820
.0104827881
.0118560791
.0100555420
-.0119323730
.0078277588
-.0098419189
-.0116729736
.0057373047
.1157379150
-.0091094971
.0058441162
-.0084228516
-.0096893311
.0050659180
-.0066528320
-.0087127686
.0066680908
-.0287170410
.0570526123
-.0609893799
-.0520019531
.0293731689
.0805511475
.1397705078
.1484375000
.0419921875
.0667724609
-.0712280273
-.0583953857
.1049346924
-.1091003418
.1130065918
.0309143066
.0743255615
.0882415771
-.0531311035
-.0072479248
-.0094146729
-.0097961426
.0164184570
.0076141357
-.0131072998
.0061340332
-.0075225830
-.0083923340
.0142974854
.0084228516
-.0129089355
.0147247314
.0279235840
.0221099854
-.0216674805
-.0150146484
-.0155792236
-.0297241211
-.0185394287
.0149383545
-.0230255127
.0199279785
-.0149536133
.0074462891
-.0147705078
.0091705322
-.0061645508
.0076293945
-.0060424805
.0141601563
.0129852295
-.0699462891
-.0491790771
.0443572998
.0556793213
.0108032227
.0440979004
-.0852966309
-.0482025146
.0352478027
-.0135192871
-.0269470215
.0459899902
.0344390869
.0626831055
-.0199737549
.0171813965
-.0370635986
.0373535156
-.0295715332
-.0099945068
-.0134887695
-.0545806885
-.1288299561
-.0628662109
-.0630493164
-.1217193604
-.0333557129
-.0342559814
.0131530762
-.0090332031
.0092163086
.0096588135
.0133361816
-.0091705322
-.0084838867
.0123748779
.0182952881
-.0088195801
-.0134277344
.0103454590
-.0134124756
.0103302002
-.0068511963
.0139923096
-.0092926025
.0129241943
.0114440918
.0113830566
-.0219573975
.0168151855
-.0184936523
.0124816895
.0215148926
.0179901123
.0290374756
.0419769287
.0281677246
.0209960938
.0121917725
-.0329437256
.0260314941
.0546112061
-.1328125000
.0680541992
-.0485534668
.0665740967
.0517425537
-.0231933594
-.0456542969
.0510406494
.0481109619
.0214996338
-.0680084229
.0393524170
.0454711914
.0379028320
.0292358398
.0419616699
.0259094238
.0313415527
.0370025635
-.0192260742
.0209655762
.0261383057
.0153045654
.0268554688
-.0273132324
.0145416260
.0309600830
-.0224914551
.0246124268
.0339202881
-.0509338379
.0582733154
.0493469238
-.0352935791
-.0341796875
-.0378417969
.0571594238
-.0463104248
.0242004395
-.0194854736
.0351257324
.0745849609
-.0326232910
.0335083008
.0296783447
.0447845459
.0304870605
.0218048096
.0232543945
-.0145874023
.0192108154
.0166473389
.0436096191
-.0449218750
.0243530273
.0209350586
.0358428955
-.0204010010
-.0397033691
-.0602722168
.0338134766
-.0557861328
-.0321655273
-.0254669189
.0547027588
-.0810699463
.0427398682
-.0621795654
-.1125183105
.0724792480
-.0665130615
.0562438965
-.0436401367
.0453491211
.0323028564
.0698547363
.0326995850
.0237884521
-.0148315430
-.0276641846
-.0458984375
-.0176239014
-.0341796875
.0460052490
.0640869141
-.0565032959
-.0127410889
-.0248413086
.0219726563
.0400543213
.0404968262
-.0521545410
-.0979919434
-.0215301514
-.0390625000
.0521850586
-.0300903320
-.0518188477
-.0382080078
.0502471924
.0497436523
-.0386505127
-.0270843506
-.0280456543
-.0145416260
.0229034424
-.0196533203
-.0333557129
-.0507049561
-.0462646484
.0249328613
-.0322265625
-.0476074219
-.0458679199
.0407714844
.0341491699
-.0444946289
-.0638580322
-.0490417480
-.0559844971
-.0483551025
.0244293213
.0617980957
-.0601501465
.0254364014
.0624084473
-.0691986084
.0373687744
-.0440826416
.0253143311
.0332336426
-.0754089355
-.0310058594
-.0281829834
-.0233459473
-.0365295410
-.0302124023
.0339050293
-.0217437744
.0276184082
.0210113525
-.0150299072
.0184020996
.0523223877
-.0201263428
.0173950195
-.0231018066
.0359802246
.0499267578
-.0334625244
.0431976318
-.0536346436
.0553741455
.0539550781
-.0391235352
.0418243408
.0339050293
-.0373840332
-.0365600586
-.0457305908
.0290679932
.0388336182
-.0222625732
-.0385131836
-.0514373779
.0452880859
.0460510254
.0305633545
.0514068604
.0608673096
.0271148682
-.0426025391
-.0291290283
-.0541687012
-.0284881592
.0235443115
.0527343750
.0277557373
.0219268799
.0492858887
-.0250854492
.0427398682
.0336151123
-.0436401367
.0665893555
.0884094238
.0494232178
.0502624512
-.0331878662
.0390319824
-.0233459473
-.0281372070
.0287170410
.0269775391
.0581512451
.0859069824
.0616912842
.0186920166
.0596313477
.0431671143
.0724792480
-.0519256592
-.0359039307
.0305786133
-.0263671875
.0758361816
-.0932312012
.0598754883
-.0473327637
-.0490264893
.0491027832
-.0193634033
.0203704834
-.0240783691
.0397949219
-.0220031738
-.0118713379
-.0216217041
.0552825928
-.0497283936
.0420837402
-.0276031494
-.0396728516
.0952148438
.0365753174
.0276184082
.0348663330
.0417327881
-.0332946777
-.0265197754
-.0417022705
-.0403289795
-.0288848877
.0229187012
.0237426758
-.0283660889
.0284118652
.0615234375
-.0460052490
.0320129395
.0656890869
.0578765869
-.0396270752
-.0311279297
-.0115814209
-.0177154541
.0809936523
.0926971436
.0775146484
.2039031982
.0774993896
-.0830688477
-.0567626953
-.0577087402
.0937805176
.0605773926
.0665740967
.0552673340
-.0336151123
-.1533050537
.0177307129
-.0218963623
-.0674896240
-.0444030762
.0347747803
.0652008057
.0712738037
.0775146484
-.0948638916
-.0975341797
.0674591064
-.0534210205
-.0679779053
.0766601563
-.0557250977
-.0753936768
.0703125000
-.0775604248
.1175079346
.0402984619
.0389862061
.0417175293
-.0363769531
.0482940674
.0467224121
.0324096680
.0328521729
-.0280456543
-.0336608887
.0542602539
-.0582885742
-.0420837402
-.0460357666
-.0435180664
-.0502624512
.0444488525
.0587921143
.0472259521
.0530700684
-.0344848633
.0473175049
-.0470581055
.0501708984
-.0551757813
-.0643005371
.0640411377
-.0513610840
.0620117188
-.0601806641
.0479888916
-.0442352295
.0558471680
-.0583038330
-.0562286377
-.0805664063
.0553131104
.0545959473
-.0727691650
-.0848083496
-.0839080811
-.1408386230
-.0705261230
.0766906738
-.0679779053
.0696563721
.0735168457
-.1041564941
.0999908447
-.0714569092
-.1065216064
.0775146484
.0722503662
-.0854644775
-.0569152832
.0941925049
.0646209717
-.0826263428
-.1071319580
-.0652923584
-.1237030029
.2281494141
.1979522705
.1811676025
-.1583404541
.0892639160
.1367187500
.1712188721
-.0808105469
.1507568359
-.1413269043
.1391143799
.1710205078
-.1878051758
.0872497559
.0873870850
-.1184387207
.1139373779
-.1426391602
.1585693359
-.2085266113
.1461944580
-.0975799561
.1091918945
-.1539611816
.1067199707
.1277313232
-.1417999268
.1472930908
.1740875244
.1472320557
-.1133117676
.1251831055
-.1321105957
-.0728149414
-.1041717529
-.1402740479
-.1561584473
.1083221436
.0898284912
-.1147155762
.0876922607
.1190185547
-.1409454346
-.0997619629
.0730743408
.0992279053
.1509246826
-.1194915771
-.1172637939
.1128540039
.0958404541
-.0816345215
.0997161865
-.0886840820
-.1279907227
.1243591309
-.1011047363
.0845642090
-.1135711670
-.1305084229
.0714569092
-.1053771973
.0671386719
.0529632568
-.0962066650
.0819244385
-.0672912598
-.1131896973
-.1700592041
.1911621094
-.1342773438
.0890350342
.0370635986
-.0693206787
.0843963623
-.0835571289
-.0942687988
.0757751465
-.0832214355
-.0798034668
-.1046447754
-.1029663086
.0750427246
.1316375732
-.1181945801
.1101837158
-.1136779785
.0862884521
-.0914001465
.1037292480
.1228332520
.1409301758
.1449279785
-.1225891113
.1158142090
.1128540039
-.1918945313
.1157989502
.1433410645
-.1468048096
-.1546173096
.1821136475
-.1427612305
-.1174621582
-.1006927490
-.1498565674
-.1103973389
.1093750000
-.1251983643
.1487884521
-.1997375488
.1749267578
-.1486053467
-.0892333984
-.1742858887
-.1589050293
-.1229858398
.1264038086
-.1286773682
.1072235107
-.1285400391
.1358489990
-.1087188721
.1160888672
-.0989227295
.1166381836
-.1091918945
.0893402100
.0933532715
.1272735596
-.0723876953
.1028289795
-.0926513672
-.1006011963
-.1285095215
-.0889892578
-.1258087158
.1456451416
.1361389160
.1058807373
.0842895508
-.0621490479
.0643157959
.0930480957
.0791015625
-.0585174561
.0838928223
-.0582427979
.1009979248
-.0878753662
-.1369171143
-.1191864014
-.1224975586
.1120300293
-.0820159912
.0792999268
-.0823669434
.0918884277
-.1133270264
-.1503601074
-.1128540039
.0932312012
-.1065216064
.0450439453
-.0648040771
.1261291504
-.2212829590
-.1798248291
.1464080811
-.0774993896
-.1272277832
.0728759766
-.0835571289
.0888061523
-.2018280029
-.0963745117
-.0955810547
.1013488770
-.0516357422
.0594329834
-.1072845459
-.1394653320
.1706542969
.0507507324
.0369720459
-.0339355469
.0698852539
-.0930175781
.0423431396
.0409698486
.0370483398
.0336761475
.0642089844
.0586242676
.0847320557
.0528106689
.0603332520
-.0711517334
.0443115234
-.0341796875
-.0370025635
.0623779297
-.1040496826
-.0769042969
-.0418090820
.0467529297
-.0914306641
-.0661773682
-.0382385254
-.0328826904
-.0263977051
.0548858643
.0469818115
.0258483887
.0390319824
-.0258636475
.0206298828
-.0465087891
-.0927124023
.0519714355
.0281372070
.0335388184
.0827484131
.0462036133
-.0303802490
-.0399627686
.0373382568
.0298614502
.1270751953
.0895233154
.0948181152
.0448303223
.0942840576
.0945892334
-.0389862061
.0490875244
.0297851563
.0274353027
.0698699951
.0752105713
.0802764893
.0699310303
-.0338897705
-.0348663330
.0385437012
.0661926270
-.0439910889
-.0477294922
-.0744628906
-.0482635498
.0700531006
.0564880371
-.0364837646
-.0345153809
-.0292053223
.0382537842
-.1547851563
.1891479492
.0984497070
-.0774841309
-.0748901367
-.0411987305
-.0259246826
.0303344727
.0227050781
-.0288238525
-.0471038818
-.0239410400
.0253143311
.0240173340
.0246429443
-.0454559326
.0305938721
-.0253906250
-.0402526855
-.0466003418
-.0776977539
-.0188903809
-.0375518799
-.0597839355
-.0335540771
-.0713195801
.0554199219
-.0267486572
-.0174255371
-.0407257080
-.0286102295
.0314636230
-.0275115967
-.0432891846
.0772247314
.0487365723
-.0380401611
.0440063477
-.0471649170
-.0310058594
-.0289916992
-.0446929932
-.0396728516
.0246124268
.0196228027
-.0350494385
.0390014648
.0465545654
.0259246826
.0264129639
-.0285644531
-.0331878662
-.0285949707
-.0337982178
-.0272064209
.0445404053
.0274963379
-.0315399170
-.0526885986
.0162963867
-.0310668945
-.0170440674
.0160064697
.0237731934
.0069427490
-.0194091797
-.0166625977
-.0140686035
-.0220336914
.0311431885
.0369873047
.0270385742
-.0346984863
-.0197753906
.0200958252
-.0294647217
-.0159759521
-.0166168213
-.0178833008
-.0162658691
-.0132446289
-.0076446533
-.0126647949
-.0115661621
.0219421387
-.0113983154
.0135955811
-.0091552734
.0152893066
.0219573975
-.0198669434
.0102233887
.0131530762
.0167083740
.0141906738
-.0080413818
.0113677979
.0372314453
.0091400146
-.0081329346
-.0120391846
-.0117797852
.0116271973
-.0363159180
-.0176239014
-.0141906738
.0377807617
-.0116119385
.0196990967
-.0222320557
.0156707764
.0401000977
.0302429199
.0140991211
.0157775879
-.0211791992
.0131225586
.0223388672
-.0208587646
-.0084838867
-.0198364258
.0159454346
-.0099182129
.0150146484
-.0109100342
-.0139007568
.0261993408
.0091552734
-.0311431885
-.0235137939
.0286865234
.0243072510
-.0359344482
-.0341339111
.0152587891
.0172424316
-.0182342529
.0167694092
.0208892822
-.0262908936
-.0276336670
-.0274963379
.0282440186
-.0168609619
.0290374756
-.0164031982
-.0247650146
-.0213165283
.0344390869
.0464630127
.0223541260
.0241699219
.0139160156
.0287170410
-.0487670898
-.0316467285
-.0497283936
-.0338897705
-.0630950928
.0367584229
-.0622711182
-.0195770264
-.0218658447
-.0145721436
-.0177764893
.0169525146
.0302124023
.0175018311
-.0217132568
.0252838135
.0186157227
.0100402832
-.0069122314
-.0070953369
-.0107269287
-.0042877197
-.0046539307
.0034790039
.0025024414
.0019683838
.0013275146
-.0010070801
-.0005340576
.0004882813
.0219421387
