.0048370361
.0025329590
-.0020446777
.0025787354
-.0045318604
-.0028076172
-.0022583008
-.0039367676
.0036773682
-.0032501221
.0034637451
.0036315918
.0044860840
.0025787354
-.0028533936
.0038299561
-.0026855469
-.0045928955
-.0055389404
-.0050506592
-.0057373047
-.0073852539
-.0081939697
.0089416504
.0106658936
.0096435547
.0101318359
-.0099182129
.0097351074
-.0053100586
-.0096740723
-.0069885254
-.0072631836
-.0066680908
-.0056610107
.0041351318
-.0039215088
.2233581543
-.2233581543
-.2233734131
.2233581543
-.2233581543
-.2233581543
-.2233581543
-.1940155029
-.2233581543
-.1860198975
-.1579742432
-.0824584961
-.0873107910
.0949096680
.0690612793
-.0622711182
.0272979736
.0345306396
.0172424316
-.0214691162
-.1600799561
.1255493164
.0990753174
.1151275635
-.0316772461
-.0507965088
.0504913330
.0221710205
-.0165405273
.0178070068
-.0146789551
.0123748779
.0120544434
-.0101470947
-.0105133057
-.0104064941
.0101013184
.0053405762
.0060424805
.0054016113
-.0045471191
.0066375732
.0066833496
-.0055694580
-.0033111572
-.0049438477
-.0048522949
-.0052185059
.0033721924
-.0027313232
-.0036315918
.0045776367
.0057830811
.0046844482
.0053405762
-.0034027100
.0027618408
-.0036163330
.0032043457
.0029144287
.0028533936
-.0031890869
-.0054168701
-.0038909912
-.0026397705
-.0027923584
-.0032501221
-.0042877197
.0053253174
.0035552979
.0031127930
.0036315918
-.0040435791
.0047454834
.0050506592
-.0036773682
-.0030822754
-.0046997070
-.0058593750
-.0061340332
.0053558350
.0119323730
-.0066833496
.0108032227
.0098876953
.0066223145
.0108184814
-.0104522705
.0094604492
.0082092285
-.0059051514
-.0059661865
.0047149658
-.0063781738
-.0034332275
-.0050811768
-.0051727295
.0066680908
.0039825439
.0050506592
-.0035705566
.0037841797
.0051879883
-.0052185059
.0041961670
-.0034332275
.0025634766
-.0031738281
-.0038452148
-.0029602051
.0028076172
.0027923584
-.0028686523
.0030822754
-.0020599365
-.0032501221
-.0026550293
-.0042266846
-.0040130615
-.0034942627
.0032043457
.0030822754
-.0023803711
.0020141602
.0028533936
.0034484863
.0037536621
-.0036926270
.0024719238
-.0036926270
-.0035858154
-.0044708252
-.0024108887
-.0018463135
-.0024566650
-.0018005371
.0033569336
.0042877197
.0021209717
-.0103759766
.0061950684
.0047912598
.0065002441
-.0066833496
-.0044708252
-.0042877197
-.0039825439
-.0050964355
-.0061492920
.0062408447
-.0043182373
.0055847168
.0079956055
.0075836182
.0073852539
-.0065765381
-.0069580078
.0034942627
.0061798096
-.0043792725
-.0129547119
-.0088806152
-.0043182373
-.0116882324
-.0038604736
-.0034637451
-.0039672852
.0030059814
.0093841553
.0104980469
.0058135986
.0063171387
-.0108032227
.0071868896
-.0105285645
-.0057067871
-.0068359375
-.0051879883
.0111236572
-.0048980713
.0026550293
.0077362061
.0057525635
.0038757324
.0093688965
-.0063323975
.0086975098
.0042419434
.0038299561
-.0042419434
-.0042877197
.0212097168
-.0068206787
.0061492920
-.0040283203
-.0047912598
.0040130615
.0043487549
.0037078857
.0038452148
-.0039672852
-.0044097900
.0060577393
.0027923584
-.0040588379
-.0055999756
-.0053710938
-.0029602051
.0037689209
.0036926270
.0034942627
.0029296875
.0038452148
.0032348633
.0026550293
.0041809082
-.0035705566
-.0034027100
-.0028686523
-.0043792725
-.0092315674
-.0060577393
-.0047760010
-.0025024414
.0032806396
.0029602051
-.0024261475
.0062866211
.0040283203
.0042724609
.0031890869
-.0043945313
.0040893555
-.0042419434
-.0030670166
-.0057067871
-.0045623779
-.0030822754
.0027313232
.0029296875
-.0036315918
.0041809082
.0042419434
.0033569336
.0024566650
.0032806396
-.0049438477
.0036773682
-.0025787354
-.0028076172
-.0032958984
-.0048065186
-.0026855469
.0034027100
.0031738281
-.0024261475
.0020446777
.0037689209
.0042419434
.0035858154
.0023956299
-.0023345947
.0021972656
-.0032501221
-.0027770996
-.0047760010
-.0025482178
-.0024108887
-.0031890869
.0041656494
.0035095215
.0045471191
.0045166016
-.0027465820
.0036163330
.0026550293
-.0029144287
-.0020141602
-.0038757324
.0039367676
-.0061950684
-.0029754639
-.0032348633
-.0032348633
.0038757324
-.0021362305
-.0022125244
.0032196045
.0036468506
.0036010742
-.0023956299
.0027008057
.0035247803
-.0041809082
-.0022277832
-.0046081543
.0026550293
-.0035247803
-.0023651123
.0030517578
-.0025634766
.0033264160
.0028686523
.0026397705
.0037231445
-.0026092529
.0035095215
-.0031738281
-.0023498535
.0022430420
-.0033569336
-.0046234131
-.0024719238
-.0025329590
.0023956299
.0029907227
.0030364990
.0023803711
-.0022125244
.0025329590
.0030212402
.0032958984
-.0033874512
-.0038299561
-.0027465820
-.0021057129
-.0025329590
-.0027770996
-.0040130615
.0038299561
.0028381348
-.0021057129
.0030212402
.0038909912
.0037689209
.0033416748
-.0021972656
-.0017547607
-.0026855469
-.0027313232
-.0027923584
-.0032501221
.0022583008
-.0030059814
-.0045928955
.0035858154
.0041656494
.0040130615
.0023193359
.0039672852
.0033874512
.0025787354
-.0038757324
-.0020599365
.0025482178
-.0042572021
-.0046234131
-.0050048828
.0027313232
-.0029907227
-.0025634766
.0027465820
.0039825439
.0032196045
.0040588379
.0023956299
.0024414063
-.0026245117
.0037078857
-.0030975342
-.0026245117
-.0034637451
-.0029907227
-.0032348633
-.0041656494
.0033264160
.0046234131
.0027770996
-.0029449463
.0054626465
.0035552979
-.0033721924
.0031433105
-.0019073486
-.0026702881
-.0043487549
-.0034637451
-.0035858154
.0024871826
-.0024108887
-.0045776367
-.0027160645
-.0053558350
.0041809082
-.0034790039
.0041656494
.0041503906
.0026245117
.0031433105
.0035247803
.0038604736
.0044555664
.0050964355
-.0035247803
.0871124268
.0326538086
-.0352325439
-.0366058350
-.0184326172
-.0202178955
-.0154724121
-.0089416504
.0061798096
-.0068511963
.0062255859
-.0047607422
.0046539307
.0039062500
.0045318604
.0060119629
.0021209717
-.0037231445
.0044403076
-.0035400391
.0027008057
-.0036010742
-.0037231445
-.0029602051
-.0046386719
-.0039672852
-.0046539307
.0024108887
.0023345947
.0042419434
.0043945313
.0040130615
.0040740967
.0023498535
.0034637451
-.0028839111
.0033264160
-.0030517578
-.0018005371
-.0034179688
-.0032806396
-.0036163330
-.0033111572
-.0045471191
.0064544678
.0038299561
.0104217529
.0321044922
.0191802979
-.0179138184
.0116729736
-.0092315674
.0157165527
-.0109710693
-.0066223145
-.0071105957
-.0042266846
-.0050506592
-.0041198730
-.0030364990
-.0031280518
.0035247803
-.0032806396
.0048065186
.0054931641
.0040893555
-.0036926270
.0034637451
.0038604736
.0033111572
-.0057220459
-.0024566650
-.0025634766
.0028533936
-.0056762695
-.0036468506
-.0046844482
.0050659180
-.0040435791
.0062408447
-.0044555664
.0082397461
-.0038452148
.0026702881
.0025024414
.0036621094
-.0041351318
-.0031890869
-.0033416748
-.0028228760
-.0034790039
-.0039062500
-.0036010742
.0021514893
.0023040771
-.0059356689
.0043945313
.0026550293
.0067749023
.0026092529
.0039215088
-.0025177002
.0039367676
-.0067749023
-.0042724609
-.0048217773
.0084533691
-.0053253174
-.0036926270
-.0041198730
.0038146973
-.0034027100
.0031433105
.0038604736
.0054779053
-.0029449463
-.0028076172
-.0022888184
.0031585693
-.0030517578
-.0037384033
-.0054016113
.0041046143
.0021972656
-.0076751709
.0033264160
.0046997070
.0047454834
-.0056457520
-.0043334961
.0057067871
.0044403076
.0021362305
.0037841797
-.0030364990
-.0032043457
-.0042724609
-.0032501221
-.0047912598
-.0027923584
-.0028533936
-.0021057129
-.0030670166
.0030212402
.0035247803
.0051269531
.0041046143
.0032501221
.0036163330
.0035095215
.0033569336
.0045623779
-.0041961670
-.0038299561
-.0027008057
-.0028076172
-.0033874512
-.0041961670
.0036926270
-.0036773682
.0023193359
-.0021972656
.0034790039
.0033569336
.0043792725
.0059661865
-.0031585693
.0046234131
.0026855469
-.0044403076
-.0061798096
-.0049896240
-.0054931641
-.0029144287
-.0032653809
-.0038299561
.0046234131
.0033264160
.0020904541
-.0035095215
.0075225830
.0050048828
.0043029785
-.0029602051
.0032043457
.0022583008
-.0026855469
-.0044097900
-.0023040771
-.0085601807
-.0028228760
-.0039367676
-.0022277832
.0031738281
.0030364990
.0026855469
.0023803711
.0042724609
.0052490234
.0043792725
.0028686523
.0031127930
-.0039672852
-.0033111572
-.0033111572
.0036163330
-.0039215088
-.0028076172
-.0041198730
-.0055541992
-.0025939941
.0033874512
.0038452148
.0031738281
.0041351318
.0046844482
.0083465576
-.0031433105
-.0028076172
-.0034179688
-.0032196045
-.0032653809
-.0041809082
-.0028076172
-.0030517578
-.0030517578
.0024871826
.0022583008
-.0021514893
-.0027160645
.0038604736
.0048522949
.0039825439
-.0029449463
.0038299561
.0031127930
.0040130615
-.0034332275
-.0046691895
-.0024414063
-.0032653809
-.0030670166
-.0045471191
-.0035400391
-.0026397705
-.0025787354
.0036773682
.0048828125
.0043334961
.0031585693
-.0031738281
.0028533936
.0028686523
.0023345947
-.0049438477
-.0047607422
-.0034332275
-.0032958984
-.0040130615
-.0045471191
.0038299561
.0039672852
-.0034637451
.0029602051
.0034027100
.0033416748
-.0029602051
-.0019989014
.0029144287
.0023498535
-.0041809082
-.0028076172
-.0042266846
-.0029449463
-.0039215088
.0029296875
-.0037994385
.0045471191
-.0033111572
-.0041046143
.0019226074
-.0017395020
.0029296875
.0024871826
-.0035858154
.0028839111
.0059967041
.0043334961
-.0053710938
.0035858154
-.0032501221
-.0041046143
-.0042724609
.0033874512
.0023651123
.0024871826
.0096893311
-.0131072998
.0225067139
.0177917480
-.0169219971
-.0166625977
.0202178955
-.0171051025
.0066375732
-.0240325928
-.0245056152
.0265808105
-.0401153564
.0422821045
.0387573242
-.0445861816
.0551605225
-.0637207031
-.0638122559
.0574188232
-.0666503906
.0810089111
.0958862305
-.0741424561
.0908203125
-.0587615967
.0550537109
.0663757324
.0559997559
.0521545410
.0520935059
.0505981445
.0444641113
.0383148193
.0249176025
.0356903076
.0269165039
.0322723389
-.0353088379
-.0247344971
.0554351807
-.0693054199
.1092834473
.1064910889
.0836181641
.0954284668
.1409912109
.1345062256
-.1203460693
.1235351563
.1707611084
.1209411621
.1605682373
.1318206787
.1432647705
-.1040496826
.1059570313
.1627807617
-.1169281006
-.0789337158
.0880889893
-.0846557617
.0467071533
.1009674072
.1004333496
.0709228516
-.0381317139
-.0400543213
.0300140381
-.0518951416
.0631866455
.0456237793
.0632781982
-.0503082275
-.0246887207
-.1316223145
-.1541290283
-.1907958984
-.1809692383
-.1672515869
.1503601074
-.1565246582
.1260223389
-.1170959473
-.1103363037
.1047973633
.0894927979
-.0719909668
.1055603027
.1013946533
.0862274170
.0829010010
.0734100342
.0630035400
-.0439605713
-.0337677002
-.0283813477
-.0226745605
.0198669434
.0174255371
.0139770508
.0127410889
.0153656006
-.0122070313
.0983886719
-.0420989990
.0321044922
.0152282715
.0575866699
-.0313873291
-.0853729248
.0421142578
.0261840820
-.0189971924
.0224456787
-.0157012939
.0194396973
-.0141601563
-.0146789551
.0118865967
.0159301758
.0125427246
-.0109252930
-.0126647949
.0064392090
-.2233581543
-.0883941650
-.0545349121
.2233276367
-.0988311768
.0802612305
.2217712402
.2226104736
-.1631469727
-.1259307861
.0685424805
.0819549561
.0551910400
.0409851074
-.1159667969
.0577087402
.0585021973
.0428619385
.1245117188
-.1122589111
-.1136627197
.1876068115
-.1137237549
-.1337738037
.1816101074
.1336975098
-.0865783691
-.0690917969
-.0677947998
.0411987305
.0223541260
.0147857666
-.0134887695
-.0112609863
.0085601807
-.0099792480
-.0075225830
.0050659180
.0071563721
-.0064239502
-.0054473877
.0049591064
-.0037841797
-.0051727295
.0045928955
.2233428955
-.1174163818
-.0881042480
-.1160736084
.0922088623
.1734619141
-.0842437744
-.2233581543
-.2233581543
-.1337432861
-.1017913818
.0711975098
.0799713135
-.0507812500
-.0564117432
.0417938232
-.0472717285
-.0358428955
.0381469727
-.1764068604
-.0684661865
-.0452880859
.0724334717
.1038208008
.1656188965
.1167449951
-.0904388428
.0802459717
-.0461578369
.0275878906
.0465240479
.0293884277
.0215454102
-.0173187256
-.0170745850
-.0123138428
-.0142517090
.0131378174
-.0170745850
-.0094451904
.0135803223
-.0097351074
.0133819580
-.0089874268
.0122070313
.0043792725
-.0122070313
-.0061340332
.0111694336
-.0055084229
-.0108947754
-.0045928955
.0096282959
.0059356689
-.0064849854
.0064086914
.0044860840
-.0071105957
.0059509277
-.0052642822
.0062866211
-.0075225830
-.0059967041
.0049285889
-.0044250488
-.0054168701
-.0059967041
.0047302246
.0072479248
-.0056457520
.0066833496
.0051116943
-.0043640137
.0032043457
-.0051574707
.0049285889
-.0042572021
.0037231445
-.0040435791
.0039062500
.0036621094
-.0041198730
-.0036926270
-.0035247803
.0031890869
.0048217773
-.0043182373
-.0039215088
-.0026855469
-.0032958984
-.0041961670
.0034790039
.0034027100
-.0030822754
