-.0005340576
-.0008087158
-.0009765625
-.0010528564
-.0014343262
-.0011901855
-.0036163330
-.0038757324
-.0034179688
.0036926270
-.0032806396
-.0037689209
.0038909912
.0096130371
-.0085449219
-.0095214844
.0082397461
-.0101928711
-.0113677979
.0121459961
-.0166625977
-.0331420898
.0157623291
-.0091857910
-.0138092041
-.0217895508
-.0149841309
-.0151214600
.0139465332
-.0182189941
-.0192718506
.0206604004
-.0220489502
-.0227508545
.0270385742
.0125122070
-.0144195557
-.0219116211
-.0175018311
.0249481201
.0233612061
.0249938965
-.0443878174
-.0499572754
-.0552825928
-.0776672363
.0648498535
-.0252990723
-.0252227783
-.0543670654
-.0484771729
.0422668457
.0229644775
.0287017822
-.1322021484
-.1015777588
-.0516662598
-.0294647217
.0248260498
.0356292725
.0363311768
-.0387573242
-.0389709473
.0277404785
.0337982178
.1109924316
.1681365967
.1592102051
.1678466797
-.2215881348
-.1736145020
-.0574340820
-.1658172607
-.0728454590
.0338897705
.0298461914
-.0562896729
-.0864715576
-.0522613525
-.0213165283
-.0206909180
.0364227295
.0216064453
.0237426758
-.0232086182
-.0232696533
.0283050537
-.0169219971
.0180358887
-.0198516846
-.0265655518
-.0294036865
.0345764160
.0258789063
.0188140869
-.0283508301
-.0151062012
-.0222473145
.0211334229
.0339202881
.0341186523
-.0302886963
-.0191802979
-.0226898193
.0186004639
.0193176270
.0196533203
-.0263824463
.0171051025
-.0269012451
-.0250091553
-.0317840576
.0272521973
-.0191650391
-.0110168457
.0147399902
-.0205688477
.0239562988
.0162506104
.0150604248
-.0273284912
-.0653076172
.0479278564
.0386962891
.0343322754
-.0690612793
-.0463562012
-.0211791992
.0227508545
-.0436706543
-.0569763184
-.0731201172
-.0659942627
-.0395355225
.0250854492
.0142974854
.0262145996
-.0256805420
-.0236968994
.0593261719
.0484008789
.1018676758
.0878601074
.0670166016
-.0553588867
-.0411071777
.0252838135
.0227966309
.0189208984
-.0522766113
-.0542907715
-.0359344482
-.0337524414
-.0225830078
.0304260254
-.0270233154
-.0240173340
.0278778076
.0228576660
-.0278778076
.0192718506
-.0291595459
.0796966553
.0932312012
.0227661133
.0190887451
-.0292968750
-.0286254883
-.0642852783
-.0788421631
-.0143280029
.0333557129
-.0585784912
-.0568542480
-.0681457520
.0237884521
.0279083252
.0320281982
-.0233459473
-.0262451172
.0154266357
.0214080811
.0304565430
.0342864990
-.0237579346
-.0204467773
-.0226287842
.0308532715
.0354614258
-.0233306885
-.0225677490
-.0307312012
-.0196533203
-.0236511230
.0283355713
.0209960938
-.0292358398
-.0246276855
.0206756592
.0169525146
.0278930664
-.0229034424
.0166473389
-.0193328857
.0172882080
.0370941162
-.0209503174
.0325622559
-.0792694092
-.0466613770
-.0571441650
.0765991211
.0347747803
-.0334930420
-.0297088623
-.0208435059
-.0659790039
.0310058594
.0257263184
.0229339600
-.0272521973
-.0250854492
-.0306396484
.0236053467
.0227813721
-.0342254639
-.0688476563
.0247497559
.0524291992
.0209655762
.0231933594
-.0238189697
-.0235900879
.0118103027
.0253753662
.0211639404
-.0272216797
-.0294494629
-.0262451172
-.0185241699
.0398559570
.0259704590
-.0226898193
-.0235595703
-.0185546875
.0229339600
.0210876465
.0181274414
-.0285644531
-.0179595947
.0180511475
.0248107910
.0444335938
.0246429443
-.0294799805
-.0384216309
-.0169067383
.0306549072
.0193176270
.0212249756
-.0375671387
-.0290832520
-.0270843506
.0341796875
.0295410156
.0294647217
-.0523986816
-.0318298340
-.0331573486
.0421295166
-.0402679443
-.0709228516
-.0903015137
.0225524902
-.0362396240
.0426940918
.0290985107
-.1387481689
-.1116943359
-.0258941650
.0520172119
.0816345215
-.0683898926
-.0306091309
-.0234527588
.0374603271
.0478363037
.0812072754
.0319671631
-.0363311768
.0414581299
.0332183838
.0394287109
-.0747985840
-.0586090088
-.0332183838
-.0383300781
.0207824707
.0285797119
.0195007324
-.0160827637
-.0215759277
-.0292968750
.0259552002
.0173492432
-.0227050781
-.0272674561
-.0266876221
-.0152893066
-.0171356201
.0241088867
.0281066895
-.0341186523
-.0209655762
-.0236206055
.0170135498
.0224761963
-.0248565674
.0228729248
.0438995361
.0250854492
.0187225342
-.0240325928
.0186004639
-.0311279297
.0663909912
.0363922119
.0207061768
-.0166015625
-.0217895508
.0191192627
-.0261230469
.0296173096
.1378936768
.0956726074
.0560607910
.0282592773
.0514373779
-.0544891357
-.0553588867
-.0644073486
.0587310791
.0691986084
-.0937652588
.0579223633
.0302581787
.0817108154
-.0696563721
-.0359802246
.0825347900
.0845489502
.0370330811
-.0268402100
-.0261383057
-.0525817871
.0577850342
.0250549316
-.0153350830
.0331573486
-.0227661133
-.0260314941
-.0533142090
.0372161865
-.0516967773
-.0517883301
-.0367736816
-.0232849121
.0335998535
.0185852051
-.0313415527
.0553894043
-.0681304932
-.0862579346
.0916900635
.0931243896
-.0696105957
-.0410614014
-.0303649902
.0197906494
-.0149841309
.0252990723
-.0293426514
-.1178283691
-.1026458740
.0384063721
.0623016357
.1080474854
-.0928039551
-.1019134521
-.0458526611
-.0403900146
.0520629883
-.0442199707
-.0680847168
-.0350494385
.0421142578
.0842895508
-.0949096680
.0834197998
-.0662231445
-.0337066650
-.0492706299
.0229949951
.0528564453
-.0695037842
-.0649566650
.0690917969
-.0964813232
.0364379883
.0331268311
-.0936126709
.0722351074
-.1158905029
.0511627197
-.0405578613
-.0846710205
-.0919342041
-.0859680176
.0197601318
-.1673431396
.1345367432
-.1063537598
-.0943756104
-.0476989746
-.0352630615
-.0411224365
.0302581787
.0586853027
-.0448760986
-.0352935791
.0339050293
.0321502686
.0197143555
.0472106934
-.1086578369
-.1084747314
.1446228027
.0445251465
.0719604492
-.0436401367
-.1091918945
.0277099609
-.0708312988
.0594635010
.0982513428
-.1181488037
-.0331420898
-.0309600830
.0878295898
.0481719971
.1129760742
-.0838623047
.0321502686
-.1040496826
-.0788269043
.0662078857
-.0236816406
-.0253601074
-.0252685547
-.0386047363
.0330352783
-.0367431641
-.0547790527
-.0804138184
-.1636199951
.1386108398
-.0741729736
.0692138672
.1140747070
-.0519104004
-.0382537842
-.0339965820
.0525512695
.0659942627
-.0292968750
-.0719451904
.0720977783
-.0572967529
-.0787963867
-.0565795898
-.0312194824
-.0605621338
-.0610504150
.0741577148
-.0707550049
.0274047852
.0234527588
-.0912780762
-.0907897949
-.0754852295
.0521850586
-.0353546143
.0605163574
-.0588531494
-.0352020264
.0303649902
-.0275878906
-.0556335449
-.0280151367
-.0261383057
-.0393981934
.0289916992
.0281219482
.0263214111
.0487213135
-.0378875732
.0459899902
.0328063965
.0325317383
.0514068604
-.0765991211
.0505676270
.0371398926
.0245513916
.0222473145
-.0526123047
-.0461425781
-.0336303711
.0283508301
-.0284423828
.0253753662
-.0390930176
-.0196838379
-.0260314941
.0311889648
-.0237884521
-.0400848389
-.0339202881
-.0367736816
.0599212646
.0250244141
.0347747803
-.0288848877
.0736083984
.0333557129
.0307312012
.0242004395
-.0256347656
-.0232238770
-.0243988037
-.0265350342
.0234069824
.0358123779
.0311737061
-.0362396240
-.0289306641
.0341644287
.0271606445
-.0395202637
.0247039795
.0377044678
.0274810791
-.0314178467
.0272827148
.0343780518
-.0167236328
.0167236328
-.0209655762
-.0187530518
.0225524902
.0395355225
-.0390472412
.0264739990
.0512390137
.0355377197
.0204162598
-.0339660645
-.0259399414
.0734405518
.0974578857
.0647735596
.1033477783
-.0888366699
.0775299072
.0825195313
-.0581054688
.0593261719
-.0776214600
-.0773162842
-.0324859619
-.0718994141
.0505065918
.0311737061
.0296783447
-.0191040039
.0335083008
.0342102051
-.0264434814
.0162048340
-.0281219482
-.0499877930
.0401763916
.0441436768
.0362396240
.0680541992
-.1001739502
-.1038055420
-.0366363525
.0445251465
-.0300445557
.0307922363
-.0261077881
-.0245971680
.0295715332
-.0190582275
.0187225342
-.0186004639
-.1088714600
-.0621337891
-.0502471924
.0302276611
.0732879639
-.0841979980
-.1022796631
.0282745361
.1452026367
.1860504150
.0230255127
-.0200347900
-.0973358154
-.1399078369
-.1336669922
-.0976409912
-.0706024170
-.0651245117
-.0238952637
.0433807373
.0564727783
.0372009277
-.0464172363
-.0478057861
-.0311279297
.0493927002
-.0453338623
-.0566558838
-.0466918945
-.0349884033
-.0276336670
.0377960205
.0463104248
-.0531616211
.0261230469
-.0260620117
-.0250244141
-.0254669189
.0206604004
.0149536133
-.0253448486
-.0350341797
-.0218811035
.0562591553
-.0844421387
-.1057586670
-.1679229736
-.1819458008
.0842132568
.0360870361
.0177612305
-.0685577393
-.0428924561
-.0603485107
-.0607147217
.2644195557
.0886383057
-.0673522949
-.0731811523
-.0405883789
.0264129639
.0200347900
.0254669189
-.0381622314
.0489501953
.0400695801
-.0455932617
-.0960388184
-.1375579834
-.1701354980
-.0744628906
.0432434082
-.0841522217
-.0708770752
-.1079101563
-.1220092773
-.1291351318
-.1882476807
.1482696533
.0456542969
-.0575103760
-.0537109375
-.0752868652
-.0266876221
.0279235840
.0282592773
-.1227264404
-.1806945801
-.1479187012
-.1710968018
.0740814209
-.0418701172
-.0280303955
-.0307464600
-.0255584717
.0319519043
.0181427002
.0200347900
-.0227355957
.0249176025
-.2632598877
.0427093506
-.0264282227
-.0408325195
-.0272674561
-.0270843506
.0286254883
.0171966553
-.2173309326
.0873718262
-.0326232910
.0307159424
.0369415283
-.0406951904
.0260620117
-.0238037109
.0297088623
-.0222930908
-.0351867676
-.0246429443
-.0216369629
-.0244598389
-.0279083252
.0214080811
-.0274658203
-.0214691162
-.0211486816
.0381469727
.0466918945
.0288085938
.0488891602
-.0290374756
-.0363769531
.0223388672
-.0310516357
.0285186768
-.0467834473
.0486297607
-.0709228516
-.1217346191
.1506500244
-.1284332275
-.1409912109
-.1358642578
.1751861572
.0875396729
-.0768737793
-.0790252686
.1204681396
-.0732727051
-.1200103760
-.0852050781
.0912628174
.0563507080
-.0560607910
-.0320129395
.0239868164
-.0252685547
-.0348968506
-.0255432129
-.0226593018
.0352630615
.0457458496
.0441894531
-.0467376709
-.0411224365
-.0369110107
.0290069580
-.0218811035
.0273895264
-.0321197510
.0269927979
-.0222778320
.0270690918
.0295562744
.0229034424
.0327606201
-.0287780762
-.0448150635
-.0210876465
.0222015381
-.0688171387
-.0455932617
.0281829834
-.0341796875
.0696716309
.0698699951
-.0476074219
.0371093750
.0697784424
.0219116211
-.0172271729
-.0462951660
-.0288696289
-.0280761719
-.0299072266
.0555419922
.0505218506
-.0344696045
.0241394043
.0288848877
-.0472717285
-.0231933594
-.0667572021
-.0408630371
-.0281219482
-.0294189453
-.0377960205
-.0422363281
-.0313110352
.0179443359
-.0230712891
.0312957764
.0281372070
-.0248565674
-.0185546875
-.0278472900
.0232086182
-.0226287842
.0218658447
.0212707520
.0492706299
-.0500335693
.0534973145
-.0516510010
.0443420410
-.0358428955
-.0868835449
.0602874756
.0424346924
-.0293731689
.0278625488
-.1501159668
-.0581207275
.0298156738
.0228424072
-.0175476074
-.0323181152
-.0222167969
-.0313262939
-.0568084717
-.0563507080
.0472259521
.1289672852
-.0563659668
-.1362762451
-.0665740967
-.1688995361
-.1033477783
.0965118408
.0666198730
-.0744476318
-.0860595703
.0665740967
.0420684814
-.0448150635
-.0845642090
.0437164307
-.0709686279
-.0812683105
.0336456299
.0348968506
-.0342864990
-.0377197266
-.0321960449
-.0623321533
-.0780181885
.0426025391
.0323791504
.0724182129
.0661926270
.0689544678
.0642242432
.0333404541
-.0436859131
.0543975830
-.0263061523
.0228576660
-.0287017822
.0539703369
-.0267181396
-.0380859375
.0312042236
.0329284668
.0719757080
.0381622314
.0236358643
-.0504913330
.0691528320
-.1008605957
.0527038574
-.0274200439
-.0255584717
-.0677337646
.0377960205
.0526123047
.0721588135
.0293579102
-.0252380371
.0263061523
.0309600830
.0277252197
.0398101807
-.0139312744
-.0355682373
.0937805176
.1409759521
-.0687561035
-.1196594238
.0522766113
.1553802490
.0193328857
-.0359191895
-.0426025391
-.0892639160
-.0333557129
.0480194092
.0492706299
.0949401855
.0696105957
.0508575439
-.0269927979
-.0133056641
.0431365967
.0607604980
.2000885010
.0331573486
.0267791748
-.0294952393
.0231018066
.0336303711
.1004791260
-.0448608398
-.0502166748
-.0542755127
-.0346984863
-.0275878906
-.0356445313
-.0483856201
-.0247955322
.0462646484
.0453338623
.0500488281
.0404968262
-.0482330322
-.0277252197
.0221710205
-.0316772461
.0258178711
.0196075439
-.0281219482
.0412445068
.0310363770
.0284576416
-.0256500244
-.0220184326
-.0241088867
-.0412902832
.0492248535
.0439758301
.0339508057
-.0240020752
-.0206604004
.0146942139
.0153808594
.0114746094
-.0124359131
-.0167388916
-.0092163086
-.0095367432
.0138244629
.0133666992
.0085601807
-.0099487305
.0053100586
.0057830811
.0052185059
.0060882568
-.0038146973
-.0025329590
-.0031433105
.0030364990
.0032196045
-.0029144287
.0018310547
.0015716553
-.0018463135
-.0024414063
.0021209717
.0008544922
-.0007171631
-.0003814697
-.0005340576
.0084381104
