-.0000762939
-.0000762939
-.0010681152
-.0014343262
.0021514893
-.0021209717
.0027770996
-.0038604736
.0035858154
.0048370361
.0059204102
-.0062408447
-.0079956055
-.0058288574
.0075836182
-.0071716309
-.0062561035
.0080718994
-.0162353516
.0079498291
.0124053955
-.0077972412
.0066528320
-.0098114014
.0134124756
-.0058593750
.0074157715
.0258941650
-.0127410889
.0198516846
-.0203247070
.0339355469
.0444030762
.0446624756
.0332336426
.0311431885
.0305786133
-.0372619629
-.0267181396
.0252990723
-.0365753174
-.0376129150
-.0427856445
.0390472412
-.0592651367
-.0493469238
.0488586426
.0393218994
.0406646729
.0333709717
.0364532471
.0358734131
.0349578857
.0281372070
.0158843994
-.0094757080
.0118713379
.0103454590
-.0073242188
.0067291260
.0058593750
-.0113220215
.0324249268
.0225219727
.0236053467
-.0214538574
-.0263824463
-.0220489502
-.0086364746
.0143432617
.0249786377
-.0191345215
.0270080566
.0414581299
.0540924072
.0454101563
.0427703857
.0437164307
.0447845459
.0514831543
.0743255615
.0567321777
.0486450195
-.0426788330
-.0388183594
.0457763672
.0493011475
.0429382324
.0460357666
.0508422852
.0429687500
.0412292480
-.0390319824
-.0373382568
-.0338745117
-.0527648926
-.0454864502
-.0414123535
-.0502319336
.0623168945
.0358734131
-.0329132080
.0379791260
.0420837402
.0545501709
-.0437316895
.0292510986
-.0293426514
.0265350342
.0156250000
-.0119476318
-.0146942139
.0160369873
-.0138397217
.0122070313
-.0043945313
-.0075683594
.0091857910
.0137634277
-.0262298584
-.0656585693
-.0572662354
-.0669708252
-.0674591064
-.0517120361
-.0388183594
-.0599822998
.0861206055
.0723571777
-.0767364502
.0524597168
-.0475006104
.0571136475
.0572814941
.0619964600
.0703125000
.0699310303
.0766143799
.0816345215
.0790252686
.0877075195
-.0890502930
-.1072845459
-.0974121094
-.1158752441
-.0901794434
-.1172790527
-.0922393799
-.0769500732
-.0638732910
.0377349854
.0221862793
-.0324554443
.0281219482
-.0294799805
.0283508301
-.0283813477
.0164184570
.0117950439
.0144500732
-.0127105713
-.0077819824
.0245208740
-.0123138428
-.0125122070
.0225982666
-.0238037109
-.0201568604
-.0180206299
-.0258789063
-.0273284912
.0305786133
-.0257568359
-.0362854004
-.0216674805
.0340881348
-.0330657959
.0920410156
-.0396881104
.0528411865
.0358276367
.0321655273
-.0164031982
.0287780762
-.0271759033
-.0253601074
.0290527344
-.0376586914
-.0258483887
.0282592773
-.0201416016
.0249176025
-.0159912109
-.0201110840
.0205993652
-.0176086426
-.0200042725
.0139617920
-.0250091553
.0247039795
-.0133819580
-.0168914795
.0239868164
.0271911621
-.0241088867
-.0366973877
.0287170410
.0291900635
-.0275878906
-.0297393799
.0272521973
-.0227355957
-.0210113525
-.0201721191
-.0232086182
.0283813477
.0323638916
.0318908691
.0208129883
.0330047607
.0216522217
.0233917236
-.0160522461
.0178833008
.0191802979
-.0203399658
.0220489502
-.0191345215
.0320892334
.0249786377
.0231323242
-.0185546875
.0244140625
.0249938965
.0246887207
.0372009277
.0221862793
.0319061279
-.0251007080
.0230407715
.0189666748
-.0163726807
.0178070068
-.0199432373
.0145874023
.0090332031
.0125427246
.0078277588
-.0073394775
.0074920654
-.0091552734
.0082397461
-.0090179443
-.0093688965
-.0130157471
.0103607178
-.0124664307
.0111541748
.0108795166
.0104827881
.0097503662
.0106506348
.0083465576
.0115203857
-.0092926025
-.0080108643
.0078125000
.0063476563
-.0088348389
.0114440918
-.0089111328
-.0061645508
-.0057067871
-.0039367676
.0074157715
.0117797852
-.0274810791
.0424804688
.0575561523
.0501251221
.0516052246
.0654144287
.0511932373
.0682525635
.0653076172
.0544281006
-.0402984619
-.0500640869
.0477600098
.0347290039
.0342102051
.0326080322
.0363922119
.0261230469
.0343170166
.0348663330
.0462646484
.0406799316
.0425415039
.0514984131
.0401458740
.0382843018
.0444030762
.0366516113
-.0305938721
.0225982666
.0155792236
-.0121612549
.0085449219
.0058898926
.0063323975
.0079956055
-.0260772705
.0289916992
-.0171813965
-.0111236572
.0173492432
-.0194244385
.0168609619
.0186614990
.0224456787
.0164031982
-.0190277100
.0117645264
-.0217132568
-.0296020508
.0233764648
.0357208252
.0363006592
.0339660645
.0312194824
.0334167480
-.0313720703
-.0321502686
.0424652100
.0405120850
-.0357055664
.0411071777
.0481414795
.0358734131
.0480499268
.0316925049
.0333251953
.0390319824
-.0424652100
.0247497559
-.0411224365
.0321350098
.0338287354
.0387115479
-.0350799561
.0274810791
.0298461914
-.0288543701
-.0335388184
-.0297241211
-.0230102539
.0155181885
.0130310059
.0096435547
-.0066986084
-.0054473877
-.0099334717
.0105438232
-.0132904053
-.0119171143
.0098571777
.0073547363
.0137481689
.0131072998
.0151367188
.0151977539
.0101013184
.0111083984
-.0098419189
.0153198242
-.0218048096
.0355834961
.0322723389
.0230560303
.0255126953
-.0321044922
.0328674316
-.0565948486
-.0617675781
.0668029785
-.0936431885
-.0834655762
-.0647735596
.0544281006
.0592651367
.0506286621
.0402069092
-.0369873047
.0281372070
.0259704590
-.0634460449
.0566101074
.0448150635
.0352935791
.0251007080
-.0301666260
.0285797119
-.0283203125
.0248260498
.0286102295
.0314483643
-.0286102295
-.0338134766
-.0278472900
-.0188293457
-.0118865967
-.0084533691
.0065002441
.0066223145
.0054626465
-.0076599121
.0089569092
-.0052642822
.0150604248
.0183868408
.0163421631
-.0170898438
.0222930908
-.0239105225
.0266418457
-.0301818848
.0281677246
-.0243988037
-.0189361572
.0174255371
-.0235443115
.0247955322
.0334014893
.0281219482
.0261688232
.0324859619
.0409698486
-.0368652344
-.0388488770
-.0336456299
.0295562744
-.0395050049
-.0372772217
.0355987549
-.0424346924
-.0319213867
-.0263366699
.0393371582
-.0301513672
-.0297088623
.0395355225
-.0319976807
-.0290222168
.0380706787
-.0364074707
.0223236084
.0350036621
-.0408477783
.0429534912
.0325012207
.0397186279
.0182647705
.0394744873
.0245513916
-.0750732422
.0556030273
-.0592803955
-.0498962402
.0332794189
-.0382537842
.0405273438
-.0255889893
.0309448242
-.0304412842
-.0193328857
.0258636475
-.0374145508
.0314331055
-.0153198242
-.0541229248
.0705413818
-.0555572510
.0471343994
.0350952148
-.0417785645
.0273284912
-.0185852051
-.0187835693
-.0336151123
.0258178711
-.0280609131
.0156097412
.0178680420
-.0181274414
.0313720703
-.0181274414
.0169067383
.0159912109
-.0140686035
.0194549561
-.0252685547
.0215301514
-.0259857178
.0253601074
-.0191802979
.0181427002
.0158691406
-.0127716064
.0137786865
.0178375244
.0229797363
-.0133666992
-.0114288330
.0202636719
-.0325469971
.0350952148
-.0372467041
-.0334320068
.0583648682
-.0639953613
-.0652160645
-.0721130371
-.0731048584
-.0800018311
-.0789184570
-.0834960938
.0913238525
.0720520020
.0711364746
-.0616760254
.0563964844
.0662536621
.0441436768
.0573730469
-.0499725342
.0473937988
.0645294189
.0528411865
-.0201263428
.0200500488
.0177917480
-.0192718506
.0194549561
-.0122528076
.0200653076
-.0181884766
.0393218994
.0307769775
.0350799561
.0395660400
-.0462036133
.0506134033
.0443420410
.0385131836
-.0258178711
.0145874023
-.0143890381
.0139923096
-.0167541504
-.0273284912
-.0437469482
-.0430145264
-.0440521240
-.0569000244
-.0917816162
-.1184234619
-.0938262939
-.0710144043
-.0798645020
.0632324219
-.0901489258
-.0642547607
-.0834503174
-.0717315674
.0782775879
-.0764007568
-.0743103027
-.0677185059
-.0776062012
.0612182617
-.0611877441
-.0623779297
.0604705811
-.0565948486
.0561523438
-.0610351563
-.0458374023
-.0464324951
-.0299682617
.0389404297
-.0293884277
.0288238525
.0242462158
-.0252075195
.0289001465
-.0240173340
-.0140533447
.0132446289
-.0099334717
-.0170288086
.0340423584
-.0628967285
-.0865478516
.0731658936
-.0622558594
.0715942383
.0524902344
.0823516846
-.0550384521
.0509643555
.0599212646
-.0565490723
.0587463379
-.0662536621
.0521545410
-.0581970215
-.0700073242
.0639953613
-.0442962646
.0594177246
.0519104004
-.0493011475
-.0478363037
.0563201904
.0550079346
.0519561768
.0588531494
.0533294678
-.0469512939
.0560455322
.0811004639
-.0832977295
-.0802459717
.0484313965
.0460205078
.0344696045
.0489044189
-.0375976563
.0465393066
-.0288238525
.0260467529
-.0251617432
-.0168151855
-.0317077637
.0375823975
.0534362793
.0677642822
-.0509643555
.0487060547
.0436248779
.0429077148
-.0381164551
.0445556641
.0519866943
.0494232178
.0420227051
-.0433044434
.0371551514
.0351867676
.0325012207
.0459136963
.0266876221
.0372467041
.0306091309
.0315399170
.0328216553
.0336151123
.0412292480
-.0364074707
.0279541016
.0318603516
.0316467285
.0267639160
.0246582031
.0225830078
-.0247802734
-.0283813477
-.0285186768
-.0233154297
-.0282897949
.0339202881
-.0146331787
.0194702148
.0075531006
.0110473633
.0252990723
-.0125885010
-.0160064697
.0188903809
-.0215606689
.0225982666
.0349884033
-.0463104248
-.0575103760
-.0659332275
.0682373047
.0556945801
.0564727783
-.0610198975
.0614776611
.0627441406
-.0603942871
.0591735840
.0558776855
.0721130371
.0574798584
-.0614013672
.0576934814
-.0614166260
.0513000488
.0486907959
-.0582427979
-.0352325439
-.0432891846
.0200805664
.0193328857
-.0140075684
.0102081299
.0136718750
-.0150451660
-.0152740479
-.0120544434
-.0104217529
-.0162506104
.0198059082
-.0141448975
.0171051025
.0239105225
-.0169525146
.0204315186
.0221252441
.0164337158
.0158081055
-.0198974609
.0193939209
.0145416260
.0111999512
.0165252686
-.0146179199
.0148773193
.0140075684
-.0124206543
.0134887695
.0147094727
.0076141357
.0122375488
-.0081329346
-.0074005127
.0068359375
-.0094299316
.0063323975
-.0069885254
-.0080413818
-.0138549805
-.0067749023
-.0082550049
-.0062561035
.0073699951
-.0072326660
-.0075988770
-.0053253174
-.0066375732
.0059356689
.0052795410
.0046234131
-.0061645508
.0071411133
-.0062561035
-.0174255371
-.0241394043
-.0307617188
.0454101563
.0494689941
-.0455017090
-.0462646484
.0405426025
.0460815430
.0547943115
.0553436279
.0610504150
-.0614471436
.0670776367
.0695800781
-.0543365479
.0721130371
.0705261230
.0645294189
.0602264404
.0819244385
.0652160645
-.0825195313
.0248718262
-.0226440430
-.0183105469
.0112762451
-.0065307617
-.0158691406
-.0341644287
-.0411834717
-.0341339111
-.0369262695
-.0323944092
-.0333251953
-.0269927979
-.0359649658
-.0258026123
-.0284271240
.0301361084
-.0238800049
-.0188446045
-.0378265381
-.0493469238
-.0534820557
-.0594482422
-.0583038330
-.0538330078
.0518188477
-.0676879883
.0522460938
-.0613861084
.0513916016
.0662994385
-.0646057129
-.0742797852
-.0827941895
-.0821838379
-.0804443359
-.0728149414
-.0717163086
-.0736389160
.0722503662
.0775604248
.0678253174
.0583648682
.0534515381
.0381469727
-.0274353027
.0212402344
-.0195465088
.0122985840
-.0428924561
.0185699463
.0169219971
-.0167694092
-.0099487305
.0239562988
-.0395202637
.0410766602
-.0404663086
.0545654297
.0568542480
-.0502471924
-.0500335693
.0570068359
-.0540924072
-.0448303223
-.0377197266
.0349884033
.0314941406
.0358428955
.0292968750
.0265197754
.0273895264
.0286254883
.0357971191
.0292816162
.0258789063
.0242462158
.0234527588
.0229797363
-.0281066895
.0265655518
-.0298461914
-.0307159424
.0372467041
-.0339660645
.0177764893
-.0145568848
-.0125579834
.0130920410
-.0096435547
-.0120544434
.0063323975
-.0083923340
.0183258057
-.0225219727
-.0258331299
-.0259704590
.0302429199
.0351867676
.0398101807
.0445251465
-.0431976318
-.0394287109
.0420837402
-.0372161865
.0442657471
-.0434875488
-.0439605713
-.0462493896
.0370635986
.0505828857
-.0347595215
-.0411682129
.0425567627
.0385131836
.0355224609
.0389099121
-.0333862305
-.0280151367
.0292053223
-.0308380127
.0377197266
.0362701416
.0455932617
-.0457153320
.0350952148
.0256195068
-.0300292969
.0285491943
-.0239257813
.0235595703
-.0327301025
-.0217285156
-.0273437500
.0350799561
.0454254150
.0296630859
.0274505615
.0418090820
-.0395660400
.0383605957
.0291748047
.0341186523
.0359954834
.0343475342
.0276489258
.0296630859
-.0280761719
.0341644287
.0353240967
-.0338134766
-.0334472656
-.0252227783
-.0180969238
.0291137695
-.0234680176
.0451354980
-.0366363525
.0424804688
-.0412902832
.0269317627
.0450439453
-.0247344971
.0257720947
-.0323944092
-.0266418457
.0210418701
-.0211791992
-.0203552246
.0199279785
-.0111999512
.0133972168
-.0238800049
.0149230957
-.0108032227
-.0137023926
.0192260742
-.0156860352
.0156250000
-.0115356445
-.0083007813
.0147094727
-.0168457031
-.0148010254
.0147857666
-.0086059570
.0069122314
-.0119934082
-.0148315430
-.0259704590
-.0218963623
-.0324859619
.0244750977
-.0170440674
.0140686035
.0060272217
.0131835938
.0101928711
-.0059661865
.0056762695
-.0077972412
-.0060272217
-.0039672852
-.0049743652
.0024566650
-.0017852783
.0015716553
.0004272461
.0000915527
.0001220703
