-.0004425049
.0008392334
.0005950928
-.0010528564
-.0034027100
.0034484863
-.0092315674
.0291748047
.0233154297
.0377807617
.0362854004
.0290985107
.0261993408
.0254058838
.0289001465
.0266876221
.0233459473
.0153503418
-.0152740479
-.0116271973
-.0173797607
-.0189819336
-.0157165527
-.0197753906
.0166625977
.0203704834
-.0162811279
-.0176239014
.0296325684
.0242156982
-.0315704346
.0331573486
.0215911865
.0160369873
-.0170898438
-.0165710449
-.0159606934
-.0175781250
-.0189208984
.0195159912
-.0182647705
.0172271729
-.0169677734
-.0141143799
.0107574463
-.0058135986
.0015106201
-.0018615723
-.0017089844
.0013275146
.0011291504
-.0012054443
.0128326416
.0270538330
-.0049591064
-.0066833496
.0113525391
.0100860596
.0165863037
-.0173034668
-.0196380615
-.0236511230
-.0313720703
.0374450684
.0361022949
.0260467529
.0081176758
-.0016937256
.0021972656
-.0021972656
-.0015106201
.0015106201
-.0008087158
.0010223389
.0006713867
.0009918213
.0008087158
.0009613037
-.0005340576
.0005645752
-.0004730225
.0006103516
-.0006561279
.0021972656
.0008239746
-.0006103516
-.0005950928
.0007324219
.0007629395
.0005645752
.0263671875
.0459747314
.0105743408
.0069580078
-.0075988770
-.0091857910
-.0097503662
-.0090942383
.0098571777
-.0201721191
.0331573486
.0410461426
.0448455811
.0396270752
.0478820801
.0513610840
.0506591797
.0458679199
.0456237793
.0534362793
.0477905273
.0383453369
.0261535645
.0143737793
-.0141601563
.0098419189
-.0076599121
.0197601318
-.0143432617
.0196685791
.0250244141
.0267639160
.0264739990
.0252227783
.0284576416
.0273590088
.0247039795
.0221862793
-.0204620361
.0210571289
-.0200653076
.0204620361
.0229797363
.0218048096
.0178375244
.0153045654
.0191802979
.0167846680
.0177154541
.0197448730
.0174255371
.0255126953
-.0231781006
.0248413086
-.0201110840
-.0167236328
-.0141601563
.0124511719
.0122222900
-.0097656250
.0100250244
.0095825195
-.0060272217
.0050201416
-.0059967041
-.0063781738
.0048980713
-.0046997070
.0048675537
.0079193115
.0108642578
.0139923096
.0196228027
-.0217590332
-.0223236084
-.0206298828
.0266723633
.0251770020
.0243530273
.0218048096
.0162048340
-.0148162842
-.0169372559
.0145721436
.0152740479
-.0128631592
-.0135498047
-.0140838623
-.0146179199
.0143737793
-.0143890381
-.0134582520
.0135498047
.0142822266
.0143890381
.0143585205
.0147857666
.0151367188
.0152740479
-.0155181885
.0153350830
.0161285400
.0155181885
.0179443359
.0176086426
-.0169525146
-.0179901123
-.0190277100
-.0199279785
-.0198669434
-.0213775635
-.0223693848
-.0198364258
-.0210418701
-.0205993652
-.0213470459
-.0204162598
-.0212860107
-.0199127197
-.0199584961
-.0140533447
-.0088195801
.0054473877
-.0034027100
.0013275146
.0012664795
.0015869141
.0011596680
-.0013122559
.0008392334
-.0006713867
-.0007934570
.0006103516
.0005340576
-.0010223389
-.0004882813
-.0006866455
.0223388672
-.0052185059
-.0118103027
-.0110931396
-.0033264160
-.0104827881
-.0180969238
.0165710449
.0180206299
.0180816650
.0220794678
.0241699219
.0230255127
.0226898193
.0186157227
.0174713135
.0145263672
-.0122528076
-.0079193115
-.0018768311
.0016174316
.0010223389
-.0005798340
.0010833740
-.0011596680
-.0010681152
.0008239746
.0170593262
.0197296143
.0190124512
.0420989990
-.0320892334
.0292510986
-.0174255371
-.0063018799
-.0034179688
.0039367676
.0158691406
.0190887451
.0152893066
.0232086182
.0225830078
.0180664063
.0185089111
.0170745850
.0161743164
.0314025879
-.0077209473
-.0184173584
.0106964111
-.0052795410
-.0070800781
-.0063476563
.0063476563
-.0043487549
.0034942627
.0020751953
-.0019378662
-.0016326904
.0012054443
.0061492920
.0026855469
.0034332275
-.0039062500
.0052795410
-.0059204102
-.0079650879
-.0073852539
.0090332031
-.0074920654
.0082244873
-.0071563721
-.0063781738
-.0065460205
.0068054199
-.0073852539
-.0072937012
-.0058593750
-.0048675537
.0050659180
-.0042266846
-.0030364990
.0011596680
.0006866455
-.0008544922
.0008087158
.0007019043
.0008697510
-.0015869141
.0007324219
-.0007629395
-.0007934570
-.0006408691
.0006561279
-.0003967285
-.0006103516
-.0005035400
.0004730225
-.0004730225
.0004119873
-.0005950928
-.0005645752
.0004119873
-.0003967285
-.0004272461
.0004577637
.0004577637
-.0005187988
.0007476807
-.0005035400
-.0005493164
-.0008239746
-.0003662109
.0004730225
-.0007171631
.0006866455
.0004882813
.0006256104
.0006866455
-.0006408691
.0005340576
-.0008544922
-.0004425049
.0005645752
.0005035400
.0005493164
-.0003814697
.0005187988
.0004272461
-.0005187988
.0008087158
-.0007629395
.0020904541
-.0053405762
.0159912109
-.0192871094
.0106658936
.0108337402
.0035705566
-.0022430420
.0009460449
.0008544922
.0011596680
.0007934570
-.0004272461
-.0070800781
.0141143799
-.0052490234
-.0129089355
.0043640137
.0054779053
.0245819092
.0251007080
.0275726318
.0310058594
.0339202881
.0352783203
.0292816162
-.0160522461
-.0181884766
-.0181427002
-.0174102783
-.0149688721
-.0138397217
.0188140869
.0271911621
.0295410156
-.0291442871
-.0290679932
.0296630859
-.0238342285
-.0239105225
-.0230255127
-.0183868408
-.0164337158
-.0136718750
-.0087280273
.0044860840
-.0011749268
.0009460449
-.0007171631
.0184326172
.0065612793
.0180816650
.0378265381
.0419921875
.0417327881
.0388183594
.0381774902
.0342559814
.0327758789
.0314788818
.0316162109
.0260925293
.0238494873
.0221862793
-.0189056396
-.0157165527
-.0153350830
-.0132598877
-.0118865967
-.0070648193
-.0063629150
-.0050048828
.0071105957
-.0093231201
-.0127868652
.0259094238
.0274658203
.0216979980
.0225982666
.0187683105
.0181579590
.0203704834
.0213317871
.0213775635
-.0183563232
.0169830322
.0097045898
.0047454834
.0022277832
-.0010681152
-.0011749268
-.0010375977
.0015563965
-.0015106201
.0121307373
.0023803711
.0012512207
-.0023345947
-.0023345947
.0024566650
-.0012817383
.0011901855
.0154571533
.0219116211
-.0241394043
-.0246887207
-.0229949951
-.0171966553
.0076141357
.0057830811
.0073089600
-.0087127686
.0095367432
.0090637207
-.0071411133
.0087127686
.0054321289
-.0047760010
-.0037231445
-.0046081543
.0054473877
.0041656494
.0015106201
-.0012359619
.0019226074
-.0015411377
-.0024566650
.0061492920
-.0065765381
-.0060882568
-.0072631836
-.0064697266
-.0059051514
.0061340332
.0066680908
.0077972412
-.0063629150
.0067443848
-.0066680908
-.0056915283
-.0062561035
-.0050964355
-.0042877197
-.0039215088
-.0036163330
.0031738281
.0020141602
.0017852783
.0022888184
-.0081787109
-.0086059570
.0117797852
-.0094757080
.0099029541
-.0115661621
.0080261230
-.0128326416
.0095520020
-.0091094971
-.0086059570
-.0091094971
.0094299316
.0084381104
-.0050811768
-.0047760010
.0047912598
.0051422119
.0046234131
-.0042266846
.0027923584
-.0027008057
-.0010528564
.0006408691
-.0003967285
-.0004119873
.0006561279
-.0003662109
.0003662109
-.0005187988
.0003356934
-.0002288818
-.0003662109
.0006866455
-.0006408691
-.0004882813
.0008087158
-.0003662109
.0001983643
-.0005340576
.0007171631
.0009765625
-.0004272461
.0002136230
-.0001525879
-.0030059814
.0010375977
.0008544922
-.0012664795
-.0013275146
.0015869141
-.0044250488
-.0059661865
.0056457520
.0058593750
.0070037842
.0071258545
-.0073699951
-.0092773438
-.0092010498
-.0102539063
-.0095367432
-.0108642578
-.0106048584
-.0116577148
-.0125732422
-.0118713379
-.0106353760
-.0137786865
-.0125732422
-.0137023926
-.0122528076
-.0121154785
-.0115356445
-.0112609863
.0110321045
.0100708008
.0106201172
.0093383789
.0102844238
.0081787109
-.0077514648
.0070495605
-.0060729980
-.0045166016
-.0039367676
-.0040740967
-.0065155029
.0109558105
-.0140991211
.0146484375
.0173950195
.0184936523
-.0191345215
-.0171661377
.0116119385
.0077667236
-.0046691895
-.0030822754
-.0026092529
.0045471191
.0043334961
.0039215088
.0111694336
.0077972412
-.0040893555
.0078735352
.0067443848
.0054626465
.0010681152
-.0024108887
.0063018799
-.0022735596
.0013885498
-.0014190674
-.0007629395
.0012512207
.0005340576
-.0005187988
.0004730225
-.0003814697
.0005950928
-.0006103516
-.0004425049
.0002899170
-.0002899170
.0004882813
.0005187988
-.0005645752
-.0008392334
.0006866455
.0005645752
.0009002686
-.0006561279
-.0004882813
.0010833740
-.0009307861
-.0007781982
-.0052490234
.0009155273
-.0010070801
-.0005950928
.0005645752
-.0009307861
.0004577637
-.0005950928
.0006561279
.0005493164
-.0003509521
.0003967285
.0005035400
-.0007476807
-.0005187988
.0007019043
-.0009155273
.0024108887
-.0178680420
-.0214843750
-.0275421143
-.0349578857
-.0457458496
-.0548706055
-.0637664795
-.0669097900
-.0818481445
-.0870208740
-.0817718506
-.0772094727
-.0698852539
-.0721893311
-.0682373047
.0532836914
-.0558929443
.0557098389
-.0571594238
-.0606231689
-.0639190674
-.0711364746
.0722961426
.0798492432
.0767211914
.0810089111
.0798339844
.0778198242
.0829010010
.0826873779
.0815734863
.0846557617
.0832824707
.0793914795
.0827331543
.0769805908
.0820617676
.0863189697
.0854492188
.0822906494
.0821838379
.0809936523
.0802612305
.0794219971
.0784606934
.0845184326
.0833435059
.0827789307
.0778961182
.0760650635
.0762939453
.0670013428
.0596313477
.0562896729
.0557250977
.0533447266
.0527801514
.0530853271
.0538940430
.0560913086
.0552062988
.0534820557
.0526580811
.0530548096
.0483856201
.0509033203
.0522613525
.0476531982
.0469818115
.0450744629
.0435180664
.0428161621
.0432891846
.0421295166
.0427856445
.0435028076
.0443725586
.0453796387
.0446929932
.0449981689
.0424499512
.0399780273
.0392303467
.0389862061
.0389404297
-.0382537842
.0369720459
.0362548828
-.0370483398
.0368804932
-.0357666016
-.0354309082
.0352325439
.0351867676
.0318908691
.0296478271
.0223083496
.0203247070
.0198059082
-.0182495117
-.0142822266
-.0083312988
-.0029907227
.0014953613
.0009460449
.0014648438
.0009307861
.0012207031
.0009613037
-.0009002686
.0006103516
-.0005493164
-.0005645752
.0007476807
.0008850098
-.0010070801
.0008087158
-.0005493164
-.0005340576
-.0001831055
-.0015106201
.0019073486
.0015716553
-.0035400391
.0053863525
.0057830811
.0044555664
-.0055999756
-.0056152344
-.0064086914
-.0122222900
-.0140991211
.0115051270
.0071258545
.0039215088
.0028076172
.0024108887
-.0014343262
.0010070801
-.0005493164
-.0002441406
.0003356934
.0002288818
-.0008544922
-.0015716553
-.0022430420
.0025177002
-.0019836426
.0020599365
.0025634766
-.0022888184
-.0046997070
-.0060729980
-.0123901367
-.0122375488
-.0114288330
.0098419189
.0089874268
.0076141357
.0073699951
.0069274902
.0055541992
.0052490234
.0054321289
-.0061645508
.0069122314
.0078125000
.0072631836
.0064544678
-.0059661865
-.0059509277
.0072479248
.0084228516
.0097045898
.0194091797
-.0177612305
-.0148620605
.0119323730
-.0130310059
.0175933838
.0123596191
-.0151672363
.0138092041
.0170440674
.0149841309
-.0137786865
-.0125579834
-.0134124756
-.0158081055
.0191650391
.0164642334
.0150909424
.0080108643
-.0067596436
.0094909668
.0193634033
.0208129883
.0170898438
-.0103302002
.0063629150
.0040893555
.0117797852
.0214233398
.0227661133
-.0246734619
-.0137023926
-.0103759766
.0102996826
.0211791992
.0141754150
-.0079345703
-.0060729980
-.0048675537
.0043640137
.0023651123
-.0004272461
.0004730225
.0019226074
.0062408447
.0124969482
.0090637207
-.0038757324
.0083312988
.0178527832
-.0079345703
.0053253174
.0029602051
-.0060882568
-.0054168701
-.0041046143
-.0022735596
-.0012969971
-.0051574707
.0042266846
-.0027160645
-.0012969971
.0012664795
.0097503662
.0030822754
.0016937256
.0003967285
-.0004272461
-.0004272461
.0005340576
.0002441406
.0002136230
-.0002136230
.0002136230
-.0001678467
-.0014190674
-.0131683350
-.0422058105
.0403747559
-.0308074951
.0202178955
.0093841553
-.0057067871
.0043640137
.0034484863
-.0025787354
-.0027160645
.0027313232
.0031127930
.0019989014
-.0009918213
.0005950928
.0006256104
-.0005340576
.0002746582
-.0002746582
-.0001220703
.0002288818
.0002441406
.0003509521
-.0005340576
-.0010681152
.0013427734
-.0018463135
-.0019531250
.0014190674
-.0005187988
.0018920898
-.0072631836
-.0047912598
.0051574707
.0043487549
.0101470947
.0123596191
-.0026245117
-.0034790039
.0057678223
.0077056885
.0074462891
.0070495605
.0074768066
.0082092285
.0083312988
-.0122680664
.0076293945
.0080108643
-.0063323975
.0076293945
.0091400146
.0094299316
-.0051116943
-.0028533936
-.0024261475
-.0013580322
.0019531250
.0014801025
.0010070801
-.0004425049
.0011901855
-.0013427734
-.0008850098
.0013427734
.0017700195
.0015563965
-.0006713867
-.0007019043
.0005950928
-.0004882813
.0004119873
.0003051758
.0025482178
.0024414063
.0008239746
-.0005187988
.0003356934
-.0004882813
.0007934570
.0016937256
.0006866455
.0004119873
.0002288818
-.0001525879
.0001220703
.0001373291
