-.0423278809
.0448608398
-.0294036865
-.0520172119
-.0322113037
-.0337066650
-.0467224121
.0719299316
-.0570678711
.0490875244
.0391998291
.0416717529
.0330810547
.0337829590
.0528869629
-.0522613525
-.0354461670
-.0372009277
.0471343994
-.0431060791
-.0522766113
-.0603179932
.0498809814
.0547180176
.0697784424
-.0547180176
.0817108154
-.0642700195
-.0390930176
-.0507507324
-.0379943848
.0478973389
.0661621094
-.0680389404
.0595245361
-.0507507324
.0400390625
.0532836914
.0525360107
.0573120117
-.0504150391
.0395355225
.0530090332
.0654602051
.0635833740
.0508880615
.0458679199
-.0382080078
-.0383148193
.0475311279
-.1089324951
-.0753936768
-.0601196289
.0611724854
.0639648438
-.0503234863
.0538940430
.2362823486
.3346405029
.4284667969
.2195587158
-.0641937256
-.0679016113
.3170928955
.3325500488
.0918579102
-.0982360840
-.1334381104
.1250610352
-.0927276611
-.0702209473
.0699157715
-.0455780029
.0560913086
-.0730285645
-.0641937256
-.0375061035
.0511016846
-.0651550293
.2229919434
.1575775146
-.0605926514
.1358795166
.0530395508
.2075500488
.3505554199
.3652496338
.0909423828
-.1173706055
.2657470703
.2465362549
.1734161377
.0966491699
.1000671387
.1446075439
.1326751709
.2327728271
.2380676270
-.0748901367
.2460479736
.1437377930
.0800933838
.0695190430
.0736846924
.0550842285
.0405120850
-.0468292236
.0782318115
-.0693511963
-.0668945313
.0560607910
-.0473480225
.0693511963
-.0480346680
.0795288086
.0485534668
-.0376129150
.0448913574
.0319061279
-.0420837402
.0382232666
.1416778564
-.0682373047
-.0700073242
.0679473877
.0533599854
-.0430908203
-.0464935303
.0946655273
.1332397461
.0760498047
.0621032715
.2963256836
.3486938477
-.0686798096
.0605316162
.2355346680
.0435333252
.0364532471
.3085784912
.3570251465
-.1316833496
-.0526275635
.3863983154
.3716583252
-.1641387939
.0607910156
.1464843750
.0640106201
-.0631713867
-.0527343750
.0648040771
-.0562896729
.0521697998
-.0597229004
.0482635498
-.0580902100
-.0508270264
-.0704650879
.0709381104
.0703125000
-.0452423096
.3201293945
.0654754639
.3109588623
.2122802734
-.0734100342
.1882171631
.1701660156
.1489715576
.1243743896
.1514587402
.1132354736
-.0723114014
.1747741699
.2258300781
.2433471680
-.1704559326
.0597991943
.3353576660
-.0898437500
.0844726563
.1779327393
.2280426025
.2812500000
.1681060791
.2046813965
.1222991943
.1147613525
.1465148926
.0654296875
.0856933594
.0804748535
.1010437012
.1032714844
.2268371582
.1158905029
.1447448730
.0979309082
.0950317383
.1828155518
.0644378662
.0704803467
.0894012451
.1419830322
.1188812256
.0796813965
-.0987396240
.0700378418
-.0445251465
.0537261963
.0865173340
.0693359375
-.0759887695
.1673431396
.3016052246
.3901519775
.1831665039
.0619354248
.1234283447
-.0670928955
.1368255615
.0657806396
.3282012939
.0641784668
.1913452148
.1088867188
.2529144287
-.0397796631
.2747039795
.2071990967
.1984252930
.0708618164
.3032684326
.1778259277
-.0429382324
.2559204102
.4087066650
.0838317871
-.0429687500
.0468292236
.0403747559
-.0703125000
-.0567932129
-.0497436523
-.0507965088
-.0514221191
.0792846680
.2772979736
.2359924316
.0949249268
-.0484771729
.0949249268
-.0538177490
.0678558350
.0971984863
.1049957275
.0455322266
.0623016357
.0390777588
-.0445098877
.1146392822
.1941680908
.1257171631
.0956878662
.0720672607
-.0413818359
.0926208496
.0936737061
.0673522949
-.0655822754
.1117248535
.0959777832
-.0550842285
.0662994385
.2116699219
-.0882110596
.0544433594
.0967254639
-.0581970215
.0660400391
-.0540466309
-.0654144287
.0641784668
-.0598602295
.0504608154
.0778045654
-.0461120605
.0406494141
.0526580811
-.0619049072
.0455017090
-.0639038086
.0574951172
.0721588135
.1860504150
-.0705108643
.1315612793
.0571441650
.0622558594
.2364654541
.0710144043
.0795898438
.0539398193
.0487518311
.1419067383
-.0492401123
.0733032227
.0772552490
.0760803223
.0768127441
.1126251221
.0759124756
-.0635986328
-.0898284912
.0678253174
.0710754395
.1351470947
-.0775604248
.1164550781
-.0729827881
-.0607299805
-.0495910645
.0534210205
.0424041748
-.0624694824
-.0441589355
-.0500030518
.0730590820
.0585021973
-.1115417480
.0671844482
.0670318604
-.0767364502
.0679473877
.0471954346
-.0472564697
-.0453796387
-.0410614014
-.0674591064
-.0741271973
.2871246338
.0820159912
.0980224609
.0713806152
.0939788818
.1343536377
.1451568604
.1792144775
.1043853760
.0947875977
.0760192871
.0879974365
.1525268555
.0440368652
.0502166748
.1431579590
.1716918945
.0853881836
.2253265381
-.0691375732
.1015167236
.0864715576
.1445312500
-.0542449951
-.0988311768
.0805206299
.0786895752
.1091003418
-.0546417236
.0526123047
.0995635986
.0822296143
-.0990600586
.0977020264
-.1337280273
.1011657715
-.0849609375
-.0976409912
.0849151611
-.0724639893
.1146392822
.0641174316
-.0475616455
.0444641113
.0975341797
.0785675049
.0977478027
.0760192871
.0655212402
.0791320801
.0895996094
.0866699219
-.0701446533
.0737915039
.0894622803
-.0742034912
.1045989990
.1012420654
.1190032959
.1065826416
-.0750732422
-.0508270264
-.0602264404
-.0872955322
.2160339355
.3704833984
.1891632080
.1649322510
.1952362061
-.1265869141
.1383056641
.1679992676
.1409606934
.1091156006
-.0883331299
.0859985352
-.0632324219
.0455780029
-.0884552002
.0634155273
-.0464935303
.0503997803
.0710906982
.2733459473
.1604919434
.1573791504
-.0630187988
.1742095947
.1259460449
.1590728760
.2420196533
-.1230468750
.1374053955
.0669403076
.0937347412
.2663269043
.3149108887
.1252136230
.0637817383
.1086425781
-.1163940430
.0590362549
.0459747314
-.0483856201
-.0543365479
.0402374268
.0568084717
-.0517730713
-.0606384277
.0639495850
-.0837554932
-.0845947266
.1522216797
-.0624084473
-.1253662109
.1109161377
.1453247070
-.0691375732
-.0812530518
.0536651611
.0571136475
.1321258545
.0665283203
-.0705413818
.0680541992
-.0506744385
.1289825439
.0535278320
.1127319336
-.0724792480
.0809936523
-.0823974609
-.0830688477
.0719146729
-.0784301758
.1582183838
.0927276611
-.1917114258
.1136322021
.0844116211
.0969543457
.1001434326
.2253875732
-.1064605713
.1529846191
-.0784301758
.1204528809
-.0974731445
-.0766296387
.2435607910
.2053375244
.1772003174
-.0838623047
-.1028289795
-.0794982910
.1753234863
.1893310547
.0969390869
-.0935668945
-.0690612793
.0594024658
.0693817139
.0667419434
.0631866455
-.0882720947
-.0707244873
.0686798096
.0954742432
.0581665039
.0583343506
.1216278076
-.0643310547
.1161956787
-.1049652100
.1404113770
.0979003906
.0659027100
-.0897369385
-.0677642822
.0522613525
-.0389862061
-.0491790771
.0658264160
.1296844482
.0496368408
.0650024414
.1365051270
-.1055908203
.0459442139
.1452026367
.1535491943
.0455169678
-.0653381348
.1354675293
-.0872650146
-.0750122070
-.1112213135
-.0823974609
.0888671875
.0524139404
-.0455322266
-.1174163818
.0403594971
-.0425567627
.0348052979
.0493621826
.0731964111
.1644134521
.1000671387
-.0585937500
.0945587158
-.0329437256
-.0842895508
.0672454834
.1632537842
.0517578125
.1279296875
.1108093262
.0698547363
.0475158691
-.0345458984
.0590057373
-.0325622559
.0374145508
-.0505065918
.0306549072
.1314544678
-.0515441895
.0777740479
.0549468994
.1387481689
-.0406036377
.0574035645
-.0472869873
.1458587646
.1431121826
.0570678711
.0384063721
.0412139893
.0718383789
.0985107422
.0378112793
-.0526580811
.1103820801
.0490875244
.0492858887
-.0502777100
.0629272461
.1334533691
.1242980957
.0469818115
.0846099854
.0512084961
.0976409912
.1441955566
.0661773682
.0584716797
.1377868652
.1274871826
.0966796875
.0672149658
.0735321045
.0509948730
.0809783936
.0900878906
.0423736572
-.0497589111
.0453796387
.0414581299
.0386199951
.0455017090
.0401763916
-.0374603271
-.0402374268
.0394134521
.1416320801
.1336364746
.1473541260
.0436859131
.0966796875
.0917816162
.1039428711
.0494537354
-.0499267578
-.0843353271
-.0373992920
.0820007324
.0513153076
.0876464844
.0352020264
.0677032471
.0657501221
.0526580811
.0460510254
-.0666961670
.1503448486
.0926055908
-.0886383057
.0804595947
.0709533691
.0647277832
.1098785400
.1434326172
.0739440918
-.0475311279
-.0726165771
.1082611084
-.0655975342
.1196136475
-.0635681152
.0447235107
.0424499512
.1069946289
.0703582764
.0577545166
.1064453125
.0872192383
-.0821228027
-.0640411377
.0416107178
-.0428924561
-.0470733643
.0548858643
-.1202087402
.0741119385
-.0685424805
.1480255127
.1239471436
.1506195068
.1221618652
.1133880615
.1535186768
.0786132813
.1475524902
.1205139160
.1050720215
.0475463867
.0441894531
.0732574463
.1076812744
.1377716064
.1607360840
.1088562012
-.0792236328
.1486663818
.1281738281
.0929870605
.1333618164
.1170043945
-.0466156006
.0479125977
.0736999512
-.0556030273
-.0526275635
-.0581512451
.3522338867
.3185119629
.1548614502
.0418395996
.0567474365
.0456542969
-.0630493164
.0532531738
.0971527100
-.0661315918
-.0897521973
.2696838379
.1848449707
-.1601867676
.1855773926
.2398986816
.1050720215
.1609954834
.0862121582
.4970550537
-.0688323975
.3099212646
.1988983154
.1143646240
.0900268555
-.1009674072
.1634368896
.1870422363
.1256713867
-.0639343262
.0649414063
-.0498962402
-.0474700928
.0444335938
.0409851074
-.0483551025
-.0516052246
.0679931641
.1113739014
.3258209229
.4447326660
.1361389160
.1364898682
.4999847412
.2160797119
-.0507354736
.0884246826
-.0610961914
.2262725830
.2104949951
.1329498291
.1301422119
.1846618652
-.0531463623
.1371765137
.2525024414
.1348419189
-.0554809570
.2026824951
.0905761719
-.0555725098
-.0578002930
.0373382568
.0683441162
.0906372070
.0608825684
.1433258057
-.0698242188
-.0756835938
.1234588623
.1342468262
.0981445313
-.0495910645
.0660705566
.0642242432
.1159362793
.0758056641
.0517883301
.1026153564
.0450897217
-.0869293213
.1096343994
.1255493164
.0856018066
-.0708770752
.1346740723
.1391448975
.0732879639
.0781555176
-.1866455078
-.1036376953
.0717773438
-.0921020508
.0610656738
-.0906677246
-.1036224365
.1417541504
-.0732879639
.0694732666
-.1154022217
.1265106201
.1232452393
.0657043457
.1380920410
-.0484161377
.0645141602
.0650329590
-.1012573242
.1377868652
.1048736572
-.0708618164
-.0650939941
-.0704650879
-.0802917480
-.0671539307
.1170806885
-.1428985596
.1404724121
.0919342041
.0805511475
-.0708312988
.0839691162
.1328430176
.1106414795
.0864715576
.1248931885
-.1063995361
.1171722412
.1343994141
.0993957520
.0693054199
-.0669097900
-.0705108643
-.0781707764
.0600891113
-.1077270508
-.0479736328
-.0797119141
.2907562256
-.1120147705
.1250152588
.2123718262
.2524566650
.1564331055
.2013702393
.2184295654
.1264190674
-.0612640381
-.0432128906
-.0403442383
-.0446777344
.0534973145
.0476531982
.2370300293
.2222747803
.2405090332
.0507812500
-.0667419434
.1287384033
-.0509185791
.0932312012
.2277832031
.2462310791
-.0557861328
.1091461182
.0609130859
.1351165771
.1033020020
.0810394287
.0632781982
.0769348145
.1283111572
-.0395660400
.0962371826
.0428161621
.0608825684
.0692138672
.1334991455
.0657653809
.0892639160
.0582885742
-.0421905518
.0408477783
.0427246094
.0457458496
-.0590362549
.1649932861
-.0904541016
.1327819824
.1531677246
-.0795440674
.1081848145
-.0959625244
.1495971680
.2128143311
-.1026306152
.1415557861
.0670776367
.0649108887
.1188659668
.0843505859
-.0978851318
-.0644378662
-.0549774170
.2203826904
.0867614746
.1275024414
-.0478820801
.0911712646
-.0736694336
.2227630615
.1856689453
.1072082520
.0622406006
-.0767822266
.0781555176
-.0652160645
-.0559082031
-.0536651611
.0538940430
.1400604248
.0948944092
.1399688721
.0730133057
.0563201904
.1255798340
.0737304688
-.0646362305
.0713348389
.0970764160
.0799865723
.0919647217
-.0517120361
.0609588623
-.0595855713
-.0451660156
-.0445251465
-.0419769287
-.0513763428
.4532928467
.1970672607
.2325592041
.1861724854
.3181304932
.2732696533
.0490264893
.2470092773
.1545562744
.3912811279
.1639251709
.2126312256
.1209411621
.1149749756
.0640258789
.1053924561
.0669097900
-.0415649414
.0652618408
.0690155029
-.0789947510
.0533752441
-.0608673096
-.0567169189
-.0473327637
-.0602722168
-.0588073730
-.0625000000
-.0563507080
-.0793457031
-.0878906250
.0624389648
.0471954346
.0432739258
.0488281250
.0472564697
.1251373291
.0607910156
.0734405518
.0544128418
-.0692901611
-.0752563477
.0635528564
-.0520629883
.0795898438
.0467681885
.0595092773
-.0527648926
.0528411865
.0466156006
-.0479583740
.0619812012
.1024932861
.0975952148
.1312255859
-.1007080078
.0776214600
-.0776062012
.0569000244
-.0820465088
-.0849609375
-.0618133545
.0518646240
.0475616455
-.0776824951
.1330871582
