-.0013732910
-.0065002441
-.0118408203
-.0190277100
-.0165100098
-.0353851318
-.0226745605
-.0318450928
-.0435638428
-.0336761475
-.0377655029
.0561828613
-.0562591553
-.0846557617
-.0679626465
.0808868408
.0811157227
.0727081299
-.0919494629
.0583343506
-.0937347412
-.0666351318
.0788574219
-.0693664551
-.0964965820
.0564727783
-.1036987305
-.0578155518
-.0745086670
-.0822448730
-.0753021240
-.0593109131
-.0932769775
-.0813598633
-.0649719238
-.0964965820
-.0928802490
-.0962829590
-.1001586914
.0532379150
-.0654602051
-.1058197021
.0849151611
-.1676025391
.1821289063
.1638183594
.2682495117
.1436767578
.1176300049
-.1056060791
.0753784180
.0809631348
.0964355469
.0977325439
.0923919678
-.1003875732
.1281280518
.1717987061
.1510620117
.1555633545
.1801910400
-.1434936523
.1279602051
-.1341552734
-.1426391602
.1723175049
-.1739501953
.1189270020
.1394042969
.1797027588
.1442108154
.1467895508
.1958770752
.1016387939
.1521911621
.1163330078
.0954437256
.0826416016
-.0738677979
.0720520020
.1030578613
-.0789794922
.0939636230
.0836181641
.0945434570
.0849456787
.0683746338
.0804290771
.1143341064
.1239624023
.0676879883
.0696411133
.0964660645
.1351470947
.2323455811
-.1720581055
-.2193145752
.2250213623
.1822052002
-.1221466064
.1626129150
.1141510010
.1746215820
.2359771729
.2225036621
.1037750244
.1440429688
.1124114990
.1021575928
.0680847168
.1360473633
.1591339111
.1502075195
.1621093750
-.1189727783
.0533905029
-.0544433594
.1151885986
.0776672363
.0585021973
.0997467041
.1551818848
.1399230957
.2201843262
.1111450195
.0918579102
.0823059082
.0792541504
.0844116211
.0640258789
.0778350830
.0743713379
.0841827393
.0657501221
-.0657806396
.0649261475
.1307373047
.1940307617
.0882415771
.0962524414
.0646057129
.0823516846
-.1006774902
.1134338379
.0983428955
.0912628174
.0782928467
-.1057891846
.1697387695
.1805877686
-.1440277100
-.1086730957
.0599975586
-.0726165771
.1353759766
.1178436279
.0924682617
.0582885742
.0732574463
.0846252441
.0960845947
.1115264893
.1063690186
-.1467742920
-.1507568359
.1836853027
-.1265563965
-.0959472656
-.0854644775
-.1992340088
-.2049407959
.2475738525
-.1639251709
.1320343018
.1314086914
.0877380371
.0767211914
-.0559082031
-.0750579834
.1339263916
.1770324707
.1512451172
.1291046143
-.0984649658
.1025238037
-.0643768311
.0807037354
.0931396484
-.0592041016
.1115722656
.1206665039
.1001281738
.1165161133
-.0989074707
-.0756835938
-.1017608643
.0903930664
-.0654449463
.0941314697
.0806274414
-.0620117188
.0925140381
.0958404541
.1105194092
.1160583496
.1117095947
-.0850677490
-.0971221924
.0854949951
-.1121368408
.0968627930
-.0640258789
-.1097869873
.0519561768
-.1144104004
-.1736755371
-.1377105713
-.2656707764
-.2822418213
-.2280120850
-.1585693359
-.1341094971
.1616821289
-.3101806641
.1590270996
.1100158691
.1165161133
.0947418213
.0731964111
.0809326172
.0932769775
.0937805176
-.0590057373
.0709381104
.1721191406
.0844116211
.1129913330
.0815124512
.0591278076
.0840606689
-.0590667725
.0498199463
.1078186035
.0778198242
.0906219482
.0869140625
.1307830811
.1629333496
.1421966553
.1419219971
.1340942383
.1466217041
.0897216797
.0970306396
.1393432617
.0949401855
-.0933380127
.0938568115
-.1034393311
-.0580444336
.2098693848
.1362762451
-.0988006592
-.0806121826
-.0890502930
.1269226074
.1103973389
.0796356201
.1054840088
.0883331299
-.0743255615
.0594482422
.1076965332
.1179046631
.1525878906
-.1425628662
-.0862884521
-.0772399902
.0993652344
.1293487549
-.1245422363
-.1153259277
-.1688537598
-.0989532471
-.1363830566
.1171722412
-.0784912109
-.0890197754
-.0653991699
-.0827178955
-.1135101318
-.0705566406
-.0923919678
-.1338653564
-.0802612305
-.0772552490
-.2095489502
-.1730499268
-.1355895996
-.0880279541
-.0755615234
-.1114349365
.0576629639
-.1162414551
-.1131896973
.1037139893
.1096496582
.1086578369
-.1755523682
.0859222412
-.0998229980
-.1221313477
.0743408203
-.0630645752
-.0612335205
.1493682861
.1236419678
.1260528564
-.1381225586
.1387023926
-.1105651855
.1468658447
-.1568756104
.1096954346
-.1196899414
.1835632324
.1773834229
.1166534424
.1833648682
-.1207580566
.1146087646
.1142883301
-.1304626465
.0987396240
-.0966796875
-.0592803955
-.0718383789
.0887756348
.0783538818
.0844268799
.1092529297
.0919342041
.0632171631
-.0740661621
-.1003875732
.1644744873
.1221618652
.0805206299
-.0906677246
-.0896148682
-.1620788574
.1601562500
-.1586914063
-.1633453369
-.1556854248
-.1659240723
.1128387451
.1129302979
.1468048096
-.1181335449
-.0887145996
.0803680420
-.1040649414
-.0971374512
-.0761871338
-.0608215332
.0749969482
.0825805664
.0906372070
-.0726318359
-.1369018555
.1212463379
-.1512145996
-.1166381836
-.1153869629
-.1021118164
-.1375274658
.1406860352
-.0969238281
.0952606201
-.1102600098
-.1204528809
-.1219024658
-.0715789795
-.0858612061
.1080017090
-.1001892090
-.0873718262
-.0569152832
.0616455078
-.0578002930
.0839538574
-.0886077881
-.1021728516
-.0931091309
-.0877227783
-.0698394775
-.0493774414
-.0929565430
-.1606292725
-.1155242920
-.0646057129
.0439147949
-.0970916748
-.1236419678
-.1455535889
-.1158905029
-.2491455078
-.1839141846
-.1261596680
-.0907592773
-.1374359131
-.1103668213
-.0946655273
-.1229095459
-.0900573730
-.1093902588
-.0936431885
-.0860595703
-.0931854248
.0764312744
-.0864257813
.0812530518
-.0933837891
-.0679931641
-.0566253662
-.0854644775
-.0651245117
-.0710754395
-.0978546143
-.0883331299
-.0658721924
-.0685119629
-.1021881104
-.1143341064
-.0935516357
-.0811920166
.0405426025
.0575561523
-.0741729736
.1106414795
-.0883483887
-.0932006836
.0792694092
-.0845642090
.1289672852
.1512756348
-.2431488037
-.1419219971
-.1329956055
-.1697235107
-.2811126709
.1740875244
-.2152557373
-.1208953857
-.0927581787
-.0996551514
.0913696289
-.1670989990
-.0736083984
-.0773925781
-.1187591553
-.1317291260
-.0623779297
-.1066131592
-.0836639404
-.0605621338
-.0834808350
.0806121826
.0829162598
-.1027832031
-.1026916504
-.0790557861
.0669403076
.0661621094
.1160278320
-.1756591797
-.0996704102
-.0934600830
-.0817565918
.0902099609
-.0855407715
-.1090087891
.0789184570
-.1105041504
.0953979492
.1034088135
.1302947998
-.0743560791
.0584564209
-.0643920898
.0545501709
.1118469238
.0746459961
.1591949463
.1905975342
-.1078948975
.0670776367
.0883026123
.0816345215
.0963287354
.0958862305
-.0912628174
-.0947570801
.1078643799
.0781860352
-.0908050537
.0755310059
.1013641357
.1106109619
.1148376465
.0773010254
.1091003418
.1278839111
.1195678711
.0875244141
-.0746459961
.0941772461
.1073455811
.0681762695
.0757446289
.0689544678
.0808410645
.1024017334
.0729217529
.0768127441
-.0424652100
-.0801086426
.1115112305
.1327362061
.1631011963
.1176147461
.0838012695
.1287994385
-.1105651855
-.0409545898
.0721588135
.0963745117
.1011962891
.0518035889
-.0767822266
.0938110352
.0635070801
.0884399414
.0633087158
.0542297363
.0589141846
.0655975342
.0649414063
.0665435791
.0786895752
-.0714111328
-.0684814453
.0830993652
.0951538086
.0813293457
.1080169678
.0810699463
.0749816895
.0946960449
.1188659668
.1320495605
.1200408936
.1148529053
.1374664307
.1135864258
.0950164795
.1279602051
.1544647217
-.1041717529
.0727233887
.0863647461
.0688171387
.1286163330
.1789245605
-.2149047852
.2702484131
-.2452545166
.1810455322
.1815795898
.1609344482
-.2507629395
-.2054290771
-.1484680176
-.2122497559
-.1056365967
-.1096801758
-.0872955322
-.1124267578
-.1013488770
-.1213378906
-.0651702881
-.1197967529
-.0926971436
-.1094207764
-.0864257813
-.1020050049
-.1410980225
-.0849609375
-.0713958740
.0778503418
.0887908936
.0908508301
.0791320801
-.0578460693
-.0505828857
.0651092529
.0839691162
-.1062011719
-.1985321045
-.2277374268
-.1668243408
.1589202881
.1073608398
.0881500244
.1472473145
.2026977539
.2105407715
.2585906982
.1162261963
.1366119385
.2087554932
.1329803467
.1444702148
.1314239502
.0916137695
.1423645020
-.1230621338
.0883789063
.0900726318
.0889739990
.1446533203
.1102294922
.0778503418
-.0608215332
.0974731445
.0661773682
.0894012451
.1069488525
-.0870513916
.1551971436
.1289367676
.1022338867
.1127166748
.1286468506
-.1248168945
.0928649902
-.0831909180
.1015777588
-.0862121582
-.0903167725
.1226654053
.1770935059
.1233520508
.1027221680
.1041870117
-.1205749512
-.1364593506
.1209259033
-.0601043701
.0625610352
.0419921875
-.0864715576
-.1189575195
-.0854034424
-.0694732666
-.0937957764
-.0803985596
-.0692596436
-.0992584229
-.1194763184
-.0623931885
-.1041107178
-.1233520508
-.1123962402
-.1005401611
-.1136169434
-.1403961182
-.0908966064
-.1127777100
-.1277923584
-.1196594238
-.0956573486
-.1882629395
-.1707916260
-.1506500244
-.1539764404
-.2133941650
.1418609619
-.0758209229
.1096649170
-.0809326172
-.0954589844
.0773773193
.0828247070
.0968780518
-.0483703613
.0525817871
.0711212158
-.0813903809
-.0679168701
-.0829620361
.0827941895
.0587615967
.0742340088
.1520843506
.1174926758
.1015472412
.2156066895
-.1844787598
-.1916809082
.1352386475
.1255493164
-.0899810791
.1266174316
.1111145020
.0875854492
.1074523926
-.1481170654
.0991668701
-.0883483887
-.0731658936
-.0678558350
-.0710601807
-.0857849121
.0648498535
.0770568848
-.0647888184
-.0648040771
-.1703033447
.1483612061
-.1051635742
-.1330566406
.1128845215
-.0978698730
-.1762390137
.1365356445
.1876525879
.1198120117
-.1002044678
-.1224060059
-.0979919434
-.0627441406
-.0402526855
.0799407959
-.0909881592
-.0788269043
.0583343506
.0491027832
-.0565338135
.0824127197
-.0865478516
-.1072082520
-.0877075195
-.0868682861
-.0690612793
-.0477294922
-.0948791504
-.1593017578
-.1177062988
-.0698394775
.0475616455
.0546875000
-.0783843994
-.1019897461
-.0948486328
-.0985717773
-.0952758789
-.1001892090
-.1686401367
-.2868347168
-.2152709961
-.0901336670
-.0713806152
-.2353973389
-.0758361816
-.1924438477
-.1098022461
-.1385498047
-.1125030518
-.1258697510
.2159576416
-.2724914551
-.1208190918
-.0964508057
-.0854339600
-.0948181152
-.1101226807
-.1572570801
-.1259002686
-.1312713623
-.0879058838
-.0993041992
-.1744537354
-.1685028076
-.1927337646
.1299285889
-.1083526611
.1238250732
.1612243652
-.1318511963
.1901397705
.2227935791
-.1598510742
.1190948486
.1699371338
-.2484283447
-.1457519531
-.1229705811
-.1222381592
.1587219238
-.0887145996
-.1148071289
-.0651702881
-.0973205566
-.0784149170
-.1073455811
-.2208862305
-.1008605957
.0906524658
-.0925292969
-.0804138184
-.1231994629
-.1305236816
-.1346740723
-.1117095947
-.1268920898
.0854187012
-.0828857422
-.0982513428
-.0865478516
-.0583801270
.0504302979
.0638427734
-.0803680420
-.0892333984
-.0322875977
-.0743560791
-.0646667480
.0944366455
.0769042969
-.0909729004
-.1018371582
-.1726837158
.2236938477
.2377471924
-.2216186523
-.1537628174
-.1071624756
.1338348389
-.1692810059
.1651153564
.1314392090
.1541748047
.1731567383
-.1203613281
.0821228027
.0595092773
.0592803955
.1175384521
.1473083496
.2153625488
.1778564453
.1658172607
-.1345214844
-.0857696533
.0858459473
.0934143066
.1033782959
.1621704102
.0791015625
.0974884033
.1514129639
-.1213836670
.0701141357
-.0570220947
.1001739502
.1131134033
-.0976867676
.1263580322
.0879974365
.1028747559
.0892181396
.0822296143
.0769653320
.0399169922
.0637207031
.0909118652
.1416931152
.1377716064
.1172027588
.0832977295
.1323089600
-.0753021240
.0445251465
.0588378906
.0790100098
.1022033691
.0861358643
-.0860900879
.1196441650
.1515960693
.2565765381
.1909027100
-.1593627930
.1688690186
-.1822509766
.1967926025
.0944061279
.1007995605
-.0805664063
-.0632781982
.0744934082
.0891723633
.0812988281
.0876922607
.0894622803
.1608276367
.1466674805
.0922088623
.0717010498
.0820770264
.1229705811
.1679992676
.1391601563
-.1537628174
.1784210205
.1625671387
.0828552246
.0797576904
.0897827148
-.0760498047
.1217193604
.1130371094
-.1051788330
.0812683105
.0763397217
.1131896973
.0856933594
.0876312256
.0561828613
-.0765686035
-.0622558594
.0859680176
.0710144043
.0612030029
.0694427490
.0869445801
.0845489502
.1023406982
.0770263672
.0948944092
.1216430664
.0550231934
.0617218018
.1244354248
.0754394531
.0747222900
.0475158691
-.0777893066
.0729522705
.0788879395
.0628204346
.0789947510
.0790863037
.0927429199
.0798034668
.0853729248
.0930633545
.1188201904
.0871582031
.0855712891
.0818634033
.0865783691
.0783081055
.0767211914
.0670471191
-.0943908691
.0803070068
.0740051270
.0643768311
-.0535888672
-.0555877686
-.0385742188
.0473632813
.0398559570
.0479888916
.0269470215
-.0200958252
.0468902588
.0417938232
-.0301361084
.0223693848
-.0169677734
-.0239257813
-.0116729736
-.0151824951
-.0082702637
-.0076446533
.0045013428
.0017089844
