-.0075073242
.0106506348
-.0146636963
-.0130157471
-.0127258301
.0079040527
-.0099029541
.0558624268
-.0110473633
.0086975098
.0065155029
.0106201172
.0103759766
.0099029541
.0149993896
.1204528809
.1218414307
.1655120850
.1591949463
.1805267334
.1060028076
.1141204834
-.0892791748
.0469818115
.0454864502
-.0768280029
.0497741699
.0750427246
.0535583496
-.1038513184
.1338348389
-.1449890137
.0989532471
.1606597900
-.1531982422
.1066131592
-.0916137695
-.1402740479
-.1417083740
-.1392669678
-.1291961670
-.0865325928
-.0914154053
.0882263184
-.1269531250
-.1000366211
-.1413879395
-.0740814209
.0708160400
.0898742676
-.0592346191
.0357818604
.0308685303
-.0183715820
-.0173950195
.0181732178
-.0173187256
-.0216064453
.0171508789
.0195922852
.0157775879
-.0138549805
-.0090637207
-.0159759521
.0067443848
.0140380859
.0292816162
.0305786133
-.0364837646
.0413665771
.1401062012
.1897735596
.1929626465
.2324523926
.1704864502
-.1201324463
-.1161193848
-.0841064453
-.1257934570
.1756591797
.1945800781
-.1202239990
-.0908966064
.1083221436
.0852050781
.0490417480
.0734710693
-.0939025879
.1345367432
.0773162842
.0882110596
.0849151611
.0573577881
.0403137207
.0396881104
.0525360107
-.0244293213
.0457916260
.0922241211
-.1356658936
.1271820068
.1748199463
-.0697021484
-.0567169189
-.0261688232
.0449218750
.0358581543
-.0283508301
.0236816406
.0179443359
-.0138244629
-.0134124756
-.0099182129
-.0118103027
.0172424316
.0228424072
-.0239410400
-.0628356934
.0708618164
.0308380127
.0317993164
-.0623321533
-.0872802734
.0306854248
.0213775635
-.0274658203
.0667724609
.1122589111
-.1335601807
-.1276550293
.0959320068
.0743713379
-.0361175537
.0210418701
-.0099334717
-.0142822266
-.0081634521
-.0064849854
.0098419189
.0099639893
.0164031982
-.0187835693
.0123901367
-.0728912354
-.0981903076
-.1058959961
-.1776428223
-.0735778809
-.0553436279
-.0400085449
-.0868377686
-.2322540283
-.2205200195
-.1543731689
-.1058197021
.0681762695
-.0283813477
.0169219971
-.0313262939
.0235595703
.0636749268
.1403045654
.1408538818
.1289367676
-.0679321289
.0665740967
-.0364990234
-.0455932617
.0415649414
.0407562256
-.0262908936
.0517272949
.0681610107
.0585632324
-.0670471191
-.0506439209
.0416259766
.0418701172
-.0406188965
-.0331420898
.0357208252
-.0280761719
-.0128021240
.0087280273
.0152282715
.0075531006
-.0231170654
.0332794189
.0317993164
.0321350098
-.0136413574
-.0124206543
.0045013428
.0076293945
.0105133057
.0113067627
-.0069122314
-.0051269531
-.0084838867
-.0095062256
-.0098114014
.0089874268
.0082092285
-.0087585449
-.0129089355
.0091400146
.0092773438
.0092315674
-.0165100098
-.0168914795
.0142669678
-.0140075684
.0063629150
.0087280273
-.0078277588
.0115509033
.0102844238
-.0112457275
-.0057678223
-.0106658936
-.0120239258
.0045928955
-.0071716309
-.0102691650
-.0088958740
-.0115814209
.0086975098
.0167846680
-.0107727051
-.0113677979
-.0149993896
-.0337829590
.0977478027
-.1194458008
-.0917205811
-.0651397705
-.1152496338
-.1143798828
-.1260070801
-.0477752686
-.0445709229
-.0558319092
.0727386475
.0820312500
.0630035400
.0404357910
.0335845947
-.1376495361
.1018218994
.0573120117
-.0389099121
-.0239715576
-.0897064209
-.0494384766
-.0472412109
-.0487060547
-.0477752686
-.0502777100
.0268096924
.0588989258
-.0893554688
.0931701660
.1355133057
-.1180877686
-.0452575684
-.0602111816
.0897369385
.1037750244
.0990447998
.1378021240
.0756988525
-.0892791748
.1006164551
.0647735596
-.0785522461
-.0264282227
-.0364685059
-.0283508301
-.0256652832
.0167388916
-.0381927490
.0253906250
-.0620117188
-.0436706543
.0230712891
-.0417175293
-.1426696777
.0375366211
.0248718262
-.1440277100
.0451507568
.0200958252
-.0200500488
-.0801391602
.0401763916
.0197143555
-.0402984619
-.0849456787
.1233215332
.0278778076
-.0261383057
.0600891113
.0471801758
.0339050293
-.0318298340
.0190887451
-.0164794922
-.0474090576
.0347747803
.0559539795
-.0476837158
-.0690155029
-.1119232178
-.0988006592
.1106872559
.0814666748
.0953826904
.0824432373
-.0604858398
-.0716705322
-.0377349854
-.0643157959
-.0971069336
-.0961456299
-.0849609375
.0869445801
.0602264404
-.0236816406
.0156402588
.0235290527
.0220031738
-.0158386230
-.0200195313
.0205383301
.0183410645
-.0164947510
.0142669678
-.0382080078
-.0986938477
.0552215576
-.0335083008
.0180664063
.0226287842
-.1223297119
-.1590576172
-.1262512207
-.1421051025
-.1583251953
-.1572875977
.0716247559
.1130371094
.0804748535
-.0447235107
.0322265625
-.0522918701
.0461425781
.0392303467
-.0409545898
-.0385742188
.0208740234
.0367431641
.0533447266
.0486907959
-.0374145508
.0728759766
.1025085449
-.1140594482
.1146850586
.0482482910
-.0892486572
.0608825684
-.0538177490
.0944061279
.0775299072
.0735015869
-.0732421875
-.0446166992
.0558319092
-.0501403809
-.0527801514
.0567779541
.0648040771
.0379333496
-.0400695801
-.0364074707
-.0248107910
-.0207519531
.0123443604
.0120086670
-.0112762451
.0099945068
.0075225830
-.0077514648
-.0068817139
-.0052032471
.0060272217
-.0222473145
-.0073394775
.0057525635
.0111541748
-.0869903564
.0881652832
-.0926208496
.0735931396
-.1598510742
-.1690368652
.0587768555
-.0434265137
.0583343506
.0185394287
-.0128631592
.0596618652
-.0939331055
.0940093994
-.0731506348
.0522308350
-.0188751221
-.0258636475
-.0145568848
.0134887695
.0112457275
-.0168762207
.0123901367
.0064392090
-.0051269531
-.0084533691
.0091247559
-.0073089600
-.0079498291
.0045013428
.0100708008
-.0066986084
-.0108184814
.0129394531
.0077819824
-.0065612793
-.0104370117
.0134124756
.0106658936
-.0092315674
-.0107574463
.0074920654
.0068206787
-.0103454590
.0904083252
-.1229553223
.1276245117
.1514892578
-.0914306641
.1366729736
-.1579132080
-.2068023682
-.1657714844
-.1519317627
.1260986328
.0798797607
-.0572357178
-.0329589844
-.0233306885
.0133056641
.0255584717
.0696868896
-.0645294189
-.0431213379
.0276184082
.0146942139
-.0194549561
-.0125732422
-.0353698730
-.0484313965
.0361022949
-.0685119629
-.0221862793
-.0442199707
-.0337829590
.0270538330
-.0457916260
-.0910797119
.0929870605
-.0632934570
-.0296783447
.0243835449
-.0202026367
.0481719971
-.0229492188
-.0468292236
.0462341309
-.0381927490
-.1024627686
-.0817871094
-.0815734863
.0311737061
-.0509796143
-.0313110352
.0272827148
.0131835938
-.0176696777
.0621185303
.0630645752
-.0544738770
-.0328521729
-.0578308105
-.0655212402
.0616302490
-.0478973389
.0290374756
-.0604553223
-.0630340576
-.0525054932
.0366363525
-.0441131592
-.0265350342
.0415496826
-.0744018555
-.0193634033
.0161285400
-.0270843506
-.0275878906
-.0340270996
.0460052490
-.0372619629
-.0341949463
.0491790771
.0461578369
.0223846436
.0123443604
.0130462646
.0130004883
-.0354309082
-.0091247559
.0093078613
.0148620605
-.0440063477
-.0405273438
-.0367584229
-.0543060303
.0373992920
-.0223846436
.0237121582
-.0361328125
-.0292968750
-.0249481201
-.0341644287
.0338134766
-.0396118164
-.0248107910
.0299377441
-.0246124268
.0245208740
.0182189941
-.0160980225
.0104827881
-.0134124756
-.0084533691
-.0128021240
.0072174072
-.0093383789
.0104827881
-.0076293945
.0098419189
-.0091857910
.0108795166
-.0068054199
.0064392090
-.0117492676
.0085906982
-.0133514404
-.0236053467
-.0426483154
-.0645751953
.0974578857
-.0976715088
-.0956268311
-.0472869873
-.0190124512
.0325622559
.0428009033
.0290679932
-.0233459473
-.0585479736
.0337982178
.0138397217
.0768737793
.0782928467
.0462799072
-.0999298096
-.0461883545
.0326690674
.0292510986
.0259094238
.0197906494
.0914916992
.0932922363
-.0620880127
.0584564209
-.0479888916
-.0277099609
.0541534424
-.0317535400
-.0433197021
.0374450684
.0174255371
.0177154541
.0263214111
-.0220184326
-.0188293457
-.0121612549
-.0108947754
-.0127105713
-.0119171143
.0115356445
.0101623535
.0096588135
-.0055389404
.0163726807
.0152587891
-.0210723877
.0203552246
-.0693817139
.1332550049
.2024383545
.2215728760
-.1222076416
-.1377716064
-.0689392090
.0732269287
.1539764404
-.2033538818
.1558227539
-.0626373291
-.0597686768
.0264739990
.1807708740
.1036987305
-.0924682617
.0952606201
.0463256836
.0510559082
.0518035889
-.0631256104
.0467071533
.0335693359
.0851135254
.1137542725
.0882415771
-.0325775146
.0200347900
.0394897461
-.0184020996
-.0645599365
-.0922393799
-.0354919434
-.0281982422
-.1078186035
.0251159668
.0261230469
-.0475616455
-.1148986816
-.0662994385
.0571594238
-.0784759521
.0646972656
-.0284423828
-.0446777344
-.0499267578
-.0915527344
.1325531006
.0855865479
.1102294922
.0776672363
-.0773315430
-.0710754395
-.0532379150
.0348815918
.0161437988
.0174713135
.0128173828
-.0080871582
-.0063171387
-.0089721680
-.0117340088
-.0089111328
-.0094299316
-.0217285156
-.0639801025
.0195465088
.0193634033
-.0554046631
-.0724029541
-.0622711182
.0323486328
-.0152740479
.0111389160
.0090484619
.0077056885
.0080718994
-.0041656494
-.0057067871
.0055236816
-.0045318604
.0049896240
.0061035156
-.0060729980
-.0066070557
-.0067596436
.0086517334
.0094909668
-.0067901611
.0053100586
-.0055236816
-.0063934326
-.0083312988
.0062103271
.0081329346
.0079650879
-.0085754395
.0068969727
.0076446533
.0067749023
.0071716309
.0111999512
-.1283416748
.1405487061
-.0376434326
-.0530395508
-.1665039063
-.2078247070
-.1909332275
-.1628265381
.0912017822
-.0548248291
.0224456787
-.0264587402
.0126495361
.0112457275
-.0530090332
-.1166534424
.0610351563
.0211334229
.0241546631
-.0640258789
.0480499268
.0438537598
-.0350036621
.0583801270
-.0312042236
.0248107910
-.0294952393
.1188507080
.0876464844
-.1511535645
-.0709533691
-.0758361816
.0304107666
-.1257324219
.0982055664
.1533813477
.1430053711
-.0760955811
.0728912354
-.0540466309
-.0337982178
-.0183105469
-.0162200928
.0087890625
-.0071868896
-.0071868896
.0075836182
.0064392090
.0050659180
-.0068206787
.0059356689
.0060577393
-.0057067871
.0063934326
.0053405762
.0071563721
.0061645508
.0087585449
-.0072631836
.0090026855
-.0085906982
-.0079193115
-.0054321289
.0075988770
-.0619354248
-.0689544678
-.0386810303
-.0356140137
-.0253295898
-.1525421143
-.1577148438
-.1826629639
-.0781860352
-.0652618408
-.1087341309
-.0623016357
-.1218414307
-.0934600830
-.0451965332
.1239929199
.1191864014
.0857696533
.1875915527
-.2070007324
.0914611816
.0618591309
-.0708465576
-.0561828613
-.0405883789
-.1060028076
-.0889739990
-.1047821045
-.0963897705
-.0863800049
-.0682678223
-.1164398193
.1372222900
.1514282227
.1102294922
.0805969238
.0665130615
.0878448486
-.1125335693
.1529388428
.2297515869
.1562805176
-.0553588867
-.1169281006
-.1076660156
-.0987396240
-.1378784180
-.0997924805
.0736694336
.0941619873
.0653686523
-.0349578857
.0345001221
-.0387268066
-.0362548828
-.0665283203
.0684509277
.0646209717
.0480651855
-.0671386719
.0518951416
-.0976257324
.1268310547
-.1226196289
-.1113891602
-.0522613525
-.0602874756
.0324707031
.0565185547
.0339355469
.0284118652
-.0163726807
-.0109863281
-.0088958740
.0067138672
-.0094299316
.0081024170
.0077362061
.0117797852
.0077056885
.0078735352
-.0053863525
-.0072631836
.0804290771
-.1252593994
.2321929932
-.1699066162
.1790466309
-.1637878418
.1290130615
.0895843506
.1391296387
-.1328277588
-.1137084961
-.0439605713
-.0369110107
.0646514893
.0682678223
-.0335540771
-.0235900879
.0182952881
-.0769653320
.0893859863
.1731872559
.1976470947
-.1239013672
-.1346130371
-.0448150635
.0273590088
.0188751221
.0171508789
-.0725555420
.0786437988
.0226593018
-.0140991211
.0207519531
.0740051270
-.0229339600
-.0230560303
-.0305938721
-.0432434082
.0579833984
.0816040039
.0675659180
.0505371094
-.0671234131
-.0292053223
.0204772949
.0155792236
-.0133514404
-.0119781494
.0128021240
.0121459961
.0075225830
-.0050048828
-.0061492920
-.0068359375
.0069732666
-.0051269531
-.0048370361
-.0064239502
-.0048217773
-.0501708984
-.0820617676
.0429077148
-.0855255127
-.1141052246
.2004241943
.1744384766
-.1465606689
-.1811676025
-.1780700684
.1548156738
.1077117920
-.0438232422
-.0321960449
.0239715576
-.0145568848
.0116271973
.0142364502
.0111083984
.0362701416
.0321044922
-.0916748047
.1154327393
-.0509643555
-.0337982178
.0301055908
-.0211791992
.1161651611
.1224975586
-.1338958740
-.1775665283
.1595153809
-.1271667480
.0663146973
.0309143066
-.0218200684
.0277404785
.0489044189
.0775909424
.0648956299
.0261535645
.0827178955
-.0775146484
.0231628418
-.0207977295
-.0207214355
-.0158233643
.0188598633
-.0075988770
.0108947754
.0093994141
.0172119141
-.0171203613
-.0132598877
-.0109405518
.0096893311
-.0100250244
-.0073089600
.0072937012
-.0133972168
-.0087738037
-.0081176758
-.0058135986
-.0073852539
.0089569092
-.0080108643
.0075378418
.0102233887
-.0055694580
.0069732666
-.0060272217
-.0063934326
-.0086669922
.0207519531
