-.0004730225
-.0022277832
-.0040435791
-.0065460205
-.0052185059
-.0121612549
-.0071105957
.0160064697
-.0147399902
-.0107574463
.0103759766
.0194702148
-.0187072754
.0324096680
-.0221252441
.0259399414
.0260467529
.0254974365
-.0269317627
-.0191955566
-.0269927979
-.0192565918
.0258331299
-.0181579590
-.0301971436
.0198974609
-.0337524414
-.0187835693
.0257263184
-.0295867920
-.0252075195
-.0226593018
-.0258636475
.0226287842
.0391387939
.0769805908
.0184478760
-.0309295654
-.0233612061
.0222473145
.0290374756
-.0326843262
-.0925750732
-.1177673340
.1462097168
.1388549805
.2582550049
.1214599609
.0923309326
.1047973633
-.0510101318
.0676879883
.0767364502
.0683593750
.0618286133
.0619201660
.1247253418
.1911468506
.1172790527
.1253051758
.1524963379
.1310882568
.1143646240
-.1445922852
-.1281280518
-.1261596680
.1344604492
.0871887207
.1104583740
.1332244873
.1100616455
.1114959717
-.0958251953
.0774993896
-.0945129395
.0871887207
-.0369873047
.0461273193
-.0279388428
-.0333862305
.0300140381
-.0382995605
-.0362854004
.0343475342
-.0317840576
.0212554932
-.0268402100
-.0358428955
.0276031494
.0307464600
-.0407409668
.0523986816
-.0561828613
-.0555572510
.1679077148
.2109222412
.2312774658
.2340850830
.1781005859
-.1597595215
.0840606689
-.1216583252
.1609649658
.1629638672
.1469726563
-.0826110840
-.1027374268
.1366271973
.0527038574
.0874633789
-.1105957031
.1351776123
.0765533447
.1054382324
-.0699768066
-.0444946289
-.0522613525
-.0411529541
.0594940186
-.0679779053
.0736999512
-.1355895996
-.1342010498
-.1647949219
-.0827941895
-.0658721924
-.0336761475
-.0377044678
-.0508422852
.0397033691
-.0293731689
-.0368804932
.0233917236
-.0248413086
-.0326232910
-.0297698975
-.0369567871
-.0449523926
-.0648498535
.0572967529
-.0549621582
-.0487976074
-.1114654541
.0663299561
.0270538330
-.0767364502
-.0529174805
.0915069580
-.1659698486
-.1408386230
.0960083008
.0826110840
-.0433044434
.0332183838
-.0325775146
-.0464782715
-.0257873535
-.0324707031
-.0296325684
-.0320129395
-.0345916748
-.0399475098
-.0765075684
-.1042327881
-.1000366211
-.1888885498
.0651550293
-.0564727783
-.0489196777
.1121215820
-.2331695557
-.2115325928
-.1392364502
-.0834960938
-.0603790283
-.0452423096
.0461273193
.0391082764
.0606994629
.1463470459
-.1473388672
-.1257324219
.0696563721
-.0446014404
-.0402374268
-.0441741943
-.0514984131
-.0435180664
-.0447692871
-.0601654053
.0597076416
-.0592346191
-.0687713623
-.0515441895
.0514831543
-.0502624512
.0590667725
-.0404357910
-.0329895020
.0198974609
.0304565430
.0314636230
-.0296020508
-.0541229248
-.0367889404
.0368652344
.0344848633
.0244445801
.0233764648
.0353393555
-.0402221680
.0218811035
.0347137451
.0269622803
.0401306152
.0547180176
.0360260010
.0705261230
-.0709686279
.0657501221
.0458984375
.0526123047
-.0504760742
.0523071289
-.0527038574
-.0456848145
-.0344543457
-.0354309082
-.0349273682
-.0325317383
-.0308380127
-.0338897705
-.0239868164
-.0404815674
-.0337219238
-.0294036865
-.0375518799
-.0313262939
-.0515289307
-.0303192139
-.0261383057
.0359344482
-.0243225098
-.0270690918
-.0333557129
.0840759277
-.1324615479
.1345672607
.0543518066
-.1187286377
-.1184387207
-.1405487061
.0489959717
.0636444092
.0524291992
-.0845794678
.0844268799
.0602874756
.0588989258
.1298522949
.1323089600
.0988922119
.0569152832
.0566101074
.0824127197
.0404510498
-.0407867432
.0728607178
.0371551514
-.0467987061
.0284576416
.0760650635
.1272583008
.1214904785
-.1239776611
.1013183594
.0886993408
-.0615081787
.0968170166
.0950164795
.1400146484
.0941925049
.1135253906
.1257324219
.0608367920
-.0566558838
-.0364074707
-.0274963379
-.0397796631
-.0356750488
-.0471649170
-.0419769287
.0611114502
.0491485596
-.0251770020
.0388336182
-.1386718750
-.0421600342
-.0272521973
-.0781555176
-.0471191406
.0252532959
-.0931396484
-.0588226318
-.0401611328
-.0474090576
-.0426483154
.1219787598
.0364379883
-.0440826416
-.0677032471
-.0472869873
-.0370025635
-.0347137451
-.0364379883
-.0449371338
-.0450439453
-.0375061035
.0585327148
-.0296325684
-.1257171631
-.1063385010
.1079711914
.0736541748
-.0862884521
.0991210938
-.1023406982
-.0707244873
-.0677337646
.0957946777
-.1026916504
.1023254395
.0596466064
-.0904083252
.0367889404
.0345153809
.0398712158
.0408325195
.0217132568
.0285034180
.0338134766
.0261077881
-.0260009766
.0258636475
-.0730743408
.0800781250
.0462341309
.0363006592
-.0429382324
-.1228790283
-.1519622803
-.1214904785
-.1371765137
-.1361541748
-.1344757080
.0944366455
.0831756592
.0767974854
-.0474700928
-.0510711670
-.0450439453
-.0631103516
.0452575684
-.0490722656
-.0256652832
.0465545654
.0539093018
.0622711182
-.0388488770
-.1161041260
.1013793945
-.1254730225
-.0911712646
-.0988769531
-.0685424805
-.0870056152
.1139678955
-.0772247314
.0794372559
-.0731353760
-.0658721924
-.0702667236
.0513458252
-.0691528320
.0732269287
.0635833740
-.0633850098
-.0372772217
-.0357208252
-.0345153809
.0350189209
-.0299835205
-.0341644287
-.0321960449
-.0303497314
-.0273590088
-.0191650391
-.0336761475
-.0549163818
-.0358886719
-.0245513916
-.0220184326
-.0620880127
-.0968322754
-.1085662842
.0856781006
-.1930694580
-.1734924316
-.0711975098
-.0590362549
-.0764770508
-.0477447510
-.0446472168
-.0924377441
-.0673675537
-.0795135498
.0586853027
-.0365447998
-.0363006592
.0238494873
-.0317382813
.0313415527
-.0368804932
-.0234832764
.0173339844
.0331726074
.0369567871
-.0219116211
.0211486816
-.0229492188
.0220642090
.0400085449
-.0275421143
-.0392913818
.0275878906
-.0274353027
.0257415771
.0367279053
-.0307464600
.0367126465
.0263366699
.0299530029
.0316314697
.0982208252
-.1378936768
.0996856689
.2207489014
-.1079559326
.1133575439
-.1265411377
-.2046356201
.1614227295
-.1717834473
.1270751953
.0552520752
-.0467071533
.0434265137
.0345306396
-.0253448486
.0655059814
.0880737305
-.0457611084
.0519409180
.0487823486
.0222015381
.0229492188
.0425262451
.0517730713
.0450286865
.0657348633
.0401153564
-.0329589844
-.0362396240
.0308685303
.0766601563
.1049041748
-.0867156982
.0459136963
-.0357513428
.0349731445
.0722045898
.0334167480
.0805206299
.0398712158
-.0401763916
-.1137542725
-.0927124023
.0522308350
.0424957275
.0310974121
-.0366668701
-.0289001465
.0293579102
.0799255371
.0909271240
.0478057861
-.0354003906
-.0617218018
-.0824432373
.0707855225
.0410308838
.0675506592
-.0663146973
-.0431365967
-.0462188721
.0473785400
.0479431152
-.0503082275
-.0876770020
-.0265350342
-.0264739990
.0377502441
-.0546875000
.0565948486
.0489044189
-.0363311768
.0592346191
.0629730225
.0380554199
.0326080322
.0313110352
.0217895508
-.0489044189
-.0175781250
-.0278472900
-.0316772461
-.0705108643
-.0630340576
-.0595550537
-.0703430176
-.0508575439
-.0337066650
.0384521484
-.0412139893
-.0378112793
.0344085693
-.0378875732
-.0471038818
.0375366211
-.0366516113
-.0388336182
-.0325775146
-.0238952637
.0276794434
-.0157928467
-.0236206055
-.0277557373
.0252838135
.0255584717
.0276336670
.0165557861
.0284881592
-.0277862549
-.0430450439
-.0353088379
-.0262298584
.0243682861
-.0310363770
-.0449523926
-.0793914795
-.0940246582
-.0991821289
-.1045684814
-.1072387695
-.0672149658
-.0434112549
-.0626068115
-.0547027588
.0291290283
-.0439758301
-.0577545166
-.0418853760
-.0891571045
-.0823974609
-.1178436279
.0924530029
-.1301116943
-.0582122803
-.0501098633
.0457611084
.0628204346
-.1011047363
.0731506348
.1151885986
-.0624542236
.0593414307
-.0836791992
.0712280273
.0473022461
.0698089600
-.0435028076
.0430603027
-.0347137451
.0405273438
.0307617188
.0422363281
-.0245056152
.0293884277
-.0318603516
-.0391540527
.0216369629
-.0296936035
-.0200042725
-.0223541260
-.0299072266
-.0422363281
-.0578765869
.1501617432
.1941375732
.1773529053
-.1132507324
-.1344451904
.0695800781
-.1063537598
.1789550781
-.1709899902
.1453094482
-.0868225098
-.0527343750
-.1347656250
-.1000518799
-.1065979004
-.0922546387
-.0526733398
-.0706176758
-.0857086182
-.0558929443
-.0552825928
-.0414733887
.0979461670
-.1472015381
-.0366821289
.0445709229
-.0525360107
-.0430450439
.0679931641
-.0999298096
-.0482330322
.0675964355
-.0951843262
.0317535400
.0300750732
-.0659027100
-.0939178467
.0709075928
-.0711212158
.0874938965
.0434417725
.0438232422
.0551605225
.0890808105
.1329803467
.1043853760
.1110839844
.1092834473
.0893096924
.0557556152
.0601501465
.0360717773
-.0369110107
.0247802734
.0220489502
.0304107666
-.0149688721
-.0260925293
-.0277404785
.0284729004
.0424346924
.0674133301
.0290985107
.0317535400
-.0669860840
.0824279785
-.0563507080
-.0346069336
-.0382385254
.0360260010
-.0341796875
-.0615997314
.0346527100
-.0243072510
-.0464324951
.0450439453
-.0407409668
.0346984863
-.0554351807
-.0383300781
.0260009766
-.0534515381
-.0270690918
-.0264434814
-.0273742676
-.0323181152
-.0251770020
-.0269012451
-.0275726318
-.0242462158
-.0297546387
-.0228271484
-.0306243896
.0258026123
-.0245361328
.0439605713
.1297607422
.0678100586
.0463714600
-.1431427002
-.2142639160
-.1905975342
-.1242218018
-.0678710938
-.0645599365
.0339813232
.0410614014
.0196838379
-.0484313965
.0928497314
.1192321777
-.0475921631
-.0323486328
-.0488891602
.0558013916
-.0488891602
-.0463867188
.0582275391
-.0364074707
-.0342559814
-.0727539063
-.1494750977
-.1004028320
-.1076965332
-.0693511963
-.0477905273
-.1344757080
-.0977630615
.1726531982
.1549377441
-.0635223389
-.0909271240
-.0707702637
-.0345916748
-.0205688477
.0283508301
.0242309570
-.0290222168
.0200500488
-.0173187256
-.0203247070
.0229949951
-.0218811035
-.0386199951
-.0292053223
-.0296783447
-.0208892822
-.0170593262
-.0313262939
-.0528259277
-.0386047363
-.0283660889
.0216522217
.0197601318
-.0290679932
-.0691528320
-.0718994141
-.0480957031
-.0526123047
-.0391693115
-.1472625732
-.2275543213
-.1825866699
-.0587615967
.0472869873
-.1986999512
-.0452880859
-.1678161621
-.0611572266
-.1119232178
-.0997772217
.1202697754
.1949310303
-.2243194580
-.0838165283
-.0622253418
-.0682067871
-.0550842285
-.0643310547
-.1149597168
-.0865478516
-.0989379883
-.0884094238
-.0782775879
-.0986328125
.1273498535
-.1618194580
.1160125732
-.0850982666
.0690460205
.1208953857
-.1220245361
.1916961670
.2063598633
-.1476440430
-.1138305664
.1060333252
-.1268310547
-.1167602539
-.1092529297
.0781250000
.1136322021
.0617675781
-.0624084473
-.0422973633
-.0563201904
-.0657653809
-.0711669922
-.0918426514
.0635070801
.0692749023
.0625305176
.0851135254
.1323699951
.1230468750
-.1166534424
.0713195801
-.0794830322
.0484313965
.0676269531
.0410003662
.0394744873
-.0218200684
.0201721191
.0257415771
.0297241211
.0306396484
.0181274414
.0312347412
.0255737305
.0353698730
.0392913818
.0307922363
.0962524414
.1837005615
.1949157715
.1790618896
-.1429595947
-.1722106934
-.0638122559
.1208038330
-.1179962158
.0961303711
-.0537261963
-.0458068848
.0922698975
.0655364990
.0359497070
-.0238037109
.0506591797
.1104431152
.1104888916
.2201538086
-.1204986572
.1518402100
.0622863770
.0476379395
-.0358581543
-.0321350098
-.0962524414
.0786285400
-.0346984863
.0542907715
.0828552246
.0440063477
.0391693115
.0414581299
-.0470428467
.0630950928
.0947113037
.0921478271
-.0484619141
-.0767364502
-.0431823730
.0234527588
-.0263977051
-.0261535645
-.0351867676
-.0362243652
-.0249786377
-.0244598389
-.0302886963
.0270385742
-.0294189453
.0269622803
-.0193481445
-.0243835449
-.0177459717
-.0641174316
-.0890502930
-.0635223389
-.1228027344
.1969757080
.2196960449
.1360473633
-.1424255371
-.1950225830
.1666412354
-.1244049072
-.0602264404
-.0332489014
.0337371826
.0285797119
-.0300445557
.0279693604
-.0448760986
-.0466766357
-.0822448730
.1224365234
-.0561218262
-.0464630127
-.0337219238
-.0308227539
-.1280212402
.1456298828
-.1425476074
-.1726837158
.1239776611
-.1105499268
-.0527191162
-.0393218994
-.0324859619
-.0317840576
-.0729522705
.0529479980
.0270385742
-.0660858154
-.0848999023
-.0353393555
-.0360107422
-.0259857178
-.0217742920
.0243072510
.0288543701
-.0499877930
.0218963623
-.0196228027
-.0243988037
.0227508545
-.0284881592
-.0421447754
-.0299072266
-.0295104980
-.0282287598
-.0217895508
-.0318145752
-.0509033203
-.0385589600
-.0275878906
-.0228271484
-.0264739990
-.0284881592
-.0279846191
-.0260467529
-.0427398682
-.0205993652
-.0282440186
-.0301055908
-.0285491943
-.0294952393
-.0293273926
-.0247497559
-.0280914307
-.0199432373
-.0172119141
-.0248413086
-.0271759033
-.0258026123
-.0247802734
-.0229492188
-.0195465088
-.0178985596
-.0118865967
.0221710205
.0228118896
-.0149383545
-.0170593262
-.0139465332
.0121307373
.0167541504
-.0177917480
-.0155487061
-.0113830566
-.0088806152
.0075836182
.0102081299
-.0067749023
.0081787109
.0045166016
.0039520264
.0038452148
.0015716553
.0010528564
.1696472168
