-.0008239746
-.0039367676
-.0071563721
-.0115814209
-.0096130371
-.0215148926
-.0130920410
.0281372070
-.0263671875
-.0198059082
.0179138184
.0343475342
-.0336914063
.0572357178
-.0400543213
.0457611084
.0458984375
.0590667725
-.0498504639
-.0333709717
-.0505065918
-.0326843262
.0453338623
-.0318298340
-.0538940430
.0335388184
-.0555725098
-.0314331055
.0434722900
-.0489196777
-.0430450439
-.0352325439
-.0380096436
.0478820801
.0617218018
.0921478271
.0287933350
.0636749268
-.0427703857
.0332489014
.0512695313
-.0534973145
-.0961761475
.1064758301
.1542968750
.1473388672
.2618713379
.1289978027
.1314392090
.1214904785
.0648956299
.0842590332
.0831756592
.0856170654
.0690307617
.0673522949
.1360168457
.2008666992
.1216583252
.1273651123
.1306304932
.1430664063
.1312713623
-.1492767334
-.1418762207
.1331634521
.1458892822
.0987854004
.1129455566
.1199035645
.1093444824
.1278839111
-.1121826172
-.0722351074
-.0989685059
.0839385986
.0399475098
.0593872070
-.0358886719
-.0485839844
.0265502930
-.0557403564
-.0446777344
-.0676269531
-.0447387695
.0320129395
-.0354309082
-.0581970215
.0552368164
.0490417480
-.0529785156
.0716247559
-.0670318604
-.0656127930
.1904144287
.2258300781
.2407226563
.2453308105
-.1476745605
-.1391601563
.0897979736
-.1333007813
.1600036621
-.1722869873
.1366119385
-.0806427002
.1107635498
.1032409668
.0608673096
.1015319824
-.1242065430
-.0924224854
.0811767578
.1131591797
.0720367432
-.0596771240
-.0738983154
-.0609893799
-.0639190674
-.0841217041
-.1128234863
-.1350708008
-.1481933594
-.1717529297
-.0926361084
-.0712890625
-.0496063232
-.0542449951
-.0510864258
.0506134033
-.0426788330
-.0581207275
-.0411987305
-.0408172607
-.0428619385
-.0493774414
-.0749816895
-.0738830566
-.0723876953
-.0781250000
-.0812225342
-.0652313232
-.1216583252
.0684509277
-.0376129150
-.0958709717
-.0797271729
-.1083374023
-.1315917969
-.1502990723
.1577606201
-.0809020996
.0458068848
.0521850586
.0737762451
-.0772399902
-.0492248535
-.0482788086
-.0297698975
-.0570373535
-.0631561279
-.0579223633
-.0741577148
.1267700195
-.1040802002
-.1891632080
.0776519775
-.0434722900
-.0779266357
.1367797852
.2211151123
-.2107238770
-.1270904541
.0916748047
.0905456543
-.0381469727
.0558471680
.0475006104
.0675506592
-.1489410400
-.1576843262
-.1286773682
.0899505615
.0681152344
-.0402984619
.0490112305
.0464324951
.0326232910
.0643463135
.0586700439
-.0625457764
-.0794677734
-.0657348633
.0539245605
.0605468750
.0660705566
.0795898438
.0603027344
-.0509185791
.0453186035
.0553283691
.0477752686
.0597381592
.0638732910
.0442352295
-.0488128662
.0562896729
.0360870361
.0574340820
-.0503540039
-.0697937012
.0343780518
.0600585938
.0508117676
.0680847168
.0867004395
-.1115112305
.1546020508
.1276245117
.0936737061
.1058959961
.0882415771
-.1472015381
-.0782623291
.0630187988
-.0980224609
-.0572204590
-.0556793213
-.0444488525
-.0631408691
-.0522460938
-.0648040771
-.0504455566
-.0745086670
-.0503997803
-.0526580811
-.0400848389
-.0515136719
-.0852050781
.0362854004
.0317077637
.0547027588
.0411071777
.0489654541
.0556793213
.1042785645
.1231536865
.1092529297
.0687103271
-.1208801270
-.1154785156
-.1350860596
.0640563965
.0811767578
-.0676116943
-.0890655518
.0836486816
.0682220459
.0439758301
.1711425781
.1509704590
.1338195801
.0794219971
.0574493408
.0893402100
.0743103027
.0518798828
.0847320557
.0509643555
.0595397949
.0602416992
.0815734863
.0958862305
.1405181885
-.1295471191
-.0732727051
.0573577881
.0911407471
.1143493652
.1214447021
.1434020996
-.1091156006
.1307830811
-.0760955811
.0953216553
-.0647277832
-.0575103760
-.0380706787
-.0505676270
-.0588531494
-.0535125732
-.0578765869
-.1031188965
-.0524291992
-.0502624512
-.0763397217
-.1354827881
-.0762634277
-.0642700195
-.0646057129
-.0427551270
.0346832275
-.1087188721
-.0734405518
-.0620727539
.0728912354
.0872039795
-.1334075928
.0477447510
.0597534180
-.0943603516
.0558319092
-.0392608643
.0351562500
.0886077881
.0789947510
.0843353271
-.0943603516
.0836944580
-.0670471191
.1286315918
-.1238098145
.0820922852
.0892486572
.1113739014
.1236114502
-.1079864502
.1183471680
.0809478760
.0963745117
-.1026306152
-.1072845459
.0922393799
-.0835266113
-.0494079590
-.0427856445
.0479888916
.0444488525
.0533752441
.0576629639
.0554199219
.0633697510
.0482177734
-.0610961914
.1222076416
.0953369141
-.0547790527
-.0534820557
-.0416412354
-.1457824707
-.1607513428
-.1192779541
-.1571502686
-.1470947266
-.1329650879
-.0989837646
.0948638916
-.0746002197
-.0753326416
-.0833587646
-.0680541992
-.0742797852
-.0693054199
-.0519866943
-.0475311279
-.0727539063
-.0853881836
.0547180176
-.0547485352
-.1114654541
.1130828857
.1308288574
.0954895020
-.1097412109
-.0686187744
-.0776672363
.0929260254
.0912017822
.0856933594
-.1036834717
-.0731658936
-.0746307373
-.0723419189
-.0917205811
-.0800476074
.0806274414
-.0861358643
-.0599365234
-.0505065918
-.0413360596
.0401153564
-.0387268066
-.0566101074
-.0527801514
-.0541687012
-.0512390137
.0356292725
-.0389404297
-.0453948975
.0400238037
-.0442657471
-.0401763916
.1046600342
.1078033447
-.0820770264
.0982055664
-.1608734131
.1329650879
.0974426270
.0864410400
.1006164551
.0602264404
-.0421142578
-.1000213623
.0843963623
.1011199951
.0540008545
.0438842773
.0434417725
.0391693115
.0483093262
.0416259766
.0695495605
.0448455811
.0401000977
.0354003906
.0469970703
.0477142334
.0444488525
.0422363281
.0291900635
.0535888672
.0490112305
.0531311035
.0423126221
-.0361480713
-.0392150879
.0374298096
-.0475616455
.0589904785
.0419311523
-.0498809814
.0420227051
.0892639160
-.1710815430
.1393127441
.1777801514
-.1031494141
.1521606445
-.2100067139
-.2328491211
.1804351807
.1589355469
.1150665283
.0783538818
-.0403442383
.0917968750
.0540618896
-.0662536621
.0688018799
.0678863525
-.0467224121
.0424194336
.0457153320
.0430908203
.0303497314
-.0604553223
.0567016602
-.0507507324
.0347290039
.0784759521
.0644378662
.0502014160
-.0503845215
.1139068604
-.1179199219
.0706787109
-.0412750244
.0507812500
-.0836181641
-.0460357666
-.0499877930
.0789794922
.0593109131
-.0789031982
-.1570892334
-.0910797119
-.0575714111
-.0715332031
.0450439453
-.0451965332
-.0483245850
-.0495605469
-.0979309082
-.0845336914
-.0575561523
-.0990905762
-.0870819092
.0749816895
-.0616912842
.0501403809
-.0683441162
-.1086273193
-.0766296387
-.0490112305
-.0713806152
-.0700073242
.0632934570
.0837707520
-.0314178467
-.0706024170
-.0713806152
-.0866699219
-.0718231201
-.0718536377
-.0597381592
-.0703430176
-.0747680664
-.0549621582
-.0577239990
-.0430145264
-.0415039063
-.0470123291
-.0357055664
.0294342041
.0471038818
.1045684814
-.0659790039
-.0812530518
-.0806732178
-.0707244873
.0581512451
-.0669708252
.0627441406
.0570373535
-.0539855957
-.0472564697
-.0815277100
-.0448455811
.0415039063
-.0423736572
.0452728271
.0318298340
-.0446472168
-.0256500244
-.0469818115
-.0569305420
-.0496826172
-.0462951660
-.0443878174
-.0294799805
.0427246094
.0514221191
-.0523834229
-.0505981445
-.0454559326
-.0319213867
.0431671143
.0516357422
.0721588135
-.0731811523
-.1146392822
-.1084136963
-.0807647705
.0566711426
.0537872314
.0746154785
-.0604248047
.0513763428
.0714721680
.0720520020
.0632476807
.1202850342
.1085357666
.1464233398
-.1759948730
.1139526367
.0860900879
.0986785889
-.0906524658
.0942840576
-.1263122559
-.1195678711
-.0796966553
-.0789947510
-.0591735840
-.0851287842
-.0650482178
-.0820922852
-.0421142578
-.0597229004
-.0573577881
-.0676727295
-.0611419678
-.0614624023
-.0811920166
-.0504760742
-.0419616699
.0478363037
-.0569915771
.0492706299
.0459289551
-.0471343994
-.0314178467
.0436401367
-.0436706543
-.0923004150
.1813659668
.2136077881
-.1619567871
-.1270294189
.1175994873
-.0794067383
.1515350342
.1903991699
.1830291748
.1500701904
.0882110596
.0749359131
.1810455322
.1061096191
.1100463867
.0933532715
.0618896484
.1030731201
.0630035400
-.0552825928
.0610198975
-.0749511719
.1237640381
.0985412598
.0546722412
-.0424652100
.0595245361
.0494537354
-.0860595703
.0700836182
-.0604553223
-.1099090576
.0783233643
.0603637695
.0691680908
-.1244201660
-.0951385498
-.0746154785
.0771179199
.0730133057
.0524139404
-.0663604736
.0693359375
.0994262695
.1098785400
-.1079711914
.0966796875
-.0844116211
-.1133880615
-.0877227783
-.0507507324
-.0390167236
-.0272216797
-.0542297363
-.0681152344
-.0465393066
-.0490112305
-.0625152588
-.0436859131
-.0511016846
-.0746307373
.0530395508
-.0457000732
.0513000488
.1453399658
-.0815429688
-.0568695068
-.0546417236
-.0760040283
-.0664825439
.0659027100
-.0706481934
-.0530548096
-.0590057373
.0971832275
-.0889587402
-.0556488037
.0839385986
-.0762786865
.0815887451
-.0528717041
-.0571899414
.0450744629
.0440063477
.0365753174
.0389556885
.0497741699
.0482940674
.0382690430
.0650939941
.0536346436
.0357971191
-.0441284180
-.0488586426
.0727691650
-.1241607666
-.1155853271
.0590667725
.1454162598
-.2897033691
-.1240844727
.1671295166
.1394042969
-.0889739990
-.0614929199
-.0559387207
.0631561279
.0962829590
-.0690917969
.1440429688
-.0636596680
-.0370788574
-.0417785645
-.0941772461
-.0462493896
-.0679626465
-.0623779297
-.0549163818
.0471343994
.0474243164
.1215057373
.1220092773
.1682281494
-.0879516602
.0980834961
.0795745850
-.1241455078
.1202392578
.1628112793
.1152343750
.1152648926
-.1011810303
-.0667266846
.0345611572
-.0449066162
-.0298614502
.0542602539
-.0492858887
.0345153809
.0296478271
.0403900146
.0463562012
.0533905029
.0380859375
.0293884277
.0722351074
-.0451812744
.0367431641
.0520324707
-.0395355225
.0393066406
-.0242004395
.0365905762
.0448760986
.0347900391
.0823364258
.0614624023
.0639495850
.0747070313
.0754089355
.1432037354
-.1899871826
.1143798828
.0840606689
.1103820801
.0790710449
-.1335906982
.0850524902
.0665893555
-.1446533203
-.1083679199
.0994873047
.1746673584
.1666564941
.0987396240
-.1090545654
-.0612030029
.0559997559
-.0977020264
-.0738677979
-.1008605957
-.1277465820
-.0854339600
.1119384766
-.1598510742
.1568145752
-.1615753174
-.1168212891
.0778503418
-.0934448242
-.1308593750
-.1198883057
-.1432647705
.1516113281
-.0731048584
.1503906250
.0950469971
-.1240234375
-.1726684570
-.0817718506
-.0764465332
-.0954589844
.0696716309
.0432281494
.0575103760
.0767364502
-.0671997070
.1264190674
.0781097412
.0762176514
-.0979461670
-.0533752441
-.1230163574
.1098632813
.1239929199
-.0560607910
-.0786743164
.0447235107
-.0622100830
-.0642089844
-.0636749268
-.0706481934
-.0398864746
-.0460052490
-.0532989502
-.0367126465
-.0419006348
-.0501708984
-.0518951416
-.0378570557
-.0573577881
-.0420379639
-.0868835449
-.1678161621
.2377777100
-.1780548096
-.1861572266
-.1896514893
.1046295166
-.1510772705
-.1943817139
-.1373901367
.1130828857
-.0525665283
-.1034240723
-.1210479736
-.0619659424
-.0604553223
-.0423736572
-.1151428223
-.1170959473
.1845855713
.1589050293
.1630706787
-.1131286621
-.0530395508
-.0558166504
-.0624847412
.0966033936
-.1026153564
.0372924805
.0494384766
-.0712890625
-.0838470459
-.0436248779
-.0427398682
-.0428009033
.0748138428
-.0858612061
.1053924561
-.0627593994
.0741882324
.0591583252
.0438690186
.0260620117
.0327758789
.0383148193
.0644683838
.0802764893
.0747070313
.0610351563
.0373077393
.0777130127
.0391540527
.0315551758
.0364685059
-.0377197266
-.0502014160
.0693206787
-.0694427490
.0636444092
.1256256104
.2321319580
.1852874756
-.1502532959
-.1846008301
-.1849365234
.1921691895
.0860137939
.0715026855
.0360870361
.0338897705
.0411834717
.0592193604
.0562896729
-.0528564453
.0576934814
.1350097656
.1235961914
.0598754883
.0513458252
.0583801270
.0882110596
.1558685303
.1308593750
-.1537933350
.1684417725
-.1431121826
.0600128174
.0522460938
.0560607910
-.0503082275
.0821380615
.1010589600
-.0718688965
.0601806641
-.0716705322
.0663452148
.0710601807
.0548706055
.0375518799
.0421447754
-.0371093750
.0530090332
.0417175293
.0366058350
.0401306152
.0566253662
.0496826172
.0679779053
.0474243164
.0560607910
.0774993896
.0299224854
.0355834961
.0735626221
.0535736084
.0429077148
.0364379883
-.0429687500
-.0297698975
.0465240479
.0401000977
.0454559326
.0417785645
.0517730713
.0230560303
.0387573242
.0507507324
.0671691895
.0468902588
-.0410461426
.0268554688
.0366363525
.0443267822
.0409240723
.0476379395
-.0570220947
.0297546387
-.0324249268
-.0350952148
-.0308380127
-.0337219238
-.0249328613
-.0242919922
.0228118896
-.0190124512
.0223236084
-.0141906738
-.0267791748
.0269622803
-.0186614990
.0153045654
.0191040039
-.0115356445
-.0093078613
-.0099792480
-.0098876953
-.0120086670
-.0087890625
-.0051116943
.0034179688
-.0028991699
-.0010986328
