.0003662109
.0017395020
-.0049133301
-.0110321045
.0077972412
-.0158233643
-.0122833252
-.0215301514
.0200958252
.0268249512
.0299072266
.0312194824
.0395812988
.0409545898
.0402679443
.0324401855
.0438842773
-.0581359863
.0603485107
.0579071045
.0485076904
.0384368896
.0551147461
.0551300049
.0915832520
-.0557098389
.0424804688
-.1500549316
-.1633300781
.1040344238
.0796813965
.0733795166
.1237792969
.0621337891
.0309906006
.0696411133
.0807800293
.0519409180
.0816802979
-.0890502930
.0869598389
.0641937256
.0676422119
-.0576934814
.0571289063
.0543212891
.0529022217
.0439300537
.0329284668
.0422821045
.0519866943
.1012725830
-.0799102783
.0651550293
-.0609130859
.0926971436
-.0407867432
.0553894043
.0525512695
.0675506592
-.0577392578
.0573730469
.0490722656
.0417938232
.0598754883
-.0587158203
.0512695313
-.0355072021
.0524139404
.2219848633
-.0848083496
-.0649719238
-.0542297363
.0390167236
-.0381927490
.0581207275
.0573272705
.0416412354
.0337677002
-.0390167236
-.0383300781
.0570220947
.0304870605
.0529785156
.0551300049
-.0293121338
.0526580811
.0421142578
-.0386657715
-.0475311279
-.0350494385
-.0480651855
-.0449371338
-.0693969727
-.0958709717
.0711822510
.1387634277
.1172485352
.0989990234
.1156921387
.0769500732
.0651245117
.0784606934
-.0891876221
-.0653228760
.1309509277
-.1185150146
.1201324463
-.1016235352
-.1131439209
.0892791748
.0791778564
.1841125488
.1681365967
.1331176758
.1416778564
.1426391602
.0652618408
.0836639404
.1894989014
-.0982208252
-.0582580566
-.0990295410
-.1290588379
.1283416748
-.0594635010
-.0505828857
.1138610840
-.1124114990
-.0755157471
.0847167969
-.0870056152
.1227569580
-.0673828125
-.0604248047
.0933380127
-.1222991943
.2233886719
.1476135254
-.0601806641
-.0616760254
.0935821533
-.0986022949
-.0590515137
-.0379791260
-.0350799561
-.0356903076
.0297851563
-.0367279053
.0698089600
.0345611572
.0355834961
.0409088135
.0384674072
-.0460205078
-.0979766846
-.0803222656
-.0500793457
-.0289001465
-.0465698242
-.0444946289
-.0438232422
.0405578613
.0408172607
.0353088379
.0585632324
.0531311035
.0968475342
-.0542297363
-.0608673096
-.0464630127
-.0491790771
.0430450439
.0408325195
-.0608215332
-.0406494141
.0433807373
-.0358123779
-.0570220947
-.0567779541
-.0342102051
.0440216064
.0447540283
.0329437256
.0302886963
.0340270996
.0414276123
-.0479583740
-.0364227295
.0429687500
-.0397796631
-.0571899414
-.0778045654
-.0684356689
-.0527038574
.0996551514
-.0615539551
.0790100098
.0555725098
-.0474548340
.1106262207
.1829833984
.2055358887
.1285095215
-.0955047607
-.0980529785
-.1113739014
.1454467773
-.2448425293
.2003326416
.0969238281
-.0806121826
.0644531250
.0729370117
.0612335205
.0773925781
.1030883789
-.1113739014
-.0953063965
-.0605773926
-.0482177734
.0486907959
-.0525207520
.0540313721
.0355682373
-.0296783447
.0722808838
.0460052490
-.0349121094
-.0395812988
-.0412292480
-.0458526611
.0510101318
.0535888672
.0878753662
.0896148682
.0713043213
.0679016113
.0601654053
.0759429932
.0656127930
-.0626373291
.1308746338
-.0568084717
-.2209625244
.0915832520
.0724487305
.0779266357
.0663452148
.0447692871
.0399780273
.0293121338
.0596008301
.0431365967
-.0455474854
.0549468994
-.0391998291
-.0500030518
-.0194702148
-.0300140381
.0455322266
.0334167480
.0364227295
.0457916260
.0429840088
.0311737061
.0462799072
.0408935547
.0418090820
.0537109375
-.0417175293
-.0449066162
-.0640258789
-.0552062988
-.0657653809
.0603485107
-.0398254395
-.0311584473
-.0455322266
.0511474609
.0567321777
-.0270996094
.0483856201
.0599212646
.0563659668
-.0442352295
.0457305908
.0555419922
-.0647583008
.0464630127
-.1118469238
-.0930480957
.0802764893
-.0396118164
-.0374603271
.0327911377
-.0286560059
-.0447387695
.0455017090
.0419464111
.0283813477
.0497436523
-.0380859375
-.0491943359
.0604095459
.0548400879
-.0727996826
.0613861084
-.0623779297
-.0542144775
-.0789184570
-.0426025391
.0391082764
-.0456542969
.0565948486
.0794067383
.1017150879
.1195983887
.0943450928
-.0818328857
-.0741729736
-.0680084229
-.0572662354
.0543975830
.0602264404
.0941619873
.1122436523
.0666656494
-.0418701172
-.0551757813
.0594024658
-.0327148438
-.0490722656
.0363616943
-.0564575195
-.0598602295
-.0356292725
-.0471191406
.0309753418
.0940093994
.0582885742
.0874938965
.0856170654
.0986175537
.1108093262
.0716094971
.0805358887
.0738677979
.0405426025
.0784301758
-.0658721924
-.0752410889
-.0925750732
-.0827636719
-.0585174561
.0642700195
.0891571045
.0780639648
.0733642578
.1262207031
.1274566650
.1122741699
-.0677795410
-.0814056396
-.0674438477
-.0931549072
-.0701293945
.0550994873
-.0659637451
-.0727081299
.0866546631
.0852203369
.0831909180
.0776977539
.0806274414
.0852813721
.0962371826
.0927581787
-.0804595947
.0856933594
.0885925293
.0768432617
-.1133728027
-.0536041260
-.0543212891
-.0783996582
-.0598907471
-.0510711670
-.0632781982
-.0758514404
-.0612945557
-.0388946533
.0419769287
-.0591278076
-.0353851318
.0766601563
.0612030029
-.0803680420
.0624389648
.2422027588
-.0990447998
-.0492706299
-.0693664551
-.0524749756
-.0857696533
-.0639495850
-.0541839600
.0507507324
.0478363037
.0814971924
.0653381348
.0296020508
.0532684326
-.0514068604
-.0536499023
-.0710754395
-.0545501709
-.0939788818
-.0932922363
.0633697510
-.0571441650
.0474243164
.0357666016
-.0587005615
.0327453613
.0405578613
-.0446319580
-.0438232422
-.0613250732
-.1008605957
-.1072235107
-.1621704102
.1442108154
-.0742797852
-.0944976807
-.0856475830
-.0847930908
.0720214844
.0769195557
-.0709228516
-.0476989746
-.0423431396
.0441589355
-.0432128906
.0594787598
.0719146729
.0640869141
.0647277832
.0392761230
-.0691375732
-.0424804688
-.0744018555
-.0763092041
-.1444702148
-.1190795898
-.1740112305
-.1043548584
-.0801544189
.0965423584
.1089172363
.0661773682
.1692962646
.0577392578
-.0453491211
-.0907745361
-.0975036621
-.0647125244
-.0834350586
-.1036682129
-.1168518066
-.1099395752
-.1320037842
-.0768737793
-.1233520508
.0914916992
.0727996826
.0543060303
.0554809570
.0840759277
.0478210449
-.0968170166
.0799560547
-.0493621826
.0588989258
.0889587402
-.0887908936
.0777893066
-.0408630371
-.0646820068
-.0793304443
-.0535736084
-.1120300293
-.0868988037
-.0875396729
.0803680420
.0891723633
.1076507568
.0955047607
.0751647949
-.0638122559
-.0718994141
.0510253906
-.0826416016
-.0621948242
-.0789947510
-.0585021973
-.0594787598
-.0822448730
.0699462891
.0820159912
.0627288818
.0695190430
.0572052002
.1127319336
.0815124512
.0704650879
-.0410308838
-.0397033691
-.0763244629
-.0625915527
-.0469512939
.0518493652
-.0383300781
.0458679199
.0432434082
.0622863770
.0997161865
.1076812744
-.0997009277
.0971832275
.0707397461
-.0644378662
.0780487061
.0362854004
.0723724365
.0647583008
.0472717285
.0522613525
.0838623047
.0567474365
-.0439910889
-.0795440674
-.0594329834
.0736236572
.1099243164
.0649108887
.0618591309
.0555725098
.0718688965
.0577545166
-.0551910400
-.0815582275
-.0691528320
-.0682830811
-.0604095459
-.0576629639
-.0519104004
-.0598907471
.0671997070
.0633239746
.0756988525
.1110534668
.0749359131
.0937500000
.0790557861
-.0573883057
-.0457611084
-.0626983643
-.0707855225
-.0308532715
-.0438079834
-.0423431396
.0699920654
.0412445068
-.0379028320
.0493621826
.0755157471
-.0506134033
-.0650177002
-.0659332275
.0537261963
-.0397186279
.0330505371
.0247497559
-.0316314697
-.0469360352
.0598144531
-.0740203857
-.0690460205
.0883331299
-.0868682861
-.0857849121
-.1168975830
.1042938232
-.1165771484
-.0888366699
-.1169586182
.0680389404
-.0969085693
-.1015625000
.0918731689
-.1020965576
-.0932922363
-.1209564209
-.1553039551
-.1026306152
-.1069030762
-.1242675781
-.1050109863
-.1356506348
-.1454010010
-.1306915283
-.1316375732
-.1038208008
-.0880126953
.0905456543
-.1674804688
-.0919342041
-.1268463135
-.1197967529
-.1155242920
-.0999145508
-.0724029541
.0641326904
-.0393371582
.0998382568
.1444702148
-.0573577881
-.0571136475
-.0587310791
-.0632324219
-.0520477295
.0426788330
.0361480713
.1163330078
.0667419434
-.0530242920
-.0766754150
-.0989227295
-.1060485840
-.0726623535
-.0689239502
-.0693206787
.0736846924
-.0828857422
.0868530273
.0716247559
.0852966309
-.0549468994
.0675964355
.0498352051
-.0554199219
-.0502471924
-.0563049316
-.0626220703
-.0462493896
-.0576019287
-.0492095947
.0743103027
.0546264648
.0655517578
.0376739502
-.0488586426
-.0443878174
.0980682373
.1109161377
-.1312713623
.1094512939
-.1395111084
.2253723145
-.1141967773
.0924682617
-.0890197754
.0623626709
-.0692443848
.0824584961
-.0632324219
.0695190430
.1477661133
.1525421143
.1973266602
-.1035003662
-.0790100098
.0451354980
.1348266602
.0534210205
.0547180176
-.0656280518
-.1757965088
-.1193542480
-.1025848389
-.0820922852
.0784606934
-.0749969482
.1166534424
.1347961426
.2013549805
.1535644531
.1558227539
.1090087891
.0922241211
.0657348633
-.0696563721
-.0875396729
.1179046631
-.1547698975
.1044006348
.1082458496
.0747070313
-.0552978516
.0547332764
.1281738281
.1286468506
.0735626221
.1063232422
.0899047852
.1016845703
.0826721191
-.0883941650
-.1233215332
.0661468506
.0615844727
.0394287109
-.0445251465
.0940093994
.1075439453
.0717926025
.0626678467
-.0539855957
.0556488037
-.0467834473
.0415496826
.0762329102
.0843505859
.0834197998
.1161346436
.0860443115
.0755767822
.0961151123
-.1782836914
-.1084442139
-.1046600342
-.0974731445
-.1217346191
.1101989746
-.1032257080
.1430206299
.1033020020
.0706939697
.0565948486
.0728912354
-.0676269531
-.0819244385
-.0830993652
-.0830841064
-.1043090820
.1478881836
-.0987396240
-.0918121338
.0741577148
.0817565918
.0536804199
-.0542602539
.0758666992
.0814208984
.0896148682
.0559234619
-.0745544434
-.0760040283
-.0757751465
-.0754699707
.0818481445
.0761871338
-.0751037598
-.1077880859
.0795898438
-.0609436035
-.0675964355
-.0531005859
-.0959167480
-.0708618164
-.0588836670
-.0390777588
.0521697998
-.0428924561
.0628967285
.0525360107
-.0924224854
-.0749359131
-.0579071045
-.0548553467
.0703277588
-.0552368164
-.0605621338
-.0500946045
.0457000732
.0300445557
.0391693115
.0353088379
-.0401763916
.0509796143
-.0504913330
-.0630645752
-.0661163330
-.0848083496
-.0865936279
-.0866699219
-.0781555176
.0734710693
.0825653076
-.1005706787
-.1776275635
.1106262207
.1254730225
-.1338348389
.1856384277
-.1904602051
.2710418701
.2476959229
-.1890869141
.1738128662
-.1368865967
.0728302002
.0745239258
-.0879211426
.0892486572
-.0827026367
-.0764160156
.0693969727
-.0744323730
-.0630950928
.0852203369
.0580596924
.0530395508
.0966644287
.0890502930
.0635681152
.0872039795
-.0946807861
-.1063690186
-.1060180664
-.0924682617
-.0955810547
.0960388184
-.0952606201
.0993041992
.0924377441
.0961608887
.0797729492
.0723571777
.0522308350
.0885467529
.0661010742
-.0794219971
-.0979461670
-.1343688965
-.0877838135
.0498657227
-.0866546631
-.1285858154
.1391906738
-.0722045898
.1242828369
.0643615723
.0946502686
-.1857147217
-.1108245850
.0909729004
.0795898438
.0619354248
.0633697510
.1238098145
-.0727844238
.0736999512
.0741577148
-.0758666992
-.0657196045
-.0496673584
-.0499114990
.0578002930
.0649414063
-.0545349121
.0507049561
.0458374023
.1128082275
.0864257813
.0915527344
.2145233154
.1059112549
-.0675964355
-.0979461670
-.0831298828
.1136932373
-.1674957275
.1894378662
.2359466553
.2550048828
-.2720489502
.2095642090
.1009521484
.0838012695
.1787872314
.1049041748
-.0872344971
.1748046875
.2901611328
-.1373748779
-.0823211670
.0372009277
-.1374664307
.2255096436
.1227416992
.0534973145
.0727539063
.1211853027
.0638580322
.1688079834
.0734252930
-.1076812744
.0960540771
-.0408020020
-.0424652100
.0368499756
.1146392822
-.0680084229
-.0974121094
-.0678100586
-.0595703125
-.0667572021
-.0643768311
-.0423736572
-.0307159424
-.0589141846
-.0481414795
.0457153320
.0469207764
.0488128662
.0460510254
-.0520477295
.0415802002
-.0408477783
-.0813598633
-.0688018799
-.0770874023
-.0926666260
.0488586426
-.0496673584
.0395355225
.0441894531
.0487060547
.0507049561
.0565795898
-.0759124756
.0626373291
-.0524291992
-.0768890381
-.0526428223
-.0444183350
-.0610198975
-.0378417969
-.0447540283
-.0594940186
.0390319824
-.0426177979
.0380401611
.0281219482
.0404357910
-.0502929688
.0571899414
.0316925049
.0223693848
.0298309326
-.0270538330
.0358276367
-.1007843018
-.0881195068
-.0596618652
-.0711975098
-.0719146729
-.0473785400
-.0840911865
-.0907440186
-.0498504639
.0329742432
.0385589600
.0344085693
.0362854004
.0166931152
-.0418395996
-.0241241455
-.0181274414
-.0151062012
-.0132598877
-.0099487305
-.0077819824
.0068969727
.0075378418
.0031280518
.0041198730
.0016784668
.0816192627
