.0001525879
.0010528564
.0028686523
.0028381348
.0049285889
-.0054473877
-.0075378418
-.0059661865
-.0098419189
-.0094146729
-.0126342773
-.0123901367
.0081481934
.0095825195
.0144805908
.0194854736
.0205078125
.0289001465
-.0150299072
-.0200805664
-.0122222900
-.0171661377
-.0186462402
.0200500488
-.0207214355
-.0187377930
.1120300293
.0469055176
-.0245666504
.0257873535
-.0280609131
-.0240783691
.0123443604
-.0168609619
-.0134582520
.0413208008
-.0647888184
-.0507812500
-.0653228760
-.0506591797
-.0872802734
.0294952393
-.0273284912
-.0185546875
-.0124816895
-.0428009033
-.0235595703
-.0174102783
-.0167694092
-.0179748535
-.0274047852
-.0215301514
.0127716064
.0341186523
-.0352325439
-.0386962891
-.0317535400
-.0265045166
-.0375976563
-.0205688477
-.0252380371
-.0142974854
-.0159759521
-.0362854004
.0165557861
-.0179748535
-.0135498047
-.1144409180
-.0497283936
-.0358581543
.0372467041
-.0309143066
-.0276794434
-.0381622314
-.0313262939
.0207672119
-.0293273926
-.0235137939
-.0171966553
-.0228729248
-.0131988525
.0130615234
-.0156860352
-.0144042969
.0155639648
-.0242919922
.0169982910
-.0114898682
.0116119385
.0108642578
.0187988281
-.0533905029
.0372009277
.0409851074
.0576324463
-.0714263916
.1000213623
-.1060943604
.0821380615
.1208190918
-.0570831299
-.0328979492
-.0359954834
-.0408477783
-.0354309082
.1083068848
.1281127930
.0825347900
.1473846436
-.0752563477
.0906524658
-.0586700439
-.0325317383
.0529479980
-.0876617432
.1005706787
-.0838012695
-.0691528320
.0734558105
-.0444641113
.0378417969
.0616912842
.1496582031
.0933837891
-.0289459229
.0597381592
.0405731201
.0548248291
-.0638275146
.0438690186
.0550384521
.0558776855
-.0440826416
-.0285644531
.0573730469
.0994873047
.1777038574
.1996002197
-.0644989014
-.0454254150
-.0385284424
-.0546264648
-.0424804688
.0272369385
.0218811035
.0084533691
.0134429932
.0194702148
.0127716064
.0103454590
.0146942139
-.0164642334
-.0214843750
-.0452728271
-.0254516602
-.0152435303
-.0104675293
-.0129241943
.0106048584
.0145874023
.0202026367
.0178680420
.0106048584
-.0119781494
.0163421631
.0308837891
-.0190124512
-.0230102539
-.0150756836
-.0171508789
.0159606934
-.0140991211
-.0158386230
-.0147399902
.0158081055
-.0146331787
.0196075439
-.0174865723
-.0169677734
.0167846680
.0147552490
.0129699707
.0086975098
.0115356445
.0101928711
-.0135040283
-.0126037598
.0148773193
-.0153961182
-.0196533203
.0256347656
-.0236358643
-.0182952881
.0324096680
-.0174713135
-.0228729248
.0160217285
.0159454346
.0406799316
.0604553223
.0661468506
.0456237793
.0318908691
.0288085938
.0318450928
-.0533294678
-.0766906738
-.0739593506
-.0291595459
-.0280151367
-.0315551758
-.0412750244
.0545959473
.0534057617
.0523681641
-.0488433838
.0524749756
-.0603790283
-.0463409424
-.0301208496
.0326843262
-.0423583984
.0272521973
.0180206299
.0279083252
-.0614624023
-.0417327881
.0291900635
.0230712891
-.0248107910
-.0149383545
-.0320434570
-.0494537354
.0733489990
-.0566558838
.0411682129
.0419616699
.0376892090
.0533905029
.0217590332
.0448760986
-.0403442383
.0627441406
-.0404052734
-.0218811035
.0278320313
-.0197448730
-.0135803223
.0099334717
.0114135742
.0134124756
.0223236084
-.0298461914
.0387573242
.0295562744
-.0200500488
.0196990967
.0143127441
-.0193634033
.0118408203
-.0129852295
-.0251464844
-.0161590576
-.0125274658
-.0257415771
.0143737793
-.0118713379
.0202484131
.0276947021
.0300598145
-.0297088623
-.0358734131
.0384063721
-.0397644043
.0308532715
-.0200500488
-.0363616943
.0474395752
-.0341033936
.0167236328
.0314636230
.0389251709
.0460205078
-.0265350342
-.0509338379
.0347442627
-.0239562988
-.0546569824
.0627746582
-.0444335938
-.0397949219
.0306396484
-.0144958496
.0152435303
.0186004639
.0236511230
-.0256652832
.0333404541
-.0239562988
-.0336151123
-.0257720947
-.0348510742
.0156097412
.0182952881
-.0166168213
.0197143555
.0186004639
.0211944580
.0290069580
.0203857422
-.0133361816
-.0122528076
-.0221405029
-.0246429443
-.0343017578
-.0384063721
-.0369110107
.0264434814
-.0228271484
.0238189697
-.0179443359
-.0173645020
-.0360107422
.0370178223
-.0196075439
-.0148010254
.0197601318
-.0157928467
-.0102691650
.0234069824
.0139312744
-.0124053955
-.0221557617
.0162200928
.0102691650
.0102539063
.0270996094
.0209045410
.0240783691
.0142669678
.0723876953
-.0980377197
-.0890045166
-.0435028076
.0547637939
-.0464630127
.0426483154
-.0286560059
-.0277557373
.0426788330
.0389556885
.0328979492
.0355377197
.0330810547
.0174255371
-.0262908936
-.0357513428
-.0409851074
.0895996094
.0991058350
.0490570068
-.0386810303
-.0440521240
-.0535125732
.0421905518
.0410308838
.0341491699
-.0357666016
.0269165039
.0394592285
-.0335235596
.0349578857
.0318298340
-.0291442871
.0308990479
-.0482940674
.0626678467
-.0280609131
.0257568359
-.0525817871
.0481719971
-.0335388184
-.0463562012
-.0420227051
-.0300903320
-.0270080566
-.0262145996
-.0372772217
.0353851318
.0254821777
.0307617188
-.0184631348
.0255126953
.0421295166
-.0278472900
-.0354614258
-.0752410889
-.0529022217
-.0198211670
-.0295257568
-.0172271729
-.0290679932
-.0302429199
.0426177979
.0382232666
.0236053467
.0194244385
.0444793701
-.0386352539
.0258636475
-.0193023682
-.0266113281
-.0210571289
-.0281677246
-.0216522217
.0490722656
-.0476531982
-.0368499756
.0241088867
.0328521729
.0283355713
-.0286102295
-.0240936279
.0262603760
-.0224761963
-.0200042725
-.0344390869
-.0338897705
-.0526428223
.0474090576
.0228424072
-.0309448242
-.0296630859
-.0278015137
.0245056152
-.0284881592
-.0221862793
-.0161132813
-.0117797852
-.0117797852
-.0180511475
.0180206299
-.0232543945
.0193939209
.0199890137
.0163726807
-.0152435303
-.0174102783
-.0251770020
-.0256347656
-.0459136963
-.0407104492
-.0574188232
-.0347290039
-.0280914307
-.0454559326
-.0610046387
.1016235352
.0362548828
.1322174072
.0227508545
.0408782959
.0643310547
-.0803527832
-.0535125732
-.0434265137
-.0386657715
-.0726776123
.1030273438
.1244049072
-.0474243164
-.0544128418
-.0265655518
-.0426025391
-.0402526855
-.0289306641
-.0283966064
-.0340423584
.0828247070
.0529937744
-.0189208984
.0199279785
-.0257263184
-.0473175049
.0472869873
.0309295654
-.0349578857
.0387115479
.0263214111
-.0213012695
-.0400390625
-.0432891846
-.0758056641
-.0891571045
-.0697326660
.0705261230
-.0550689697
-.0421447754
-.0414733887
.0346984863
.0225219727
.0186462402
-.0189056396
-.0203704834
-.0304870605
-.0343475342
-.0298461914
-.0195617676
-.0204925537
-.0222015381
.0360260010
.0259094238
.0199584961
.0169677734
.0295410156
.0221099854
.0204925537
-.0190429688
-.0241851807
-.0143585205
-.0151519775
-.0231018066
-.0233612061
-.0220947266
-.0405731201
.0653381348
-.0413818359
-.0433197021
.0680236816
.0295867920
-.0191802979
-.0246582031
-.0228118896
-.0278320313
-.0276489258
.0399932861
-.0359497070
-.0215148926
.0325317383
-.0361328125
.0266113281
-.0247802734
-.0330352783
-.0206756592
-.0208740234
-.0332183838
-.0255737305
-.0249481201
-.0354461670
.0240936279
.0289154053
.0185241699
.0190277100
.0177917480
.0151672363
-.0187683105
-.0239715576
-.0305786133
-.0362548828
-.0238037109
-.0259399414
-.0189514160
-.0166473389
-.0168609619
.0225677490
.0119781494
.0132904053
.0181274414
.0116729736
-.0136108398
.0121307373
-.0197143555
-.0220031738
-.0138702393
-.0144958496
-.0142669678
.0159454346
.0123748779
-.0104675293
.0162353516
-.0114440918
-.0185699463
.0190887451
-.0362701416
-.0417938232
.0470733643
-.0484161377
.0801696777
.0749969482
-.0767974854
-.1168975830
-.0911407471
-.1137237549
-.0980682373
-.0687866211
-.0531768799
-.0319671631
-.0338439941
-.0245819092
.0188903809
-.0545806885
-.0465698242
.1104278564
.0756072998
.0361175537
.0469818115
.0379028320
-.0402679443
-.0337677002
-.0418701172
.0544433594
-.0484466553
-.0484008789
.0457458496
.0615539551
-.0591125488
-.0495605469
.0406036377
.0570983887
.0489349365
.0319824219
-.0238342285
.0871276855
.1253967285
.0439453125
-.0175476074
-.0413818359
.0290374756
.0277252197
.0230407715
.0215454102
.0915222168
.0688476563
-.0307769775
-.0333404541
-.0479583740
.0545501709
-.0387115479
-.0309143066
.0283355713
.0279693604
.0643005371
-.0810089111
-.0572967529
-.0282440186
.0193786621
-.0196685791
-.0167846680
.0211639404
-.0175018311
-.0219116211
-.0173797607
-.0176086426
-.0195465088
.0218658447
.0170440674
.0178833008
.0165252686
-.0287017822
-.0160827637
.0163574219
.0828857422
.0944976807
.0368957520
-.0457916260
.0314788818
.1476745605
.0957794189
.0681457520
-.0435943604
-.0146331787
.0252685547
.0176696777
-.0213623047
.0237884521
-.0988922119
-.1413574219
.1432342529
-.0847930908
-.0327758789
-.0236206055
-.1333160400
-.0366058350
.0272064209
-.0317840576
.1290588379
-.1184844971
-.0417175293
-.0526733398
-.0476226807
-.0374603271
.0401611328
.0578918457
.1525726318
.1339569092
.0839385986
.0689697266
-.0465698242
-.0484466553
.0514831543
-.0547485352
.1005554199
.1201782227
-.0677795410
-.0848846436
-.0580749512
-.0437774658
-.0637512207
.0780944824
.0310668945
.0347137451
.0253753662
.0373992920
.0798034668
-.0599517822
-.0675964355
-.0660552979
-.0661926270
-.0457916260
-.0418243408
-.0449981689
.0406494141
-.0476531982
-.0401916504
-.0409851074
-.0282135010
-.0345916748
-.0174865723
-.0196838379
-.0327758789
-.0260772705
.0426940918
-.0241088867
.0209503174
.0396118164
.0536346436
-.1221160889
.1260986328
.0965270996
-.0651855469
-.0710754395
-.0568695068
-.0599365234
-.0758666992
.0724334717
.0505676270
-.0328063965
.0299530029
.0384979248
-.0527648926
.0284729004
.0579223633
.0553436279
-.0552520752
.0451965332
.0395507813
-.0300903320
.0182342529
-.0217590332
-.0453796387
.0329895020
.0861968994
.0753326416
.0260162354
.0412445068
-.0396423340
-.0425415039
-.0374908447
-.0424499512
-.0417938232
-.0399169922
.0636444092
-.0426788330
.0338439941
.0227508545
.0227813721
-.0228881836
.0146789551
-.0140228271
.0170288086
-.0169677734
-.0319061279
-.0317535400
.0245513916
.0166473389
.0146026611
.0221405029
.0271606445
.0317230225
-.0209197998
.0292663574
.0256958008
.0290832520
.0281066895
-.0243377686
-.0246276855
-.0294799805
-.0218658447
.0306091309
-.0306854248
.0992584229
.0333709717
.0327301025
.0311889648
.0222473145
-.0337677002
.0550537109
-.1528625488
.1488494873
.1156311035
.1209411621
.1116790771
.2148590088
.2817687988
.2257995605
.2005920410
.1092376709
.1345214844
.1011047363
-.0799407959
-.0706481934
.0387115479
-.0595550537
.0458679199
-.0397033691
.0444946289
.0567626953
.0263061523
.0310974121
.0322723389
-.0388793945
-.0471191406
-.0487060547
-.0770416260
-.0603485107
-.0390319824
.0348052979
.0369720459
.0320434570
.0213775635
.0980529785
.0623016357
.0672607422
.0376892090
.0347290039
-.0279846191
-.0327606201
-.0404357910
-.0368804932
.0330352783
-.0278167725
.1212768555
.0670013428
.0453948975
.0470123291
.1033477783
-.1391601563
.0777893066
.0426330566
-.0284118652
-.0420989990
-.1325378418
.0731353760
-.0778808594
.0503082275
-.0381774902
.0402832031
.0711364746
.0843048096
.0290374756
.0319213867
-.0375976563
-.0205383301
-.0239715576
.0301361084
-.0356445313
.0275115967
.0256347656
.0188751221
.0283508301
.0337066650
.0282440186
.0844573975
.1221923828
-.2793426514
-.0500030518
.0617065430
.0406188965
.0544281006
.1178894043
.1289978027
.1759796143
.2405090332
-.2725524902
.1552276611
.0660858154
.0497589111
.1524658203
.0921325684
-.0646362305
.1426849365
.2890625000
.1280059814
.0335693359
-.0290832520
.1209564209
.2357330322
.1118164063
.0358276367
.0287780762
-.0877838135
.0788116455
.0362701416
.0265808105
.0657958984
.0859069824
-.0337982178
.0308990479
.0375061035
-.0923767090
.0767059326
.0606689453
.0450134277
.0295410156
-.0391998291
-.0179443359
-.0297698975
-.0175476074
-.0279998779
.0245056152
.0333099365
.0211486816
.0120849609
.0205230713
.0134735107
.0280761719
.0290832520
-.0150146484
.0311889648
-.0268249512
-.0284576416
-.0175933838
-.0254669189
-.0211181641
-.0191802979
.0132598877
.0180053711
.0195159912
.0196228027
.0181121826
.0192413330
.0166778564
-.0153350830
-.0145568848
-.0113372803
-.0177612305
-.0234222412
-.0135803223
-.0146789551
-.0128631592
.0167846680
-.0080261230
-.0145721436
.0153350830
-.0103759766
-.0105743408
.0056152344
-.0084228516
-.0128173828
.0439605713
.0219421387
.0239105225
-.0175628662
-.0208435059
-.0248413086
.0328216553
-.0200653076
-.0196990967
-.0159301758
-.0184478760
-.0106964111
-.0111389160
.0064239502
.0182037354
.0118255615
.0065307617
-.0058288574
-.0055847168
-.0055389404
.0050048828
-.0059661865
-.0043792725
-.0023498535
-.0043334961
-.0036010742
-.0021362305
-.0021362305
-.0016479492
-.0008697510
-.0005950928
-.0002288818
