-.0019989014
-.0025634766
.0023803711
-.0034179688
-.0038146973
.0042419434
.0036926270
-.0038299561
.0019378662
-.0033721924
-.0025787354
.0030364990
.0031738281
.0022735596
-.0019073486
.0021057129
.0017700195
-.0019836426
.0020751953
.0023193359
-.0022430420
-.0026855469
.0017242432
.0021667480
-.0019989014
.0017395020
.0023803711
.0026702881
-.0039062500
.0068664551
-.0041503906
-.0043945313
.0046691895
-.0045166016
-.0052337646
-.0058288574
.0055389404
-.0049591064
.0048065186
.0042724609
.0082397461
.0047454834
.0051116943
-.0043792725
.0060272217
-.0048217773
.0037384033
.0050201416
.0043792725
.0045623779
.0035247803
.0025024414
-.0058135986
-.0039672852
-.0072326660
.0058135986
-.0059509277
-.0055847168
.0047302246
-.0044097900
-.0045471191
-.0038452148
.0054321289
.0058898926
.0049438477
-.0046081543
.0055541992
-.0065307617
.0043640137
.0039520264
.0048065186
-.0046691895
.0047607422
-.0042724609
-.0083465576
.0062255859
-.0063629150
.0071716309
.0054931641
.0081481934
.0061492920
.0053863525
.0064849854
-.0067443848
-.0085754395
.0057525635
.0095977783
-.0076293945
-.0076751709
-.0048675537
.0050048828
.0066528320
.0041351318
.0082855225
.0056152344
-.0033874512
.0067901611
-.0054779053
-.0056610107
-.0041656494
.0043029785
.0074615479
.0051574707
.0055084229
-.0035400391
-.0043182373
.0042266846
.0093536377
.0039215088
.0041503906
.0036926270
.0091705322
.0040893555
-.0046234131
-.0092315674
.0097656250
.0039520264
.0045013428
.0031890869
.0077056885
.0110168457
-.0142822266
.0089721680
.0057067871
-.0060577393
-.0155487061
.0107879639
.0075531006
-.0097961426
.0060119629
.0062408447
.0093536377
.0113372803
.0108184814
.0107116699
-.0060882568
.0083618164
-.0127410889
.0156250000
.0159606934
-.0086212158
.0085906982
.0100250244
.0114440918
-.0101623535
-.0137176514
.0112915039
-.0105895996
-.0113372803
.0086364746
.0077362061
.0111236572
-.0089111328
-.0088043213
.0104827881
.0149383545
.0089416504
-.0151062012
.0078735352
.0113067627
-.0105285645
.0084686279
.0088500977
.0108947754
-.0115203857
.0129241943
-.0109405518
-.0124816895
.0097961426
-.0088043213
-.0055694580
.0137786865
-.0121459961
-.0085601807
.0090026855
-.0078125000
.0129852295
.0096588135
.0088500977
-.0090179443
.0094757080
.0148620605
-.0160217285
.0183563232
.0164642334
.0179290771
-.0091552734
-.0077972412
.0095672607
.0170440674
-.0191650391
.0130462646
.0151062012
.0137481689
-.0177612305
-.0173950195
.0229949951
.0127410889
.0139160156
-.0267486572
.0114593506
-.0114593506
-.0124206543
-.0201416016
-.0097351074
-.0163574219
-.0245666504
-.0138092041
.0169219971
.0171661377
-.0147552490
-.0140838623
-.0208892822
.0223541260
-.0150604248
-.0163421631
.0171661377
.0091857910
.0328216553
-.0206146240
.0215301514
-.0198364258
.0217132568
.0228271484
-.0197906494
.0134887695
-.0154418945
-.0202026367
.0261230469
.0159454346
-.0133209229
.0102386475
.0223541260
-.0200347900
.0191192627
.0145111084
-.0207824707
.0192871094
-.0206451416
.0178375244
-.0156707764
-.0233917236
-.0241546631
.0136871338
.0184020996
-.0123748779
-.0210723877
-.0192260742
.0248260498
.0452423096
.0466156006
.0242462158
-.0140380859
-.0244293213
-.0101318359
-.0354766846
.0324401855
.0266265869
-.0321502686
-.0392303467
-.0449676514
-.0456848145
-.0356292725
.0416259766
-.0147247314
-.0261688232
-.0370178223
.0572052002
-.0549468994
.0581207275
.0680389404
.0546722412
-.0522766113
-.0361175537
.0270538330
.0135040283
.0239868164
.0258026123
-.0199584961
.0284881592
.0375366211
-.0258789063
.0203552246
-.0285186768
.0231933594
.0293273926
.0228729248
-.0402069092
.0432128906
.0558013916
.0594329834
.0498199463
-.0334930420
.0323181152
-.0176086426
.0258331299
-.0246582031
.0315246582
-.0206756592
.0215454102
-.0205993652
-.0329437256
.0611877441
.0545043945
.0514984131
.0467834473
.0550231934
.0534210205
.0627136230
.0609130859
.0414428711
.0191040039
.0209655762
-.0268554688
.0126342773
.0118255615
-.0207214355
-.0124359131
-.0230102539
-.0352172852
-.0334472656
.0368194580
-.0314483643
.0177154541
-.0280914307
-.0203094482
-.0381317139
-.0490875244
.0611114502
.0618286133
-.0608367920
.0574340820
.0473785400
.0593872070
.0466766357
.0543823242
-.0560913086
.0538940430
-.0416259766
-.0443572998
-.0631713867
-.0291748047
.0444488525
.0470275879
-.0227661133
-.0432891846
-.0192108154
.0316162109
.0271301270
.0331878662
.0425567627
-.0337982178
-.0306701660
-.0339813232
.0279998779
-.0285644531
-.0226135254
-.0411682129
.0235748291
-.0281219482
.0211486816
-.0288391113
-.0315246582
-.0212707520
-.0345306396
-.0249481201
.0251007080
-.0402374268
.0323791504
.0307464600
.0341796875
.0360260010
.0327301025
-.0201110840
-.0305023193
-.0415344238
-.0312194824
.0353088379
.0328369141
-.0238189697
.0259094238
.0216522217
-.0211639404
.0323944092
-.0336456299
-.0157928467
.0210113525
.0350189209
.0392150879
-.0418701172
.0581512451
-.0352020264
.0465087891
-.0316009521
-.0241394043
-.0334625244
-.0366516113
-.0256652832
.0367889404
-.0468750000
.0674285889
.0346374512
.0579223633
.0671997070
.0274810791
-.0254516602
.0292358398
-.0286712646
.0142517090
.0275878906
-.0311737061
.0265808105
.0402526855
.0711975098
.0583953857
.0657348633
.0753936768
.0435943604
-.0519256592
-.0483093262
.0544128418
-.0425262451
-.0485839844
.0260314941
-.0319519043
-.0221099854
-.0329895020
.0431823730
-.0190124512
-.0139617920
-.0156707764
.0245056152
.0358428955
.0187377930
-.0223388672
-.0254364014
.0290527344
.0183105469
.0258789063
.0151977539
.0169982910
-.0200805664
.0207977295
-.0171508789
-.0207061768
-.0308227539
.0313568115
-.0168609619
.0454101563
.0356445313
.0298156738
.0375518799
.0302429199
-.0302734375
.0228881836
.0186462402
-.0311889648
.0239257813
.0203704834
.0182952881
-.0140228271
.0158843994
.0117340088
.0177917480
.0131378174
.0143737793
-.0141906738
-.0100097656
.0129241943
-.0095977783
.0153198242
.0141601563
-.0081634521
.0159301758
.0103149414
.0164489746
-.0104064941
.0149688721
-.0144500732
-.0110473633
.0225219727
-.0118865967
-.0142364502
-.0108489990
.0180664063
-.0182495117
-.0185394287
-.0142211914
-.0112609863
-.0141601563
.0128479004
.0182037354
-.0220794678
.0243377686
.0195007324
.0115661621
-.0181732178
-.0189819336
-.0147857666
-.0142059326
.0152130127
-.0213928223
.0167236328
.0151519775
.0212097168
-.0235443115
.0177917480
-.0202636719
.0199279785
.0147094727
.0183105469
-.0162048340
-.0135803223
-.0156402588
-.0119781494
.0119628906
.0154266357
.0165710449
.0162658691
-.0113983154
-.0075988770
-.0251770020
-.0154876709
-.0237274170
.0249328613
.0124816895
-.0151519775
.0173339844
.0160064697
-.0194854736
.0249633789
-.0130920410
.0163116455
-.0173034668
-.0178833008
.0157928467
-.0163879395
-.0221405029
.0199279785
-.0128784180
-.0182952881
.0149383545
.0135498047
-.0130767822
-.0096588135
.0151062012
.0133361816
-.0100402832
.0189971924
-.0152587891
.0092620850
.0124816895
.0144958496
-.0144958496
.0189514160
.0065155029
.0146636963
-.0099182129
-.0134582520
.0163726807
-.0108184814
.0193634033
.0186767578
-.0122222900
.0194091797
.0179595947
-.0103454590
-.0133209229
-.0147247314
.0118408203
.0148620605
.0169219971
.0122222900
.0126342773
.0151519775
.0113525391
-.0160675049
.0156097412
-.0178070068
-.0142822266
-.0213470459
-.0272369385
-.0218658447
.0192413330
-.0208740234
.0176544189
.0190887451
-.0270233154
-.0176239014
-.0178527832
.0229797363
-.0137939453
.0262908936
-.0188751221
.0242004395
-.0290069580
.0158691406
-.0182647705
-.0173187256
-.0116424561
.0193634033
-.0149230957
-.0142974854
.0160064697
.0163116455
.0138549805
-.0291748047
.0236663818
-.0194396973
.0081787109
.0195922852
-.0097351074
.0170288086
-.0153198242
-.0128784180
.0122222900
.0163421631
.0162353516
-.0170135498
-.0172576904
.0107269287
.0182037354
-.0087738037
.0227508545
-.0209503174
.0282592773
.0191650391
.0289154053
-.0294799805
.0203857422
.0248718262
-.0225830078
.0214843750
-.0180511475
.0261230469
-.0108947754
-.0290527344
.0192260742
.0262908936
-.0189514160
.0121154785
-.0078277588
-.0251617432
.0132598877
.0172576904
-.0175323486
.0217132568
-.0337219238
.0147857666
.0101623535
.0262603760
.0119628906
.0183563232
-.0280151367
.0238952637
-.0134277344
.0088500977
-.0169219971
-.0130767822
-.0093536377
-.0136718750
.0189666748
-.0162811279
.0101928711
-.0146484375
.0128173828
-.0173950195
.0237884521
.0150299072
-.0101165771
.0224151611
.0230560303
.0195770264
.0204925537
-.0271911621
-.0158233643
-.0262603760
.0185241699
.0215759277
-.0291595459
.0167541504
-.0131378174
-.0167236328
.0218200684
.0248107910
-.0530548096
.0360870361
.0343780518
.0367431641
-.0303497314
-.0396423340
.0387420654
.0332794189
-.0432128906
-.0355529785
.0300903320
-.0412902832
.0187377930
.0258789063
.0206298828
.0279541016
-.0401000977
-.0254821777
-.0230255127
-.0183105469
.0358123779
.0304412842
-.0144042969
-.0136871338
-.0244140625
.0308685303
.0116424561
-.0278015137
.0232238770
.0298156738
.0379638672
.0253906250
.0398712158
-.0327301025
-.0223388672
.0322265625
.0303039551
.0336151123
.0202026367
.0377349854
.0296783447
.0144348145
.0372009277
.0323028564
.0272064209
-.0236511230
.0226135254
.0352325439
.0204162598
.0262603760
-.0193939209
.0323181152
.0177917480
.0215759277
.0250396729
-.0229797363
.0286712646
.0216369629
.0293884277
-.0277862549
-.0360717773
.0153198242
.0211944580
.0256958008
.0190734863
.0226440430
-.0120086670
-.0230560303
.0150299072
-.0144653320
.0157623291
.0206298828
.0303344727
.0281982422
.0203247070
.0333251953
.0393829346
-.0251770020
-.0174713135
.0234832764
.0290222168
.0344543457
.0277099609
.0339508057
.0259857178
-.0231170654
-.0294952393
-.0193023682
-.0265350342
.0218963623
.0278015137
.0212860107
.0162353516
.0208435059
.0245819092
.0234375000
.0169830322
-.0170745850
.0184631348
.0269165039
-.0177459717
.0315856934
-.0248260498
.0205535889
.0231475830
.0201873779
.0179748535
.0251770020
.0198822021
-.0160675049
.0247497559
-.0189666748
-.0224456787
-.0207214355
-.0171661377
.0136566162
.0219116211
.0233764648
-.0191650391
.0173492432
-.0187683105
.0174102783
-.0258026123
-.0215911865
-.0167694092
-.0230102539
-.0175933838
.0239562988
.0242462158
-.0116424561
-.0140991211
-.0260467529
-.0119018555
-.0171356201
.0173339844
.0251159668
-.0157165527
-.0158233643
.0124664307
.0141448975
.0251922607
.0230407715
.0116271973
.0231933594
-.0175323486
-.0408935547
.0478668213
.0586547852
.0463256836
-.0449676514
.0473937988
.0472106934
.0499420166
.0407562256
-.0252532959
.0197906494
-.0165710449
-.0171661377
.0260467529
-.0242004395
-.0225219727
-.0231323242
.0255584717
.0310363770
.0275878906
-.0243377686
.0542144775
.0633697510
-.0722045898
-.0594482422
.0606689453
.0374755859
-.0422515869
-.0678405762
-.0684509277
-.0458221436
.0472259521
-.0527648926
.0498046875
-.0465240479
-.0514221191
.0246734619
-.0214996338
-.0287322998
-.0227661133
.0230102539
-.0322723389
-.0158386230
.0090942383
.0162506104
.0129547119
-.0293121338
.0371704102
.0513610840
-.0585784912
-.0559844971
.0183105469
.0056457520
.0104980469
.0142669678
-.0074462891
.0159606934
.0076904297
.0116577148
.0149230957
-.0258636475
.0200195313
-.0250549316
-.0211486816
.0945434570
-.0515441895
.0545043945
.0721588135
.0595092773
-.0554656982
.0349578857
.0383758545
.0360260010
-.0378570557
.0413360596
-.0371246338
.0440826416
-.0394287109
.0331420898
.0334167480
.0378417969
.0420532227
.0380249023
.0410766602
.0500946045
.0231018066
.0093841553
.0087890625
-.0085754395
.0120697021
.0121154785
.0099029541
-.0113983154
-.0076599121
.0133514404
-.0090179443
.0158691406
.0079193115
-.0153961182
-.0321502686
-.0350036621
-.0339355469
-.0411834717
-.0391235352
-.0358123779
-.0433959961
-.0505828857
-.0365295410
-.0436553955
-.0438232422
-.0388031006
-.0459442139
-.0432739258
-.0365447998
.0301513672
-.0299377441
-.0319213867
-.0325317383
-.0255889893
-.0347747803
-.0206451416
-.0269927979
-.0315246582
-.0170593262
.0295410156
.0187072754
-.0171051025
.0220794678
.0119323730
-.0190887451
-.0178222656
-.0142211914
-.0151672363
.0099029541
.0134277344
.0083770752
.0117492676
.0091552734
-.0103759766
-.0089416504
-.0111389160
.0188598633
-.0118865967
.0117340088
-.0082244873
.0088195801
.0139617920
.0112762451
.0174102783
.0134735107
.0105743408
.0122222900
-.0083312988
.0080718994
-.0113677979
-.0077514648
.0136108398
-.0118255615
-.0084228516
.0072021484
-.0063323975
.0092468262
.0062713623
-.0083312988
-.0092468262
-.0073089600
-.0116729736
-.0144805908
-.0102233887
.0089111328
-.0307922363
