.0002746582
.0013275146
-.0034484863
-.0081787109
.0059509277
-.0118713379
-.0092163086
-.0162506104
.0145263672
.0191192627
.0222015381
.0230865479
.0301818848
.0310668945
.0307464600
.0244598389
.0266876221
.0342407227
.0458526611
.0315551758
.0286102295
.0212249756
.0279846191
.0334320068
.0563964844
-.0270538330
-.0237121582
-.0852661133
-.1548919678
.0583343506
.0461120605
.0527801514
.0558013916
-.0256347656
-.0231628418
.0527191162
.0613098145
-.0584869385
.0473785400
-.0753173828
-.0732269287
.0629272461
.0443267822
-.0326232910
.0377349854
.0476226807
.0449523926
.0237426758
.0237121582
-.0206298828
-.0200805664
-.0481262207
.0375976563
-.0442962646
-.0494384766
-.0463256836
-.0322875977
.0383758545
.0556488037
.0319671631
.0433197021
.0381164551
-.0298767090
-.0220794678
-.0280456543
-.0436553955
-.0243225098
-.0215454102
-.0361328125
-.1477661133
-.0763549805
-.0442199707
.0360870361
-.0318298340
-.0337982178
.0352783203
-.0281066895
-.0190429688
.0207061768
-.0247955322
.0239868164
-.0289764404
-.0186309814
-.0306243896
-.0267791748
-.0218048096
.0263366699
-.0312347412
-.0260162354
-.0193328857
-.0175323486
.0182495117
.0361938477
.0393676758
-.0792541504
.0705108643
-.0829620361
.1000366211
-.1218719482
-.0811767578
.0952606201
-.0734710693
-.0733184814
-.0501861572
-.0786895752
-.0540466309
.1348724365
.1359558105
.0973358154
.1094665527
.0779113770
.0585327148
-.0616302490
-.0841674805
-.0712585449
.0835571289
-.1023406982
-.0635070801
.0774688721
-.0941772461
.0902099609
.0437316895
.0789794922
.1536254883
.1008758545
.0655059814
.0330810547
-.1076812744
.0982208252
.0702514648
.0509490967
.0641784668
.0744171143
.0420227051
-.0221710205
.0696258545
.0829772949
.1525268555
.2407226563
-.0759124756
.0414123535
-.0600738525
.0420227051
.0367584229
.0372161865
.0261535645
.0289611816
.0186004639
-.0207977295
-.0200195313
-.0296478271
-.0222320557
-.0342102051
-.0273590088
.0260772705
.0513458252
.0526885986
.0437316895
.0185699463
.0225524902
.0224456787
-.0255432129
-.0373687744
.0251922607
-.0298309326
-.0259246826
-.0316467285
.0565948486
.0433044434
.0709686279
.0253601074
.0328369141
.0281677246
-.0324707031
.0344238281
.0304412842
-.0230102539
.0232238770
-.0251617432
.0204620361
.0260314941
-.0252380371
-.0171508789
-.0237884521
-.0252685547
-.0132293701
-.0263214111
-.0267333984
.0236511230
-.0149383545
.0375823975
.0296325684
.0388641357
-.0514526367
.0316162109
-.0595550537
-.0385437012
-.0442352295
-.0441741943
-.0319519043
-.0329895020
-.1219024658
-.1059570313
-.1288452148
-.0708007813
.0480499268
.0721130371
.0535278320
.1207122803
-.1733703613
-.1277008057
-.0514984131
-.0423278809
-.0575866699
-.0661163330
-.0709533691
.0693511963
-.0556945801
-.0510559082
.0661315918
-.0592651367
.0359649658
.0475769043
-.0472106934
.0396575928
.0266723633
-.0264282227
-.0528259277
.0455627441
-.0242462158
.0234680176
.0286102295
-.0298461914
-.0401611328
.0489959717
.0655822754
-.0767211914
.0449066162
.0462341309
.0493164063
.0595550537
.0406951904
.0465850830
.0774841309
-.0404815674
-.1215972900
.0495452881
-.0324554443
-.0339050293
-.0235290527
.0267181396
.0236053467
.0183868408
.0400085449
.0271148682
.0352325439
.0377502441
-.0276947021
-.0229492188
.0144958496
-.0190429688
-.0273590088
.0173339844
-.0189666748
.0249176025
.0248870850
.0188751221
.0274353027
.0238800049
.0284271240
.0373992920
.0273895264
-.0308990479
-.0502319336
.0489807129
-.0527648926
.0421600342
-.0304870605
-.0247497559
-.0463562012
.0426940918
.0358734131
.0241394043
.0430450439
.0504608154
.0421447754
-.0436553955
.0373382568
.0389251709
-.0613250732
.0408020020
.0593414307
-.0584411621
.0407562256
-.0262908936
-.0207061768
-.0249481201
-.0280761719
-.0362548828
.0399627686
-.0231475830
-.0242462158
-.0305023193
-.0246429443
.0309143066
-.0415496826
-.0421447754
-.0407867432
-.0325317383
-.0397949219
-.0326843262
-.0355987549
-.0258941650
.0237579346
.0190734863
.0323028564
.0471038818
-.0421752930
.0694580078
-.0618133545
-.0495910645
-.0462799072
-.0507354736
-.0373077393
.0308532715
.0286102295
.0514831543
.0644531250
.0292053223
-.0283050537
-.0229339600
.0161132813
.0248870850
.0263824463
.0225830078
-.0338134766
-.0337524414
.0213165283
.0198516846
.0177764893
.0580596924
.0426940918
.0587768555
.0812683105
.0873565674
-.0859832764
-.0524597168
.0663604736
.0485839844
-.0476379395
-.0400695801
-.0325622559
-.0330047607
-.0639038086
.0494079590
.0448455811
.0398559570
.0608825684
.0424041748
.0538482666
-.0543060303
-.0945587158
.0949096680
-.0751342773
-.0648040771
-.0452117920
-.0662078857
.0363311768
.0366516113
-.0534820557
-.0547943115
.0412597656
-.0426635742
-.0276031494
-.0477905273
-.0470428467
-.0424652100
-.0439605713
-.0663909912
-.0629882813
-.0421295166
-.0401763916
-.0555877686
.0797119141
-.0726470947
.0462341309
-.0548248291
.0455932617
-.0425109863
-.0337371826
.0552978516
.0309143066
.0297546387
.0365753174
.0284729004
.0175476074
-.0525360107
-.0340118408
-.0584716797
-.0662078857
-.0538787842
.0624847412
.0357208252
.0318603516
.0338897705
.0283508301
.0606689453
.0384674072
.0354766846
-.0237884521
-.0362396240
-.0597686768
-.0415802002
-.0184783936
-.0298767090
.0259246826
.0256347656
.0343170166
.0783538818
.0666198730
-.0691833496
.0532379150
.0399780273
.0337677002
-.0473937988
.0360260010
-.0321502686
-.0258483887
-.0215301514
-.0277862549
.0614471436
.0632171631
.0594177246
.1053924561
.0474243164
.0504913330
-.0408020020
.0303497314
.0508270264
.0521545410
.0347290039
.0392761230
-.0267791748
-.0250396729
-.0198822021
-.0388031006
.0251464844
.0384826660
.0269470215
-.0245056152
.0240173340
.0347442627
.0324401855
.0506134033
-.0389709473
.0777282715
.0557708740
-.0773010254
.0699462891
-.0742492676
-.1181335449
-.0903625488
-.0320892334
.1071777344
.0316162109
.0468139648
.1391754150
.0368041992
.0413665771
.0432891846
-.0447845459
.0958099365
-.1287078857
-.1018371582
.0726470947
-.0648498535
-.0390014648
-.0653991699
.0315704346
-.0527343750
-.0526428223
.1167297363
-.0542907715
-.0576934814
.0314483643
-.0312805176
-.0710144043
-.0494079590
-.0731506348
.0349884033
-.0431976318
-.0583953857
.0399932861
.0292968750
-.0495910645
-.0746765137
-.0762939453
-.0925140381
-.0718383789
-.0803527832
-.0554504395
-.0418853760
-.0629119873
.0535278320
.0421600342
-.0364837646
-.0354003906
-.0349731445
-.0385437012
-.0541229248
-.0476989746
-.0427703857
-.0233154297
.0404357910
.0261230469
.0835571289
.0474395752
.0397644043
.0301513672
.0229492188
.0281982422
-.0361175537
-.0413360596
-.0272369385
-.0222473145
-.0297241211
.0233459473
.0356140137
.0690155029
.0761260986
-.0457458496
.0581054688
.0711517334
-.0425415039
.0322570801
-.0216217041
-.0509033203
.0492858887
.0306701660
.0453033447
.0513000488
.0319671631
.0306854248
.0407562256
-.0407714844
.0425720215
.0617218018
.0335083008
.0352783203
.0337829590
.0428466797
.0506896973
.0476837158
-.0399780273
.0331878662
-.0410003662
-.0341491699
-.0357666016
-.0300750732
-.0350341797
.0365753174
.0358734131
.0427093506
.0633544922
.0437927246
.0542449951
.0475616455
-.0330810547
-.0259552002
-.0348510742
-.0402984619
-.0183868408
-.0250244141
-.0239562988
.0385742188
.0230560303
.0236968994
.0291290283
.0451354980
-.0275878906
-.0363769531
-.0360870361
.0265808105
-.0213165283
-.0184173584
.0138549805
-.0190429688
.0229644775
.0653228760
-.0568084717
-.0553741455
.0755615234
-.0795440674
-.0631103516
-.0921783447
.0850982666
.0908050537
-.0816802979
-.0988006592
-.0512847900
.0625915527
-.0566406250
-.0500640869
-.0597839355
-.0469360352
-.0493316650
-.1385803223
-.1348419189
-.0552520752
-.0380096436
-.0641479492
.0673065186
.0775909424
-.0682830811
-.0947265625
-.0837249756
-.0661926270
.0570526123
-.0944976807
-.0769805908
-.0847320557
-.0662231445
.0660705566
.0879821777
.0659179688
.0596008301
.0297241211
.0908660889
.1535797119
-.0431213379
.0254516602
-.0372467041
-.0348358154
.0264282227
.0307006836
.0184631348
.1362457275
.0617675781
-.0405578613
-.0495452881
-.0521240234
-.0537719727
.0736999512
.0405426025
.0565795898
.0561370850
.0810241699
-.0822296143
-.0513916016
.0382995605
-.0362701416
-.0340728760
-.0275878906
.0344848633
.0290679932
.0294952393
.0398559570
.0297088623
.0257873535
.0475311279
.0435943604
-.0376892090
.0336303711
-.0951538086
-.0296020508
.0295104980
.0831604004
.0901489258
.0793304443
.0908203125
.0567321777
.1375885010
.1272888184
-.1080627441
.0751342773
.0513000488
.0428924561
.0409545898
-.0368041992
.0515594482
-.0599670410
-.1302642822
.1570129395
.1385040283
-.0385894775
-.0489959717
-.1330566406
.0928039551
-.0495147705
-.0309906006
-.1317596436
.1233825684
.0463256836
.0592651367
.0567169189
.0650177002
-.0505218506
-.0458221436
-.1578979492
-.1112213135
-.1139526367
-.0847167969
-.0689392090
-.0675201416
.0605010986
-.0481262207
.0959320068
.1274414063
.0908508301
.0811767578
-.0676574707
-.0684051514
-.0657043457
-.0790100098
-.0455322266
-.0375671387
.0431823730
-.0533142090
.0433349609
-.0536041260
-.0941619873
-.0820465088
.0995788574
-.0658264160
-.0504302979
-.0340881348
.0570373535
.0727233887
-.0612030029
-.0441284180
.0390472412
.0369262695
.0276336670
.0254821777
-.0278625488
-.0467071533
.0556945801
-.0429077148
.0470886230
-.0423126221
.0352020264
.0694732666
.1230926514
.1190338135
.1110839844
-.0669250488
-.0845642090
-.0926513672
-.0659484863
-.0897827148
-.0668182373
-.0568237305
.0532379150
-.0521240234
.0473785400
.0671997070
.0590972900
-.0839233398
-.0696716309
.0558166504
.0596923828
-.0727996826
.0385589600
-.0431518555
.0383453369
.0542144775
-.0448760986
.1100463867
.0902709961
.0307464600
.0510101318
-.0430603027
.0456237793
-.0589294434
-.0515289307
.0502471924
.0604400635
.0797729492
-.0693206787
-.0405883789
-.0325775146
-.0289764404
.0434112549
.0289916992
.0416259766
-.0309753418
.0212554932
-.0292205811
-.0277099609
.0416717529
.0460052490
-.0274200439
.0369262695
.0258331299
-.0364837646
.0323181152
-.0390930176
-.0319061279
.0324859619
-.0270080566
.0361938477
.0257873535
.0327758789
.0368194580
.0351257324
-.0315704346
-.0268707275
-.0540008545
-.0510559082
-.0506591797
-.0463104248
-.0456542969
.0552062988
-.0922241211
-.1656036377
.0935821533
-.0974273682
-.1335296631
.1889495850
.2419738770
.1973266602
.2503204346
-.1478729248
.1640319824
-.1426544189
-.0785217285
.0526885986
-.0600128174
-.0684814453
-.0721740723
-.0511932373
-.0611114502
-.0570678711
-.0525512695
.0511474609
.0334930420
.0420074463
.0662078857
.0587310791
-.0470275879
.0632171631
-.0539245605
-.0670928955
.0550842285
-.0608367920
-.0610809326
.0584259033
-.0781860352
.0662231445
.0572509766
.0550384521
.0489807129
.0456237793
.0353393555
.0566558838
.0441284180
-.0503845215
-.0774078369
-.1169281006
-.0647430420
.0372467041
-.0521545410
.0926818848
.1387634277
.0482482910
.0745849609
.0411376953
-.0710296631
-.1633453369
.0862731934
.0675811768
-.0477905273
-.0377349854
.0381622314
.0902099609
.0458221436
.0508575439
-.0494384766
-.0357360840
-.0377502441
-.0276184082
-.0341339111
-.0410461426
.0437316895
-.0388031006
.0371856689
.0275268555
.0426635742
.0421600342
.0801086426
.1654663086
-.1197814941
-.0587768555
.0777282715
-.0532226563
-.0647430420
-.1177825928
.1883850098
.1687622070
.2620544434
-.2687072754
-.1634674072
.0793304443
-.0653991699
.1457519531
.0925445557
-.0797119141
-.1327514648
.2887115479
.1245269775
-.0377807617
-.0387268066
.1290283203
.2302856445
.1255493164
.0349578857
.0366210938
-.0894165039
-.0993499756
-.0720977783
-.0535125732
-.0753784180
-.0670623779
-.0393524170
-.0237884521
-.0224456787
-.0887145996
-.0769348145
.0558166504
-.0436096191
-.0433959961
-.0510559082
-.0213775635
.0361480713
.0276947021
.0357818604
.0363006592
-.0279541016
-.0315856934
.0338287354
-.0319366455
-.0331878662
.0207366943
-.0311889648
-.0411987305
.0385284424
-.0404815674
.0395507813
.0454254150
.0412750244
.0475158691
.0343780518
.0234985352
-.0290679932
-.0272369385
.0347595215
-.0249023438
-.0329437256
.0303497314
.0341949463
.0310821533
.0355377197
.0317687988
.0153656006
.0361633301
.0307006836
.0166473389
.0222778320
-.0191040039
-.0226440430
.0202484131
.0287017822
.0205841064
-.0219268799
.0124206543
.0214385986
.0208129883
.0368499756
.0464782715
.0458984375
.0460052490
.0483856201
.0326385498
.0335998535
.0468292236
.0364685059
.0137634277
-.0181274414
-.0212554932
-.0153350830
-.0146179199
-.0117034912
.0202789307
.0102386475
.0060882568
.0056610107
.0045318604
.0034637451
.0025482178
-.0016937256
-.0004425049
