.0010986328
.0006103516
.0205230713
.0444488525
.0682220459
.0692138672
.0499420166
.0689697266
.0793914795
.0768127441
.0818939209
.0847167969
.0609436035
.0544586182
.0647125244
.0655517578
.0464630127
.0671081543
.0671081543
.0541992188
.0511932373
-.0553131104
-.0573730469
-.0544281006
-.0522918701
-.0479736328
-.0459442139
-.0484619141
-.0482330322
-.0457458496
-.0463104248
-.0440979004
.0928344727
.1039428711
.1026763916
-.0858917236
-.0623779297
.0580291748
.0674591064
-.0823516846
-.0594177246
-.0370941162
-.0141906738
-.0033721924
.0025482178
.0009307861
-.0012817383
.0010223389
-.0013427734
.0008392334
-.0280456543
.0224456787
.0511016846
-.0491027832
.0531921387
-.0565185547
.0600433350
.0620117188
-.0553588867
-.0489044189
-.0467834473
-.0456695557
-.0445251465
-.0486450195
-.0505523682
-.0413818359
-.0266571045
-.0240173340
.0247955322
.0124053955
-.0024108887
.0021362305
.0016937256
.0094909668
-.0075988770
.0048675537
.0040283203
-.0166015625
-.0146942139
-.0060729980
-.0019683838
-.0015716553
-.0048980713
.0079345703
-.0281677246
-.0462646484
.0404968262
-.0193786621
-.0037536621
-.0021057129
.0017852783
-.0015106201
-.0014343262
.0062866211
.0172424316
-.0095672607
-.0152282715
-.0138702393
-.0361785889
-.0451507568
.0439147949
-.0475158691
.0378417969
-.0234069824
-.0062713623
-.0028991699
.0029144287
.0017395020
-.0024719238
-.0010223389
.0011901855
-.0010986328
-.0007324219
.0337677002
-.0038757324
-.0027465820
.0036468506
-.0329437256
-.0319213867
.0337219238
.0305633545
-.0227966309
.0177917480
.0075836182
.0017395020
.0010375977
.0018005371
.0013580322
-.0010070801
-.0006256104
.0007629395
-.0005950928
.0005645752
.0434570313
.0429534912
-.0145263672
-.0082855225
-.0080566406
.0081787109
.0089263916
.0265502930
-.0400085449
-.0451660156
-.0494842529
-.0585784912
-.0638122559
-.0633850098
-.0466918945
-.0190734863
-.0105590820
.0024414063
.0063629150
-.0118560791
-.0196533203
-.0222320557
-.0263977051
-.0309295654
-.0323638916
-.0380554199
-.0373382568
-.0394744873
-.0366821289
-.0354156494
-.0308074951
-.0318603516
-.0312652588
-.0344848633
-.0350646973
-.0349121094
-.0343017578
-.0388031006
.0367584229
-.0363159180
-.0358734131
-.0334014893
-.0317687988
-.0363616943
-.0357666016
-.0288543701
-.0290527344
-.0300292969
-.0277099609
-.0282745361
-.0371398926
-.0238494873
-.0243225098
-.0265808105
-.0284576416
-.0261840820
-.0228576660
.0131988525
.0108337402
.0070343018
-.0047912598
.0096130371
.0090789795
.0123748779
-.0089263916
-.0074768066
.0052795410
.0029449463
-.0029602051
-.0066986084
-.0140075684
-.0168457031
-.0161895752
-.0198364258
-.0237579346
-.0261535645
-.0274200439
-.0263061523
-.0209960938
-.0222625732
-.0218353271
-.0223236084
-.0222625732
-.0219268799
-.0232849121
-.0233764648
-.0235137939
-.0232391357
-.0243682861
-.0238189697
-.0243835449
-.0244598389
-.0193023682
-.0198669434
-.0182342529
-.0182342529
-.0161285400
-.0204467773
-.0225219727
-.0226898193
-.0157165527
-.0088806152
-.0042266846
.0014343262
.0013732910
-.0010681152
.0372009277
.0199432373
-.0151824951
-.0177307129
-.0179901123
-.0214080811
-.0213317871
-.0228424072
-.0181274414
-.0100250244
.0028533936
-.0017242432
.0013885498
-.0048675537
-.0009002686
-.0012054443
.0014801025
.0019531250
-.0024261475
.0026855469
-.0027160645
.0040435791
.0037841797
-.0043640137
.0044708252
-.0048370361
-.0047454834
.0040283203
.0043029785
.0048980713
-.0045166016
-.0043182373
-.0054473877
-.0056610107
-.0052490234
-.0067901611
.0041351318
-.0054931641
.0038909912
-.0024871826
.0021362305
-.0020599365
.0010833740
-.0010681152
.0010375977
-.0007476807
-.0007476807
-.0007171631
.0010681152
-.0010528564
-.0005645752
.0014953613
-.0014343262
.0012207031
-.0013732910
-.0087738037
-.0006713867
.0009307861
.0011444092
.0008239746
-.0009002686
-.0011901855
.0008697510
-.0009613037
-.0013275146
.0010223389
-.0013885498
-.0006561279
.0006866455
.0008697510
-.0009460449
.0011596680
.0005950928
-.0229949951
.0012969971
-.0011596680
-.0303649902
-.0406951904
-.0378112793
-.0281524658
-.0353088379
-.0354003906
-.0403900146
-.0417480469
-.0376129150
-.0368957520
-.0389404297
-.0397949219
-.0370635986
-.0349578857
-.0298919678
-.0179443359
-.0051727295
.0319671631
-.0208435059
.0238494873
-.0267181396
-.0236206055
-.0213165283
.0273437500
-.0188903809
.0132446289
.0053253174
.0216064453
-.0328063965
.0344848633
-.0357208252
-.0354919434
-.0319671631
-.0405426025
-.0395355225
-.0386657715
-.0342559814
-.0266876221
-.0149536133
-.0053253174
-.0025177002
-.0018615723
.0237731934
.0088653564
-.0095062256
.0100555420
-.0221099854
-.0252227783
-.0274047852
-.0314941406
-.0390777588
-.0497283936
-.0597839355
-.0584411621
-.0539855957
-.0454254150
-.0392456055
-.0282287598
.0156860352
.0087280273
-.0150604248
.0107574463
-.0054626465
.0413208008
.0581512451
.0372924805
.0420837402
.0414428711
.0408935547
.0391387939
.0346679688
-.0172729492
.0046386719
-.0019836426
.0023040771
.0018920898
.0546875000
.0145263672
.0379333496
.0321350098
-.0299224854
-.0299377441
-.0314788818
.0278778076
.0127410889
.0028533936
-.0016632080
-.0016174316
.0019836426
.0008392334
-.0012969971
.0004577637
-.0005950928
-.0009460449
-.0008239746
.0009155273
-.0010375977
.0147705078
-.0058746338
-.0058593750
-.0376739502
-.0354309082
.0286712646
-.0212402344
.0074768066
-.0022277832
.0016784668
-.0015411377
-.0008392334
.0012207031
-.0015258789
.0421142578
.0169067383
-.0082702637
.0115814209
.0069580078
-.0083007813
.0071716309
-.0248565674
-.0264434814
-.0257415771
-.0267944336
.0246887207
.0210876465
.0129089355
-.0033416748
.0020904541
-.0022583008
.0011901855
-.0009155273
.0012664795
.0014953613
.0116882324
.0059661865
-.0042419434
-.0019378662
.0019989014
.0019226074
.0015411377
.0042114258
.0167083740
-.0091857910
-.0244140625
-.0261688232
-.0235290527
-.0214080811
-.0193634033
-.0171203613
-.0148773193
-.0126342773
-.0105895996
.0085754395
.0074462891
.0077056885
-.0105590820
-.0110626221
-.0112762451
-.0113830566
-.0119628906
-.0155639648
-.0152435303
-.0131835938
-.0124511719
-.0121612549
-.0111846924
-.0095977783
-.0101928711
-.0099792480
-.0094604492
-.0085906982
.0057373047
-.0029296875
-.0018157959
-.0013427734
.0014495850
-.0011291504
-.0012207031
.0018310547
-.0014953613
.0009613037
-.0011444092
.0013427734
.0014495850
-.0016021729
.0009307861
.0014495850
.0010986328
.0021514893
.0012359619
-.0014648438
-.0014648438
.0012359619
-.0008697510
-.0008544922
.0012359619
-.0011749268
.0009002686
-.0008087158
.0009918213
-.0007019043
.0018463135
.0007629395
-.0008850098
.0012359619
.0013122559
-.0032348633
-.0027923584
-.0072479248
-.0078277588
.0144500732
.0164337158
-.0105438232
-.0158691406
.0400238037
.0507507324
.0550384521
.0517883301
.0494232178
.0445709229
.0398864746
.0420379639
.0446777344
.0415344238
.0379180908
-.0410003662
.0418090820
.0418853760
.0441436768
.0359802246
.0342254639
.0303039551
.0220336914
.0223999023
.0218811035
.0233154297
-.0260009766
-.0303955078
-.0332031250
-.0337066650
-.0332031250
-.0429992676
-.0545806885
-.0457153320
.0424804688
-.0404357910
.0343322754
.0329742432
-.0021057129
-.0012207031
-.0010223389
-.0009613037
.0011444092
-.0005950928
-.0006256104
.0372161865
.0151977539
-.0166473389
.0194549561
.0197906494
-.0225830078
.0292358398
-.0277557373
-.0173492432
.0132446289
-.0014953613
.0016632080
-.0009613037
-.0007019043
.0005798340
-.0063781738
-.0078735352
-.0071258545
.0046386719
.0026855469
-.0008850098
.0009002686
.0085754395
.0152130127
.0218505859
-.0061340332
.0183563232
.0388793945
.0187530518
.0200347900
.0219268799
.0258789063
.0290985107
.0271606445
-.0244750977
-.0229949951
-.0256347656
.0256958008
.0166625977
-.0184173584
.0230102539
.0240020752
.0222320557
.0198364258
.0182037354
.0088958740
-.0043182373
-.0036773682
-.0013122559
.0006866455
.0003356934
-.0004272461
.0004119873
.0005493164
-.0004425049
.0243682861
.0020599365
.0014343262
-.0009918213
.0011596680
-.0008239746
-.0006561279
.0005035400
.0007629395
-.0008239746
.0010681152
.0004882813
-.0007476807
.0009460449
-.0006866455
.0006256104
.0008392334
.0015258789
-.0013122559
-.0012359619
.0021820068
-.0023498535
.0027160645
-.0033264160
.0042877197
-.0046997070
-.0043640137
.0044403076
-.0039367676
-.0047302246
.0044250488
-.0041198730
.0056610107
.0042266846
-.0052490234
.0053558350
.0060424805
.0045623779
-.0056304932
.0048217773
-.0054931641
.0043334961
.0031127930
.0025482178
.0020904541
.0016784668
.0010223389
.0011596680
-.0008544922
-.0006103516
-.0007324219
.0009002686
.0013275146
-.0020904541
-.0011901855
-.0033111572
-.0056457520
-.0004272461
.0108032227
.0445098877
.0482482910
.0441894531
-.0844116211
.0634307861
.0872039795
.0855102539
.0841674805
.0923156738
-.0654144287
-.0541076660
-.0832061768
.0806732178
.0714874268
.0664367676
.0777587891
-.0468750000
-.0289916992
-.0202484131
-.0183715820
.0135955811
.0115203857
.0065917969
-.0029449463
.0014801025
-.0016021729
.0013732910
-.0292053223
-.0468444824
-.0509033203
-.0506286621
-.0517883301
-.0475006104
-.0437774658
-.0247344971
-.0168609619
.0188751221
.0164489746
.0195159912
-.0190582275
-.0146789551
.0089416504
-.0357971191
-.0408020020
-.0377044678
-.0275115967
-.0284729004
-.0311889648
-.0308990479
-.0306243896
-.0334167480
-.0543823242
-.0684051514
-.0591278076
-.0600585938
-.0637207031
-.0571136475
-.0469512939
-.0516815186
-.0491333008
-.0306549072
-.0281372070
-.0260162354
-.0247039795
-.0226898193
-.0195465088
-.0176544189
-.0121002197
.0054473877
-.0041503906
-.0010070801
-.0007781982
-.0010070801
.0013275146
.0021972656
-.0045166016
.0052947998
.0063629150
.0057678223
-.0062255859
.0070343018
-.0107269287
-.0080108643
-.0121459961
-.0099945068
-.0072631836
-.0089263916
-.0048980713
-.0044097900
-.0023345947
.0017700195
.0008544922
-.0009155273
.0011444092
.0011596680
-.0037536621
.0085449219
-.0148773193
.0305023193
.0196380615
-.0250091553
.0225219727
.0206909180
.0103302002
-.0640563965
-.0729217529
-.0794525146
-.0755767822
-.0702362061
-.0584869385
-.0570831299
-.0567626953
-.0537872314
-.0528106689
-.0525207520
-.0597076416
-.0854644775
-.0901489258
.0956878662
.1007080078
.0992736816
.0982360840
-.0978088379
-.0931091309
-.0847167969
-.0516662598
-.0448303223
-.0433044434
-.0427551270
-.0417480469
-.0407562256
-.0371246338
-.0304260254
.0271606445
-.0590362549
.0583953857
.0573425293
.0430603027
.0203094482
.0213317871
-.0236511230
.0174407959
-.0160217285
-.0159606934
.0189819336
.0196228027
.0207519531
-.0148773193
.0179290771
.0214691162
-.0231170654
.0198059082
.0189056396
.0152893066
-.0162200928
.0209503174
-.0400238037
-.0471343994
-.0568847656
-.0670623779
-.0793304443
-.0867767334
-.0905151367
-.0877075195
-.0659484863
-.0558624268
-.0569763184
-.0553131104
-.0538177490
-.0527496338
-.0481567383
-.0378265381
-.0278015137
-.0255737305
-.0192108154
.0165252686
-.0129089355
.0082855225
.0288696289
.0992431641
.1308135986
.1203002930
.1080627441
-.0786743164
-.0706329346
-.0534973145
-.0508270264
-.0493774414
-.0475463867
-.0437774658
-.0350341797
-.0291137695
.0145111084
-.0087280273
.0347442627
.0451965332
.0933532715
.1049041748
.1113586426
.1094055176
.1159820557
.1252136230
.1194610596
.1008605957
.0841979980
-.0300903320
-.0267333984
-.0158386230
.0917358398
.1415863037
-.1171875000
.1277618408
.1324157715
.1354217529
.1213226318
.0998382568
.0954742432
.0982971191
.0793151855
-.0444793701
-.0478057861
-.0483245850
-.0425109863
-.0334777832
.0608978271
.1129913330
.1050720215
.0657653809
.0441894531
-.0118255615
-.0040740967
-.0026550293
.0024261475
.0185852051
-.0498352051
.0230102539
.0415344238
-.0368194580
.0297698975
.0468139648
-.0154418945
.0534210205
.1006317139
.1331634521
.1502838135
.1479339600
.1346130371
.1593017578
.1372528076
.0892791748
.0958251953
.0660247803
-.0375671387
-.0406036377
-.0463256836
.0866241455
.0715484619
.0770263672
.0631103516
-.0271606445
-.0217132568
.0300750732
-.0426177979
-.0514984131
-.0502014160
-.0529479980
.0508880615
.0455474854
-.0232086182
.0088348389
.0129089355
.0289459229
.0345916748
.0262451172
.0194854736
-.0288848877
-.0022430420
-.0317230225
.0021362305
.0550842285
.0023803711
-.0011138916
-.0008697510
.0012664795
-.0006713867
.0008697510
-.0009765625
.0065612793
.0105438232
.0157775879
.0063476563
.0031433105
-.0014190674
-.0010833740
-.0011596680
-.0008087158
-.0121307373
-.0046234131
-.0046386719
-.0038757324
.0035247803
-.0029296875
.0030670166
-.0018310547
-.0012512207
-.0021362305
-.0022430420
-.0023803711
.0016021729
.0009613037
-.0015258789
-.0005950928
.0006713867
.0004730225
.0004119873
.0001373291
-.0000610352
-.0000305176
