.0013732910
-.0019073486
-.0015869141
-.0014801025
-.0009918213
.0006713867
.0006713867
-.0009765625
-.0008239746
-.0012512207
.0005340576
.0007476807
-.0007781982
-.0008087158
-.0008850098
-.0007171631
-.0735473633
.0682678223
.0820922852
.0748901367
.0810546875
.0849609375
.0857391357
.1026153564
.1341247559
.1498870850
.1353912354
.1368255615
.1593627930
.1739501953
.1594696045
.1222991943
.1134643555
.0980377197
.0642852783
.0725402832
.0666809082
.0631561279
.0355987549
.0260162354
.0222473145
.0178375244
.0151214600
.0153045654
.0317230225
.0853271484
.0720825195
.0883636475
.0978546143
.1055145264
.0558166504
-.0221710205
.0129547119
-.0100402832
-.0068054199
-.0073089600
.0043640137
.0024719238
-.0014953613
.0019836426
.0021362305
.0211791992
.0123596191
.0325775146
-.0226440430
.0244140625
.0123291016
.0179901123
.0282745361
.0295104980
.0293273926
.0235290527
.0270996094
.0224761963
.0252685547
.0293884277
.0254821777
.0077056885
-.0025177002
-.0015258789
-.0012054443
.0012817383
.0089721680
-.0162048340
.0083160400
-.0033874512
.0226593018
.0328521729
.0652008057
.0832366943
.0901641846
.0757751465
.0782623291
.0948181152
.0870971680
.0731506348
.0677642822
-.0514068604
-.0455017090
-.0188598633
-.0124969482
-.0099639893
-.0107269287
-.0109558105
-.0114440918
-.0071105957
.0077819824
-.0053253174
.0078887939
.0563201904
.1195678711
.1577301025
.1363677979
.0735778809
.0111694336
.0080871582
-.0059051514
.0042266846
-.0068054199
.0215454102
.0219726563
.0185699463
.0182342529
-.0093078613
-.0027465820
-.0017700195
-.0014953613
.0029144287
.0011138916
-.0010528564
-.0009307861
-.0009155273
-.0011138916
-.0014801025
.0019683838
-.0022583008
.0018463135
-.0021667480
.0011749268
-.0013122559
-.0009155273
.0006256104
-.0008239746
.0005950928
-.0007934570
.0008239746
.0010986328
-.0016632080
.0023345947
.0081787109
.0076446533
.0088653564
.0092315674
.0097961426
.0122375488
.0119018555
.0148010254
.0178985596
.0220642090
.0257720947
.0323333740
.0281219482
.0353240967
.0341796875
.0298004150
.0367279053
.0419769287
.0570678711
.0616760254
.0526885986
.0485687256
.0356292725
.0288391113
.0321807861
.0373077393
.0416564941
.0456848145
.0502929688
.0302581787
.0300903320
.0083160400
-.0054931641
-.0025939941
.0019378662
-.0012359619
-.0010833740
.0204772949
.0308380127
.0654907227
.0673065186
.0456848145
.0276641846
.0178375244
-.0130462646
.0172424316
.0165557861
.0211334229
.0095062256
-.0092315674
.0048828125
.0291442871
.0270233154
-.0076751709
.0048522949
-.0023651123
.0257873535
.0505981445
.0585021973
.0532379150
.0515899658
.0455322266
.0409240723
.0306091309
-.0085144043
-.0028991699
.0022277832
.0066223145
-.0070953369
.0113525391
-.0117950439
.0092468262
.0197143555
.0547027588
.0777587891
.0738220215
.0740661621
.0543060303
.0289611816
-.0128173828
.0021514893
.0017242432
.0018005371
.0012817383
-.0009765625
.0141448975
-.0039367676
.0280456543
.0288848877
.0260620117
.0227050781
-.0151214600
-.0118713379
-.0054626465
-.0016479492
-.0010223389
-.0008697510
.0011596680
-.0013122559
.0012969971
-.0013427734
-.0019531250
.0020751953
-.0022583008
.0020904541
.0024566650
.0030212402
-.0031738281
-.0040283203
.0046234131
.0045928955
.0025482178
.0017700195
.0008392334
-.0008239746
-.0006713867
.0005950928
.0005950928
-.0006408691
.0006561279
-.0063781738
.0065612793
.0078582764
.0088653564
.0091857910
.0095520020
.0119476318
.0225677490
.0324707031
.0312347412
.0277709961
.0309753418
.0351867676
.0398101807
.0335845947
.0464172363
.0623474121
.0515289307
-.0037536621
.0033874512
-.0022735596
.0013732910
.0013275146
.0011444092
.0008544922
.0007019043
-.0007019043
-.0005340576
-.0006866455
.0005493164
.0391998291
.0524444580
.0455474854
.0397949219
.0426483154
.0353851318
.0310363770
.0291748047
.0281219482
.0279693604
.0268859863
.0181732178
.0027465820
-.0025482178
.0044250488
.0120849609
.0161132813
.0146179199
.0124053955
.0087127686
.0054779053
.0033874512
.0027313232
.0020446777
.0025329590
.0041503906
.0131378174
.0250091553
.0335845947
.0377349854
.0347900391
.0294952393
.0141143799
.0133666992
.0124511719
.0133209229
.0124359131
-.0132141113
.0174255371
.0144653320
.0131225586
.0131072998
.0143585205
.0152587891
.0148925781
.0223541260
.0246429443
.0204925537
.0133972168
.0118408203
.0093231201
.0110168457
.0113220215
.0075531006
.0063629150
.0072784424
.0088653564
.0337982178
.0306549072
.0379028320
.0390014648
.0364990234
.0364074707
.0348052979
.0303039551
.0294342041
.0316925049
.0269165039
.0236663818
.0211181641
.0231628418
.0238952637
.0118560791
.0125732422
.0124359131
.0136413574
.0133819580
.0117187500
.0130157471
.0171203613
.0219726563
.0228576660
.0181121826
.0212402344
.0202178955
.0190429688
.0193786621
.0187530518
.0151977539
.0059814453
-.0084991455
-.0067749023
-.0078125000
.0091400146
-.0092926025
-.0065765381
-.0047760010
.0022735596
.0092315674
-.0043182373
.0305938721
.0402374268
.0437622070
.0331268311
.0255126953
.0213775635
.0159454346
-.0131378174
-.0088806152
.0026092529
-.0043487549
.0076446533
.0021972656
-.0008239746
.0007629395
.0011444092
-.0007019043
.0018768311
-.0044097900
-.0050811768
.0049438477
-.0042572021
.0049438477
.0043182373
-.0047302246
-.0040435791
-.0033874512
-.0030822754
.0018768311
.0016021729
.0011749268
.0009460449
-.0013427734
-.0010375977
.0010375977
.0077056885
.0277099609
.0241699219
.0283050537
.0238494873
.0168151855
.0030975342
-.0017700195
-.0024871826
.0078887939
-.0138702393
.0255279541
.0175781250
.0204620361
-.0197601318
.0190429688
.0178222656
.0158691406
.0117340088
-.0106353760
.0030364990
-.0013580322
.0013122559
.0015716553
-.0011444092
.0012054443
-.0010528564
-.0010070801
-.0012054443
-.0011444092
.0010528564
.0014190674
.0008544922
-.0009002686
-.0010833740
.0009307861
-.0010375977
.0016937256
.0034332275
.0032043457
-.0032348633
-.0025634766
-.0017395020
.0074310303
.0101776123
.0051422119
-.0098724365
.0303344727
-.0252685547
.0317382813
.0260620117
.0250396729
.0289916992
-.0233459473
.0219116211
.0215301514
.0022277832
.0092010498
-.0022888184
-.0009918213
.0014343262
-.0011749268
-.0037384033
.0024414063
-.0026245117
-.0016174316
-.0018463135
-.0035705566
.0013275146
-.0010223389
.0008850098
-.0009918213
.0011291504
-.0009765625
-.0007781982
-.0008087158
.0019836426
.0013122559
-.0014495850
-.0011749268
-.0015716553
.0332031250
.0389099121
-.0276336670
.0305023193
.0285949707
-.0267944336
.0292358398
.0225982666
.0223846436
.0218811035
.0163726807
-.0102844238
-.0150146484
.0167236328
.0108795166
-.0171356201
-.0303344727
-.0242309570
-.0218505859
-.0021514893
.0012817383
.0011749268
-.0010223389
-.0231933594
.0370788574
.0126800537
.0067596436
.0048675537
-.0041046143
.0184020996
.0242614746
-.0225677490
-.0249481201
-.0256958008
-.0244293213
-.0222625732
-.0180358887
-.0169525146
-.0175476074
-.0159149170
.0071105957
-.0066680908
.0078735352
.0154876709
.0218353271
.0315856934
-.0240020752
.0202178955
.0174102783
.0122528076
.0059204102
-.0103454590
-.0039367676
.0013732910
.0010528564
-.0012359619
.0194702148
.0117645264
.0131988525
.0214996338
.0214843750
.0189361572
.0053558350
-.0017547607
-.0018920898
.0102081299
.0164184570
.0166778564
.0140686035
.0042266846
-.0012664795
-.0010223389
.0011901855
.0241546631
.0125885010
-.0068664551
-.0184326172
.0247192383
-.0178527832
.0210571289
-.0177917480
.0158996582
.0142211914
-.0139770508
.0135345459
-.0126495361
.0112152100
-.0092773438
.0084533691
-.0044860840
-.0027923584
.0019073486
.0016021729
-.0014495850
.0092010498
-.0018615723
.0019683838
.0014190674
.0015258789
-.0013427734
-.0007476807
-.0008087158
-.0011749268
.0007476807
.0009155273
.0008392334
.0009307861
-.0009307861
.0011901855
.0014038086
-.0012817383
.0015106201
-.0019226074
-.0016479492
-.0020294189
.0026092529
.0024414063
.0023803711
.0027770996
-.0019073486
.0020446777
-.0027618408
-.0029754639
-.0032958984
-.0039215088
.0025482178
.0024261475
.0017700195
.0010223389
.0008544922
-.0007629395
-.0030059814
.0070495605
-.0123748779
.0121002197
.0281066895
-.0339813232
.0316162109
.0345458984
-.0195770264
.0229492188
.0074615479
.0021209717
.0012207031
.0016326904
-.0010833740
.0012054443
-.0014495850
-.0010528564
.0010833740
.0007934570
.0008392334
-.0012054443
.0626525879
.0461425781
-.0088958740
-.0120544434
.0185546875
-.0219268799
.0200042725
-.0218048096
.0185852051
-.0412445068
.0377502441
.0322113037
.0298309326
.0282745361
.0294952393
.0244293213
.0294342041
.0244140625
.0198822021
.0217285156
.0252380371
.0110626221
-.0083160400
-.0021514893
-.0020294189
-.0015869141
-.0043945313
-.0018920898
-.0288238525
.0051269531
-.0082855225
.0070037842
-.0151367188
-.0224609375
.0197143555
-.0160522461
.0222320557
-.0137481689
.0138702393
.0122680664
.0111083984
.0094604492
-.0089874268
.0114288330
.0091400146
-.0054779053
-.0043945313
-.0037384033
.0029296875
-.0025482178
-.0022430420
-.0017089844
-.0019989014
-.0011749268
.0009307861
.0010070801
-.0008544922
-.0024108887
.0039978027
.0045776367
.0062866211
-.0063018799
.0063629150
.0066833496
.0046539307
.0047302246
-.0038299561
.0032653809
-.0022430420
-.0014953613
-.0012359619
-.0010986328
.0015258789
.0045471191
.0173034668
-.0238342285
-.0242462158
-.0270538330
-.0157470703
.0104217529
.0095672607
-.0040740967
-.0059661865
.0015106201
.0014343262
-.0014953613
.0459899902
-.0080566406
.0087280273
-.0114288330
-.0138244629
.0110473633
-.0041046143
-.0016937256
.0024108887
-.0021820068
-.0015869141
.0023956299
.0020446777
.0031890869
.0025939941
-.0064239502
.0134887695
.0123443604
.0207519531
-.0157623291
.0149688721
-.0101165771
-.0122528076
.0108184814
-.0073547363
.0063323975
.0068206787
.0040893555
-.0030059814
-.0015563965
.0010833740
-.0011138916
.0012207031
-.0013732910
-.0010833740
.0281829834
-.0144805908
.0052642822
-.0066528320
.0045166016
-.0018005371
-.0010223389
-.0009460449
-.0010375977
.0008697510
-.0006408691
-.0008544922
-.0059204102
-.0009613037
-.0035095215
.0022583008
.0020599365
-.0013275146
-.0015411377
.0166473389
.0269775391
.0272216797
.0096893311
-.0061340332
.0084228516
-.0072784424
-.0116424561
.0144500732
-.0092010498
-.0090789795
-.0050201416
-.0054016113
-.0036315918
.0017395020
-.0015106201
-.0010070801
-.0009155273
.0011901855
-.0169372559
-.0018005371
.0033264160
.0053710938
-.0060729980
.0032958984
-.0018157959
-.0016021729
.0013275146
-.0011291504
-.0019073486
.0030517578
-.0103454590
-.0070953369
.0058441162
-.0076141357
-.0066223145
-.0075073242
.0115356445
-.0120849609
-.0097503662
-.0107879639
-.0124206543
-.0136413574
.0122375488
.0172271729
.0206756592
-.0132293701
.0114593506
.0015411377
.0010070801
.0009002686
.0010681152
.0012817383
.0131988525
-.0167083740
-.0196075439
-.0407562256
.0408020020
-.0335845947
-.0228424072
.0228881836
-.0173187256
-.0140075684
.0112915039
.0089569092
.0050964355
-.0024414063
.0010070801
.0010986328
.0037689209
.0051422119
-.0052642822
.0215606689
.0063781738
.0029754639
-.0045471191
.0023498535
-.0013580322
.0017395020
-.0021514893
-.0017242432
.0023651123
-.0051116943
.0020751953
.0021057129
-.0062255859
.0064239502
.0080871582
.0054168701
-.0039672852
.0010986328
.0012054443
.0015258789
.0027923584
-.0023345947
-.0039520264
.0050506592
.0081024170
-.0068511963
-.0120391846
.0069274902
.0078735352
-.0074768066
-.0070800781
.0059051514
-.0068664551
-.0077972412
.0070495605
-.0051574707
-.0052337646
-.0042877197
.0036315918
-.0029602051
.0027008057
-.0024871826
-.0021514893
.0014495850
-.0008697510
-.0009307861
-.0012969971
.0012664795
.0021972656
-.0070800781
.0121917725
.0167541504
.0187683105
.0124359131
.0140838623
-.0091705322
.0091400146
-.0055847168
.0036926270
-.0048522949
.0039978027
.0019378662
.0103454590
.0041351318
-.0087280273
-.0103454590
.0079040527
.0094757080
-.0067901611
-.0060577393
.0103607178
-.0027465820
.0015106201
-.0012054443
-.0011596680
-.0012512207
-.0045013428
.0144805908
.0066680908
-.0083007813
.0131072998
.0029296875
-.0015258789
-.0013580322
-.0016632080
-.0010375977
.0011749268
.0011444092
.0012054443
.0265808105
.0036010742
.0041656494
-.0158843994
-.0180816650
-.0230102539
-.0298309326
-.0317993164
-.0287170410
-.0218658447
-.0262145996
-.0173034668
.0130920410
.0106353760
.0116882324
.0078887939
-.0059509277
-.0069885254
-.0111541748
-.0078582764
-.0038604736
.0020904541
.0016021729
-.0014343262
-.0016632080
.0015716553
.0019073486
.0015716553
-.0019836426
-.0010528564
-.0009613037
.0027923584
