-.0000305176
-.0000457764
-.0000457764
-.0000457764
-.0000762939
.0000762939
-.0001068115
-.0001068115
-.0000915527
.0329132080
.0044708252
.0019073486
-.0007019043
-.0006561279
-.0009460449
-.0004882813
.0007019043
-.0149993896
.0048217773
-.0008087158
-.0004577637
-.0005645752
.0006561279
-.0005645752
-.0009155273
.0018615723
-.0013580322
.0006713867
.0012512207
.0006256104
.0011138916
-.0017852783
.0010223389
.0014190674
-.0016174316
-.0381317139
.0430145264
-.0403137207
-.0645294189
.0451202393
-.0231628418
-.0345306396
-.0032806396
-.0035247803
.0074005127
.0012207031
.0014953613
-.0016326904
.0018157959
.0010986328
-.0010528564
-.0010681152
.0039215088
-.0343322754
.0025177002
-.0520324707
.0024871826
-.0054931641
-.0064697266
.0012512207
.0010223389
-.0011291504
.0013732910
.0017547607
.0014495850
-.0010986328
.0010528564
-.0012054443
-.0015411377
-.0136566162
.0048522949
.0029449463
.0636444092
.0520019531
-.0239868164
-.0442504883
-.0568084717
-.0260925293
.0104980469
.0078125000
.0091705322
.0054931641
.0034942627
-.0026092529
-.0022430420
-.0019378662
-.0012512207
-.0012054443
.0011596680
.0019378662
-.0014190674
.0010681152
.0011596680
.0012207031
.0014495850
.0013122559
.0011749268
-.0011749268
.0010528564
.0011596680
-.0028686523
-.0010223389
.0031738281
-.0011444092
-.0013122559
-.0018768311
-.0025939941
-.0011138916
.0021667480
.0010223389
-.0012664795
-.0011901855
.0010223389
.0011901855
-.0015869141
-.0022583008
-.0016632080
.0013275146
.0010986328
.0007476807
.0010681152
.0041961670
-.0071411133
.0076293945
.0161132813
-.0151977539
.0124359131
.0195617676
.0180816650
.0225067139
.0102539063
-.0014038086
.0012359619
-.0010223389
.0011749268
-.0640563965
-.0069885254
.0036926270
-.0016174316
-.0012664795
-.0011444092
.0011749268
-.0013122559
.0021057129
-.0014343262
.0011901855
.0014801025
-.0011901855
-.0012817383
-.0014648438
.0012054443
-.0010681152
-.0011138916
.0009918213
-.0112915039
.0080413818
.0369110107
.0082092285
-.0052490234
.0039672852
-.0018463135
.0015563965
-.0028076172
.0012664795
-.0011901855
.0010528564
-.0010833740
.0015869141
.0014953613
-.0017852783
-.0012359619
-.0017547607
.0016937256
.0020599365
.0008850098
.0010833740
-.0012359619
-.0027313232
-.0025329590
.0017852783
-.0059509277
.0084533691
-.0028991699
-.0022735596
.0075225830
.0065307617
.0022583008
-.0019226074
-.0012969971
-.0274505615
.0040283203
-.0020294189
-.0068359375
-.0060272217
-.0119323730
.0025482178
-.0075531006
-.0024414063
.0089416504
.0054321289
-.0323944092
.0089416504
.0039978027
-.0008850098
.0187072754
.0069732666
-.0062866211
.0101318359
.0031280518
-.0015258789
-.0242462158
.0128326416
.0061187744
.0135192871
.0046691895
-.0077362061
-.0034179688
.0087127686
.0014343262
-.0014038086
-.0205383301
.0014190674
-.0009765625
.0010070801
.0010681152
.0029449463
-.0015106201
-.0030822754
-.0120086670
-.0012359619
-.0009460449
.0017700195
.0108947754
-.0046997070
-.0057220459
-.0011444092
.0014801025
.0009307861
.0016784668
-.0038452148
.0057830811
-.0018157959
-.0010223389
.0028076172
-.0008544922
.0029296875
.0057678223
.0093994141
-.0024414063
.0052642822
-.0018157959
-.0029449463
.0059509277
.0336151123
-.0047912598
-.0063171387
.0028686523
-.0017395020
-.0233917236
.0126342773
-.0014038086
-.0026550293
-.0147705078
-.0012359619
-.0043334961
.0039978027
-.0070343018
.0079193115
.0023345947
-.0010375977
.0342407227
.0029602051
.0025634766
-.0015563965
.0037078857
-.0021209717
.0200653076
-.0137176514
-.0316925049
.0047302246
.0064697266
-.0068359375
.0203247070
-.0113372803
-.0069274902
.0426635742
-.0046691895
.0202941895
.0123443604
.0065917969
-.0030975342
.0019989014
.0089874268
.0357055664
-.0106506348
-.0034484863
.0049285889
-.0022888184
.0365905762
.0029907227
.0054016113
.0075683594
.0075683594
-.0016174316
.0051269531
.0150909424
.0133819580
.0016784668
.0021972656
.0244140625
.0111694336
-.0090484619
.0058441162
.0045776367
-.0053863525
.0145568848
.0273590088
.0029907227
.0066986084
.0030059814
.0366821289
-.0033111572
.0036010742
.0038146973
.0045928955
.0037231445
.0167541504
.0070343018
-.0022888184
.0042266846
-.0049133301
.0452423096
-.0076293945
.0030975342
.0034942627
-.0052642822
.0084075928
.0094757080
-.0096435547
.0070800781
.0114440918
-.0079803467
.0096282959
.0073089600
-.0156097412
-.0359954834
-.0585021973
-.0713500977
-.0959472656
.0784759521
.0514068604
.0537567139
.0470581055
-.1258239746
-.0803222656
-.0304412842
-.0591278076
-.0686340332
-.0505676270
.0220642090
.0497589111
.0667419434
-.0490112305
.0962677002
.1107788086
.0928192139
-.0293579102
-.0713043213
.0486755371
.0192565918
-.0316467285
-.0505523682
-.0638427734
-.0498352051
-.0321502686
.0249786377
.0214996338
.0058898926
.0133361816
-.0080413818
-.0072326660
.0175170898
.0058135986
-.0083923340
.0070037842
.0050354004
-.0066680908
.0033721924
-.0063171387
.0066833496
.0118255615
-.0041961670
.0040893555
.0103302002
.0160369873
.0076446533
.0047302246
-.0103912354
-.0345306396
-.0471191406
-.0640716553
-.0639343262
-.0791931152
-.1056518555
-.0326538086
.0316772461
-.0714569092
.0577087402
.0398559570
-.0297393799
-.0118255615
.0055847168
.0059356689
-.0044555664
.0036010742
.0068054199
-.0069580078
.0087127686
.0092926025
.0038909912
-.0023651123
.0021057129
-.0037841797
-.0035247803
.0172424316
.0204925537
-.0079956055
.0028228760
.0041809082
-.0504608154
-.1462097168
-.1285095215
-.1013793945
-.1080780029
-.1090545654
-.0803222656
-.0588378906
-.0479736328
.0587005615
.0654602051
-.0587005615
.0157470703
.0037841797
-.0123901367
-.0445709229
-.0428771973
-.0218353271
-.0132904053
-.0144348145
.0085449219
-.0028076172
-.0022888184
.0043182373
-.0062103271
.0049133301
.0092620850
.0042877197
.0029754639
.0033569336
.0025787354
-.0026550293
-.0050964355
.0032501221
.0049438477
-.0033111572
-.0034942627
.0017547607
.0020751953
.0022888184
-.0026092529
.0025329590
.0021514893
-.0019073486
-.0020904541
-.0022735596
-.0461425781
-.0375671387
.0034942627
-.0878448486
-.0441741943
-.0475921631
-.0546112061
.0854949951
.1118316650
-.0746459961
-.0731964111
-.0759887695
-.0654296875
-.0615234375
.0782928467
.0654449463
-.0459442139
.0110168457
.0040283203
.0149230957
-.0213623047
.0272064209
.0389099121
-.0352020264
-.0339355469
-.0275268555
.0243072510
-.0254821777
.0182189941
.0137634277
-.0100097656
-.0047760010
.0045166016
-.0029449463
-.0031127930
.0065155029
-.0056152344
.0029602051
-.0029907227
.0039978027
.0216979980
-.0319824219
.0220489502
-.0167694092
.0179138184
-.0203552246
-.0199432373
.0149841309
.0141448975
.0263671875
-.0328063965
-.0277404785
-.0170745850
-.0190124512
-.0174560547
-.0114135742
-.0062866211
.0036010742
-.0015411377
.0020141602
-.0036468506
-.0035705566
.0036773682
-.0031738281
.0022125244
.0033264160
-.0034484863
.0036163330
.0063476563
-.0325317383
-.0530700684
.0467071533
.0080413818
.0038452148
-.0565643311
-.1585388184
.0603790283
.0371246338
-.0406799316
-.0280303955
-.0201263428
-.0280609131
-.0549926758
-.0364532471
-.0238800049
-.0128936768
.0061187744
.0035095215
-.0024414063
.0025329590
.0063476563
.0017852783
.0038299561
-.0035858154
.0016784668
.0021362305
.0025482178
-.0018768311
-.0015411377
-.0015106201
.0020446777
-.0022583008
-.0016174316
.0021972656
.0026245117
.0024719238
.0027008057
-.0028533936
-.0032348633
-.0367736816
-.0564117432
-.0758972168
.1553802490
.1799774170
.0989074707
-.0514221191
-.0582733154
-.0402374268
-.0348052979
-.0367584229
-.0332641602
-.0268554688
-.0324707031
.0305023193
-.0325927734
.0414733887
-.0429534912
.0243072510
-.0074768066
.0024719238
-.0018615723
-.0043792725
-.0058898926
-.0118103027
-.0231781006
-.0243530273
-.0206298828
.0265960693
-.0224456787
-.0238189697
-.0289764404
.1050415039
-.1627197266
.1228942871
.0029296875
.0263977051
-.0695190430
.1499481201
.1501770020
.1712493896
.1651916504
-.0689392090
.1146545410
-.0641326904
-.0707397461
-.0259246826
-.0244750977
-.0493469238
.1150817871
.1174774170
-.0979156494
-.0626373291
-.0816192627
-.0804290771
-.0648345947
-.0373840332
-.0382080078
.0208892822
.0277709961
-.0149536133
-.0143585205
-.0140838623
-.0071563721
-.0419006348
.0337982178
-.0029144287
.0048370361
-.0039978027
-.0032958984
.0037384033
-.0024108887
.0029144287
-.0038604736
-.0031738281
.0044860840
-.0036315918
.0052795410
.0037384033
-.0044250488
-.0040588379
-.0048828125
.0025634766
.0033721924
-.0024108887
-.0040130615
-.0696258545
-.0900115967
.1187896729
-.0928649902
-.0934753418
.1154937744
-.0720672607
-.0465087891
.0277099609
-.0478057861
.0288848877
-.0289154053
-.0263671875
.0093231201
.0054626465
-.0479125977
.0235595703
.0581207275
.0765991211
.0520935059
.0095825195
.0159301758
-.0483856201
-.0254821777
.0422973633
.0465698242
.0434875488
.0591125488
-.0139007568
-.0090026855
-.0436859131
-.0523529053
-.0449829102
-.1423339844
-.1285095215
-.1979064941
.1468811035
.1575317383
-.0747070313
.0516967773
.0141296387
-.0586700439
.0501708984
-.0909881592
-.0708923340
-.0679931641
.0577239990
.0731658936
.0691833496
-.0374145508
-.0207824707
-.0351257324
-.0321044922
.0159454346
-.0139160156
-.0066833496
.0047454834
.0039062500
-.0021667480
.0025939941
-.0030059814
.0129547119
.0391387939
-.0302581787
-.0222930908
.0331268311
-.0348205566
-.0373992920
-.0797424316
.0169982910
.0764770508
.0926513672
.0937652588
.0626983643
-.0490264893
-.0405578613
.0233306885
-.0223693848
-.0179290771
-.0144653320
-.0146789551
.0086975098
-.0349731445
.0461883545
-.0040130615
-.0038909912
.0029602051
-.0026092529
.0029296875
-.0036468506
.0182495117
.0104217529
-.0177154541
.0204010010
.0200347900
.0224304199
.0180206299
-.0207061768
-.0165863037
-.0151977539
-.0061492920
.0019073486
.0198364258
.0082397461
.0027618408
-.0031433105
.0028839111
.0023651123
.0028686523
.0026855469
-.0037689209
.0028686523
-.0027770996
.0573425293
.1172637939
-.0968475342
-.0181121826
-.0371551514
-.0802612305
.0890502930
.1092681885
-.0760803223
-.0173645020
-.0162811279
.0645141602
-.0774536133
.0302886963
-.0311889648
.0271606445
.0115203857
-.0041809082
.0054931641
.0041046143
.0023651123
-.0032806396
-.0032043457
.0028076172
.0027770996
.0039367676
.0029602051
-.0031433105
.0025787354
.0020751953
.0027008057
.0027923584
-.0038757324
-.0025787354
.0016021729
.0023040771
-.0026397705
.0022888184
-.0019836426
-.0029144287
-.0047760010
-.0059051514
.0139617920
-.0060272217
.0037994385
.0028228760
-.0026397705
-.0025329590
.0016479492
.0021209717
-.0020904541
-.0017242432
.0017089844
-.0021820068
.0016479492
-.0014801025
-.0016632080
.0017852783
-.0018768311
.0021514893
.0027008057
.0016937256
.0016632080
.0017089844
-.0015563965
-.0017700195
-.0020141602
-.0023498535
-.0027465820
.0051116943
.0064849854
.0049133301
.0024719238
.0021667480
.0019836426
.0016174316
-.0015258789
-.0015716553
-.0018157959
.0013732910
.0016021729
.0020599365
-.0015563965
.0015258789
-.0016479492
.0015258789
-.0016632080
.0015563965
.0015869141
-.0020904541
-.0022277832
.0025939941
.0020446777
.0017089844
.0024719238
-.0017547607
-.0018157959
-.0017242432
-.0014953613
.0016174316
.0019531250
.0033416748
-.0074310303
-.0035247803
.0088195801
.0029907227
.0022735596
.0021972656
-.0018310547
.0017547607
.0016479492
-.0015869141
.0020751953
.0015869141
.0012207031
.0011444092
-.0016632080
-.0019989014
-.0016479492
-.0025177002
-.0037841797
-.0018463135
-.0015563965
.0015411377
-.0017395020
-.0016326904
.0016632080
.0018310547
-.0018920898
.0020751953
.0018005371
.0019073486
-.0019073486
.0021820068
.0022277832
.0019226074
-.0019683838
.0029144287
.0036773682
-.0037841797
.0026702881
-.0019989014
.0027618408
.0035095215
.0034179688
.0024871826
.0018920898
.0019989014
-.0019073486
.0023956299
.0017395020
-.0017395020
-.0019531250
.0017395020
-.0018463135
-.0030212402
.0023498535
-.0022735596
.0023193359
.0020294189
-.0020599365
.0052032471
.0017395020
.0021209717
.0019989014
.0022277832
.0017547607
.0018463135
.0020294189
.0021820068
.0032501221
-.0027465820
.0015106201
-.0020141602
-.0016021729
-.0016326904
.0017395020
-.0017089844
.0016784668
-.0014343262
.0013885498
.0012359619
.0010986328
.0012359619
-.0008850098
.0009002686
.0010681152
-.0009307861
-.0009613037
.0009155273
.0007476807
-.0006256104
.0007781982
-.0009002686
.0007171631
-.0004730225
-.0004119873
-.0003967285
-.0003509521
-.0002288818
-.0003967285
-.0002441406
-.0002136230
-.0001983643
-.0001373291
-.0001373291
-.0001068115
-.0000610352
-.0000610352
.0000457764
-.0000457764
.0000457764
-.0000457764
-.0000457764
.0000610352
-.0000457764
-.0000457764
-.0019989014
