.0006408691
-.0014190674
.0020294189
.0025787354
.0027618408
.0051422119
-.0049133301
.0041046143
-.0052032471
-.0051574707
-.0041351318
.0042419434
.0043945313
-.0043945313
-.0058898926
-.0045318604
.0062408447
-.0047760010
.0069580078
-.0045166016
-.0049896240
.0078277588
.0042419434
.0043640137
.0061492920
.0054473877
.0080566406
-.0070648193
.0069580078
.0079498291
-.0087585449
.0086212158
.0062103271
.0086975098
-.0123138428
-.0143127441
.0079803467
-.0156250000
.0087280273
-.0090026855
-.0088806152
-.0150909424
.0101776123
.0135803223
.0147857666
-.0133819580
-.0216674805
-.0130004883
.0122222900
-.0111694336
.0144195557
-.0108184814
-.0172271729
-.0153808594
-.0258636475
-.0218505859
.0333404541
-.0155944824
.0287780762
-.0382995605
.0282745361
-.0370178223
-.0330963135
.0509796143
-.0664978027
-.0456237793
-.1077270508
-.0527191162
.0206909180
-.1024627686
-.1118621826
.0419464111
-.0991668701
.1080474854
.0791778564
.0312957764
.0464324951
.0531463623
.0888671875
-.0648345947
-.1011199951
.0949249268
.0451507568
-.0283355713
-.0349426270
.1089324951
-.0738372803
.0988464355
.0580139160
-.0552978516
-.0320281982
-.0771942139
-.0776519775
-.0874786377
-.0957183838
-.0933380127
.0703430176
.1032562256
-.0876922607
.0473632813
.0463104248
-.0453338623
.0276489258
-.0220031738
-.0243682861
-.0261383057
-.0210876465
.0146179199
.0142517090
.0107116699
-.0088500977
-.0083923340
.0070495605
.0057067871
-.0052795410
.0052642822
-.0065155029
.0072326660
.0057067871
.0078887939
-.0072784424
.0068817139
.0110015869
-.0074462891
-.0076904297
-.0057830811
-.0071716309
.0088958740
-.0103149414
.0074615479
.0313110352
.1583709717
.0397491455
.0104064941
.0086517334
.0583190918
.0128173828
.0088806152
.0082092285
.0072937012
-.0316009521
-.0127563477
.1572723389
.1570739746
-.0413208008
.0982818604
-.0201416016
.0092926025
.0196685791
-.0474853516
.0406646729
-.0861816406
-.0700225830
.0804443359
-.0733032227
-.0743103027
-.0805664063
-.0692749023
.0731811523
.0442810059
-.0475158691
.0361938477
.0505981445
.0363464355
.0448455811
.0414581299
-.0408630371
-.0493774414
-.0482788086
.0569915771
.0389556885
.0544128418
.0386505127
-.0802459717
-.0723419189
-.1518096924
-.1550140381
-.1387939453
.1045379639
-.0990905762
.0531616211
.0525360107
.0343933105
.0816192627
.0563354492
.0904235840
.1184539795
-.0504760742
.0435943604
-.0255584717
-.0267028809
-.0408020020
.0425415039
-.0354766846
.0328216553
.0367889404
-.0604248047
.0503540039
-.0455627441
-.0791320801
-.0654907227
.0866699219
.0502471924
.0360412598
-.0386657715
.0451812744
-.0580291748
.0529937744
.0499572754
-.0506134033
-.0476684570
.0399627686
.0340118408
-.0220336914
.0192260742
-.0739746094
-.0529632568
.0303192139
.0318603516
.0266571045
.0113677979
-.0082550049
.0056610107
-.0052947998
-.0075073242
.0100555420
.0069274902
-.0075225830
-.0121459961
-.0114593506
.0056304932
.0637207031
.0339202881
-.0123291016
-.0084075928
-.0075073242
-.1007843018
-.0710449219
-.0960388184
.0568389893
-.0443115234
.0799255371
.1010131836
-.0599517822
.0284576416
-.0272674561
.0350189209
.0161285400
-.0270080566
.0354003906
-.0513916016
-.0496368408
.0176544189
-.0108337402
-.0323333740
-.0307922363
-.0521087646
.0533599854
.0362701416
-.0271301270
.1197204590
.0663604736
-.0643310547
-.0610961914
-.0382232666
-.0190124512
.0098571777
.0310821533
-.0660705566
.0245666504
-.0124206543
-.0272674561
.0350036621
-.0615386963
-.0574493408
-.1060333252
.0480041504
.0181121826
-.0190582275
-.0126342773
-.0552673340
-.0280151367
.0182647705
.0184326172
.0056152344
.0182647705
.0044708252
.0054168701
.0079498291
.0109252930
.0056915283
.0036010742
-.0050048828
.0192413330
.0215606689
.0088653564
.0198822021
-.0593109131
.0932006836
.1313171387
.1142883301
.0774841309
.0923004150
.0956573486
.1312866211
-.1070709229
.0617065430
-.0410003662
.0095672607
-.0074615479
.0066986084
-.0046844482
.1428222656
.0677185059
.0288543701
-.0125122070
-.0265045166
-.0164794922
-.0079345703
.0699920654
-.0621643066
-.0573120117
-.0457153320
.0376892090
.1010284424
-.0786895752
.0430603027
.0115051270
.0233306885
.0299987793
-.0269317627
-.0125732422
-.0194396973
.0354309082
-.0308074951
-.0122375488
.0052185059
.0090484619
.0057678223
.0052490234
.0054626465
.0068969727
-.0038299561
.0045776367
.0068969727
-.0049438477
.0074768066
.0110015869
-.0630798340
.0195465088
.0683135986
-.0706176758
-.0438995361
.0477294922
.1121063232
-.1165313721
-.0754394531
.0952148438
.0900115967
-.0758819580
.0393371582
-.0139923096
-.0185699463
-.0432128906
.0292510986
-.0519561768
-.0323791504
-.0265350342
.0233154297
-.0130462646
.0093994141
-.0050506592
.0106964111
.0090789795
-.0872497559
-.0262145996
-.0092468262
.0395965576
.1136169434
-.0685424805
.0278320313
.0081481934
.0141296387
-.0466308594
.0320281982
.0081939697
.0059204102
-.0169677734
-.0116729736
-.0264739990
-.0179138184
-.0099029541
.0065002441
.0042877197
-.0074310303
-.0057983398
.0085601807
.0050201416
.0046997070
.0237121582
-.0123291016
.0119934082
-.0217895508
-.0430450439
.0216979980
.0095520020
-.0306243896
.0222320557
.0137176514
-.0151367188
.0069580078
.0186462402
.0339660645
.0133056641
.0107574463
.0083770752
-.0139007568
-.0131835938
.0159301758
-.0107879639
-.0082244873
.0240325928
-.0108947754
.0101470947
-.0104980469
.0108337402
.0101623535
.0116424561
-.0205993652
-.0173187256
.0259246826
-.0194091797
.0118713379
-.0581207275
.0292663574
.0112609863
.0086822510
-.0112457275
.0080413818
.0073089600
.0108489990
.0106506348
-.0137939453
.0070495605
-.0079650879
-.0065307617
-.0083770752
-.0798187256
.0491943359
-.0161437988
.0088043213
-.0062255859
.0075531006
-.0053100586
-.0073394775
-.0063934326
-.0062103271
-.0913085938
.0652160645
-.0331878662
.0090637207
-.0119018555
.0255279541
-.0546569824
.0111846924
-.0600128174
-.0231323242
.0076904297
.0057830811
-.0072174072
.0062713623
-.0047760010
.0046539307
-.0053100586
.0057220459
.0050506592
.0062713623
-.0043182373
.0037231445
.0052185059
.0135803223
.0186462402
.0248565674
.0172119141
-.0073699951
-.0055236816
-.0032806396
-.0051116943
-.0066223145
-.0058898926
-.0598602295
.0314331055
-.0155944824
-.0069732666
.0081024170
.0051422119
.0084381104
-.0386352539
-.0468597412
-.0310668945
-.0110931396
-.0056915283
-.0051879883
-.0053100586
-.0044250488
-.0055541992
.0042419434
.0419006348
-.0121917725
.0076446533
.0401153564
-.0641632080
-.0469055176
-.0384674072
-.0097045898
.0059356689
.0054321289
.0048980713
-.0171356201
-.0267181396
.0834655762
.0202331543
-.0063781738
-.0079345703
-.0072937012
.0086517334
.0647277832
-.0814819336
-.0492095947
.0191192627
-.0116577148
.0201721191
.0677642822
-.0797424316
-.0652770996
.1015472412
-.1131591797
-.0713195801
-.0254821777
-.0084075928
.0314941406
-.0471496582
.0426940918
-.0168762207
-.0928192139
-.0422821045
-.0181274414
.0887756348
.0761718750
.0285949707
-.0077667236
.0123291016
-.0289459229
.0559997559
.0710754395
.0702819824
-.0492706299
.0171661377
-.0066375732
-.0336608887
-.1009826660
.0535278320
-.0124664307
.0074768066
.0055084229
.0363769531
-.0492858887
-.0636291504
.0940704346
-.0968017578
-.0278015137
-.0305023193
.0332031250
-.0320587158
-.0213470459
.0061798096
-.1043395996
-.0337371826
.0145874023
-.0070495605
-.0081634521
-.0068511963
.0078887939
-.0075378418
.0083465576
-.0694427490
-.0901794434
-.1088256836
-.0663299561
.0243988037
-.0370330811
-.0236511230
.0132293701
-.1038970947
.0865631104
.0514373779
-.0712585449
.0347137451
-.0117187500
.0079193115
-.0068206787
.0517578125
.0950317383
-.0252990723
.0095520020
.0165863037
-.0089874268
.0100860596
-.0141448975
.0081024170
.0099487305
-.0075683594
.0054779053
-.0067596436
-.0623626709
.0217285156
-.0106658936
.0288543701
.0144500732
.0093383789
-.0080871582
-.0059204102
-.0061035156
-.0100097656
.0076293945
.0090484619
.0088195801
-.0082855225
-.0123748779
.0085449219
-.0072174072
.0063323975
-.0069732666
.0062561035
-.0081634521
.0129394531
.0650177002
-.0362548828
-.0220336914
-.0161285400
-.0099945068
-.0207214355
.0835723877
-.0440063477
.0201110840
.0128784180
-.0054016113
.0071105957
-.0762023926
-.0328063965
-.0234527588
.0085754395
.0224151611
.0093841553
-.0074768066
.0090026855
.0110778809
.0151824951
.0232086182
-.0222320557
-.0129699707
-.0085296631
-.0146331787
.0117034912
.0093078613
-.0084075928
-.0523986816
.0800018311
-.0986633301
-.0789337158
.0924987793
-.0925140381
-.0433502197
-.1553497314
-.0726470947
.0362396240
-.0658721924
.0358428955
-.0154266357
.0239868164
-.0345458984
.0427856445
.0363769531
.0303497314
-.0323028564
-.0278778076
.0128326416
.0288696289
.0482482910
-.0214080811
-.0200042725
-.0294494629
.0266265869
-.0129241943
.0196533203
.0135498047
-.0708618164
-.0951385498
.0372772217
.0123291016
.0144500732
.0392608643
.1497344971
-.0934753418
-.0251464844
-.0163574219
.1443023682
-.0363311768
.1257171631
-.0924987793
.0304565430
-.0141296387
-.0287780762
-.0307617188
-.1049652100
.0437927246
.0187225342
.0166625977
-.0125274658
-.0078735352
.0139465332
-.0083618164
.0092620850
-.0092620850
-.0517883301
.0155792236
.0084381104
.1024322510
-.0670318604
.0132904053
-.0077514648
.0097198486
-.0131072998
.0091857910
-.0064544678
.0053100586
-.0049438477
.0057678223
-.0060272217
.0052795410
.0044403076
-.0040740967
.0062561035
.0063629150
-.0074462891
-.0066528320
-.0101776123
-.0111236572
-.0064544678
.0114135742
-.0128021240
.0128936768
-.0061645508
.0113220215
.0308685303
.0700225830
-.0354461670
.0441589355
-.0225372314
.0210418701
-.0142669678
.0106201172
-.0392608643
.0240631104
.0233001709
-.0180816650
.0488128662
.0705718994
-.0404815674
.0254669189
-.0349426270
.0359954834
-.0605468750
.0391082764
-.0148773193
-.0381164551
.0175170898
-.0537567139
-.0301513672
.0334167480
-.0090484619
.0520782471
.0609893799
-.0232849121
-.0467681885
.1003112793
-.0522460938
.0278778076
-.0262451172
.0581665039
-.0279541016
.1308441162
.0337371826
-.0206451416
-.1025848389
.0489349365
.0214080811
-.0365142822
-.0142517090
-.0109100342
.0096893311
.0100555420
-.0131530762
-.0096130371
-.0115356445
.0105895996
.0332641602
.0696563721
-.0670623779
.0347290039
.0249786377
.0223693848
-.0121612549
.0084381104
.0478668213
-.0303497314
.0178527832
.0101623535
-.0088806152
-.0096435547
.0127105713
-.0120391846
.0061645508
-.0051574707
-.0050048828
.0048980713
-.0051269531
.0058441162
.0043487549
-.0083923340
.0771942139
-.0786590576
.0206298828
-.0108337402
-.0082092285
-.0238494873
.0207061768
.0082397461
.0050964355
.0057983398
.0094909668
-.0073242188
.0062561035
-.0058898926
.0056762695
-.0082550049
.0073699951
.0046081543
-.0105590820
.0089874268
.0070800781
-.0073547363
-.0063476563
.0050506592
.0061492920
-.0055847168
.0049285889
-.0055084229
.0063323975
-.0047607422
-.0081176758
-.0065765381
-.0092773438
.0078430176
.0373840332
-.0174560547
.0114135742
.0131378174
-.0130615234
.0232696533
.0143127441
-.0213470459
-.0397033691
.0713806152
-.0414733887
.0522766113
-.0362548828
.0407714844
-.0422821045
-.0335083008
.0382080078
-.0366516113
.0492248535
.0386047363
-.0316314697
-.0390167236
.0380249023
.0447540283
.0481109619
.0426177979
.0514984131
-.0350646973
-.0451049805
-.0265960693
-.0346221924
-.0391845703
-.0249786377
-.0446777344
-.0344085693
.0337982178
-.0423889160
-.0359191895
-.0506896973
.0325927734
.0263977051
-.0488891602
-.0408630371
-.0340881348
-.0450744629
-.0459747314
.0257873535
-.0294647217
-.0358276367
-.0373687744
-.0406341553
.0482177734
.0419158936
.0312042236
-.0430145264
-.0423736572
.0452575684
-.0399322510
-.0396423340
-.0324554443
-.0378265381
-.0377655029
.0426940918
.0417785645
.0322265625
.0385589600
.0371856689
-.0390319824
.0384826660
.0363464355
.0312042236
-.0437316895
-.0385894775
-.0391998291
.0444641113
-.0458679199
.0390167236
.0409545898
-.0382690430
.0468750000
-.0348052979
.0504913330
-.0421600342
.0370941162
.0428771973
.0407867432
-.0330657959
.0271301270
-.0361175537
-.0293426514
-.0391387939
-.0556640625
-.0395507813
-.0428619385
.0445861816
-.0337066650
.0422363281
-.0323028564
-.0353546143
-.0409393311
-.0358886719
-.0452423096
-.0443420410
-.0382232666
-.0349884033
-.0445556641
.0306396484
.0323181152
-.0279235840
.0363464355
.0368652344
-.0365142822
-.0389404297
.0309295654
.0312500000
.0312500000
-.0221099854
-.0245819092
.0247344971
.0173645020
-.0284423828
.0196838379
.0151672363
.0101013184
-.0170440674
.0103149414
.0120239258
-.0081481934
.0062255859
.0058288574
-.0050811768
-.0032043457
-.0023345947
.0012207031
.0008850098
.0004882813
-.0001678467
