.0000305176
-.0002136230
.0006408691
-.0014495850
.0021057129
.0020141602
.0031127930
.0040130615
-.0041198730
.0044555664
.0066223145
-.0044860840
-.0056915283
-.0060424805
.0071105957
-.0060272217
-.0236053467
.0072937012
-.0055541992
.0059509277
.0050964355
-.0281829834
-.0204315186
-.0359191895
-.0238037109
.0256958008
-.0275421143
.0141601563
-.0156555176
-.0177001953
.0137939453
-.0108184814
-.0092620850
.0059051514
.0076446533
.0190277100
-.0106964111
.0094451904
.0108795166
.0085144043
.0296173096
.0285491943
.0320892334
.0376281738
.0179138184
.0102539063
.0117340088
.0063323975
.0083923340
-.0202331543
.0126342773
-.0198974609
.0208435059
-.0110168457
-.0155181885
.0114898682
.0115356445
-.0079193115
-.0180816650
.0066528320
-.0192108154
.0096282959
.0086669922
-.0081329346
.0070800781
.0083312988
-.0102691650
-.0087280273
-.0095672607
-.0111389160
-.0089721680
.0131988525
.0070037842
-.0221710205
-.0206909180
.0131072998
.0196838379
-.0111541748
-.0086059570
-.0077056885
.0083160400
-.0161895752
-.0147552490
-.0085601807
.0086212158
.0081939697
-.0116729736
.0090484619
.0094146729
-.0127716064
-.0138244629
.0115051270
.0084075928
-.0079498291
.0082397461
.0072937012
-.0067596436
.0061187744
.0067901611
.0550994873
-.0285644531
-.0239257813
-.0316467285
-.0501556396
-.0299682617
.0450134277
.0272979736
.0138092041
-.0278625488
.0165405273
-.0170135498
.0165100098
.0202636719
-.0127868652
.0104980469
.0214996338
-.0132904053
-.0153350830
.0123596191
.0240173340
.0202941895
.0291900635
.0705261230
-.0516967773
-.0564880371
-.0491790771
-.0609130859
-.0703277588
-.0449218750
-.0849761963
.0623016357
-.0721130371
-.1746063232
.0910797119
.1020507813
.0735626221
-.0605316162
-.0484466553
.0456542969
-.0363311768
-.0382385254
.0316925049
.0926818848
-.0812835693
.0985412598
-.0705718994
.0572967529
-.0386810303
.0398559570
-.0359039307
.0501098633
-.0533294678
.0378417969
.0441436768
-.0385589600
.0233306885
-.0276641846
-.0269927979
-.0855712891
.0831298828
.0461883545
-.0434875488
-.0387725830
-.0337524414
-.0221710205
.0254974365
.0119628906
-.0223083496
-.0333709717
-.0178833008
-.0334472656
.0729064941
-.0573577881
-.0302734375
-.0303955078
-.0587615967
-.0562744141
.0437927246
-.0339050293
-.0184631348
-.0130310059
.0162200928
.0192260742
.0182495117
.0320739746
.0305023193
-.0197601318
-.0266571045
-.0152893066
-.0113983154
.0129699707
-.0286102295
.0693359375
-.0620574951
.0389862061
-.0656738281
.0462951660
-.0575561523
-.0291442871
-.0554656982
-.0414733887
-.0286560059
.0212707520
-.0393829346
-.1225433350
.1258239746
.1028747559
.1094512939
.0566406250
-.0736999512
-.0570678711
.0348815918
.0350189209
.0388336182
.0289154053
.0305328369
.0744323730
-.0414123535
-.0493774414
.0361480713
-.0394592285
-.0243682861
-.0178070068
-.0154724121
-.0147247314
-.0122375488
.0102996826
-.0462341309
.0653686523
.0386352539
-.0359954834
.0414123535
-.0254669189
.0356903076
-.0389099121
-.0348358154
.0367584229
.0349426270
.0242309570
-.0238342285
-.0202789307
.0148620605
.0372467041
.0314788818
.0119628906
.0173187256
-.0127105713
.0082550049
.0066833496
-.0096282959
-.0067596436
-.0103302002
.0109405518
.0081176758
.0108947754
-.1344757080
.0677642822
.0605773926
-.0486755371
-.0246887207
-.0231933594
.0235290527
-.0123596191
.0139160156
.0126190186
-.0142974854
-.0117950439
-.0110321045
.0120239258
-.0098419189
-.0136108398
.0098571777
.0074157715
-.0135040283
.0087585449
.0072937012
-.0111694336
-.0120086670
.0155944824
-.0094146729
.0085296631
.0066680908
-.0079193115
-.0060882568
.0063934326
.0097503662
-.0066070557
.0068817139
-.0070190430
.0074462891
.0092620850
-.0072479248
.0079345703
.0597686768
-.0375518799
.0234527588
.0118560791
.0153503418
-.0155639648
-.0092163086
-.0252685547
-.0126190186
.0166168213
-.0428924561
-.0438995361
-.0353851318
.0965270996
.0578765869
.0215454102
.0160827637
-.0250549316
.0206298828
.0224151611
-.0151214600
-.0086059570
.0162506104
-.0145263672
-.0107116699
-.0151062012
.0270996094
-.0121154785
.0114746094
.0082702637
-.0084991455
-.0075225830
.0067138672
-.0067749023
-.0108947754
.0101470947
.0062713623
-.0062408447
.0055999756
-.0220336914
.0685272217
-.0157165527
.0314636230
-.0193481445
-.0355377197
-.0276489258
.0165710449
-.0363616943
-.0192871094
.0081481934
-.0070648193
-.0111083984
.0089111328
-.0088500977
-.0079040527
.0104522705
.0078887939
.0040283203
-.0093994141
-.0085906982
-.0066528320
.0102081299
-.0931091309
-.0764007568
.0234069824
-.0537872314
-.0598602295
-.0317382813
.0525054932
-.0508270264
.0261230469
.0362091064
-.0194091797
.0076141357
.0117492676
.0440521240
-.0236206055
.0263519287
.0143585205
.0238189697
.0371398926
-.0486602783
.0277862549
.0524597168
.0554351807
-.0251617432
.0090789795
-.0089721680
-.0045166016
-.0074005127
.0075988770
-.0101318359
-.0146789551
.0119018555
.0210266113
.0121917725
-.0141296387
-.0133056641
.0100708008
.0142974854
.0115203857
.0153350830
.0215454102
-.0207214355
.0176391602
-.0143737793
-.0180358887
-.0145568848
.0164337158
.0302581787
.0391693115
.0211944580
.0114898682
.0172729492
-.0294036865
.0290679932
-.0087890625
-.0097198486
-.0083770752
-.0105743408
.0099182129
.0080413818
-.0090332031
.0112915039
.0050201416
-.0195312500
-.0645294189
.0164642334
.0144195557
-.0270538330
-.0210723877
.0108489990
-.0152435303
.0161437988
-.0109558105
-.0079040527
.0068054199
.0086059570
.0064086914
.0074768066
.0085754395
.0089416504
-.0077819824
.0113830566
-.0135498047
-.0143280029
-.0112152100
.0104064941
-.0171661377
.0142822266
.0142059326
-.0146026611
-.0208282471
.0253601074
.0139160156
.0199127197
-.0159149170
-.0607299805
.0133666992
-.0083770752
.0093383789
-.0089263916
-.0099334717
.0173339844
.0125274658
.0320129395
.0165100098
-.0134429932
.0273437500
.0247955322
-.0107116699
.0114288330
.0119171143
-.0082550049
-.0062103271
.0083923340
-.0456237793
-.0308074951
-.0184631348
-.0137329102
-.0105895996
.0091400146
.0081024170
-.0083312988
.0072784424
-.0054779053
-.0084838867
-.0062561035
.0056915283
-.0117187500
-.0096130371
-.0069885254
.0064544678
-.0063476563
-.0079956055
-.0121917725
.0134735107
-.0111083984
-.0094757080
.0116729736
.0231628418
-.0105438232
-.0124816895
-.0166168213
-.0167541504
-.0146789551
.0252685547
.0179901123
.0141296387
-.0172119141
-.0122528076
.0127105713
.0135498047
.0101318359
.0099792480
-.0064697266
-.0072631836
-.0049591064
-.0061187744
-.0036315918
.0057830811
.0044860840
-.0048522949
.0051269531
.0062713623
.0060272217
.0072326660
-.0058593750
.0087432861
.0060729980
.0061950684
.0063476563
-.0060119629
.0087280273
.0061187744
.0061798096
.0060577393
-.0050659180
.0050354004
.0207061768
-.0225219727
-.0187530518
.0255584717
-.0287475586
-.0430908203
.0427398682
.0245513916
-.0310211182
.0822448730
.0708007813
.0640869141
-.0559234619
-.0381774902
.0943756104
.1178894043
.0979614258
.1189727783
-.1241302490
.0807800293
.0747528076
.0633087158
.0755920410
.0471649170
-.0386352539
-.0401153564
.0336456299
-.0479278564
.0811462402
.0606842041
-.0345153809
.0396118164
.0380706787
-.0385437012
.0304412842
-.0196685791
-.1108856201
.0887451172
-.0591430664
-.0493469238
-.0756225586
.0497589111
.0269165039
-.0261535645
-.0314788818
-.0250396729
.2476806641
.0525207520
-.0559234619
-.0501708984
-.0378570557
-.0417633057
.0240936279
-.0319824219
-.1077270508
.0279083252
-.0391693115
.0188446045
-.0209808350
.0500488281
-.0493774414
.0406799316
-.0409698486
-.0352935791
-.0219726563
.0284729004
.0348815918
.0214996338
-.0496978760
-.0204772949
-.0169067383
.0180664063
-.0124359131
-.0416717529
.1060638428
.0353088379
.0286254883
-.1618499756
-.0291442871
.0509948730
.0505981445
.0274200439
.0570220947
.0384368896
.0238342285
-.0246124268
.0222625732
.0185852051
-.0959777832
-.1624603271
-.1878204346
-.2171936035
.2284851074
.2227172852
.2034606934
.1673431396
-.0904235840
.0841674805
-.0592346191
-.0854492188
.0848541260
.1091003418
.1592102051
.1488494873
.1711883545
.1339569092
.0871124268
.0398864746
.1324768066
.1402435303
-.0841522217
.1369934082
-.1487884521
-.1546630859
-.1542816162
.1454467773
-.1363220215
-.1286163330
-.1287384033
.1266632080
-.0677490234
-.0611572266
-.0781097412
.1250152588
.1862792969
.1862182617
.1698608398
.1631164551
.1596069336
-.1459655762
-.1457824707
.1417694092
.0689544678
.0456542969
.0443115234
.0838317871
-.1155242920
.1643218994
.1762695313
.1878814697
.1779174805
.1619567871
.1506195068
-.1265411377
.1164855957
.1127471924
-.1243133545
.1361236572
.1561737061
.1741485596
.1798248291
.1877441406
.1907501221
.1906127930
.1943664551
.1090393066
.0636138916
-.0665893555
-.0388183594
-.0315093994
-.0487060547
.1066894531
.0984649658
.1240692139
.1470794678
.1536712646
-.1367797852
.1296539307
.1343536377
.1447448730
.1501312256
.1524658203
-.1495208740
.1401062012
.1619567871
.1819000244
.1896514893
.1846313477
.1863555908
.1584014893
.1043701172
.0534210205
-.0327148438
.0323333740
-.0342102051
-.0322418213
-.1405639648
-.1568145752
-.1983642578
-.2122344971
.1766967773
.1809234619
-.2138977051
-.1974639893
-.2235412598
-.1934051514
-.1854095459
.1367645264
.1790924072
.1820068359
-.2372436523
-.1915283203
-.1938629150
-.1841735840
-.1983947754
-.2009735107
-.1561584473
.1698150635
.1500854492
.1613464355
.1628417969
-.1761322021
.1909942627
-.1895446777
-.2194519043
.1559143066
-.1708984375
.1877441406
.1820373535
.2126159668
.2005615234
-.2008819580
.1742401123
.1828308105
-.2008819580
.1432952881
-.1698303223
-.1698150635
.1769409180
-.1858825684
-.1782226563
.1815795898
.1348114014
.1340484619
-.1218414307
-.1173858643
.1467437744
-.1361846924
.1486663818
-.1843109131
-.2084045410
-.1976165771
-.2031860352
-.1890106201
-.1836242676
.1599273682
-.1607055664
.1695404053
-.1946258545
-.2173004150
-.2137603760
.1956634521
-.1942291260
.2027435303
-.2097625732
-.1917724609
-.1992950439
-.2033843994
-.1702270508
.1679840088
-.1702575684
-.1800689697
-.1800842285
-.1749114990
-.1965332031
-.2174377441
-.2055358887
-.2062072754
-.1659393311
-.2069091797
-.2184906006
-.1482696533
.2136230469
-.2090148926
.1920318604
.2202911377
-.1822357178
-.1667480469
.1826629639
.1439819336
.1316680908
-.1415252686
-.1309814453
.1071624756
.1752777100
.1781311035
.1864166260
.2328796387
.1957855225
.1648864746
-.1543426514
.1728668213
.1692962646
-.2010803223
.1587829590
-.1538543701
-.1626281738
.1649322510
-.1933135986
.1491241455
.1578369141
-.1941680908
-.1673889160
.1738739014
.1773376465
-.1867828369
-.1946105957
-.1901397705
-.1839447021
-.2043457031
.2041473389
.1848144531
.1730499268
.2028045654
.1831054688
.1874847412
.1864624023
.1999053955
.1789855957
.1790771484
-.1789093018
.1821899414
-.1557159424
.1813659668
-.1837158203
-.1977996826
-.1704711914
.1763610840
.2035980225
-.1913604736
-.2384796143
-.2008056641
.2220764160
.1742553711
-.1919097900
.1649780273
-.1712341309
.1744232178
-.2215423584
-.1809692383
.1593627930
.1826019287
-.1730346680
-.1569976807
-.1671905518
.1990203857
-.1844482422
-.2102813721
-.1878814697
-.1827697754
.1718902588
-.1835174561
.1826782227
.2009582520
.1737823486
-.1890716553
.2067718506
-.2051239014
.1977386475
.1969757080
-.2134246826
.1966857910
-.1532287598
-.1660156250
-.1833801270
-.1566314697
-.1011657715
.1271972656
.1967926025
.2128906250
.1985931396
.2036743164
.1928558350
-.1646728516
.1941223145
-.1635589600
-.1778106689
-.2118225098
-.2343902588
-.2129058838
-.1766357422
.2041778564
.1909484863
-.1920623779
.1822204590
-.1681823730
-.1817474365
-.1926422119
-.2110900879
-.2396087646
-.2263641357
-.1770172119
-.1713256836
.1526794434
.1827850342
-.1785278320
.2141723633
.2061767578
.1943054199
.2013092041
.2129058838
-.1903228760
.1815338135
.1965026855
.2188720703
.1914978027
.1768341064
.1684112549
.1682586670
-.1728668213
-.1490478516
-.1785888672
-.1503906250
-.1552734375
-.1537780762
-.1807250977
.1508178711
-.2142486572
-.1871948242
.1896667480
.1848297119
.2189178467
.1796569824
.1919403076
.1680297852
-.1842956543
-.1918334961
.2145843506
-.1841888428
-.2084655762
-.2112274170
-.2114105225
-.1890106201
.1713867188
.2341766357
.2315673828
.1867218018
.2256317139
.2178955078
.2288360596
-.1743164063
.2266845703
-.1786651611
-.1869812012
-.2157440186
-.1781616211
.1688079834
-.1908569336
-.1656494141
.1667480469
-.1602630615
.1654205322
.0972290039
.0698089600
.0605621338
-.0426635742
-.0312194824
.0227355957
-.0203094482
-.0124816895
-.0086517334
-.0041656494
-.0031738281
-.0032196045
-.0017089844
-.0014648438
.0007476807
.0004577637
.1967926025
