.0005187988
.0003356934
-.0003051758
-.0046691895
-.0062713623
-.0090179443
.0268096924
-.0550079346
.0781250000
.0647125244
.0680999756
.0783691406
-.0769958496
.0746154785
-.0693511963
-.0620574951
.0355224609
-.0444641113
.0584411621
-.0315704346
-.0220031738
.0266265869
-.0254211426
-.0215148926
.0232391357
-.0398559570
-.0229797363
-.0095367432
.0057678223
.0012359619
-.0009460449
.0009002686
.0008850098
.0012512207
-.0012512207
.0012359619
-.0014953613
-.0009307861
-.0004730225
.0003814697
-.0002746582
-.0002899170
.0002288818
.0001983643
.0001831055
.0002746582
-.0015716553
-.0117034912
-.0236663818
-.0366821289
-.0352325439
-.0280456543
.0181732178
.0099487305
-.0061340332
.0027465820
.0008392334
-.0005645752
.0003814697
-.0003509521
.0003051758
.0002746582
-.0003204346
.0105743408
.0271301270
-.0302429199
.0425415039
.0285034180
-.0221710205
.0247497559
.0304260254
.0281219482
.0130310059
.0099182129
-.0142517090
.0157165527
-.0140075684
-.0115356445
-.0096282959
-.0107116699
.0105285645
-.0151824951
.0143127441
-.0257415771
.0300292969
-.0226593018
.0044860840
.0004425049
-.0003509521
-.0004425049
-.0032348633
-.0226135254
.0214080811
-.0278472900
-.0356140137
.0367584229
.0354309082
.0223236084
.0205688477
-.0280609131
.0413055420
.0284729004
.0331573486
.0297088623
-.0131378174
-.0083618164
-.0068054199
-.0024261475
-.0021057129
-.0076141357
-.0094909668
-.0097351074
-.0065612793
.0034027100
-.0008239746
.0003356934
-.0009765625
-.0016021729
.0013427734
.0016326904
-.0010833740
-.0014953613
-.0004882813
.0001831055
.0009155273
-.0082702637
-.0102539063
-.0177764893
-.0228271484
-.0061950684
.0219726563
-.0372619629
.0802154541
.0487365723
.0450286865
.0440216064
-.0286865234
-.0117187500
.0448913574
.0360107422
-.0093841553
.0107574463
-.0242767334
-.0256347656
.0345916748
.0433807373
-.0456085205
-.0454254150
-.0281677246
.0193328857
.0152893066
-.0305175781
-.0368194580
-.0535583496
-.0437622070
-.0054626465
-.0009918213
-.0235443115
.0709381104
.0763244629
.0755767822
.0744171143
-.0272521973
-.0347900391
-.0316619873
-.0536346436
-.0665130615
.0750885010
.0646972656
.0513305664
.0358734131
-.0321960449
-.0276794434
-.0254821777
.0121154785
.0390930176
.0541381836
.0517883301
.0527343750
.0551757813
.0405120850
-.0187988281
-.0068511963
-.0272216797
.0351867676
-.0271148682
-.0066680908
.0021820068
.0187072754
.0408020020
.0640411377
.0588989258
.0536346436
.0409698486
.0275115967
-.0079193115
-.0217437744
-.0295257568
-.0259704590
-.0126190186
-.0030517578
-.0007476807
-.0042114258
-.0311126709
-.0295867920
-.0123291016
-.0539703369
.0678710938
.0686035156
-.0475311279
-.0093536377
.0021667480
-.0027465820
.0094146729
-.0185089111
-.0328063965
-.0497589111
.0469665527
-.0502319336
-.0444030762
-.0221099854
-.0229187012
.0163116455
-.0222778320
.0454864502
.0324859619
.0303649902
-.0275115967
-.0246124268
-.0249481201
-.0226287842
.0109252930
-.0178222656
.0172729492
-.0155029297
-.0057983398
-.0034484863
-.0373992920
-.0387878418
.0296020508
.0317687988
.0334930420
-.0350646973
.0218048096
-.0084838867
.0156250000
.0143737793
.0114440918
-.0041961670
.0052642822
.0020446777
.0122375488
.0251770020
.0292968750
.0317535400
.0293884277
-.0192413330
-.0110168457
.0063781738
-.0108184814
.0194702148
.0134124756
.0116577148
-.0081939697
.0028686523
-.0008239746
.0007324219
.0007629395
-.0010223389
-.0010070801
.0008087158
-.0005340576
-.0003051758
.0002593994
-.0002441406
.0004119873
.0021820068
-.0017547607
.0259246826
-.0188446045
-.0312194824
.0345764160
-.0596466064
-.0693817139
-.0599517822
-.0261383057
-.0244598389
.0262145996
-.0677947998
.0647735596
.0633697510
-.0527954102
-.0501708984
-.0572052002
.0304565430
.0188903809
.0084686279
-.0019073486
-.0005798340
.0004272461
-.0261383057
.0063781738
.0306091309
.0308532715
.0225372314
.0264129639
.0363922119
.0296936035
-.0150909424
-.0170898438
-.0205688477
.0341491699
.0408325195
.0384216309
.0390167236
-.0193939209
.0243530273
.0194091797
-.0214996338
.0281982422
.0216979980
.0210723877
.0199584961
.0072479248
.0017547607
-.0017852783
.0014038086
.0257873535
.0171966553
-.0121154785
-.0120544434
-.0118560791
-.0122222900
-.0086822510
-.0073242188
.0068359375
.0069580078
.0019683838
.0033721924
.0097656250
.0190734863
.0134887695
.0117645264
-.0113220215
-.0070953369
.0057830811
-.0064544678
.0018615723
-.0006866455
.0008697510
-.0079956055
-.0084533691
-.0059967041
.0050964355
.0016174316
-.0006713867
-.0120239258
.0125122070
.0256500244
.0198059082
.0195007324
.0178985596
-.0131378174
-.0066986084
.0082244873
-.0134429932
-.0120849609
-.0104980469
.0081787109
.0065460205
-.0020294189
.0006103516
-.0003204346
.0001525879
.0001525879
-.0000915527
-.0019989014
-.0045623779
-.0068206787
-.0061950684
.0281677246
.0693664551
.0692291260
.0685424805
.0607757568
.0697784424
.0491943359
.0644226074
.0273437500
-.0087890625
.0090026855
-.0134887695
.0288696289
-.0552978516
.0712738037
.0703277588
.0513610840
.0326690674
.0203857422
.0213317871
.0317382813
.0406799316
.0694885254
.0504608154
.0472717285
.0398406982
.0333099365
.0223083496
.0089874268
-.0079498291
-.0058441162
.0053710938
.0032043457
-.0084686279
.0347747803
.0572509766
.0654296875
.0492858887
-.0589141846
-.0483856201
.0306854248
.0199127197
-.0284729004
.0107574463
.0042114258
-.0119934082
.0321350098
.0177154541
.0147552490
.0137481689
.0155792236
.0169830322
-.0165557861
.0116119385
.0028991699
-.0003509521
.0001983643
.0003662109
-.0001220703
.0000915527
-.0002593994
.0001525879
.0001373291
.0002593994
-.0003051758
-.0002899170
-.0002441406
-.0005340576
.0006103516
.0005798340
-.0003356934
.0005645752
-.0003967285
-.0003662109
.0002899170
-.0005187988
.0062103271
-.0091094971
.0084991455
.0078887939
.0165710449
.0166778564
.0177307129
-.0111389160
.0025024414
-.0010528564
-.0005340576
.0074768066
.0053100586
.0139465332
.0158233643
-.0160522461
-.0234222412
-.0245513916
.0103454590
-.0028076172
-.0007324219
.0003356934
.0072174072
-.0055084229
.0010833740
.0018463135
.0174865723
.0168304443
-.0119171143
.0100097656
.0061950684
.0056457520
.0044097900
.0038452148
-.0043792725
-.0041961670
-.0058593750
.0074462891
-.0068511963
-.0068206787
-.0116424561
.0074310303
-.0047607422
.0033264160
.0030975342
.0030822754
.0011291504
.0007934570
-.0035095215
-.0018463135
.0011901855
.0031433105
.0106353760
.0093688965
.0070800781
-.0068206787
-.0046081543
.0046997070
.0042266846
.0049743652
.0051269531
.0052185059
.0063018799
-.0042724609
-.0010986328
.0010833740
.0008392334
.0011444092
.0010070801
.0009765625
.0008697510
-.0007171631
-.0007476807
-.0008544922
.0007019043
.0006713867
.0015411377
-.0010223389
.0023956299
-.0007476807
-.0071258545
-.0114746094
.0061798096
-.0082244873
-.0042877197
.0026245117
.0030212402
.0051574707
.0177612305
-.0199890137
-.0290069580
.0397338867
.0356750488
.0318450928
.0195922852
-.0082702637
-.0038604736
.0101623535
.0160827637
-.0106201172
.0087890625
.0013122559
.0009613037
.0007019043
.0234985352
.0068817139
-.0038146973
.0052337646
-.0115051270
.0125579834
.0140533447
.0105133057
-.0061645508
.0020141602
-.0010986328
-.0007781982
-.0009918213
.0009002686
.0017395020
.0013427734
-.0007934570
-.0078735352
.0194854736
.0211639404
.0213165283
-.0210113525
.0294647217
.0333404541
-.0191802979
-.0150909424
-.0150604248
-.0232543945
-.0369720459
-.0344390869
.0164642334
-.0148925781
-.0093536377
.0081787109
-.0109252930
-.0132751465
.0099487305
.0130462646
.0149688721
-.0199127197
.0296783447
-.0319976807
.0218353271
-.0401153564
-.0642242432
.0045928955
.0107727051
.0280151367
.0452117920
-.0366516113
.0255432129
.0204010010
.0198974609
.0127105713
-.0096435547
-.0057678223
.0067749023
-.0051727295
.0032043457
.0025634766
-.0021972656
.0016174316
-.0010375977
-.0007934570
-.0006866455
-.0007171631
.0010833740
.0007324219
.0011138916
-.0008697510
.0009155273
-.0010528564
.0017089844
.0065612793
-.0023651123
-.0008087158
-.0009460449
.0006713867
.0060424805
-.0157012939
.0077514648
-.0024719238
.0011749268
.0009307861
.0008239746
.0007629395
-.0006866455
-.0006408691
.0006103516
-.0005950928
.0005645752
.0005645752
.0004882813
-.0006103516
-.0007324219
.0010375977
-.0005798340
-.0006103516
.0013122559
-.0140075684
-.0120391846
.0193786621
-.0200958252
.0189819336
.0248260498
-.0278320313
-.0330047607
-.0369567871
-.0303192139
.0190124512
-.0084533691
-.0028228760
-.0012664795
.0365142822
-.0035400391
-.0103759766
-.0115509033
.0059509277
-.0098724365
.0121612549
.0214233398
.0169067383
.0074920654
-.0180053711
.0151062012
.0009765625
.0009460449
.0008392334
-.0009002686
.0044860840
-.0156402588
-.0189819336
.0157165527
-.0072326660
.0028076172
-.0012664795
-.0023956299
.0303039551
.0174255371
.0164184570
-.0201416016
-.0202026367
.0128479004
-.0087585449
.0462188721
.0396270752
-.0269622803
-.0156707764
-.0037078857
.0141906738
.0142211914
.0092926025
-.0122985840
-.0094757080
-.0061340332
-.0014648438
-.0008697510
-.0008239746
-.0005645752
.0006713867
.0076599121
-.0038146973
-.0083770752
-.0119476318
-.0102996826
.0093383789
-.0074462891
.0047302246
-.0027465820
-.0016021729
-.0019226074
.0061187744
-.0110168457
.0134887695
-.0135803223
-.0113830566
-.0092773438
.0076446533
.0057373047
-.0042877197
.0036315918
-.0020751953
.0021972656
.0044403076
-.0007171631
-.0007019043
-.0010223389
.0003662109
.0002746582
.0002899170
-.0004119873
.0003814697
-.0004119873
.0004577637
-.0021209717
.0010528564
.0005493164
.0200805664
.0975036621
-.0650634766
.0814819336
.0672302246
-.0126037598
.0028839111
.0008544922
-.0014801025
.0011749268
.0277252197
.0215911865
.0170288086
.0180511475
.0255889893
.0311737061
.0331268311
.0301666260
.0378417969
.0063476563
.0031433105
.0010986328
.0007934570
-.0175018311
.0724487305
.0713653564
.0742645264
.1003417969
.0743255615
.0328369141
.0107727051
.0033569336
.0133056641
-.0252380371
-.0045928955
-.0164184570
.0220947266
.0156555176
-.0099182129
-.0081634521
-.0191650391
.0206298828
.0228424072
.0207366943
-.0182952881
-.0046081543
.0018005371
-.0028686523
.0021514893
.0039672852
-.0062255859
-.0102233887
.0558471680
.1601715088
.1493835449
.1129913330
.1246185303
.1027069092
.0987548828
.0861511230
.0494842529
-.0354766846
.0204162598
.0140991211
-.0130920410
.0128326416
-.0117340088
-.0078887939
.0079345703
.0069427490
.0135955811
.0150909424
-.0110626221
-.0043640137
.0014953613
-.0008544922
-.0007019043
.0005493164
.0005035400
.0005187988
-.0004425049
-.0003662109
-.0004425049
.0002899170
.0003814697
-.0003662109
-.0003509521
-.0002899170
.0008544922
-.0007019043
-.0006408691
.0585937500
.0506439209
.0462188721
.0464782715
.0451812744
-.0392761230
-.0210266113
-.0079040527
.0015258789
.0004577637
.0154571533
-.0388793945
-.0415649414
.0117187500
-.0068206787
-.0017395020
.0070343018
-.0108337402
-.0393066406
.0176544189
-.0004119873
.0026550293
-.0026702881
.0086669922
.0201568604
-.0203857422
-.0235137939
-.0255432129
-.0285034180
-.0262603760
-.0234069824
-.0233612061
-.0279693604
-.0252685547
-.0246276855
-.0223083496
-.0157928467
-.0153808594
-.0203247070
.0238342285
.0490264893
.0543365479
.0492858887
.0559539795
-.0544586182
-.0574035645
-.0734710693
.0223846436
.0304870605
-.0431213379
-.0597686768
-.0688781738
-.0605621338
-.0532379150
-.0596313477
-.0274505615
-.0206909180
-.0218048096
-.0810546875
-.1085815430
.1198577881
.1166992188
.1242980957
.1209869385
-.1010284424
-.0308837891
-.0658721924
-.0794677734
-.1298828125
-.1101226807
-.0919036865
-.0884552002
-.0627288818
-.0521697998
.0610046387
.0433044434
-.0348205566
-.0226135254
-.0401916504
-.1313934326
-.1323242188
-.1325378418
-.1331787109
-.1342926025
-.1332244873
-.1325378418
.1320800781
.1329650879
.1321868896
.1313629150
.1032562256
.0578308105
-.0494842529
.0452270508
-.0193481445
-.0144805908
-.0064849854
-.0040588379
-.0014190674
-.0007629395
.0006103516
.0004882813
-.0004272461
-.0007934570
-.0003967285
-.0003204346
-.0003051758
.0001220703
-.0001220703
.0001068115
.0001068115
-.0109252930
.0654144287
.1476745605
.1478271484
.1483612061
.1488342285
.1070556641
.0687561035
.0265197754
.0404052734
.0585479736
.0618438721
-.1067352295
.1481933594
-.1484985352
-.1495819092
-.1497344971
-.1483764648
-.1489562988
-.1495666504
-.1496734619
-.1493530273
-.1486816406
-.1501617432
-.1506042480
-.1499786377
-.1509704590
-.1507568359
-.1502685547
-.1494293213
-.1477966309
.1057434082
.0564575195
.0301208496
-.0139617920
.0042724609
-.0009002686
-.0008697510
-.0013275146
-.0008087158
.0006866455
-.0006408691
