-.0003814697
-.0003509521
.0003356934
-.0003967285
.0003356934
-.0003509521
-.0003204346
-.0003509521
-.0003814697
.0004272461
.0008392334
.0144958496
.0009155273
-.0041961670
.0016021729
.0023651123
.0018615723
.0019836426
-.0020446777
-.0019836426
-.0022430420
.0024566650
.0028228760
.0025787354
-.0020141602
-.0021209717
.0019531250
.0005493164
.0013885498
.0858612061
.0847778320
.0290222168
.0358581543
.0588226318
.0686340332
-.0513153076
-.0283966064
-.0330047607
-.0505371094
.0521850586
.0395355225
.0139465332
.0557403564
.0628814697
.0343170166
.0049591064
-.0006713867
.0064392090
.0127105713
.0087280273
.0208282471
.0719451904
.0549774170
.0770263672
.0712890625
.0420684814
.0341491699
.0312652588
.0410766602
.0411376953
.0311737061
.0136718750
.0099182129
.0273590088
.0430450439
.0687713623
.0597381592
.0801849365
.0903625488
.0651702881
.0299224854
.0087585449
.0037536621
-.0020904541
-.0046081543
.0085144043
-.0208435059
.0600891113
.0917358398
.0887298584
.0590972900
.0308074951
.0237884521
-.0278625488
-.0278472900
.0052947998
-.0086975098
.0042572021
.0459289551
.0413208008
-.0381469727
.0397796631
.0379333496
.0387725830
.0077056885
-.0055084229
-.0067901611
-.0104827881
.0057525635
.0268707275
.0291290283
.0287628174
.0259857178
.0291442871
.0415802002
.0516662598
.0331726074
.0338897705
.0226593018
-.0084991455
.0027313232
-.0009613037
-.0006103516
-.0004119873
.0036926270
.0481719971
.0610046387
.0733489990
.0805511475
.0553436279
.0375213623
-.0118713379
.0010223389
.0112152100
-.0064239502
.0236663818
-.0243072510
-.0069885254
.0081481934
-.0019378662
.0009002686
-.0004119873
.0002746582
-.0003356934
.0004730225
.0004730225
-.0011596680
.0045318604
-.0024566650
.0013275146
.0011596680
-.0014343262
.0015411377
-.0016326904
-.0023956299
.0017242432
-.0013885498
-.0016784668
.0009307861
.0006866455
-.0004577637
-.0007476807
-.0034637451
.0242462158
.0229187012
.0263977051
.0388031006
.0343780518
.0292205811
.0299682617
.0358734131
.0596923828
.0962677002
.0866088867
.0800628662
.0706176758
-.0165863037
.0256958008
.0128173828
.0303955078
.0487976074
.0292968750
.0052490234
.0038757324
.0030517578
-.0026397705
-.0017852783
.0085906982
.0048370361
.0047912598
.0137176514
.0220947266
.0460205078
.0766754150
.0717163086
.0773315430
.0372924805
.0198516846
-.0116729736
.0011138916
-.0005493164
.0004577637
-.0003051758
.0003814697
.0108947754
.0288848877
.0318603516
.0176849365
-.0067291260
.0372161865
.0618896484
.0796051025
.0664520264
.0277862549
.0017242432
-.0010528564
.0005187988
.0018005371
.0406036377
.0376586914
.0414428711
.0152740479
.0159606934
.0308380127
.0046386719
.0081634521
-.0149688721
.0178375244
.0237121582
.0209960938
-.0263824463
-.0200805664
.0027770996
-.0004119873
.0003967285
.0052947998
.0862884521
.0723266602
-.0607147217
-.0454711914
.0484161377
.0388031006
.0063781738
-.0009155273
-.0004119873
.0059356689
-.0003662109
.0002136230
-.0002288818
.0157470703
.0080108643
.0063934326
-.0027618408
.0024871826
.0723876953
.0764007568
.0485229492
.0423431396
.0105590820
.0119781494
-.0088195801
-.0065307617
.0079803467
.0072479248
.0087585449
-.0030975342
.0021057129
-.0007781982
.0003662109
.0002746582
-.0002288818
.0002441406
.0002136230
-.0002288818
.0002593994
-.0002593994
.0002288818
.0002441406
.0002136230
.0004882813
.0041351318
-.0018920898
-.0009002686
.0011901855
.0019073486
-.0022735596
.0024566650
.0017395020
.0024108887
.0017242432
.0011444092
.0007324219
.0005798340
-.0003509521
-.0003662109
-.0019683838
.0046691895
.0016021729
.0038146973
.0079040527
.0205535889
-.0155181885
.0005950928
.0004425049
.0042572021
.0171051025
-.0048980713
-.0069274902
.0055236816
-.0059356689
.0063476563
.0038909912
.0050506592
.0046234131
.0042114258
.0040130615
.0023040771
.0018463135
.0021057129
.0009307861
-.0002746582
.0068511963
.0013580322
-.0005493164
-.0003356934
-.0002441406
.0002441406
.0002593994
-.0006713867
-.0067291260
-.0081787109
-.0088653564
.0088043213
.0107727051
-.0139312744
-.0091857910
-.0063934326
-.0037384033
.0074310303
.0064849854
.0041351318
-.0052185059
-.0055541992
-.0043945313
-.0029602051
-.0013732910
.0008087158
-.0006561279
-.0005950928
.0004425049
.0022888184
.0038757324
.0083007813
.0095520020
-.0125122070
.0114288330
.0043334961
.0033416748
.0041809082
-.0024108887
-.0026245117
-.0022277832
.0010223389
-.0011596680
-.0009918213
.0007324219
-.0025482178
-.0045318604
.0046997070
.0079345703
.0067749023
.0038299561
-.0024261475
.0026245117
-.0004882813
-.0003356934
.0003356934
-.0048217773
.0055541992
.0072479248
.0087280273
-.0103149414
.0079498291
-.0074615479
.0036773682
-.0011596680
.0003967285
.0002746582
.0002593994
-.0002746582
-.0003509521
-.0002288818
.0002899170
-.0004882813
-.0005950928
-.0006561279
.0008239746
.0013580322
.0009155273
-.0008239746
.0006103516
.0005798340
-.0002288818
.0007324219
.0022125244
-.0016326904
-.0026702881
.0054626465
.0247192383
-.0202484131
.0108489990
-.0010986328
.0003051758
.0005493164
.0003356934
.0132293701
-.0051269531
.0059509277
.0064392090
.0110473633
.0118713379
.0108032227
-.0053100586
-.0010986328
-.0014495850
.0052947998
.0125885010
-.0048217773
.0057525635
-.0031890869
.0034637451
.0028839111
-.0010833740
.0008697510
.0027618408
.0005187988
.0004119873
-.0007934570
-.0089874268
-.0115814209
-.0159912109
-.0178527832
-.0138244629
.0076293945
-.0004119873
-.0003967285
.0003662109
.0097503662
.0133209229
.0095062256
-.0079803467
-.0165100098
-.0127563477
-.0141601563
-.0074462891
.0067749023
.0056457520
.0072784424
.0080413818
.0128936768
.0117492676
.0077514648
.0069427490
.0056457520
.0067901611
.0051422119
.0042724609
-.0057067871
-.0050811768
.0050811768
.0036315918
.0041351318
.0064239502
-.0081329346
.0037384033
.0047760010
.0043640137
-.0030822754
.0028686523
-.0032043457
.0038452148
.0056152344
.0099334717
.0091094971
.0063934326
-.0031280518
-.0065002441
-.0132446289
-.0099945068
-.0143432617
.0030517578
.0093231201
.0067138672
.0074615479
.0069122314
.0053100586
-.0030975342
.0038909912
.0019683838
-.0015258789
.0071868896
.0081024170
.0109405518
.0088043213
.0059814453
.0039215088
-.0007476807
-.0003356934
.0002899170
.0002899170
.0055541992
-.0065917969
.0095825195
.0116729736
.0066833496
.0050964355
.0036621094
.0022277832
-.0015563965
.0005950928
.0002288818
.0003204346
-.0002593994
.0002593994
.0003356934
-.0062255859
.0070800781
.0060577393
.0059967041
.0071563721
.0063934326
.0051574707
.0014343262
.0048522949
.0054321289
-.0026702881
.0004425049
-.0006103516
-.0003204346
.0003967285
.0098876953
.0031280518
.0016326904
.0024108887
.0022583008
.0016784668
-.0012817383
-.0037689209
.0020599365
.0039520264
.0059967041
.0053558350
.0063934326
.0076446533
.0060272217
.0025329590
.0014801025
-.0025329590
-.0013275146
-.0013885498
-.0010070801
.0011596680
.0023193359
-.0059051514
-.0064086914
-.0026092529
.0003662109
-.0003356934
-.0003967285
.0011138916
.0004577637
-.0004882813
-.0005340576
-.0006256104
.0008087158
.0010833740
.0012054443
.0014801025
.0018310547
-.0016174316
.0015258789
.0008850098
.0007476807
.0003662109
-.0016326904
.0023498535
-.0019989014
-.0004272461
.0073394775
.0115356445
.0199890137
.0254821777
.0296630859
.0148162842
-.0042572021
.0106811523
.0146636963
.0084075928
.0055694580
.0099945068
.0178375244
.0142364502
.0087738037
.0049591064
.0047607422
-.0029449463
-.0047607422
.0029144287
-.0008544922
.0023498535
-.0010375977
.0008087158
.0002441406
.0002746582
-.0006256104
-.0033264160
.0031890869
.0084991455
.0086822510
.0075988770
.0049438477
.0044250488
-.0032501221
.0035858154
.0035705566
.0028076172
.0020599365
.0014801025
-.0012207031
.0028686523
-.0053863525
-.0073547363
-.0067443848
-.0125579834
.0119476318
-.0122985840
.0164031982
-.0188446045
-.0187377930
-.0079193115
-.0037231445
.0032958984
-.0019683838
-.0004425049
.0003204346
-.0002746582
-.0003967285
.0048370361
.0080261230
-.0096893311
.0116271973
.0130920410
.0048217773
.0011444092
.0005187988
-.0005493164
.0003204346
-.0003051758
-.0002746582
.0003509521
-.0002899170
-.0058288574
.0117340088
.0092163086
.0066223145
-.0066986084
.0054626465
.0061492920
.0041961670
.0038757324
.0083465576
.0136871338
.0087738037
.0075836182
-.0046081543
.0125427246
-.0078430176
-.0016326904
-.0018005371
.0020141602
-.0020904541
-.0098114014
.0144805908
.0171508789
-.0335388184
-.0248870850
-.0196838379
.0239562988
.0113677979
.0069580078
.0089874268
.0097808838
.0123138428
.0121154785
.0131530762
.0087890625
.0097961426
.0056457520
-.0020599365
.0054473877
-.0065460205
-.0048065186
.0041351318
.0034179688
-.0023803711
-.0018005371
-.0022888184
.0006408691
-.0015258789
.0039825439
-.0034637451
.0035705566
.0043487549
.0028991699
.0044403076
.0034942627
.0034942627
-.0012359619
.0010833740
.0011444092
-.0005950928
.0004730225
-.0003814697
-.0003814697
-.0002593994
-.0002593994
.0003204346
-.0004577637
.0003356934
.0001983643
.0002136230
-.0003356934
-.0003204346
.0003051758
.0003204346
-.0003204346
.0002593994
.0002746582
-.0002593994
-.0003204346
-.0010528564
.0015563965
-.0014495850
-.0013580322
.0016937256
.0018157959
.0025787354
-.0042114258
.0015716553
.0007019043
-.0006866455
.0005493164
.0021972656
.0026092529
.0513458252
.0697326660
.0797882080
.1177368164
.1256866455
.1258544922
.1263732910
.1159057617
.0693969727
.0324401855
.0235137939
-.0118560791
-.0148010254
-.0150451660
-.0149230957
-.0162506104
.0567321777
.1265258789
.1277313232
.1287689209
.1293334961
.1303253174
.1304626465
.1292572021
.1287689209
.1283569336
.1294097900
.1284027100
.1287231445
.1286315918
.1280517578
.1203308105
.1116638184
.0879364014
.0702819824
.0487823486
.0360565186
.0346984863
.0432891846
.0563049316
.0880432129
.0632324219
.0932312012
-.0068359375
.0256195068
.0288391113
.0197143555
-.0095214844
-.0086212158
.0194091797
.0362854004
.0487213135
.0530700684
.0065765381
-.0015716553
.0068054199
.0103759766
-.0089416504
.1048431396
.0730438232
.0817413330
.1106262207
.0344238281
-.0325164795
.0427703857
.0489044189
.0396423340
.0334472656
.0613403320
.1260070801
.1244964600
.1257171631
.0892944336
.0461120605
-.0174407959
-.0096588135
.0153198242
.0314941406
.0965118408
.0971374512
.1048736572
.0937347412
.0909729004
.0676269531
.0375976563
.0200195313
.0168914795
.0056457520
.0025787354
-.0056304932
.0131530762
.0322723389
.0548095703
.0543975830
.0113372803
.0697326660
.0844726563
.1029510498
.1185913086
.0896453857
.0962371826
.1020507813
.1021423340
.0979461670
.0805969238
.0567626953
.0537719727
.0480346680
.0334167480
.0098571777
.0008392334
-.0010070801
-.0010833740
.0009765625
.0010223389
-.0009613037
-.0006256104
.0006866455
.0007171631
-.0009460449
.0009613037
-.0008392334
.0007476807
.0009613037
.0003967285
-.0004730225
-.0006408691
.0607910156
.0773315430
-.0675048828
.0378265381
-.0171813965
.0243530273
.0435180664
.0451812744
-.0425720215
-.0367431641
.0043792725
-.0031280518
-.0014038086
.0110931396
.0697784424
.0613250732
.0433654785
-.0068359375
.0025329590
.0025024414
-.0006256104
.0018005371
.0023193359
.0607299805
.0827636719
.0936431885
.0901489258
.0644989014
.0343322754
.0426330566
-.0362548828
.0336914063
.0409851074
-.0092468262
.0567626953
.1020355225
.1262817383
.1034240723
.1259918213
-.1263275146
-.0807342529
.0766143799
.0719604492
.0931243896
.0860900879
.0456542969
.0230102539
.0227050781
-.0263977051
.0229339600
.0268249512
.0436096191
-.0237121582
-.0425415039
-.0512237549
-.0743713379
-.0577239990
.0361022949
.0400543213
.0634002686
.0886840820
.1187591553
.1128997803
.0903320313
.0964965820
.0903320313
.1138916016
.1256561279
.1260833740
.1259002686
-.0148468018
.0266876221
.0785827637
.0798492432
.1194000244
.0899810791
-.0164642334
-.0300598145
.0368957520
.0556335449
.0225372314
.0039367676
-.0008697510
.0359802246
.0102996826
.0589447021
.0861053467
.0984191895
.0719299316
.0617370605
.0563659668
.0785369873
-.0321807861
.0657653809
.0575103760
-.0427703857
.0258026123
.0361480713
.0332336426
.0134124756
-.0181274414
.0209655762
.0224304199
.0218658447
.0383911133
.0693664551
.0680236816
.0573730469
.0599212646
.0573425293
.0541839600
.0483245850
-.0404510498
.0314025879
.0193176270
.0108184814
-.0012969971
-.0007934570
-.0003356934
.0007324219
-.0006408691
-.0007934570
.0004119873
.0006103516
-.0007019043
-.0005493164
.0004425049
.0007171631
-.0007019043
-.0004425049
