.0003204346
.0002441406
.0001678467
.0002899170
.0002899170
-.0003356934
-.0079498291
.0026550293
-.0006561279
-.0013885498
.0025482178
-.0015258789
.0010528564
.0013122559
-.0010070801
-.0014190674
-.0013427734
.0034332275
-.0112609863
.0082702637
-.0070190430
-.0082397461
.0098419189
.0112762451
.0210571289
.0290527344
-.0221405029
.0124969482
.0156860352
-.0197906494
-.0175170898
-.0130004883
-.0133514404
-.0148620605
-.0107879639
-.0166168213
.0119018555
-.0107879639
.0108032227
.0102844238
.0115509033
-.0178375244
.0165405273
-.0268402100
.0271148682
.0468444824
-.0497283936
.0301971436
.0290069580
.0349884033
.0282440186
-.0291595459
.0273895264
.0416717529
.0300598145
.0294036865
.0178680420
.0313262939
-.0229644775
.0270843506
-.0174407959
.0192260742
.0244293213
-.0210876465
.0336761475
.0203247070
.0328369141
-.0364379883
-.0478057861
.0513916016
-.0367736816
-.0249938965
.0329589844
.0317993164
.0310974121
-.0152587891
-.0370635986
.0283660889
.0183258057
.0309753418
.0341644287
.0345611572
.0258941650
-.0200347900
-.0218658447
.0211334229
-.0346679688
-.0375671387
.0189361572
-.0296478271
-.0456237793
-.0363311768
-.0301208496
.0454864502
.0326538086
.0342864990
.0312500000
.0264739990
.0271453857
-.0183410645
-.0285491943
-.0195159912
.0223388672
-.0204925537
-.0189666748
.0176086426
.0263671875
-.0217742920
.0267639160
.0278472900
-.0241699219
.0173492432
-.0265960693
.0173797607
-.0214385986
.0197296143
-.0133209229
.0303344727
-.0185394287
.0233306885
-.0248565674
.0205841064
-.0270538330
-.0187530518
-.0237884521
.0228271484
-.0337066650
-.0447387695
-.0305328369
-.0250396729
-.0302734375
-.0189819336
.0222167969
-.0208129883
.0276489258
.0369567871
-.0292510986
.0291595459
-.0268859863
-.0197753906
-.0269165039
.0233154297
.0224304199
-.0167694092
-.0335693359
.0335083008
-.0331573486
-.0255279541
-.0292205811
-.0236053467
-.0287017822
-.0255584717
-.0354003906
.0310668945
.0221710205
-.0207366943
.0254364014
.0342254639
-.0225524902
.0485992432
-.0191345215
.0276184082
.0233764648
.0211944580
-.0209960938
.0170593262
-.0341186523
.0293426514
-.0409851074
.0308990479
-.0360412598
.0294036865
-.0366210938
-.1032562256
-.0380096436
.0489044189
.3397979736
-.0964965820
.0251922607
-.0454406738
.0634460449
-.0361480713
-.0211791992
-.0255279541
-.0231475830
.0322875977
-.0264892578
-.0189361572
.0328063965
-.0455627441
-.0279083252
-.0233459473
-.0225677490
.0236816406
.0158691406
-.0164794922
.0235748291
-.0183410645
.0282440186
.0207366943
.0275115967
-.0218048096
-.0234527588
.0184936523
.0238037109
.0291595459
-.0232543945
-.0287017822
.0274658203
-.0252380371
.0260925293
-.0291748047
-.0190124512
.0256652832
-.0207824707
.0189971924
-.0211029053
-.0196990967
-.0223236084
-.0158996582
.0333862305
.0281982422
-.0289764404
-.0223388672
-.0233001709
.0182647705
.0223236084
.0253143311
-.0205078125
.0252227783
-.0314178467
-.0231018066
.0225372314
-.0191802979
.0307159424
.0295562744
.0348815918
.0824890137
-.0777130127
-.0920715332
-.0504455566
.0433807373
.0668029785
.0858001709
-.1909484863
.1342163086
-.0711212158
.0254364014
.0200500488
-.0241851807
.0222625732
.0378723145
.0575408936
-.0458984375
-.0473327637
-.0979156494
-.1034698486
.1829833984
.0727233887
-.0678100586
-.0484161377
-.0235900879
.0158691406
.0225219727
.0500030518
-.0257568359
.0260772705
.0962219238
.1431579590
-.1688537598
-.1463928223
.0903472900
.1572265625
.0709533691
.0332336426
.0306091309
-.0645599365
-.0377807617
.0622863770
-.1092529297
.0702667236
.0486145020
.0900115967
-.0678405762
-.0978088379
.1004943848
.0925903320
.0846557617
.0897064209
-.0865020752
-.0598602295
.0250244141
.0200958252
.0231781006
-.0186004639
-.0340118408
.0639190674
-.0733795166
.1044311523
.0452423096
-.0943450928
-.0460357666
.0524749756
.0450744629
-.0405731201
-.0572662354
-.0790252686
-.0196685791
.0242004395
-.0145263672
.0245361328
-.0241699219
.0260162354
-.0125274658
-.0157470703
.0330505371
-.0177001953
-.0162963867
-.0228271484
-.0166931152
.0142211914
-.0134735107
.0079498291
.0991516113
-.0289306641
-.0144195557
.0213928223
.1098937988
.0935516357
-.0509338379
-.0216064453
-.0301208496
.0242462158
-.0155639648
-.0237731934
.0158538818
-.0162658691
-.1477355957
.0697021484
.0249481201
-.0398712158
.0209960938
.0380706787
-.0103302002
-.0100250244
.0118865967
.0090789795
-.0090942383
-.0131072998
.0080108643
-.0131683350
.0124969482
.0145568848
.0109710693
-.0101470947
-.0101470947
.0147552490
.0648651123
-.0734710693
-.1665802002
.1539916992
-.1047973633
-.0655212402
.0236358643
.0389556885
-.0193176270
-.0088653564
-.0358581543
-.0137939453
.0140991211
-.0121765137
-.0122833252
.0109863281
.0122070313
.0161437988
-.0193786621
.0100860596
.0196228027
-.0427551270
-.0880889893
.1007385254
.1711730957
.1388854980
-.0950469971
-.1128387451
-.0925292969
-.0263977051
-.0168762207
.0164337158
-.0115203857
.0131072998
-.0209045410
-.0162811279
-.0106658936
-.0218505859
.0130157471
-.0168762207
-.0113830566
-.0111694336
.0130004883
.0094604492
.0144195557
.0119934082
.0077667236
.0087585449
.0093994141
-.0098114014
-.0110778809
.0059356689
-.0088806152
-.0418243408
.2517242432
-.2269439697
.0539703369
-.0565948486
-.0227355957
-.0378570557
.0485839844
-.0254669189
-.0124969482
-.0877685547
-.0795135498
.0395660400
-.0235443115
.0395202637
-.0294647217
-.0446624756
-.0496368408
-.0838928223
-.1198272705
.0644378662
.0477600098
-.0520935059
.0191345215
.0634002686
.0597534180
.0671386719
-.0424194336
-.0277404785
.0178985596
-.0183410645
-.0155487061
-.0128326416
-.0121917725
-.0086364746
-.0457153320
.0344543457
-.0847473145
-.1069793701
.0366821289
.0385742188
-.0176544189
.0098266602
-.0072174072
-.0109558105
-.0154113770
-.0097351074
-.0090026855
-.0201416016
.0114898682
-.0113372803
-.0092163086
-.0091705322
.0113983154
-.0082855225
.0198211670
-.0326843262
.0169372559
-.0170135498
-.0110931396
-.0139312744
.0108032227
.0080261230
-.0061035156
.0089263916
-.0359344482
.0222473145
.0194702148
.0852355957
-.0189208984
.0156707764
-.0080108643
.0103912354
.0100555420
-.0160675049
-.0146331787
.0154876709
.0145568848
-.0308227539
-.0261688232
.0449218750
-.0710296631
.0412902832
.0575256348
-.0392761230
-.0513000488
.0334472656
.0404510498
.0424041748
.0520019531
-.0344085693
-.0519409180
.0321350098
-.0070953369
.0049285889
-.0068969727
-.0091857910
-.0130310059
-.0099639893
-.0121002197
.0091400146
.0085144043
.0434265137
.0358276367
-.0485229492
-.0420684814
-.0427398682
-.0444183350
.0323333740
-.0549163818
-.0392303467
.0466766357
-.0308380127
-.0457916260
-.0349426270
-.0113067627
-.0112304688
.0124206543
.0129394531
-.0101623535
.0194091797
-.0149688721
.0104217529
.0111083984
.0110168457
.0078735352
.0088653564
.0052490234
-.0068817139
.0095062256
-.0186462402
-.0096588135
-.0137634277
.0147857666
-.0072326660
.0061340332
.0078430176
-.0117034912
-.0158691406
.0097198486
.0650329590
-.0826110840
.0905456543
.0456390381
.0262298584
-.0199127197
-.0107116699
.0103912354
-.0093231201
-.0136260986
-.0461425781
.0138702393
-.0154266357
-.0093536377
-.0075378418
.0095672607
-.0173797607
.0350952148
-.0988616943
.1734313965
-.1298675537
.0827636719
-.0402374268
-.0188140869
-.0158691406
-.0108947754
.0134429932
.0090789795
.0102844238
-.0064544678
-.0063171387
-.0124969482
.0173187256
.0097503662
-.0081787109
-.0316009521
.0366363525
.0201416016
.0537719727
.0689086914
-.0471649170
-.0540924072
-.0369567871
-.0403442383
-.0417327881
.0216674805
-.0334014893
-.0535888672
-.0595245361
-.0567016602
-.0527801514
.0359039307
-.0561218262
.0389556885
.0523681641
-.0435028076
-.0214996338
-.0113983154
.0450439453
-.0185546875
-.0124511719
.0174560547
.0211944580
-.0274505615
-.0208587646
.0206298828
.0114898682
.0106201172
-.0100708008
-.0106964111
-.0080413818
.0089416504
.0069427490
-.0108947754
-.0068511963
-.0062255859
.0081481934
.0068511963
-.0205383301
-.0395812988
.0122680664
.0066070557
-.0254364014
-.0187225342
.0097198486
.0079956055
-.0097045898
-.0078125000
.0070343018
-.0208435059
-.0146484375
.0075531006
.0098266602
-.0054016113
-.0099182129
-.0114135742
.0058135986
-.0128173828
-.0100250244
.0314636230
.0222625732
.0088958740
.0103607178
.0101470947
.0087890625
-.0109863281
.0105895996
-.0105895996
.0121307373
.0074615479
-.0151519775
-.0116271973
.0053253174
.0100402832
.0099487305
-.0110931396
-.0115356445
-.0099182129
.0225677490
-.0531311035
.0273895264
.1095275879
-.0287475586
-.0351867676
-.0198364258
.0096130371
-.0086212158
-.0086517334
.1447753906
-.0545043945
.0583953857
-.0407867432
-.1757507324
.0765838623
.0616455078
.0256805420
-.1148071289
.2577972412
-.2706146240
-.1568145752
-.1637573242
.1410980225
-.0595397949
.2901000977
-.0970916748
.0215454102
.0298004150
-.0211181641
-.0723571777
-.1254730225
.0352783203
.0305633545
.0549468994
.0411529541
-.0699920654
-.2297821045
.0745086670
.1090240479
-.1178283691
-.0408020020
.0484466553
-.1688079834
.0832519531
.0351257324
-.1707763672
-.0639495850
.0247192383
-.0199584961
.0259399414
-.0465240479
.0280456543
-.0397644043
-.0512695313
.0142517090
.0183715820
-.0496520996
-.0648803711
.1064910889
.0323638916
.0176544189
.0128479004
-.0066680908
-.0111846924
-.0085754395
.0089874268
-.0130310059
.0171356201
-.0182189941
-.0169525146
-.0165405273
.0153961182
-.0139923096
-.0217590332
-.0123138428
-.0125274658
-.0117645264
.0107116699
-.0170898438
-.0135650635
-.0152893066
.0085449219
-.0120849609
.0143127441
.0167694092
-.0079956055
.0156097412
-.0082244873
.0169677734
-.0162506104
.0505371094
-.0137329102
.0109710693
-.0124969482
-.0174713135
.0088958740
-.0091857910
-.0074615479
-.0076904297
.0094909668
-.0059509277
.0064544678
.0103149414
.0111236572
.0072631836
-.0072479248
.0072631836
-.0086212158
-.0109558105
.0239410400
.0316009521
.0471038818
.0309143066
.0299987793
.0272064209
.0170745850
.0134429932
-.0091705322
-.0079803467
-.0089721680
.0091094971
-.0072784424
.0080566406
.0109558105
-.0185546875
.0216674805
-.0223999023
.0171508789
-.0094757080
.0416717529
.0281677246
-.0406341553
.0499267578
-.0342102051
-.0361175537
.0270385742
.0141448975
-.0081481934
-.0097045898
-.0100402832
-.0108489990
.0100097656
.0129852295
.0099029541
-.0380249023
-.0496826172
-.0425109863
-.0416870117
-.0164184570
.0088653564
-.0207672119
.0246429443
-.0189666748
.0333404541
.0426940918
-.0245666504
-.0233001709
-.0119171143
-.0137786865
.0155639648
.0372924805
-.0294494629
-.0322875977
-.0280914307
.0129547119
.0137634277
.0259552002
-.0443725586
-.0320281982
-.0270538330
-.0294647217
-.0611572266
-.0639801025
-.0345916748
-.0191650391
.0272064209
.0338745117
-.0232849121
-.0145111084
.0241699219
-.0580291748
.0630187988
-.0436096191
-.0371398926
-.0172882080
.0069885254
.0111389160
.0102081299
.0080871582
-.0119781494
.0088043213
-.0095672607
.0083312988
-.0108947754
-.0422058105
-.0215606689
.0220489502
.0133361816
.0217895508
.0508728027
-.0629272461
.0381622314
-.0242767334
-.0460510254
.0452270508
-.0648498535
.0364379883
.0362091064
-.0554656982
-.0449981689
-.0463562012
-.0448913574
-.0736999512
-.0645599365
-.0578155518
.0371704102
-.0224304199
-.0193634033
.0173950195
.0315246582
.0351562500
.0169219971
-.0158691406
.0153045654
.0200805664
.0098724365
-.0108184814
-.0087585449
.0148162842
-.0100097656
.0104827881
-.0082397461
-.0078735352
-.0097503662
-.0103302002
.0095977783
.0061187744
.0122070313
-.0149993896
.0118560791
.0118408203
.0114440918
.0106658936
.0082244873
.0097961426
-.0233001709
.0127563477
.0249481201
-.0114746094
.0103607178
-.0813140869
-.0207672119
.1098632813
.1381988525
.1049346924
-.0381774902
-.1202239990
-.0651245117
.1448364258
-.1157989502
.0730895996
.1242065430
.0582275391
.0419006348
-.1280670166
-.0326995850
-.0116729736
-.0865020752
-.1479644775
-.0372924805
.0168457031
-.0881042480
-.0533599854
-.0690612793
.0466003418
.0389251709
-.0144195557
.0141143799
-.1289672852
.1277160645
-.0529174805
-.1180877686
-.0608062744
.0269927979
-.0090484619
-.0118408203
-.0086975098
-.0140533447
-.1891326904
.0491790771
-.0166168213
-.1043395996
-.0203247070
-.0615997314
-.0932922363
-.0802917480
.0237274170
-.0444183350
-.0322723389
-.0209655762
-.0267333984
.0310363770
-.0497283936
.0122680664
-.0699920654
.1475372314
.0805053711
.0298004150
-.1041259766
-.1051483154
.0360412598
.0125274658
-.0548858643
.0372924805
.0164794922
-.0046844482
-.0040435791
.0025634766
-.0047454834
-.0038299561
-.0028076172
-.0036010742
-.0024871826
.0020141602
-.0018768311
.0017700195
-.0028686523
.0018005371
.0010833740
-.0008850098
-.0007019043
-.0082397461
