-.0401000977
-.0274658203
-.0490112305
.0361022949
-.0041503906
-.0446777344
-.0375518799
-.0288238525
.0126953125
.0011291504
-.0009918213
-.0012054443
-.0014648438
-.0666351318
-.0121154785
.1181182861
.0374145508
-.0493011475
-.0291290283
-.0010375977
-.0165863037
-.0467224121
-.0335388184
-.0295410156
-.0542297363
-.0430450439
-.0718383789
-.0461578369
-.0090026855
-.0433807373
-.0203094482
.0204010010
.0036621094
-.0015411377
-.0013885498
.0024414063
-.0014343262
-.0013885498
-.0434265137
-.0491027832
-.0200958252
-.0182952881
.0020294189
-.0015716553
-.0235290527
-.0659027100
-.0428009033
.0605316162
.0699310303
-.0451507568
.0723571777
.0411224365
.0277099609
-.0010681152
-.0630798340
-.0608978271
-.0472564697
.0490722656
-.0521240234
-.0321502686
-.0194702148
.0032043457
-.0013427734
-.0010986328
.0013580322
.0018005371
.0012817383
-.0587921143
-.0684967041
-.0477905273
-.0330963135
-.0389862061
.0439453125
.0214691162
.0276794434
-.0535430908
-.0606689453
.0796203613
.0135803223
.0292053223
.0500488281
.0536041260
-.0510711670
-.0469055176
-.0139923096
-.0012817383
.0011138916
-.0500488281
-.0421600342
-.0101623535
-.0625610352
.0623931885
-.0531921387
-.0510101318
.0241546631
.0767211914
-.0453186035
-.0428009033
-.0515594482
.0724029541
.0615844727
-.0238494873
-.0585937500
.0350799561
-.0021362305
-.0724945068
-.0510559082
-.0032043457
-.0477752686
.0471343994
-.0621185303
-.0611114502
-.0454864502
-.0522613525
-.0429687500
-.0382843018
-.0183258057
.0241088867
-.0297088623
-.0387115479
-.0530548096
-.0308532715
-.0167236328
-.0021820068
.0014343262
.0018463135
-.0017395020
-.0013580322
-.0023498535
.0013427734
-.1002044678
-.0376739502
-.0933990479
.1023712158
-.0574798584
-.0677642822
-.0560760498
-.0500183105
.0202026367
.0654907227
-.0312805176
-.0376434326
.0034942627
-.0020751953
.0022888184
.0264282227
-.0891571045
.0220336914
.0871429443
-.0297393799
-.0399322510
.0133819580
-.0290374756
.0716857910
.0659637451
.0360565186
.0444793701
.0980682373
-.0609436035
-.0038452148
.0013427734
-.0022888184
-.0514373779
-.0142669678
-.0475158691
-.0513000488
-.0573883057
-.0453033447
-.0383453369
.0024261475
-.0014038086
-.0014038086
-.0142364502
-.0680999756
.0601348877
-.0523986816
-.0153198242
-.0461425781
-.0553588867
-.0014190674
-.0318908691
-.0499420166
.0690765381
-.0895233154
-.0253906250
-.0616912842
-.0221862793
.0107879639
-.0418395996
-.0164489746
-.0017852783
.0014343262
-.0014190674
-.0017089844
.0012969971
.0513305664
-.0336608887
.0864562988
.0629272461
-.0092926025
-.0606994629
-.0452575684
-.0368652344
.1652374268
.1506958008
-.0546417236
-.0302429199
-.0572509766
-.0386047363
-.0558013916
-.0764617920
-.0532989502
-.0468292236
-.0479583740
-.0751037598
.0184478760
-.0021667480
.0013427734
-.1389160156
.0438385010
.0390014648
.0681457520
-.0431823730
-.0537109375
-.1058197021
.0496520996
.0689392090
-.0249328613
.0722351074
-.0484466553
-.0315246582
-.0503234863
-.0640411377
-.0432281494
-.0236511230
-.0407409668
.0020446777
.0014648438
.1150665283
.0954589844
-.0382537842
-.0489959717
-.0233306885
-.0643463135
-.0466918945
-.0508575439
-.0222625732
-.0227966309
-.0389862061
-.0128936768
.0019836426
-.0014953613
.0012054443
-.0013580322
-.0011596680
-.0012817383
.0021667480
-.0550994873
-.0099945068
-.1027984619
-.0438385010
.1293640137
-.0168304443
.0139770508
-.0761566162
-.0585937500
-.0511016846
-.0088806152
-.0451354980
.0147094727
-.0209197998
.0047302246
.0011901855
-.0010986328
.0012969971
-.0012054443
-.0174102783
.0611419678
-.0476531982
-.0206909180
-.0685119629
-.0365447998
-.0426635742
-.0303497314
-.0047149658
-.0010070801
.0012207031
-.0559692383
-.0461730957
.0603485107
-.0768280029
-.0304107666
.0735168457
.0122680664
-.0014953613
.0015106201
-.0014343262
.0596923828
-.0260772705
-.0513458252
-.0716705322
.0548553467
-.0520935059
-.0332336426
-.0306549072
-.0235595703
.0122375488
-.0067291260
.0014343262
-.0011596680
-.0015106201
-.0014801025
-.0025177002
.0010681152
-.0011444092
-.0011291504
.0063781738
-.0922698975
-.0660552979
-.0697326660
-.0344543457
.0090179443
-.0709533691
.0427703857
-.0442504883
-.0445556641
-.0686492920
-.0120697021
-.0460357666
.0511932373
.0978088379
-.0403442383
-.0391235352
-.0197448730
-.0028533936
.0021972656
-.0014495850
.0013427734
-.0640258789
.0134582520
.0601959229
.0201416016
-.0015258789
.0016174316
.0012512207
.0931396484
-.0372619629
-.0572662354
-.0395050049
.0657653809
.0747375488
-.0666198730
-.0509490967
-.0739593506
-.0595855713
-.0617828369
.0393371582
.0011291504
-.0252532959
-.0717926025
-.0613403320
.0701599121
.0018920898
-.0276184082
-.0580444336
-.0346679688
-.0635528564
-.0804748535
-.0705108643
-.0112915039
-.0461578369
-.0228118896
-.0317993164
.0035552979
-.0016632080
.0012969971
-.0011291504
.0012054443
-.0017852783
.0014953613
-.0040435791
-.0017700195
-.0397186279
-.0360412598
.0978698730
.1358947754
.0873260498
.0480651855
.1233978271
.0429229736
-.0687866211
-.0431213379
.0254821777
-.0785217285
-.0424804688
-.0972747803
-.0340576172
-.0716705322
-.0291748047
-.0587768555
.0938873291
-.0656890869
-.0353698730
-.0357513428
-.0497131348
-.0489959717
-.0412597656
.0021362305
-.0015869141
-.0012207031
-.0012359619
-.0014190674
.0014038086
-.0583190918
.0161743164
.1146850586
.1175689697
.0753479004
-.0669860840
-.0289611816
-.0793151855
-.0765380859
.0748138428
-.0330810547
-.1102294922
-.0241851807
-.0578613281
-.0241851807
-.0028076172
-.0031280518
-.0022277832
-.0760650635
-.1433105469
-.0557250977
-.0626678467
-.1275329590
-.0635070801
-.0496215820
.0018310547
-.0840759277
-.0513763428
-.0629119873
-.0694732666
-.1005706787
-.0823974609
-.0278778076
-.0705566406
-.0259246826
-.0280456543
.0044708252
-.0014953613
.0016784668
-.0015869141
.0015106201
-.0028076172
-.0324249268
-.0783691406
-.0626831055
.0482177734
-.0681762695
.0267791748
-.0969085693
-.0662841797
-.0503540039
-.0164947510
.0020751953
-.0015411377
-.0787658691
-.0653839111
.1605834961
-.0790863037
-.1127166748
-.0824127197
-.0789794922
.1173248291
.0632476807
.0360565186
-.0981292725
-.0326080322
-.0356445313
.0263061523
-.0094299316
-.0020294189
-.0018463135
-.0019683838
-.0018310547
.0023193359
.0015106201
-.0014343262
.0918273926
-.0524902344
-.0027313232
-.0398406982
-.0542449951
-.0123443604
-.0354461670
-.0266113281
-.0542907715
-.0018920898
-.0417327881
-.0081787109
-.0714416504
-.0435943604
.0588226318
-.0719451904
-.0550994873
-.0482940674
-.0290222168
.0020599365
-.0012969971
-.0018310547
-.0017852783
-.0014953613
-.0017852783
-.0614776611
-.1284790039
-.0415344238
-.0686187744
-.0678710938
-.1087799072
-.0527496338
-.0014495850
-.0014495850
-.0015106201
.0196533203
-.0888824463
-.0919494629
-.1028900146
.0731201172
-.0808563232
.1204986572
.0427551270
-.0877838135
-.0706787109
-.0635223389
-.0847930908
-.0272216797
.0169525146
-.0410308838
-.0113372803
-.0016479492
.0011291504
-.0014801025
-.0011444092
.0016021729
-.0693206787
-.0738983154
-.0025329590
-.0914154053
-.0601806641
-.0812988281
-.0523834229
-.0708923340
-.0321044922
-.0688476563
-.0341796875
.1215972900
.0724487305
-.0438690186
.0115661621
-.0326538086
-.0023956299
-.0022735596
.0016784668
.0084228516
-.0650177002
-.0824432373
.0595703125
-.0686035156
.0263824463
-.0026702881
-.0015563965
.0018463135
-.0021362305
-.0340576172
.0843658447
.0640411377
-.0018920898
-.1392211914
-.1014251709
-.0553436279
.0343627930
-.0367584229
.1130676270
.0808410645
.0426788330
.0018310547
.0018920898
.0016174316
-.0017242432
-.1013336182
-.0477905273
.0872955322
.0849304199
.0604095459
-.0525054932
-.0474090576
.0101928711
-.0016479492
.0019226074
-.0032043457
-.0020904541
-.0016174316
-.0017242432
.0016174316
-.0703430176
.1086730957
.0536193848
-.0362396240
.1042785645
.0933380127
.0652618408
-.0218963623
-.0023803711
-.0026092529
-.0276336670
-.0968780518
-.0597534180
-.0895385742
-.0868530273
.0063934326
.1076965332
.0897827148
.1515350342
-.0575714111
.1423645020
-.0657348633
-.0366363525
.1139373779
-.0911560059
-.0835113525
-.0562438965
-.0653076172
-.0596313477
.0868225098
.0758972168
.0810241699
-.0785522461
-.0614471436
-.0101623535
-.0352020264
-.0154724121
.0105285645
.0023193359
.0023956299
.0018157959
-.0014038086
-.0018768311
-.0655822754
.0925140381
-.0810852051
-.0644836426
.0371551514
.1199645996
.0473632813
.0887451172
-.0536956787
-.0374145508
-.0477142334
-.0994415283
.0876464844
.0976867676
-.0553741455
-.0350494385
-.0535430908
-.0308990479
.0040130615
-.0012817383
-.0019378662
.0012817383
-.1311340332
-.0557861328
.0801544189
-.0589447021
-.1048583984
.0345916748
.0700073242
.0523834229
.0569763184
.0105590820
.0650939941
-.0865478516
.0244750977
.0646209717
.1139831543
.0637359619
.0590667725
-.1143188477
-.0989837646
-.0164337158
.0027313232
.0011749268
.1167297363
-.0479736328
-.0660400391
.0961608887
-.0718383789
-.0271301270
-.1178588867
-.0607757568
-.0972595215
-.0998992920
-.0999145508
.0129547119
-.0633697510
-.0076446533
-.0015869141
-.0016021729
-.0014953613
.0017395020
-.1539001465
-.0964202881
-.0410308838
-.0239868164
-.0474243164
-.0645751953
-.1366882324
-.0703277588
.0040283203
.0022583008
.0021514893
-.1054687500
-.0122833252
.1995697021
.0885620117
-.0814056396
-.0101013184
-.0728149414
-.0870056152
.0579223633
-.0752716064
-.0654296875
.0984954834
.0891723633
-.0615997314
.0119018555
-.0930328369
-.0738372803
-.0252227783
.0209503174
-.0017852783
.0015869141
-.0020446777
.0017395020
-.0016021729
-.0015106201
.1819000244
-.1091156006
-.0642547607
.0742950439
.0395507813
.0754394531
.1776428223
-.0615692139
-.1023406982
-.0600433350
-.0539550781
.0679016113
-.1310577393
-.0588073730
-.0507812500
-.0036468506
.0027313232
-.0690612793
-.1182556152
-.0734405518
.0208892822
-.1019897461
.0452575684
.1195220947
.0077056885
-.0018463135
.0015258789
-.0189208984
-.1793518066
-.0886993408
.1499176025
.0148315430
-.0646057129
-.0094451904
-.0010833740
.1414031982
-.0213623047
-.0485229492
.1052551270
.1127166748
.0443725586
.0759429932
-.0859680176
.0273132324
-.0839538574
-.0588836670
-.0080871582
-.0023345947
-.0023345947
.0019226074
-.0281372070
.1479644775
-.0475921631
-.0718078613
.0756988525
.1135864258
-.0713653564
-.0507507324
.0331726074
.1408843994
-.0102386475
-.0015106201
.0013732910
-.1069335938
.1221008301
.1150817871
-.0581207275
.0073547363
-.0181732178
-.0451965332
-.0374603271
.1526794434
.0659790039
-.0296783447
-.0829467773
-.0452270508
.0899810791
-.0438690186
.0652923584
-.0613861084
.0270385742
-.0697937012
-.0287017822
.0048828125
.0015869141
.0014953613
.0014495850
-.0015716553
-.0017547607
.0018310547
-.0104064941
.1004791260
-.0556182861
-.0017089844
-.0016021729
-.0260162354
-.0787506104
-.0387878418
.1646423340
-.0411529541
-.0694122314
.1459503174
-.1417083740
.0783691406
-.0720062256
-.0839233398
-.0708618164
-.0698394775
-.0471038818
-.0574493408
.0987548828
.0169372559
-.0636444092
-.0239410400
-.0026550293
.0028839111
.0059509277
-.0200958252
.1839447021
.1473541260
-.0898437500
-.0406341553
-.0588989258
.0033264160
-.0566558838
.0061492920
.0021667480
-.0018768311
-.1079711914
.0067749023
-.1526947021
-.0320587158
.0024566650
-.0024261475
-.0016326904
-.0785827637
-.0970458984
.0731811523
-.1244659424
-.0698089600
-.0414886475
.1062011719
.0713500977
.0467376709
-.0018310547
-.0859680176
.0029754639
.1042633057
.0296020508
-.0566253662
-.0870971680
-.0602111816
-.1049194336
.0602264404
-.0090332031
-.0691223145
-.0175170898
-.0017089844
.0017547607
-.0018768311
-.0021820068
-.0046081543
-.0826721191
.0080261230
-.1379089355
-.0779418945
-.0449523926
-.0807037354
-.0563049316
-.0798034668
.0129394531
.0847930908
-.0406341553
-.0709075928
-.0808868408
-.0260925293
-.0020904541
-.0017089844
-.0019531250
.0018463135
-.0017089844
-.0020141602
.0018463135
-.0016326904
.0014190674
-.0730743408
-.0651397705
-.0704956055
-.0785369873
.0135345459
-.0233154297
.0021667480
.0017089844
-.0598754883
-.0761413574
-.0448608398
.0045166016
-.0014495850
-.0546875000
-.0491638184
-.0127868652
-.0998382568
-.0313262939
-.0056762695
.0021820068
-.0028991699
.1688232422
-.0462493896
-.0742034912
-.0978851318
-.0577239990
-.0616607666
-.0844726563
-.0200805664
-.0303192139
-.0941619873
-.0663299561
-.0602569580
.0342102051
-.0626068115
-.1061706543
-.0736236572
-.0848388672
.0480804443
-.0485534668
-.0104064941
-.0405426025
-.0145874023
.0019378662
.0014190674
.0012817383
-.0665130615
-.0384521484
-.0475006104
.0074157715
.0569458008
-.0085754395
-.0363006592
.0218811035
-.0015716553
-.0015869141
-.0301513672
.0631103516
-.0347747803
.0263824463
-.0273895264
-.0770111084
-.0245056152
-.0068359375
-.0279846191
-.0158691406
-.0197753906
-.0158843994
-.0012207031
.0077514648
