-.0832977295
-.2301940918
.1022644043
-.2450256348
-.1265106201
-.1227569580
.0760955811
.0627288818
-.0282897949
.0191650391
.1100006104
.0371398926
-.3151245117
-.1686248779
-.0913238525
-.1131591797
.1029052734
-.1365814209
.0597839355
.0278778076
-.1184234619
.0789642334
-.0500030518
.0977020264
.0667877197
.0714874268
.0443267822
-.0032806396
-.0014953613
-.0021972656
.0107879639
-.1465301514
.0823364258
-.1417694092
-.0970916748
.0025634766
-.0018768311
.0012969971
-.0021057129
.0493164063
.1211242676
-.1870422363
-.2058258057
-.1155853271
-.1530609131
.1683807373
-.1414337158
-.0905456543
-.0623931885
-.1722259521
-.2019500732
-.1656036377
-.2053833008
-.0083160400
.0948181152
.0687103271
-.1922149658
-.1027832031
-.1043243408
.0329895020
.0127716064
-.0036773682
-.0022888184
.0015258789
.0014648438
.0015716553
-.0018768311
-.0019531250
.0011749268
.0011291504
.0018920898
-.2409973145
-.2514343262
-.2061920166
-.0989227295
-.1117401123
-.1093292236
.0280151367
-.0925903320
.0819091797
.0139312744
-.1880035400
-.1183013916
.0902404785
.0974426270
.0747070313
.0499877930
.0083160400
.0020599365
-.0077819824
-.2195892334
.0763092041
.0437011719
-.0962066650
-.0956878662
-.1400299072
-.1036224365
-.0303192139
-.1036376953
-.1500701904
.0776672363
.0860443115
-.1143035889
-.1287689209
.0636138916
.0796356201
.0813293457
-.1497650146
-.0833892822
-.0664062500
.0290527344
-.0991058350
-.0744934082
-.0361633301
.0365447998
.0845184326
-.0061492920
-.0371093750
.0052337646
.1095275879
.0530090332
-.0602111816
.0725402832
.0771789551
.0582885742
-.0600738525
.0164642334
.0125579834
-.0022888184
-.0025482178
.0018310547
.0013275146
-.0015411377
-.0008544922
.0018615723
-.1459960938
.1849365234
-.1694641113
-.1547546387
-.1844787598
-.1225585938
.0615234375
-.1493530273
.0567321777
-.0216979980
-.0384826660
.0025939941
.0017242432
-.0038452148
-.0031280518
-.2106933594
.0507659912
-.1603698730
-.0710906982
.1012420654
-.1566162109
-.2011108398
-.2016143799
-.0831298828
.0966949463
-.1935424805
-.0418090820
-.1605834961
-.0878906250
.0468750000
-.1179199219
.1061401367
-.1047668457
.0726623535
.0833435059
.0300140381
.0031127930
.0013580322
.0016632080
-.1596069336
-.1891937256
.1051940918
.0859069824
.0418701172
-.1697845459
.0979461670
.1053466797
-.1401519775
.0374603271
-.0503234863
.0631256104
.0404510498
-.0162506104
.0272827148
.0101013184
.0023956299
.0017242432
-.0013275146
-.0017852783
.0014495850
.0023956299
.0025787354
-.0065460205
-.0018768311
.0019989014
-.0871276855
-.2235107422
-.1883697510
-.1312561035
.0872344971
.1129455566
-.1369323730
-.0617980957
.0798034668
-.0954132080
.1175689697
-.1375427246
.0621795654
.1124267578
-.0538177490
-.0912322998
-.1088714600
-.1580352783
.0941925049
-.0387268066
.0744171143
-.1065063477
-.1835327148
-.1013488770
.0653228760
.0539703369
-.1188354492
.0523681641
.0592803955
-.0475616455
-.1716613770
.0292205811
.0858001709
-.0927734375
.0257568359
.0502624512
.1007537842
-.0906524658
.0663909912
-.0523681641
.0855102539
.0267486572
.0088958740
.0069427490
.0029754639
.0022277832
-.0015563965
-.0016937256
-.0021057129
.0012207031
.0016784668
.0160522461
-.1958007813
-.1113281250
-.0920715332
.1380462646
-.1170654297
-.0805358887
-.1286315918
.0990447998
.0564880371
.0303497314
.0852508545
.0817871094
.0800628662
-.0032348633
.0095062256
.0018463135
.0848846436
-.0314636230
.0388336182
.0559539795
.0536041260
-.1503906250
.0682220459
.0261993408
.0179748535
-.0021057129
.0125732422
.0849456787
-.1138610840
.0540466309
.1000671387
-.1278991699
.0779876709
.0023803711
-.0019226074
.0110626221
-.0014190674
-.1529846191
-.1083221436
-.1759948730
-.0963134766
.0825195313
.0924072266
.1035461426
.0310516357
.0139312744
.0055084229
-.0023498535
.0014801025
.0013427734
-.0015869141
-.0009918213
.0027465820
-.0108642578
-.1878662109
-.2905883789
-.2100830078
.0899963379
-.0946807861
-.0854797363
-.1037750244
-.1360778809
.0785217285
.0349121094
.0305633545
.0327758789
-.0436096191
-.1071319580
-.1097106934
.0479736328
.0723876953
-.1042175293
.0659179688
.0942840576
.0823516846
-.0940093994
-.1131591797
-.0687103271
.0609436035
.0055389404
-.1963653564
-.0851135254
.0109252930
-.0928955078
.0705108643
-.0982055664
.0714721680
-.0126800537
.1052703857
.0514373779
.0563049316
.0401306152
.0513458252
.0380706787
.0286865234
.0142822266
.0110168457
.0070343018
-.0019226074
.0015563965
.0013732910
-.0015411377
.0020599365
-.0012664795
.0030822754
.0782470703
-.2091674805
.0316772461
.0632171631
-.1181182861
-.2437133789
.1408996582
.0905761719
.0181732178
.1114959717
.0787353516
-.1107788086
-.0326080322
-.0680389404
-.0776062012
.0652465820
.0768432617
-.0655822754
.0706939697
.0545349121
-.0210723877
-.0907135010
.0137176514
-.0030517578
-.0011291504
.0011596680
.0016784668
.0017089844
.0015258789
-.0020141602
-.0012207031
-.0025329590
-.0818328857
-.1303558350
-.0820922852
.0645599365
-.0881500244
-.1052246094
-.1188049316
-.1224212646
-.0621795654
-.1070861816
-.0601043701
.0420074463
.0851898193
.0756835938
.0827026367
.0689697266
-.2611236572
-.1102905273
-.1121673584
.0647583008
-.1426849365
.0323333740
.0993499756
.0585021973
.0715026855
-.0431976318
.0188446045
.0153503418
-.0012969971
-.0016174316
-.0016937256
-.0016021729
.0139770508
.1250152588
.0992126465
-.0883026123
.0915527344
-.0889282227
.0315093994
.0271759033
.0450592041
-.0026855469
.0030670166
.1523284912
.0507049561
-.1233215332
-.0669403076
-.1136169434
.0662231445
-.0571899414
-.0839538574
-.0231781006
.0495758057
-.0439453125
-.0338897705
-.0140075684
.0051727295
.0012054443
-.0009307861
-.0013580322
-.0016937256
-.0013580322
-.1009521484
.1127166748
.0142059326
-.0016326904
.0015563965
.0014343262
.0898284912
.1047821045
.0816650391
-.0139770508
-.0959472656
.0218200684
-.1063537598
-.0388183594
-.1071166992
-.0935668945
-.0712738037
.0369110107
-.0159606934
.0144958496
.0059814453
.0015106201
-.0013732910
-.0016021729
-.0010528564
-.1390380859
-.1410217285
-.1139373779
-.1801452637
-.1232299805
-.1160888672
-.0823364258
.0088500977
-.0025939941
-.0019531250
.0030975342
.0057678223
.0711975098
.0167999268
-.1453399658
-.1237945557
-.0941467285
.0947875977
-.1344146729
-.0890808105
-.0707244873
.0834655762
.0287933350
.0426483154
.0276489258
-.0079650879
.0268249512
.0076141357
.0095367432
-.0016326904
-.0013122559
.0845642090
.0986633301
-.0153350830
-.1118469238
.0019836426
.0012054443
-.0017852783
.0014648438
.0011444092
-.1353149414
.0866088867
.0474853516
.0766906738
.0861511230
-.0837707520
-.0335388184
-.1041870117
-.0531311035
.0309753418
.0064544678
.0202789307
.0081176758
.0016021729
-.0023040771
-.0013427734
-.0013427734
.0009918213
.0017700195
.0012817383
-.0012359619
-.1356048584
-.1147613525
-.1173248291
.0269165039
-.0022125244
.0023651123
-.0019683838
.0019226074
.0011596680
.0809783936
.1164703369
-.2028503418
-.1625213623
-.2359008789
-.1338500977
-.1274108887
.0393981934
.0520477295
.0864562988
-.1665954590
.0131683350
-.0541839600
.0026550293
.0657196045
.0248107910
.0418395996
.0971221924
.0749816895
.0814361572
-.0957336426
.0462493896
.0189056396
.0138702393
-.0186462402
-.0019226074
.0019073486
-.0018615723
-.0015563965
-.0016174316
-.0017395020
.0012054443
-.1548461914
-.1672821045
-.0937042236
-.1186065674
-.1535339355
-.0994262695
-.1039123535
-.0942230225
-.1259002686
-.1427001953
.0344543457
-.1217956543
-.1249542236
.0973815918
-.1225891113
.0480651855
.0554046631
-.2366638184
-.0577850342
-.0927429199
-.1141967773
.0263671875
-.0780944824
.0851593018
.0574035645
.0372772217
.0323028564
-.0397033691
.0091857910
.0140686035
-.0053710938
.0009307861
.0009613037
-.0014038086
.0015106201
.0047302246
-.0014801025
.0014343262
.0017242432
-.1549224854
-.2209167480
.1284790039
-.1521759033
.0764923096
.0745697021
-.2450561523
-.0844573975
.0933380127
-.0555572510
.0607910156
.0802612305
.0999145508
-.1811981201
-.1667633057
-.0399780273
-.0898895264
.0680389404
.0910339355
-.1605987549
.0317077637
.0047454834
.0075988770
-.0022430420
.0020446777
.0026245117
.0023345947
.0027313232
-.3002777100
-.1065063477
-.0944213867
.0433349609
-.1649322510
-.1166381836
-.2135467529
-.1687622070
-.0915985107
-.0658111572
.0395660400
.0284729004
-.1227569580
-.0813140869
.0587158203
.1083068848
-.2018890381
-.0818481445
-.0740661621
.0853576660
-.0258178711
.0132598877
.0447845459
.0652618408
.0640716553
.0289764404
.0696563721
.0731811523
-.1432342529
-.0283355713
.0392913818
.0197143555
.0019378662
-.0017089844
-.0013732910
-.0017089844
-.0015869141
-.0011749268
-.0019073486
.0020141602
-.0050506592
-.2366333008
-.1056671143
-.1159973145
-.0658874512
.1194152832
-.1219329834
-.0837707520
-.0040435791
-.0021972656
-.0025024414
-.1791076660
-.1569976807
-.0994567871
-.0811767578
-.0394592285
-.0779724121
-.1338043213
-.0910186768
-.0961303711
.0820007324
.0780181885
-.1226196289
.0846252441
.0764617920
.0375061035
-.0231475830
.0496520996
.0169372559
-.0234527588
-.0013885498
.0015869141
.0010375977
.0013275146
.0013580322
.0010986328
.0066528320
-.1632995605
.1446533203
-.1104125977
-.1250915527
-.1141357422
-.0779113770
-.0827941895
-.0897979736
-.1434020996
.0666961670
.0413513184
-.1728057861
.0671691895
-.0664520264
.0032958984
.0024566650
.0014343262
.0163574219
-.1758117676
-.1315612793
.0081481934
-.1248321533
-.0277557373
-.0480957031
-.0177459717
-.1094360352
-.0901641846
.0533752441
-.0871276855
-.0231323242
-.0927581787
-.1341857910
.0324859619
-.0881958008
.0351867676
-.1569824219
-.1050109863
-.0670928955
.0376434326
-.0762023926
.0168762207
-.0884246826
-.0982666016
.0735626221
.0094299316
.0026550293
.0014343262
.0019378662
-.0025634766
-.0777282715
-.1381378174
-.1184387207
-.0928802490
-.1606597900
-.1487884521
-.0853424072
-.0486755371
-.0988922119
-.0186309814
-.1231079102
-.0962219238
-.0543975830
-.0383300781
-.0986938477
-.1187744141
.0580749512
.0887298584
-.2214508057
-.1092529297
.0642089844
.0180206299
-.0453033447
.0554809570
.0549163818
.0488128662
.0292358398
.0431213379
-.0195617676
.0113983154
.0124969482
.0016937256
-.0011749268
-.0012512207
.0018310547
.0018463135
-.0015716553
.0593872070
.0649414063
.0261840820
-.0015716553
-.0010986328
.0369720459
-.1459960938
-.1537322998
-.0905761719
.0471649170
.0571746826
-.1613922119
-.0909271240
.0541839600
.0771026611
-.1965789795
.0825500488
.0886688232
.0477600098
.0378723145
.0255584717
.0173492432
.0220642090
.0073089600
.0015563965
-.0009765625
-.0009765625
-.0011444092
.0012664795
-.0019989014
.0340576172
-.1637878418
-.1193237305
-.1366271973
.0577850342
-.0056610107
.0598907471
-.0028686523
-.0008239746
-.0012817383
.0009613037
.0015106201
-.0341186523
-.2902221680
-.2003021240
.0084228516
.0015411377
-.0010833740
.0010070801
-.0011444092
.1087493896
.1306915283
-.1932678223
-.0354766846
.1031951904
-.1185455322
-.2113952637
-.2516021729
.1105804443
-.1560516357
-.1371307373
-.1230316162
-.0081176758
.0521240234
-.0203094482
-.1008605957
-.1211395264
.0238494873
-.0707702637
.0754547119
.0557708740
-.0284881592
.0104217529
-.0823364258
-.0215148926
-.0018157959
.0013580322
.0018310547
.0014953613
.0020294189
-.0396118164
.1362457275
-.2270355225
-.1775970459
-.0838012695
-.0706024170
.0586853027
.0778045654
.0693206787
.0205078125
.0355529785
-.0198059082
.0301971436
.0105743408
.0074920654
.0011901855
-.0008087158
-.0012512207
.0012054443
.0014953613
.0949707031
.0956115723
.0413665771
-.0195770264
.0089111328
-.0015869141
.0012207031
-.0010528564
-.0012207031
-.0010681152
-.0012207031
-.0011444092
.0031738281
.1068115234
.0994567871
-.1225891113
.0145416260
-.0020141602
-.0016174316
.0011596680
-.0019378662
-.0007324219
-.0012207031
.0015258789
-.0056610107
-.1024475098
.0234375000
-.0569152832
.1556091309
-.0921325684
-.1246643066
.0651855469
.0825653076
.0534667969
.0498657227
.0587615967
.0868682861
-.0789947510
-.0890808105
-.0577697754
.0643310547
-.0408782959
.0276794434
.0698852539
-.0830688477
.0648498535
.0544433594
-.0602874756
.0668334961
.0369110107
.0333862305
.0129241943
.0383605957
.0096588135
-.0126647949
.0047912598
-.0018310547
-.0010833740
-.0014801025
.0013122559
-.0009307861
.0012359619
.0013580322
.0011444092
-.1396179199
.0608215332
.0395050049
-.0551147461
-.0168762207
.0340576172
.0153961182
.0135955811
.0019378662
.0013275146
-.0116882324
-.0681457520
-.2115478516
.0785980225
.0501098633
-.0366821289
.0411987305
.0295562744
.0257415771
.0163269043
.0099182129
.0302429199
.0119628906
-.0059356689
.0034332275
.0021362305
.0014343262
.0004119873
.0214233398
