-.0003051758
.0002441406
-.0006103516
-.0024566650
-.0055084229
.0039367676
-.0061035156
-.0094299316
-.0091705322
.0108795166
-.0229797363
-.0276336670
-.0148773193
.0219879150
.0275268555
.0175323486
.0203247070
.0291900635
.0219726563
-.0249176025
-.0301666260
-.0239868164
-.0336456299
-.0312805176
-.0393829346
.0357971191
.0300598145
.0328063965
.0336303711
.0396270752
-.0419464111
-.0376892090
-.0482177734
-.0446472168
-.0429382324
.0214843750
-.0489196777
-.0305175781
-.0417022705
-.0267028809
-.0235900879
.0279693604
-.0368957520
-.0286560059
.0298614502
.0288543701
.0388336182
-.0281677246
-.0275268555
-.0295867920
.0455780029
.0355987549
-.0355072021
.0361785889
-.0251464844
.0234375000
.0314331055
.0199432373
.0271759033
-.0324249268
.0295562744
-.0218048096
.0286407471
.0243682861
-.0179595947
-.0240783691
.0290222168
.0254669189
.0283660889
-.0348815918
-.0271911621
-.0193634033
.0206298828
.0220642090
-.0130157471
.0169219971
.0175781250
.0182952881
.0152435303
.0266418457
-.0192108154
-.0189514160
-.0235595703
-.0312042236
-.1015319824
-.2945404053
-.1946563721
-.2523803711
-.2317199707
-.2955474854
-.1710968018
-.1357879639
-.2546234131
-.1190338135
-.0245971680
.0221557617
-.0198516846
-.0168151855
.0221862793
.0311737061
.0238800049
-.0174255371
-.0267791748
.0823364258
-.2878112793
-.3444824219
.0449066162
-.1959991455
.0766143799
-.1229400635
-.1424713135
-.1025695801
-.1652679443
-.0252380371
-.1436767578
-.1641387939
-.1234741211
-.1659088135
.0213012695
-.2031860352
-.1503295898
-.1983489990
-.1103820801
-.1725463867
-.0267181396
-.0233612061
.1142272949
-.2223205566
-.2223663330
-.2017669678
-.1814575195
-.1201324463
-.0518951416
.1749420166
-.2031402588
-.0979614258
.0162658691
.0178222656
.0238647461
-.0217285156
-.0215911865
-.2379150391
-.2268371582
.0487670898
-.0859680176
-.1901092529
.0333404541
.0744934082
-.1757354736
.0917663574
.0564880371
-.0258483887
-.2494812012
-.0582275391
-.1509552002
-.1266326904
.0757751465
-.2073516846
-.1514739990
.0452575684
-.0258636475
-.1413421631
-.0328216553
-.0220184326
-.0284729004
-.1129150391
.1022644043
-.2143249512
.0718231201
.0547485352
.0294494629
.0233917236
-.0306396484
-.0217437744
-.0267333984
-.0196990967
.0279846191
-.0826721191
-.1277465820
-.0979309082
.0377349854
.0723419189
-.1155853271
-.1102905273
.0951843262
-.0887298584
-.1064147949
.0314178467
-.0214385986
-.0227203369
-.0424194336
.0259704590
-.0176544189
.0184478760
.0217285156
.0198974609
.0163269043
-.0345153809
-.1463012695
-.1199340820
-.1494445801
-.1771850586
-.2061157227
-.1729278564
-.0437469482
-.1022796631
-.1191864014
.0473175049
-.1293029785
-.0517120361
-.0933837891
-.0861206055
-.2037353516
-.2161865234
-.1795349121
-.1283416748
-.1757507324
-.1187591553
.1018676758
.0391540527
.0384063721
-.0207366943
.0208282471
.0228576660
-.0165405273
-.0165405273
-.0202484131
.0633544922
-.3264923096
-.2900238037
.1009826660
-.0377044678
-.0190277100
.0254364014
.0150451660
.0218963623
-.0195007324
-.0206298828
.0222930908
-.1339874268
-.2353363037
-.2163543701
-.0232238770
-.2349243164
.0636596680
-.1523590088
-.1704864502
-.0991821289
-.1643676758
-.1475219727
-.1387329102
-.1831817627
.0488128662
-.1648101807
-.2287750244
-.0332183838
-.0660095215
.0487976074
-.0996246338
.0914306641
.1359710693
.0414276123
-.0718536377
.0284881592
.0188140869
-.0150146484
-.0122680664
-.0223083496
.0165100098
-.0116424561
-.0190582275
-.0123748779
.0164642334
.0250701904
.0175018311
-.0173492432
.0558624268
-.0675048828
-.0230255127
-.2232666016
.0170440674
-.1732788086
-.0170898438
-.1725158691
-.1040496826
.0556488037
-.2169036865
-.1619262695
.1423645020
-.0278778076
-.0225677490
-.0221405029
-.0282440186
.0189056396
-.0509033203
-.0764160156
.1473693848
-.1212768555
.0780181885
.0251464844
.0164337158
.0258178711
.1201477051
-.2667388916
.0790405273
-.0701446533
-.2456054688
-.0569000244
-.0359497070
-.0794372559
-.2764282227
.1025085449
-.0223846436
-.0157470703
.0187683105
.0194091797
.0110626221
.1289215088
-.4254455566
-.1006469727
-.1769561768
-.1035614014
-.2335052490
-.1259307861
-.1067962646
-.0216369629
-.2175140381
-.1515502930
.2062988281
.2266693115
-.1385345459
.0637054443
.0605010986
-.1453399658
-.0823364258
.1390838623
-.1215972900
.0584869385
-.0198211670
.0179138184
.0195922852
.0170288086
.0153503418
.0162048340
.0164489746
.0953521729
.0170440674
-.2145690918
-.0623168945
-.0308532715
-.1738891602
-.1365051270
-.0317687988
-.0884704590
.0344543457
.0116119385
-.0292053223
-.0256805420
-.1120452881
.0635681152
.0205993652
-.0130767822
.0164031982
.0133209229
-.0206604004
-.0188293457
-.0180206299
.0866851807
-.1820831299
-.3359680176
-.5000000000
-.2122650146
-.0255432129
-.0324096680
.0722198486
-.1826934814
-.1319427490
-.3294830322
-.1925659180
-.1851501465
-.1518249512
.0394439697
-.1369781494
.0945129395
-.1575164795
-.1142272949
.0202484131
-.1570892334
-.0969238281
-.0995941162
.0403137207
-.0839843750
.0592803955
-.0938568115
.0594787598
-.0695037842
.0684967041
-.0537567139
-.0370788574
-.0263824463
.0146636963
.0158081055
.0109710693
.0146789551
.0234527588
.0139160156
-.0173187256
-.1377105713
-.1818389893
-.3063812256
.0258636475
-.0951538086
-.1787872314
-.1739196777
-.0641326904
.0154571533
-.1605377197
-.1022949219
.0896759033
.0768737793
.0459899902
-.0364227295
-.0359954834
-.0183563232
-.0140686035
-.0406188965
.0278778076
-.0216369629
-.0301513672
-.0240478516
-.0377349854
-.1561889648
.1516265869
.1770324707
-.2361907959
-.0499725342
.0264739990
-.0214996338
.0216979980
-.0155639648
.0195312500
.0199127197
-.0280456543
-.0185394287
-.1243286133
.0469055176
-.1774444580
.0857086182
.0261840820
.0837860107
.0316009521
-.1871643066
-.1764678955
-.1842041016
-.1504821777
-.1167755127
-.1246643066
-.0739593506
.0245666504
-.0180206299
.0128936768
-.0253295898
-.1591339111
-.1913299561
-.0421447754
-.1475067139
-.1195220947
-.1780090332
.1281280518
.1135864258
.1153106689
.1360626221
-.0585937500
.0252685547
-.0136871338
-.0124053955
.0185089111
-.0226593018
-.0208740234
-.0134887695
.0127868652
-.0114288330
-.0156555176
.0254974365
-.0932922363
-.1048126221
.0791320801
-.1582641602
-.1562500000
.0642089844
.0492401123
-.0168762207
-.0322570801
.0195617676
-.0281219482
-.0213775635
.0174560547
.0146484375
-.0259094238
.0224761963
.0190582275
.0207519531
.0162506104
.0305023193
.0258331299
.0254211426
-.0259246826
.0813446045
-.1053771973
-.1343078613
.0396575928
.0941619873
-.2034606934
.0448760986
-.0677032471
.1007232666
.1170196533
-.0612030029
-.0311126709
.0976715088
.0183105469
-.1358795166
.0805206299
.0942382813
-.1731262207
-.1813354492
.0474700928
-.0154113770
.0666961670
.0671234131
.0243072510
.0828552246
.0829772949
.0804901123
.0384826660
-.0856170654
.0426177979
-.0204467773
-.0368804932
-.0186920166
-.0167541504
-.0155792236
.0163269043
.0285644531
.0241546631
.0247955322
.0179443359
-.0503082275
.0211944580
-.2892303467
-.2349243164
-.0454254150
.0790405273
-.1765441895
.0215759277
-.1734161377
-.1470184326
.1037292480
-.2574615479
-.1522979736
-.0978088379
-.0768890381
-.2515258789
-.1151275635
-.1961975098
-.2410888672
.0577087402
.1089019775
.0509338379
-.1406097412
-.1087341309
-.2108459473
.1672973633
-.1434936523
.1064300537
-.0474090576
-.0406799316
.1125793457
-.2913360596
.0554809570
.0418395996
-.0253143311
.0211486816
-.0226287842
-.0891418457
-.0320129395
-.0673522949
-.1461791992
.0273895264
-.2179260254
.0328063965
-.1276702881
-.1499633789
.0703430176
.0280151367
-.0190277100
-.0210723877
.0225830078
-.0231475830
.0175170898
-.0303497314
.0416564941
-.1382141113
.0928649902
-.1833953857
-.0295104980
-.0506286621
-.0194854736
.0200347900
.0226593018
.0205535889
-.0194244385
-.0249786377
.0307769775
-.0271301270
-.0539398193
.0439147949
.0358428955
-.0308532715
-.0506286621
-.2862396240
.1133880615
.1322784424
-.1100616455
-.0206756592
-.1589965820
-.1520233154
.1033782959
-.1578216553
.1109619141
-.1111907959
-.0249938965
.0655822754
-.0272521973
-.1273651123
.0920104980
-.1876525879
-.1589050293
.1643981934
.1004180908
.1018066406
-.0529937744
-.0298461914
-.0190277100
-.0209960938
-.0143127441
-.0292510986
-.0276641846
.0158996582
-.0289764404
-.0270233154
.0205078125
-.0231170654
-.0257720947
-.2805023193
.0471801758
.1445465088
.1579284668
.1426239014
.0645446777
-.1555328369
-.0525207520
.1200103760
-.1046447754
-.2081451416
-.1287689209
.0143890381
.0188598633
-.0427398682
-.1044311523
-.0991973877
-.0947113037
-.1916046143
.1103515625
-.0330047607
-.1678466797
-.2092132568
-.1101684570
-.0533752441
-.2352600098
.0847778320
.0285034180
-.1853179932
.0890350342
-.1899719238
.0258483887
-.0409088135
.0279541016
-.0151672363
-.0191192627
.0301513672
-.0210418701
-.0308532715
-.0219268799
-.0229034424
.0260925293
.0294799805
.0622100830
-.1409454346
-.2248229980
.0578155518
-.1496276855
-.1120910645
.0928802490
-.1063995361
-.0949096680
-.0452423096
.0835571289
.0638122559
.0480804443
.0477600098
-.0189971924
.0314788818
-.0161285400
.0148925781
.0167388916
.0156860352
-.0230560303
.0155639648
-.0359954834
.2170562744
.1241302490
-.1081085205
-.1321411133
-.1070251465
-.0176086426
-.1989746094
-.1144104004
-.0244293213
.1035003662
-.0615692139
-.0249786377
.0228424072
.0251007080
.0183563232
-.0307464600
.0499572754
-.0535278320
-.0357360840
.1423950195
-.1065521240
-.0964355469
-.0656433105
.0907592773
.0925140381
.0581665039
.0264282227
.0337829590
-.0178070068
-.0251922607
-.0127105713
-.0128021240
-.0170593262
-.0244293213
.0237731934
.0172729492
.0130920410
.0145111084
-.0277252197
.0290985107
.1024932861
-.2423553467
-.0690002441
-.1723327637
-.0844421387
-.2649230957
-.2335968018
-.2510528564
-.2636566162
-.1320037842
-.0688171387
.0500183105
-.2035064697
-.1595611572
.0708312988
.0320434570
-.1418762207
-.1662597656
-.1833343506
-.1901397705
-.1307678223
-.1286926270
-.1703186035
-.0668487549
.0302734375
.0226440430
-.0173034668
-.1230773926
.0420837402
-.0490570068
.0341033936
-.0275726318
-.1275482178
-.1109924316
-.1455841064
-.2470703125
-.1347961426
-.1223754883
-.1567687988
-.0610198975
.0121307373
-.0097198486
.0154418945
-.0153503418
.0127410889
-.0168151855
.0176544189
-.0136718750
-.0212860107
-.0227508545
-.0307769775
.1564178467
.0708312988
.0263977051
.0285034180
.0249633789
-.0267028809
-.0207061768
.0179748535
.0178375244
.0449371338
-.0342864990
.1112670898
.0753479004
-.1247863770
.0929870605
.0225982666
-.2039794922
-.0137329102
.0941925049
.0765228271
.0828704834
-.1680450439
.0246124268
.0264587402
-.0197448730
.0157775879
.0238647461
-.0163574219
.0142517090
-.0197601318
.0492858887
-.1009826660
.0573730469
-.1891174316
-.1632385254
.1362609863
-.0905609131
.0232849121
-.1452178955
-.1478881836
.1187744141
.0378265381
.0642547607
-.0979766846
.0871124268
.0660095215
-.1352691650
.1407165527
-.1249084473
.0934143066
-.1080932617
-.1349182129
.0329895020
-.1051788330
.0267181396
-.0217895508
-.0374298096
.0217590332
-.0218200684
-.0438995361
-.1731872559
-.1792297363
-.1981811523
-.1570434570
-.2358551025
-.1813812256
-.0383911133
-.1235046387
-.1463928223
.0422973633
-.1333618164
.1043701172
.0832672119
-.1363983154
.0447387695
-.0711669922
.0830535889
-.0923461914
.0944061279
.0827789307
.0461120605
-.0206604004
.0123443604
.0121917725
-.0228576660
.0164337158
-.0141448975
.0161437988
.0152435303
-.1810913086
-.1972045898
.0710449219
.0643920898
-.1978912354
-.2695007324
-.2419128418
.1353454590
-.1241607666
-.1404724121
.0268859863
-.1903076172
-.1699829102
-.0310516357
-.0806121826
-.2319030762
.0258636475
.0607452393
-.1475067139
-.1142272949
-.1653442383
-.1585083008
.0607147217
-.1318969727
.0684814453
.1273345947
-.1218109131
.0325469971
-.1265411377
-.0578918457
-.0370025635
.0381469727
.0367431641
.0339965820
.0344696045
.0277557373
.0298461914
-.0163421631
.0206604004
.0246429443
.0359497070
-.0263214111
.0317993164
.0595245361
.0912628174
.1189880371
.0515289307
-.0230255127
.0196533203
.0259857178
-.0214996338
-.0221405029
.0256958008
.0427093506
.0629730225
.0464324951
.0776214600
-.1121368408
.0753784180
.1021728516
.0839385986
-.0340118408
-.2156219482
-.0271759033
.0382537842
.0364227295
-.0370635986
-.0418395996
-.0296020508
.0226898193
.0302734375
-.0317077637
-.0304107666
-.0325164795
-.0289611816
-.0307312012
.0238037109
.0314331055
.0253448486
-.0122680664
-.0152740479
.0142974854
.0164337158
.0117492676
-.0139770508
.0112762451
.0153045654
-.0159149170
.0158386230
-.0106811523
.0072326660
-.0063781738
-.0066070557
-.0035552979
-.0030212402
-.0036163330
-.0034637451
.0020446777
.0025177002
-.0013275146
-.1810913086
