.0000457764
.0010070801
.0028686523
.0031585693
-.0045013428
-.0053253174
-.0052795410
-.0134124756
-.0132446289
.0137786865
-.0143432617
.0137939453
.0196990967
-.0091857910
.0252380371
-.0162200928
.0284729004
-.0338287354
-.0231018066
.0190124512
.0187072754
.0291290283
.0357055664
-.0259704590
.0310211182
-.0349273682
.0287017822
-.0372314453
-.0343780518
-.0261077881
.0548706055
-.0325012207
.0842590332
-.0597381592
.1611480713
-.2954101563
.2602233887
-.2281646729
-.2363891602
-.2496337891
-.2578887939
-.1560211182
-.1772460938
-.1672668457
-.0707855225
.0226135254
-.0255126953
-.0375976563
-.0308837891
-.0259399414
.0412292480
.0395660400
.0464172363
.0406494141
.0530548096
-.3870544434
-.3822784424
-.0418548584
-.2096557617
-.1160583496
-.0888671875
-.2171630859
-.1399841309
-.1445617676
-.1313934326
-.0237731934
-.1400909424
-.1389160156
-.1594085693
-.1718750000
-.0332794189
-.1553955078
-.1321868896
-.1566619873
-.2069702148
-.1262359619
-.1123199463
-.0327911377
-.0306396484
-.1954956055
-.2185211182
-.2093505859
-.2037963867
-.1695098877
-.1705017090
-.0386199951
.2049255371
-.2005157471
-.1201171875
-.0339050293
.0449218750
-.0588531494
.0572967529
.0379180908
-.1103515625
-.2438659668
-.2416076660
-.1533203125
-.1049041748
-.2185058594
-.0348205566
-.1529541016
-.1634674072
.0716857910
.0814514160
.0280914307
.1192016602
-.3008880615
.0353851318
-.1705017090
-.1377410889
.0696868896
-.1951751709
-.1941375732
.0643920898
.0285644531
-.1281890869
-.0502624512
.0170135498
.0153808594
-.0443725586
-.1693115234
-.1411132813
-.2475433350
.0721282959
.0530548096
.0428771973
-.0190582275
-.0192108154
-.0156860352
.0198974609
-.0189056396
.0216064453
-.0548553467
-.1177825928
-.1262359619
-.0747680664
-.0402984619
.0676116943
-.1296844482
.1038665771
.0861511230
-.0924377441
-.0904083252
-.0388793945
.0678253174
-.0453948975
.0424804688
-.0371856689
.0662231445
-.0253601074
-.0293579102
.0215301514
-.0367126465
-.0250854492
-.1461181641
-.1482543945
-.1048583984
-.1308593750
-.1714172363
-.1988525391
-.1385040283
-.1088714600
.0690612793
.0755767822
-.2048187256
.0444183350
-.1269378662
-.0688476563
-.1202545166
-.1399078369
-.1893005371
-.2014617920
-.1758575439
-.1305541992
-.1799926758
-.1060180664
.1073608398
.0574645996
.0453796387
-.0309448242
-.0310974121
-.0265808105
-.0258178711
-.0257568359
.0253295898
.0282287598
.0612792969
-.2745361328
-.2978668213
.1224212646
-.0543823242
.0236816406
.0278015137
-.0408630371
-.0678405762
.0610809326
.0630340576
.0422210693
.0391235352
-.1760406494
-.2145080566
-.2129821777
.0343017578
-.2389373779
-.0935363770
-.1091156006
-.1547698975
-.1773529053
-.1586303711
.1233215332
.1288604736
-.0886993408
-.1415252686
-.0476531982
-.1196746826
-.1794128418
-.0503997803
.0556793213
-.0446472168
.1112060547
.1117553711
.1625823975
.0423431396
.0833587646
.0506591797
-.0397644043
-.0366516113
.0402221680
-.0425720215
-.0361328125
.0314025879
.0476989746
.0297698975
-.0357971191
-.0249633789
-.0319213867
-.0365447998
-.0451812744
-.0274658203
.0948791504
.0609130859
-.2536926270
-.0348815918
-.0432739258
.0741424561
-.0677490234
-.1015319824
.0993499756
-.0785827637
-.2048034668
-.2077789307
.1440887451
-.0708312988
.0385589600
.0314025879
.0217895508
-.0237884521
.0265197754
-.0871734619
-.0513305664
.1568145752
-.1106719971
-.0659790039
-.0324249268
.0347900391
.0403442383
-.1262664795
-.2236328125
.1076660156
-.1032409668
-.2035064697
-.1405792236
.0574493408
-.0902099609
-.2726440430
-.2268829346
.0945587158
-.0592346191
-.0607910156
-.0351257324
.0334014893
-.0279541016
.0804443359
-.3702850342
-.2847595215
-.2431335449
-.1884918213
-.0730438232
-.2265777588
-.1567230225
-.0839538574
-.0825805664
-.2145843506
-.1366119385
.2133026123
-.2202148438
.1515808105
-.0292510986
.1011352539
-.1554107666
-.1093750000
-.1142883301
.1263885498
.0992736816
.0402832031
-.0338439941
-.0700836182
.0804595947
.0628967285
.0473175049
-.0404968262
-.0245513916
-.1078643799
.0446624756
-.2479705811
.0657348633
.0693817139
.1555633545
-.1586303711
-.1176910400
-.0387115479
-.1079864502
-.0429077148
.0446929932
-.0601348877
-.0694274902
-.1300659180
-.0760345459
.0459289551
-.0370483398
.0339813232
-.0339660645
.0361633301
-.0607910156
-.0504760742
.0994720459
.1119079590
-.2614440918
-.3269500732
-.4871520996
-.1841125488
-.0433654785
.0364532471
.0844726563
-.1435699463
.0829010010
-.2450714111
-.2274017334
-.1678466797
-.1781005859
-.1688232422
.0405120850
.0754699707
-.1015625000
-.1591033936
-.1137237549
-.0565490723
-.1627502441
-.1104888916
-.1561584473
.0655975342
-.0706787109
.0722503662
-.0893554688
-.0717926025
.0928192139
-.0864868164
.0535125732
.0494842529
.0448608398
.0307464600
.0244598389
-.0297088623
.0184173584
.0229492188
.0399475098
-.0378417969
-.0309906006
.0320587158
-.0960083008
-.1270141602
-.2229919434
-.0371551514
-.0828552246
-.1869201660
-.1637878418
.0670928955
.0482940674
-.1732482910
-.1029052734
-.0964202881
.0567932129
.0643005371
-.0707092285
.0376892090
.0299987793
-.0386657715
-.0234985352
-.0233612061
.0316314697
-.0188598633
.0217437744
-.0579071045
.0508422852
-.2037963867
.1655120850
.1895446777
-.1763458252
-.1238708496
.0418853760
.0287780762
-.0288391113
-.0353851318
-.0293273926
.0228576660
-.0237121582
.0447235107
-.0271148682
-.1044006348
.0694580078
-.1302642822
.0783843994
-.0247955322
-.1774597168
-.0680541992
-.0396423340
.1420898438
-.1869354248
-.1731567383
-.1378936768
.1108551025
-.1231689453
-.0614624023
-.0527343750
.0349731445
.0251770020
-.0437774658
.1465911865
-.1974487305
.0935974121
-.0457000732
-.1920471191
.0392608643
-.1737060547
.1148834229
.1224975586
-.1317138672
.1280059814
-.0676116943
-.0609436035
-.0532989502
.0214843750
.0359954834
-.0419006348
-.0223541260
-.0475158691
-.0352630615
-.0258941650
.0640258789
.0366973877
-.0433959961
-.1090240479
-.1002349854
-.0793457031
-.1561737061
-.1133270264
-.0554656982
.0635375977
-.0307464600
.0319824219
.0224304199
.0332489014
-.0406341553
-.0414581299
.0503540039
-.0299835205
-.0590362549
.0452117920
-.0360565186
.0992736816
.0261535645
.0273895264
-.0243072510
.0320739746
.0222320557
.0843963623
.0785675049
-.1057128906
-.1913299561
-.0587005615
.0884552002
-.2091064453
-.0360107422
-.0640411377
.1114501953
-.1301879883
.0695495605
.0388488770
-.0319976807
.0584411621
.0618133545
.1265258789
-.0783386230
.2332305908
-.1868591309
-.1761779785
-.0494537354
.1995391846
.0896453857
.0652465820
.0309753418
.0214080811
-.0949554443
.0908813477
.0665283203
-.0866394043
.0643157959
-.0364074707
.0429687500
-.0401000977
.0292816162
.0301666260
.0477752686
.0425109863
.0358734131
.0376281738
-.0368194580
-.0549316406
-.0924682617
-.0457916260
-.3081817627
-.1018829346
-.2124023438
.0615997314
-.1431884766
.1143493652
-.0398101807
-.1729278564
-.1759338379
.1144866943
-.2575683594
-.1463012695
-.2315979004
-.0635528564
-.1426849365
.1101074219
-.1103515625
-.2235412598
.0524902344
-.1114196777
.0957183838
.0950317383
-.1211090088
-.1787414551
-.1997070313
-.1686401367
.1560974121
-.1065826416
.0513000488
-.0487060547
-.1107177734
-.2757263184
-.1224975586
-.0751647949
.0408172607
.0522918701
-.1410064697
.0548248291
.0728607178
-.1159515381
-.0851135254
-.1470947266
-.0694885254
-.2106170654
.0846862793
-.0264892578
.0786132813
-.1874389648
-.0283813477
-.0310668945
.0419769287
.0331726074
-.0348205566
-.0242767334
.0280609131
-.0596923828
-.0364074707
-.1313476563
.1048736572
.1508026123
.0735931396
-.0304565430
.0223083496
-.0384826660
-.0251312256
.0224761963
.0238037109
.0221252441
.0253906250
.0176696777
-.0173187256
.0154571533
.0191192627
-.0254211426
-.0163269043
.0824127197
-.3105163574
.1062469482
.0955963135
-.1899719238
.1051025391
.0489349365
.1345214844
-.1671905518
-.1242065430
-.1638336182
-.1110229492
-.1968536377
.0453186035
.1075592041
-.0702819824
-.1172332764
-.0842895508
.1030120850
-.2276763916
-.1822662354
-.2505493164
.0318145752
-.2848510742
.0655975342
.0308380127
.0341796875
-.0479736328
-.0341644287
-.0308380127
-.0378723145
.0645141602
.0388488770
.0324707031
.0319976807
.0442504883
-.0465240479
.1022491455
-.2797546387
.0857696533
.1521606445
.1523437500
.1392822266
.0637054443
.1747283936
-.0326080322
.1871337891
.1052856445
-.1993865967
-.2131805420
-.0461730957
-.0270233154
.0279693604
-.0326538086
.0961608887
-.1023254395
.1003723145
-.2012786865
.1356506348
-.0332489014
.0752258301
-.1882171631
-.3153076172
.0718688965
-.2117156982
-.1513214111
-.0827331543
-.1698760986
-.1356048584
.0934448242
-.1708526611
.0435485840
-.0651550293
.0597991943
.0555419922
.0325164795
.0278625488
.0413513184
.0352935791
-.0288696289
.0576934814
-.0327148438
-.0303039551
.0538330078
-.0568084717
-.1505737305
-.1678924561
-.0589599609
-.1533966064
.1309509277
.1090087891
.0479431152
-.1393890381
-.0680694580
-.0513305664
.0885162354
-.1003112793
.0580444336
.0851593018
-.0388641357
.0465850830
-.0383148193
-.0280914307
-.0356445313
.0398712158
.0496520996
-.0276947021
.0391845703
-.1485443115
.0561523438
-.1171569824
.1304779053
-.1432495117
.1290130615
-.0434265137
-.2311096191
.0759277344
-.0318298340
-.1036071777
-.0814361572
.0561523438
.0486602783
.0421295166
-.0242614746
.0399932861
-.0464477539
.0495910645
-.0532226563
.0270385742
.0908355713
.1071777344
-.0923461914
.0506896973
.1172332764
.0866241455
.0753021240
.0409545898
-.0520782471
-.0977020264
-.0612182617
.1155242920
-.0734405518
-.0385437012
.0588226318
.0622711182
.0729217529
-.0334167480
.0268554688
.0301513672
-.0338287354
.0487365723
.0761718750
-.2868804932
.0503997803
-.2256622314
-.2512817383
-.2709197998
.1688842773
-.2484893799
-.1926269531
-.2594604492
-.1540527344
.0763244629
.0602416992
-.2031860352
-.1704406738
-.0584564209
-.0591278076
-.1340332031
-.2712249756
-.1087036133
-.3061828613
-.1664428711
.1266632080
-.1876373291
-.1865539551
-.0651702881
.0494079590
-.0273284912
-.0212554932
-.1471405029
-.0566101074
-.0515899658
.0963134766
.0832672119
-.1799621582
-.1449890137
-.2057647705
-.1845550537
-.2337951660
-.1308898926
-.2028656006
-.1701202393
-.0800781250
.0285949707
-.0366973877
.0421295166
.0374603271
-.0462646484
.0390777588
.0295104980
-.0502624512
-.0339965820
.0375671387
.0410461426
-.1282653809
.1352691650
.0577850342
-.0513610840
-.0467834473
.0528564453
.0396728516
.0458984375
-.0328826904
.0257873535
.0397491455
.0506744385
.0465240479
.0778961182
.0623779297
.1706085205
.0803527832
.1017303467
-.1860351563
-.0423583984
-.1019897461
.1070556641
-.0400695801
-.1754760742
.0613708496
.0375976563
-.0540771484
-.0379180908
-.0316467285
.0403137207
-.0240173340
.0406799316
-.0224761963
-.0717315674
.0583953857
-.0480194092
-.1706542969
-.1541748047
.1704711914
-.1120758057
-.0403747559
-.0999755859
-.1271820068
.1012115479
-.1331176758
-.0336151123
.0555572510
-.0876312256
.0870971680
-.0388488770
-.1112213135
-.1673736572
-.1270446777
.0835418701
-.1052703857
.1238098145
.0478210449
.0682373047
-.0296173096
-.0254211426
-.0213775635
.0203247070
.0211486816
-.0137329102
.0415344238
-.2021179199
-.2017974854
-.2720184326
-.2125854492
-.2492980957
-.1478271484
-.1268463135
.0450744629
-.1428070068
.1536865234
-.1360473633
-.0853881836
-.0952301025
.0548400879
-.1336975098
.0573425293
.0766143799
.0829925537
-.0970458984
.0983581543
.0878906250
.0602416992
.0197601318
-.0200195313
-.0181579590
-.0365600586
.0296020508
.0210571289
.0246734619
-.0412902832
.0402679443
-.1902160645
-.1924896240
-.0861358643
-.0781555176
-.1984252930
-.2830352783
-.1657409668
-.1932067871
.0471496582
-.2123413086
-.0771942139
.0585021973
-.1989135742
-.0570983887
-.0456848145
-.0974731445
-.2248535156
.0376281738
.0909881592
.1447753906
.0440368652
-.2093963623
-.1870117188
-.0485534668
-.1491241455
-.1492004395
.0512847900
.1353149414
.1438140869
.0298156738
-.1608276367
.0576019287
.0305480957
-.0308380127
-.0431823730
.0271301270
-.0310668945
-.0440826416
-.0654602051
.0507354736
.0554809570
.0384063721
.0289154053
.0395812988
-.0463409424
.0358886719
.1037902832
.0928497314
.1151885986
.0754852295
.0461273193
.0485382080
-.0400085449
.0421447754
.0315856934
.0472259521
.0326080322
-.0608367920
.0747985840
-.0380096436
-.0908508301
.1091613770
.0767517090
.0981597900
.0990142822
.0627593994
-.1844482422
-.1212615967
.0418853760
-.0462799072
.0305633545
-.0366821289
-.0331268311
-.0562286377
-.0506134033
.0361022949
.0415954590
.0315093994
-.0227966309
-.0272369385
-.0349121094
-.0371704102
-.0306854248
.0167236328
.0131530762
.0117034912
.0086517334
.0086975098
.0066986084
-.0065917969
-.0030212402
.0025939941
.0018920898
-.0181579590
