.0003051758
.0017700195
.0045471191
.0048065186
-.0081939697
-.0091857910
-.0083465576
-.0211944580
.0302124023
.0218048096
-.0205383301
-.0233612061
-.0456848145
-.0568695068
-.0532531738
.0326080322
-.0477752686
-.0340118408
-.0367889404
.0499572754
-.0225372314
.0606231689
-.0417175293
-.0692291260
-.0762786865
.0516662598
.0414733887
.0402221680
-.0543975830
-.0512390137
-.0494689941
.0552062988
.0599060059
.0466156006
.0792999268
-.3028411865
-.2925109863
-.2333831787
-.2587585449
-.2179718018
-.3208312988
-.2152709961
-.1896972656
-.2303466797
-.1616363525
.0542449951
-.0781860352
-.0722351074
.0820465088
.0943145752
-.0546569824
-.0683135986
-.0458221436
-.0451354980
-.0523529053
.1699676514
-.3183593750
-.3099212646
.0939025879
-.2318878174
-.1000671387
-.0673217773
-.1985931396
.0952453613
-.1726684570
.1124267578
-.1111602783
-.0886077881
-.2045898438
-.2004089355
-.1275634766
.0950775146
-.1451721191
-.4742889404
-.2051391602
-.1392517090
-.1510162354
.3594665527
-.0584564209
-.0775451660
-.2375030518
-.2193450928
-.1307678223
-.1602172852
-.1778869629
-.0573577881
.2133178711
.2026672363
-.1530914307
-.0764617920
-.0572509766
-.0687103271
-.0723876953
.0829467773
.0780181885
-.2442932129
-.2231140137
-.0766143799
-.1251220703
-.2413635254
.0749969482
-.1434326172
.2584686279
-.1067657471
.1229705811
-.0585479736
-.1789093018
-.2718048096
-.0484924316
-.2332305908
-.1429748535
.0408782959
-.2259826660
.0721740723
-.0466766357
-.0855102539
-.1148834229
.0661926270
.0508270264
.0576934814
-.1309661865
-.1016540527
-.1904754639
-.1731414795
-.0653228760
-.0744323730
.0501098633
.0335388184
-.0419158936
-.0363311768
-.0550079346
-.0654144287
-.0894165039
-.0954437256
-.1896972656
-.2269744873
-.0981750488
.1442260742
-.2649688721
-.1238861084
.1162109375
-.1018371582
-.1090698242
-.0583648682
.0564727783
-.0266876221
-.0301055908
-.0502929688
.0441589355
-.0525054932
.0451965332
.0684051514
.0512542725
.1956024170
-.1086578369
-.1557464600
-.1258392334
-.1439971924
-.1536407471
-.1920318604
-.1314544678
-.0438690186
-.0891723633
-.0643920898
-.2372589111
-.0894165039
-.1127471924
-.0488586426
-.1193084717
-.1956024170
-.1101226807
-.1860656738
-.2051544189
-.1832580566
.1891174316
-.1167297363
-.1090240479
.0355834961
.0458526611
-.0906982422
-.0726928711
-.0618591309
.0548553467
-.0411834717
.0744018555
-.1232147217
-.3080902100
-.1693878174
-.2945556641
.0896453857
-.0557098389
.0639801025
-.0559082031
.0414733887
-.0340118408
.0607147217
.0424346924
.0593566895
-.1452789307
-.2225036621
-.2558593750
-.0952453613
-.0866088867
.1108398438
.1192016602
-.1742248535
-.2225341797
-.1694183350
.1221466064
-.1656188965
.0718231201
-.1509094238
.0770874023
-.1739349365
-.1910705566
-.0714569092
.0789489746
-.0536956787
-.1133117676
-.1327819824
.1663665771
.0647277832
.1049499512
-.0510711670
-.0353851318
-.0524444580
.0500946045
.0509796143
-.0666046143
-.0638275146
-.0372467041
-.0417938232
.0603485107
.1075744629
-.1183166504
.1069946289
-.0832366943
.0858459473
-.0786895752
.0555114746
-.2148895264
-.0637359619
-.1705322266
.0964965820
-.2763671875
.1821136475
-.0903320313
-.0923156738
.3270111084
-.1686248779
-.1243133545
.0710449219
.0839996338
-.0741424561
-.0569763184
.0530700684
-.0753631592
-.0950164795
.1723327637
-.1698913574
.1187591553
.0798034668
.0686950684
-.0771331787
-.1434326172
-.2088623047
-.2198638916
.1252593994
-.1754760742
-.2241973877
-.1271514893
-.0638580322
-.2008209229
-.2866821289
.1086578369
.0603485107
-.0761718750
-.0715484619
.0711822510
-.0865936279
.0518646240
-.3180999756
-.2794036865
-.2489776611
.1995391846
-.0741882324
-.2661132813
-.1862792969
-.0771331787
-.1166534424
-.2145843506
-.1870880127
.2387542725
-.2518463135
.1305389404
-.0716552734
-.0859069824
-.1841430664
-.1479949951
-.1423950195
.1254119873
.0902862549
.0631561279
.0645294189
-.0719909668
-.0553588867
-.0838317871
-.1065063477
.1153869629
.1900482178
-.1142120361
-.0915832520
.2266387939
.1125640869
.0795440674
-.2217559814
.1636810303
-.0783843994
.0467376709
.0578002930
-.0532226563
-.0633087158
-.0453033447
-.0743408203
.1050567627
.1003112793
.0800933838
.0655975342
.0755157471
.0470733643
-.0585327148
-.0735473633
.0813751221
.0976104736
-.1900482178
-.3286895752
-.4909362793
-.2702026367
.0433349609
-.0712738037
-.0731353760
-.1272735596
-.0901947021
.2340087891
-.2722320557
-.2655181885
-.2006225586
-.1959533691
.0898284912
.0862884521
-.1284637451
.1665802002
.1309509277
.0602111816
-.1549987793
-.1398925781
-.1387786865
.0951995850
-.1418304443
.0900421143
-.0901336670
.1155700684
.1282043457
-.1167297363
-.0826263428
.0876159668
-.0694732666
.0507202148
.0703582764
.0506591797
-.0691986084
.0671539307
.0805816650
.0545043945
-.0723876953
-.1499023438
-.2349548340
-.2297668457
.0880126953
-.1342926025
-.1724548340
-.1721496582
-.1760253906
-.0729370117
-.1692199707
.0888061523
.1305847168
.0731964111
-.1047668457
.0566101074
.0706481934
.0764312744
-.0595092773
-.0897369385
-.0744323730
.0577087402
.0778961182
-.0743408203
-.0604858398
-.0504150391
-.2499237061
.1515655518
.2274932861
-.2126159668
-.1721954346
-.0474090576
-.0548248291
-.0543823242
-.0531311035
-.0601501465
.0390777588
.0410766602
.0706024170
-.0667419434
-.1270294189
.0750274658
-.1620483398
-.0839385986
.0556640625
-.2023620605
-.0442657471
-.1213073730
.1662750244
-.1833190918
-.1516418457
-.1462249756
-.1434936523
-.1479034424
-.0652008057
-.0790100098
.0585021973
.0553436279
-.0389862061
-.2114562988
-.1732177734
.0948791504
.0550537109
-.1865081787
.0692749023
.1733551025
.1694183350
-.2049407959
-.2356719971
-.1214599609
-.1039276123
-.0741424561
-.0669403076
-.0461883545
.0508117676
-.0520324707
-.0354309082
.0461578369
.0730133057
.0597686768
.0399322510
-.0626068115
-.0852813721
-.0982818604
.0960540771
-.1796112061
-.0935516357
-.0990142822
.0717163086
-.0421600342
.0697174072
-.0560913086
.0396423340
-.0420837402
-.0558929443
-.0819396973
.0666503906
.0533752441
.0685882568
-.0603027344
.0321655273
-.0374755859
.0661468506
.0687866211
.0700836182
.0374908447
.0924072266
.1036834717
-.1115570068
-.2042846680
-.0938720703
-.1352691650
-.2546234131
-.0421600342
.1424560547
.1328125000
.1272583008
-.1220550537
.0545349121
-.0787658691
.1354522705
.1152496338
.1095733643
.1026000977
.1214294434
-.1828918457
-.1408538818
-.0522613525
.0617370605
.0899658203
.0765991211
-.0490112305
.0897369385
-.1224822998
.1071319580
.0687103271
-.1110839844
-.0695343018
.1765441895
-.1346130371
-.1009216309
.0603332520
-.0824737549
-.0542297363
-.0578002930
.0713195801
-.0311279297
.0789489746
-.0501403809
-.1108398438
-.2112731934
-.1076354980
-.2154235840
.0445098877
-.1165771484
.1684112549
-.0506591797
-.1836242676
.1163482666
-.1027221680
-.2492828369
.1656951904
-.2343292236
.1068420410
.2450408936
-.1793365479
-.1259155273
-.2417297363
-.0694580078
-.1456604004
-.1000518799
.1165313721
.1244201660
-.2097930908
-.1938323975
.1607666016
-.1541595459
-.0927429199
-.0523529053
.0482940674
-.1165618896
-.3034515381
-.0868835449
.0924835205
-.0810546875
.0654449463
-.0573272705
.0946502686
-.1023559570
.1266937256
-.2674560547
-.0847320557
-.1367797852
-.1863555908
-.0900878906
-.1573028564
-.1601867676
.0901336670
.0501403809
-.0416107178
.1027679443
-.0305786133
-.0388031006
-.0480651855
-.0479736328
.0442199707
.1903686523
.1350860596
-.1144104004
-.1865844727
-.0525817871
.0905456543
.0660705566
.0422668457
-.0555572510
.0433044434
.0406951904
.0435638428
-.0451049805
-.0433349609
.0442504883
-.0487823486
-.0872955322
.1083526611
.1030426025
-.2770385742
-.2900085449
-.1560821533
-.2289123535
-.3298339844
.1183929443
.1253204346
-.1753845215
-.1161804199
-.1739807129
.1061859131
-.1582183838
.0321502686
.1046295166
-.0577545166
-.1302337646
.1249084473
-.1373443604
-.2231597900
-.1972198486
-.3247222900
.0710754395
-.2949981689
.0821990967
-.0405120850
-.0496368408
.0404052734
-.0329284668
.0407714844
.0436096191
-.0440063477
-.0364685059
-.0467987061
.0335083008
.0342407227
.0496520996
-.2055053711
.0814361572
.0700225830
-.1440887451
.1295166016
-.1439819336
-.1531982422
-.0363159180
-.1496124268
.0984344482
.1502227783
-.2475891113
-.1228179932
.0334320068
-.0687103271
.1341705322
-.1208190918
.1035461426
.1056518555
-.2258911133
.1321563721
-.0525360107
-.0437927246
.2001800537
-.2821502686
.0991058350
-.0686645508
-.1561126709
.0843200684
.2635498047
-.1668548584
.1186523438
-.1895599365
.0651702881
-.0987243652
-.0758514404
.0569000244
-.0577392578
.0791168213
-.0729827881
-.0808410645
-.0656280518
.0846557617
.0754852295
-.0608367920
-.0905303955
.0659790039
-.1456146240
.1072540283
.0671844482
-.1528167725
-.1657257080
-.1191101074
.1164093018
-.0879974365
.0711669922
.0898284912
.0729827881
-.1074829102
-.0925598145
.0533752441
.0614471436
.0673217773
-.0606231689
-.1253356934
.1434783936
.1112976074
-.0805358887
-.0714416504
-.0964355469
.2248992920
-.1261596680
.1386413574
-.1440277100
.1871643066
-.1746368408
.1876983643
-.2121429443
.0714569092
.1099548340
.1104431152
-.0746765137
-.0992736816
.0795745850
.0443878174
-.0662231445
.0765533447
.0659027100
-.0980072021
.0669860840
.1353454590
.1193084717
.0930480957
-.0836029053
.1220550537
.1212463379
.0809936523
-.0648651123
-.1025390625
-.0823364258
.1173400879
.0704803467
.0842895508
.0443878174
-.0388946533
-.0634155273
.0718231201
.0889434814
-.0509338379
.0712738037
.1315917969
.0804595947
-.1074676514
.2294006348
-.1077270508
.1737060547
-.2716674805
-.2740325928
-.2151947021
-.2349395752
-.2112579346
-.1991882324
-.1196136475
.0829620361
-.1331176758
-.1722717285
-.1376800537
.0668029785
-.1179809570
-.2031860352
-.1456451416
-.2101440430
-.1886596680
-.1595001221
-.1628875732
-.1416473389
-.1383514404
.1049652100
.0983428955
-.1166229248
-.1009674072
-.1035614014
.1408538818
-.1474914551
-.0962219238
-.1566467285
-.1554260254
-.2376098633
-.1486053467
-.2308959961
-.1748962402
-.1101837158
-.1734161377
-.0716552734
.0801239014
.0902709961
-.0747833252
.0728759766
-.0789184570
.0793304443
.0726165771
.0703277588
-.0538024902
.0503234863
.0531005859
.1242828369
.1392822266
-.0670471191
-.0551452637
-.0668334961
.0846252441
.0332336426
.0477294922
.0600585938
.1070861816
-.1631927490
.1063079834
.1140441895
.1084136963
.1119689941
-.1642913818
-.0945129395
.1178741455
-.1610717773
.0829162598
-.1721954346
.1460113525
.1064300537
-.0975036621
.0492553711
.0749359131
-.0859375000
-.0532684326
.1032867432
.0636291504
-.0752410889
.0494537354
-.0663909912
-.1362609863
-.1285400391
-.1437072754
-.1514129639
-.1915893555
.1804656982
.0842437744
.0755920410
.1031036377
-.1336517334
.1311187744
-.0770416260
.0812072754
-.1439208984
.0621948242
.0663146973
-.1313781738
.1569366455
-.1074371338
-.0904083252
-.1268157959
-.1219940186
-.0826110840
-.0527648926
-.0667724609
-.0552215576
.1066741943
-.0591430664
-.0610198975
-.0740203857
.0563201904
-.1711120605
.1994171143
-.2067108154
-.1845092773
-.2878265381
-.1749725342
.0839385986
.0613098145
-.1453094482
.1467437744
-.1409454346
.1059265137
.0894165039
-.1049041748
-.1310729980
-.1104583740
.1312255859
.0976257324
.0962829590
.1403808594
.1130676270
.0430755615
-.0411224365
.0475769043
-.0530090332
-.0704345703
.0601654053
.0640411377
-.0471954346
-.0483398438
-.0893859863
-.1961975098
-.1939086914
-.1219024658
.1768493652
-.1701507568
-.1613769531
-.2825317383
.0883178711
-.1428985596
.1693725586
.1018981934
-.2464599609
.2151794434
.0732727051
.1160430908
-.2040710449
.0614013672
.1311187744
-.0833129883
.0497741699
-.2444152832
-.1523437500
-.0872802734
.1957550049
-.1404571533
-.0707855225
.1396636963
-.1296691895
-.0601654053
.1140289307
.0661315918
.0598602295
-.0362701416
.0409393311
-.0658264160
-.0662231445
-.0522766113
.0442047119
.0686340332
.0505523682
-.1038970947
.0596008301
-.0706329346
-.0497436523
.0347137451
.0776214600
.1023406982
.1328277588
-.0677490234
-.0497894287
-.0491027832
.0453491211
-.0900268555
-.0868988037
.0742797852
.0786895752
.0859527588
.0773925781
-.0922698975
-.0973358154
-.1006011963
.1034393311
.0908813477
.0965576172
-.1127624512
-.2168273926
-.0588378906
.0646972656
-.0588073730
-.0491638184
.0620117188
.0508880615
-.0744476318
-.1454010010
-.1785583496
.0855407715
.0825347900
.0668487549
.0656585693
.0569915771
-.0655975342
.0547790527
.0709533691
.0360260010
-.0512084961
.0563812256
.0437774658
-.0551910400
.0435943604
.0309906006
-.0516967773
-.0423431396
-.0323181152
-.0249023438
.0340118408
.0211486816
.0422210693
-.0161285400
.0189819336
-.0130157471
.0087432861
-.0081939697
.0069580078
.0053405762
.0018157959
-.1600036621
