.0000610352
.0014801025
-.0047454834
.0037078857
.0063934326
.0056304932
-.0077056885
.0116271973
-.0108184814
.0112609863
-.0134887695
-.0136871338
.0162506104
-.0189666748
.0167694092
.0163726807
-.0223236084
-.0218658447
.0328979492
.0199432373
-.0300445557
.0334167480
.0327606201
.0438995361
-.0218200684
-.3334045410
-.2135009766
-.1464538574
-.2491455078
-.2104492188
-.2783813477
-.1717376709
-.1119232178
-.2428436279
-.1141510010
.0182037354
.0157165527
-.0221557617
-.0209045410
-.0208282471
-.0216064453
-.0251922607
.0178375244
.0247955322
-.0245056152
-.3501586914
-.3106994629
-.2821807861
.0469055176
-.1648101807
.0780029297
.0439147949
-.1754913330
-.1144866943
-.1848602295
-.1046142578
-.0788421631
.0779724121
-.1838684082
-.1428680420
-.1608276367
.0369110107
-.1791076660
-.1466827393
-.1866302490
-.1131134033
-.1471405029
-.0255126953
.0195922852
-.0366668701
-.2455139160
-.1885223389
-.0546112061
-.1938018799
-.1919860840
.0790557861
.1338806152
-.1653747559
-.1981506348
-.0732574463
-.0700378418
-.0313873291
.0358123779
.0211791992
-.0225524902
-.1650238037
-.2184753418
.0240325928
-.1645812988
-.1639251709
-.0421600342
-.1258087158
-.0708618164
-.1506195068
.0725097656
.0578918457
.0266113281
-.2042999268
-.1647949219
-.0642395020
-.1466522217
-.1423187256
.0183258057
-.2316436768
.0496978760
-.0188140869
-.1064910889
-.1137847900
-.0241699219
-.0348205566
.0435180664
-.1049194336
.0846099854
-.2174987793
-.0870056152
.0808715820
.1327819824
.0490112305
.0162963867
-.0372467041
-.0366363525
-.0190582275
-.0155944824
.0477905273
-.1007843018
-.1124572754
-.1167144775
.0284118652
.0572204590
-.0991668701
-.0956420898
.0791931152
-.1176300049
-.0908203125
.0540466309
-.0162200928
-.0172576904
-.0133819580
.0154113770
-.0177917480
.0240478516
-.0153198242
-.0178222656
-.0151214600
.0153656006
-.0178833008
-.1412963867
-.0830078125
-.1332092285
-.1484069824
-.1762237549
-.2277526855
-.1294250488
-.0493164063
-.1088562012
-.1287384033
.0247650146
-.1244506836
-.0498657227
-.0311584473
-.1062316895
-.2154846191
-.1685791016
-.1381530762
-.1657562256
-.1787109375
-.1445465088
-.1151733398
-.1025695801
-.0388946533
.0329742432
-.0152130127
.0183410645
.0132293701
-.0350494385
-.0203094482
-.0363006592
-.0466918945
-.3178405762
-.1592102051
-.2564239502
-.0745544434
-.0396118164
-.0328674316
.0227661133
.0321807861
-.0305786133
.0234069824
-.0220794678
.0162658691
-.0558776855
-.2160797119
-.2494812012
-.0821533203
-.0703430176
-.1290893555
.0586395264
-.1873016357
-.2161865234
-.1214447021
-.0968780518
-.1510467529
-.1301269531
-.1761016846
.0553131104
-.1548156738
-.2575531006
.0726623535
-.1265258789
-.0243988037
-.1920623779
.1218566895
-.0684204102
-.0589904785
-.0456848145
.0823059082
.0578155518
.0346221924
-.0207061768
-.0208587646
-.0214385986
-.0256500244
-.0249938965
-.0260620117
.0346832275
.0180664063
-.0270385742
.0307006836
.0243377686
-.0326690674
-.1179504395
-.0765533447
.0451507568
-.1658782959
.0385131836
-.1690368652
.0357055664
-.2353668213
-.1085052490
-.0587463379
.1184234619
.2999267578
-.1560363770
-.1000823975
-.0357208252
.0285034180
-.0348358154
.0208129883
-.0264892578
-.0417175293
.0588684082
.1503143311
-.1322326660
-.1066589355
-.0422668457
.0188140869
.0240783691
-.0905151367
.1578674316
-.2036895752
-.0905456543
.0598602295
-.2321472168
-.0566558838
.0393524170
-.0215301514
-.2977752686
.1186370850
-.0353393555
.0282897949
-.0262603760
.0272674561
.0218658447
-.0256958008
.1716613770
-.3988800049
-.1627197266
.1089935303
-.0831909180
-.2260589600
-.1709442139
-.1476898193
-.0661010742
-.2454681396
-.1619720459
-.2161407471
.1877288818
-.2642364502
.0244598389
.1257171631
.0462799072
-.1334075928
-.0783386230
.1293487549
.1207580566
.0480651855
-.0431976318
.0192413330
-.0234985352
-.0295410156
.0326080322
-.0329284668
.0230560303
-.0209197998
.0799713135
-.0919494629
-.1823883057
-.0617675781
.0404968262
-.1898193359
-.1327972412
.0424194336
.0516052246
.0349121094
.0293731689
.0479278564
-.0515594482
-.0916137695
-.1125793457
-.0443115234
-.0252227783
.0353698730
.0246124268
.0194549561
.0350799561
.0248565674
-.0303497314
.0467529297
-.1262207031
-.2748413086
-.4825439453
-.3385620117
-.0592803955
.0297851563
-.0248870850
-.0868530273
-.1801300049
-.1466217041
-.3243713379
-.1877288818
-.1798706055
-.1692199707
.1023864746
-.1391754150
-.0330200195
-.1705627441
-.1652069092
.0757751465
-.0484008789
-.1207275391
-.1460571289
-.0531768799
.0316772461
-.0382537842
.0614776611
-.0880584717
.0566406250
.0705261230
.0730743408
.0734405518
.0384216309
.0259246826
-.0478057861
-.0255126953
-.0314788818
-.0276184082
.0227813721
-.0255432129
.0284576416
.0336761475
.1421508789
-.1605072021
-.2898406982
.0507507324
-.1525573730
-.1697082520
-.1165008545
-.1448822021
-.0463867188
-.1434020996
-.0641784668
.0872039795
.0452117920
.1013031006
.0580139160
-.0276489258
-.0286102295
-.0195465088
-.0216979980
-.0216979980
-.0208587646
-.0242156982
.0155029297
.0212402344
.0197143555
-.2415161133
-.1202850342
-.1504516602
-.0832519531
-.2348785400
-.0558776855
.0243835449
.0245971680
-.0186767578
.0238342285
.0239257813
-.0279998779
.0288085938
-.0209045410
.0158233643
-.1659698486
-.0557708740
-.2076263428
.0325469971
.0586242676
-.0792388916
.0256652832
-.1882934570
-.1692962646
-.1982879639
-.1525573730
.1227111816
-.0459594727
-.1813507080
.0513763428
-.0173797607
.0222625732
-.0159759521
-.1524353027
-.1602935791
-.1528167725
.0402984619
-.1404113770
-.1548614502
.0513610840
.1263275146
.1147003174
.1047210693
-.1516418457
-.0867156982
-.0399932861
.0263366699
-.0355224609
.0366516113
.0357666016
.0345153809
.0148468018
.0260009766
-.0302886963
-.0161132813
-.0330810547
.0402526855
-.0750732422
.0926818848
-.0950775146
-.1641693115
-.1119079590
-.1249237061
.0597686768
-.0386199951
.0198822021
-.0275726318
.0264282227
-.0193176270
.0312347412
-.0327301025
.0326232910
.0416564941
.0316619873
-.0183258057
.0147705078
-.0276641846
-.0324096680
-.0358581543
.0221862793
.0251922607
-.0263214111
.0889434814
-.1198120117
-.0937194824
-.0751190186
.0381164551
-.1588592529
-.0720214844
-.0283508301
-.1813049316
.0333862305
.0954742432
-.0558624268
-.1404571533
.0982971191
.0158843994
-.1250000000
.0785827637
.0896606445
-.1699523926
-.1776580811
.0725860596
.0169677734
-.0195007324
.0658874512
.0405426025
-.0216522217
-.1025085449
.0901336670
.0785369873
.0269622803
-.0850677490
-.0843200684
-.0326538086
-.0718231201
.0812988281
.0276489258
-.0269012451
.0626220703
-.0365295410
-.0363922119
.0211029053
-.0169677734
.0170593262
-.0605621338
-.0439147949
-.2470245361
-.2074279785
.0304107666
-.0949096680
-.1794128418
.0438079834
-.1390533447
.1113433838
.1051025391
-.1942596436
-.1423797607
-.2711029053
.0678710938
-.0695495605
-.2563781738
-.0942840576
-.2105712891
-.2298278809
-.0686645508
-.1241760254
.0375823975
.1453552246
-.0932159424
-.2401428223
.1773681641
.1623382568
-.1149291992
.0836181641
.1062622070
-.1059875488
-.1216583252
-.2656250000
-.0697784424
-.0247955322
.0182800293
-.0248413086
.0167236328
-.0885772705
.0479278564
.0436401367
-.2171173096
.0493774414
-.1652984619
-.1711730957
-.0916137695
-.1064453125
-.1820373535
-.0285949707
.0208740234
.0152740479
.0102081299
.0216522217
.0157470703
-.0143890381
-.0220031738
-.0164642334
.1128997803
-.1418457031
-.0936126709
-.1686553955
.0159454346
.0298309326
-.0173797607
.0161285400
-.0387878418
-.0163116455
-.0247192383
.0104064941
-.0126495361
-.0171051025
.0234527588
.0388183594
.0265045166
-.0289001465
.0151214600
-.1104888916
-.2698211670
.1099090576
.1352233887
-.1084899902
-.0582733154
-.1419525146
.1066894531
-.0909881592
-.1700592041
-.0808105469
-.1775665283
-.0407104492
.0417633057
.0194244385
.0779724121
-.1125946045
.0896759033
-.2098083496
-.1572875977
.1847534180
-.2056579590
-.0310974121
.0827789307
-.0437164307
-.0315246582
-.0157775879
.0210876465
.0214996338
.0260314941
-.0196838379
-.0182037354
-.0133514404
-.0220336914
-.0196685791
.0201110840
.0235137939
-.2698516846
-.0370941162
.0895843506
-.1551513672
.1068115234
.1297454834
-.1682739258
.0495300293
-.1282043457
-.0647125244
-.0715179443
-.1974792480
-.1169891357
.0215759277
-.0236511230
-.0579833984
-.1322174072
-.1107177734
-.1181030273
-.2182922363
-.1371307373
.0716552734
.0402984619
-.2170257568
-.2637634277
-.0466308594
.0466308594
-.2234497070
.0683441162
-.0325775146
-.1819458008
-.0923614502
-.1768188477
.0408630371
-.0431671143
-.0552062988
-.0311126709
.0447998047
.0285797119
.0336914063
.0211181641
.0182647705
-.0179901123
-.0272064209
.0310058594
.0251312256
-.0657501221
-.1016540527
-.2387237549
.1094665527
-.1691284180
-.1040496826
.0940551758
.0947418213
.1765289307
-.0663452148
-.0475311279
.0931701660
-.0767517090
.0752716064
.0592651367
.0286712646
-.0321655273
.0294036865
-.0166625977
.0191955566
-.0263366699
.0165863037
.0121307373
-.0207977295
-.0723876953
.1933288574
.1174774170
.1124572754
-.1365356445
-.1413879395
.0512847900
-.0918121338
-.2098541260
-.0661315918
.0576324463
.1006774902
.0373992920
.0431976318
.0518341064
-.0238647461
-.0133514404
-.0240173340
.0584869385
.0449371338
-.0162048340
.1519622803
.1032562256
-.0885620117
-.0752563477
.0720977783
.0762939453
.0820922852
.0292968750
.0285644531
-.0283660889
.0347290039
-.0269775391
.0191497803
-.0234527588
-.0427551270
.0310211182
.0464477539
-.0268402100
.0307922363
.0243377686
-.0674743652
.1592712402
-.0297851563
.1717071533
.0803527832
-.2308197021
-.2075347900
-.0965881348
-.2114715576
-.2165985107
-.2437591553
-.1951751709
-.1219940186
-.0476226807
-.0635528564
-.1729736328
-.2013549805
-.1192474365
-.0482482910
.1355438232
-.2350921631
.1064300537
-.2317657471
-.1633758545
-.1351623535
-.1551971436
-.1517333984
-.0769805908
-.0305175781
-.0585327148
-.0710144043
.0322113037
.0964355469
.0255584717
.0956573486
.0273132324
.0483703613
-.0921020508
-.1343078613
-.1349792480
-.2421112061
-.1518249512
-.1742401123
-.1618804932
-.1160583496
-.0300903320
.0468139648
.0247955322
-.0280914307
-.0387420654
-.0354309082
.0369873047
.0274047852
.0317382813
.0206756592
.0179595947
.0337829590
.1517639160
.0913391113
.0283966064
-.0172424316
.0270538330
-.0278320313
-.0228424072
-.0341339111
-.0300750732
.0222320557
.0464172363
.0414123535
.1097259521
.0667419434
-.1230773926
-.0891876221
-.0264282227
-.1656341553
.0325164795
-.1011047363
-.0940551758
.0343780518
-.2263946533
-.0468750000
-.0159149170
-.0449676514
.0174713135
-.0304260254
.0252990723
.0266418457
.0197448730
.0201416016
.0192108154
-.1354064941
-.1044311523
-.1156463623
-.1312103271
-.1873168945
-.1428985596
.0498657227
.0232086182
-.1262664795
-.1432800293
.1069335938
.0507812500
.0265502930
-.0929565430
.0281219482
-.0288391113
-.1385498047
.1313323975
-.1408233643
-.1022033691
-.0808105469
-.1012420654
-.1014556885
.0720367432
-.0693359375
.0432128906
-.0277252197
.0288848877
-.0402526855
-.0299224854
-.0251922607
.1123199463
-.2250823975
-.1824340820
-.2088775635
-.2107086182
-.1396789551
-.1688079834
-.0310821533
-.1442718506
-.1683044434
-.0363006592
-.1446228027
.1373138428
.1044769287
-.1386871338
-.1038665771
.0788269043
.0957641602
.1053771973
-.0881347656
.0942840576
.0779724121
.0317840576
-.0236053467
-.0301208496
.0227661133
.0205535889
-.0304565430
-.0476074219
.0407562256
.0394439697
.0877532959
-.2011108398
-.1341705322
.0862731934
-.2159423828
-.1712341309
-.2111053467
-.2206420898
.0885314941
-.1015930176
-.1313018799
.0291900635
-.1616363525
-.2725677490
-.0304565430
-.0494842529
.1196136475
-.0887603760
.1142883301
.0721893311
.0671386719
-.1943054199
-.1192779541
.1239318848
-.0924072266
-.1324462891
.0576629639
.1133575439
.0935211182
.1406707764
-.0460205078
-.0914916992
.0571289063
-.0312042236
.0238342285
.0326080322
.0245513916
-.0313720703
-.0262451172
-.0339050293
-.0399932861
-.0371398926
.0220947266
.0193328857
.0187835693
.0173034668
.0514678955
.0703582764
.0859680176
.0960235596
.0388793945
.0271606445
.0244903564
.0317993164
-.0447082520
-.0443878174
-.0262298584
.0473327637
-.0547637939
.0534057617
.0752868652
.0747070313
-.0990142822
.1078796387
.0864105225
.0885467529
.0933837891
-.1887512207
-.0375671387
-.0390777588
-.0185394287
-.0152435303
.0294036865
.0225372314
-.0220336914
-.0216217041
.0275421143
.0139923096
-.0199127197
.0201873779
.0170593262
-.0215301514
-.0136260986
.0130157471
-.0193023682
-.0127868652
.0164337158
.0186309814
.0119323730
.0246582031
-.0098876953
-.0113983154
-.0089721680
.0066375732
-.0068511963
.0068359375
.0070648193
-.0043487549
.0041198730
.0029602051
-.0016479492
-.0010223389
.0006561279
.0862731934
