.0011444092
-.0253295898
-.0300598145
-.0334320068
-.0507354736
-.0467681885
-.0423889160
-.0400543213
-.0358581543
-.0344696045
-.0363769531
-.0373992920
-.0187683105
-.0027618408
.0010528564
.0009460449
-.0005187988
-.0199890137
.0671844482
.0914001465
.0781555176
.0852813721
.0753173828
.0520935059
.0517120361
.0627746582
.0609588623
.0543670654
.0357055664
-.0061645508
-.0010375977
.0007476807
.0488891602
.0489501953
.0460815430
.0344238281
-.0184631348
-.0356292725
-.0466156006
.0422058105
.0184783936
-.0065002441
-.0335540771
-.0330505371
-.0266113281
-.0212097168
.0175170898
-.0253601074
-.0322113037
-.0482788086
.0554046631
.0568237305
.0523834229
-.0237579346
.0438232422
.0381317139
.0369110107
.0340881348
-.0236206055
-.0255432129
-.0244598389
-.0097045898
.0074920654
.0110015869
.0148315430
-.0112915039
-.0082702637
-.0050201416
-.0163269043
-.0391998291
-.0447082520
-.0441131592
-.0370483398
-.0026092529
-.0009918213
-.0005340576
.0012054443
-.0004577637
.0005035400
.0005798340
-.0386657715
-.0445709229
-.0445251465
-.0473022461
-.0458831787
-.0340118408
-.0258941650
-.0186920166
-.0144500732
-.0100402832
-.0076446533
-.0009613037
-.0006256104
-.0007171631
-.0003509521
-.0007171631
.0017852783
.0003356934
-.0003814697
-.0003204346
-.0003662109
.0004425049
.0003509521
-.0002746582
-.0004119873
-.0003356934
-.0003814697
.0003356934
.0003662109
-.0003967285
-.0005187988
-.0004272461
-.0004882813
.0003509521
.0005035400
.0004119873
.0003509521
-.0003662109
-.0003967285
-.0063781738
-.0298767090
-.0396270752
-.0436248779
-.0451660156
-.0447845459
-.0388183594
-.0366210938
-.0394897461
-.0363006592
-.0271606445
-.0157928467
-.0016632080
.0006561279
.0007324219
-.0011749268
-.0012359619
-.0004882813
-.0007171631
-.0006408691
-.0006256104
-.0003356934
.0003509521
-.0043640137
-.0178375244
.0508270264
-.0612945557
.0586242676
.0383758545
-.0178070068
.0479125977
.0670166016
.0680694580
.0695495605
-.0324401855
.0566711426
.0754547119
.0734405518
.0526123047
-.0458984375
.0306701660
.0595245361
.0744171143
-.0485076904
-.0030517578
.0005645752
-.0003662109
-.0003662109
.0193176270
-.0585632324
-.0637054443
-.0635986328
-.0646667480
-.0495910645
.0433197021
.0408477783
.0370788574
.0378265381
-.0473632813
.0354003906
-.0302429199
-.0049743652
-.0252838135
-.0407562256
-.0439605713
.0508117676
.0476074219
-.0167694092
-.0010681152
-.0007934570
-.0318450928
-.0584106445
.0551300049
-.0510711670
-.0438537598
-.0484313965
-.0543518066
-.0603027344
.0826873779
.1122436523
.1090240479
.1037139893
.0580291748
-.0583801270
-.0423431396
-.0447235107
.0364227295
.0102539063
-.0452880859
-.0486907959
-.0543823242
.0534820557
.0586242676
.0431823730
-.0142211914
-.0201873779
-.0431976318
-.0503082275
-.0600585938
-.0674133301
-.0414733887
.0337371826
.0374298096
-.0317993164
.0008544922
.0006103516
-.0135955811
.0542449951
.0606536865
.0567169189
.0489349365
-.0222625732
-.0200042725
.0381317139
.0398101807
.0375518799
-.0464477539
.0232238770
-.0373229980
-.0374450684
.0137481689
-.0334472656
-.0328979492
-.0325775146
-.0165557861
-.0218353271
-.0239715576
.0233306885
.0544281006
-.0838012695
-.0838317871
-.0727386475
-.0282897949
.0644226074
.0554809570
-.0513763428
.0496520996
-.0306396484
-.0351409912
-.0126342773
-.0081329346
-.0099639893
.0146636963
.0057067871
.0055694580
-.0345153809
.0682220459
.0639648438
.0644226074
-.0160064697
-.0042114258
-.0020294189
-.0009613037
-.0010681152
-.0259704590
-.0683441162
-.0637512207
-.0627136230
-.0620422363
-.0442657471
-.0313720703
-.0260772705
-.0179290771
-.0147094727
.0020446777
.0005340576
.0014038086
-.0008239746
-.0006561279
-.0006713867
.0004272461
.0005340576
.0004425049
-.0004730225
-.0005493164
-.0006408691
.0003356934
-.0004730225
-.0004577637
.0003356934
.0003814697
-.0003662109
-.0003204346
-.0003814697
-.0004425049
.0003509521
.0003967285
-.0008544922
-.0029449463
-.0011138916
.0003814697
.0003814697
.0003662109
-.0003356934
-.0004119873
-.0005645752
.0004119873
.0005035400
.0006103516
-.0012969971
-.0187683105
-.0354919434
-.0412292480
-.0424041748
-.0443115234
-.0550689697
-.0672912598
.0718536377
.0701141357
-.0662384033
-.0549316406
-.0648040771
-.0750122070
-.0712127686
-.0642242432
-.0506591797
-.0232391357
-.0130767822
-.0388793945
-.0391235352
-.0330047607
.0048980713
-.0015563965
-.0007629395
-.0007476807
-.0087738037
-.0523681641
-.0517730713
-.0404815674
-.0290527344
-.0258331299
.0274963379
.0184631348
-.0409088135
-.0433502197
.0589752197
.0642242432
.0669708252
.0535888672
.0548553467
.0471496582
-.0177917480
-.0237579346
-.0383605957
-.0386962891
-.0345001221
-.0260009766
.0043792725
-.0011444092
.0009002686
.0004272461
.0249481201
.0419158936
.0480651855
.0507354736
.0415191650
-.0260314941
-.0160522461
-.0404663086
-.0467681885
-.0502166748
-.0509185791
.0482330322
.0578155518
.0444488525
.0505218506
.0555877686
.0430297852
-.0531616211
.0423583984
.0448150635
.0486145020
.0346679688
.0185546875
-.0249023438
.0205688477
-.0184173584
-.0203552246
-.0151367188
-.0059051514
-.0040588379
.0005493164
-.0005187988
-.0005187988
.0004119873
-.0004882813
.0005645752
.0005035400
.0004425049
.0003967285
.0003967285
-.0003051758
-.0004272461
-.0004730225
-.0004119873
-.0004119873
.0006561279
.0005035400
.0005493164
.0003814697
.0004119873
.0004882813
-.0006408691
-.0005340576
-.0005187988
-.0005645752
.0004272461
.0004882813
.0004119873
.0004882813
.0004425049
-.0002899170
-.0003662109
-.0003814697
-.0004272461
.0003204346
.0003509521
-.0002593994
-.0004730225
-.0004425049
-.0004882813
.0123901367
.0052642822
-.0208587646
.0308837891
-.0181427002
-.0278015137
-.0351409912
-.0443878174
.0398101807
.0454559326
-.0222015381
.0124664307
.0102386475
.0083923340
.0050506592
-.0058288574
.0056152344
.0081176758
.0078277588
.0059051514
.0049438477
-.0055084229
-.0048370361
.0037231445
.0052795410
.0096893311
-.0117645264
-.0134429932
-.0125274658
.0143280029
.0101013184
.0010375977
.0097961426
.0024719238
.0058441162
.0054626465
.0048980713
-.0064392090
-.0024414063
.0008087158
.0059356689
.0041961670
.0054931641
-.0086517334
.0090484619
.0177764893
.0186920166
-.0196228027
-.0181427002
-.0059509277
-.0003814697
.0003814697
-.0084228516
-.0047302246
.0063934326
-.0119476318
.0124053955
-.0228729248
.0367736816
-.0116271973
.0014343262
.0007934570
.0131835938
.0144042969
-.0157928467
-.0119781494
.0078735352
.0031280518
.0018768311
.0007476807
.0003509521
-.0003204346
-.0005035400
-.0004272461
-.0103912354
-.0124359131
-.0200805664
.0103912354
.0062103271
.0096740723
-.0024414063
.0006866455
.0004425049
-.0004119873
-.0003509521
-.0005035400
-.0165710449
-.0338134766
-.0408935547
-.0384063721
-.0422058105
-.0422515869
-.0316162109
-.0121765137
-.0062255859
.0311126709
-.0170898438
.0099029541
-.0058135986
.0053710938
.0037078857
.0001525879
-.0002593994
-.0003356934
-.0002441406
-.0002136230
-.0001983643
.0002136230
-.0002136230
-.0001983643
.0002136230
.0002441406
.0002441406
.0001831055
.0001068115
-.0003662109
-.0002593994
-.0001831055
.0000915527
.0006713867
.0006561279
.0005340576
-.0005798340
-.0004882813
-.0005340576
-.0005645752
-.0007324219
.0014343262
.0053710938
.0060272217
.0093536377
.0068511963
-.0080108643
-.0046844482
-.0081176758
.0072021484
.0063171387
.0096435547
.0101318359
-.0113067627
-.0188140869
.0246582031
-.0407104492
.0209503174
.0064544678
-.0018920898
.0117034912
.0245056152
.0192108154
.0183258057
.0150451660
-.0087280273
-.0077819824
.0065307617
-.0075073242
-.0077972412
-.0059356689
-.0046844482
.0066375732
-.0069427490
-.0061645508
.0081024170
.0045776367
-.0026550293
-.0033721924
.0075683594
-.0068664551
.0077514648
-.0049896240
.0038757324
.0030822754
-.0049591064
.0059509277
.0062866211
.0053100586
.0049743652
-.0038909912
.0052185059
-.0086059570
-.0110778809
-.0103302002
-.0052337646
.0027618408
-.0038604736
.0055847168
-.0065307617
-.0062103271
-.0065307617
-.0041351318
-.0010528564
-.0007934570
-.0041351318
-.0063018799
.0060577393
.0052795410
.0041198730
.0041656494
.0051574707
.0043945313
.0054168701
.0060882568
.0088195801
.0094909668
-.0119781494
.0128631592
.0113830566
-.0069732666
-.0014648438
-.0033874512
.0171813965
.0156402588
-.0118865967
-.0027008057
.0005035400
.0007476807
.0009307861
-.0014038086
.0013427734
-.0012359619
.0017089844
.0016021729
.0013732910
.0011749268
.0010681152
.0013122559
-.0012664795
.0012207031
.0009307861
.0007019043
.0005493164
-.0005493164
-.0004577637
.0002899170
.0003967285
.0003967285
-.0003356934
-.0041961670
-.0107879639
-.0074920654
.0039367676
-.0027160645
.0034179688
-.0032196045
-.0006256104
.0004272461
.0105438232
.0652008057
.0128784180
-.0109863281
-.0058898926
.0026550293
-.0005798340
.0004425049
-.0003356934
-.0085449219
-.0056457520
-.0111389160
.0072784424
.0036468506
.0027160645
-.0082702637
.0241394043
-.0233001709
.0176544189
-.0145721436
.0019836426
.0004119873
-.0003967285
.0004425049
-.0074157715
-.0033416748
.0030670166
.0025329590
.0014495850
-.0005645752
-.0003051758
-.0005493164
.0010223389
-.0016937256
-.0015258789
-.0018463135
-.0015411377
.0013580322
-.0014495850
.0011749268
.0008392334
-.0007629395
-.0006561279
.0004730225
-.0004882813
.0011444092
-.0016479492
.0135192871
-.0224151611
.0190887451
.0020141602
-.0007019043
.0005187988
.0004882813
.0139312744
.0168914795
-.0163269043
-.0184020996
.0177917480
-.0118713379
.0054931641
.0048217773
.0133666992
.0068511963
-.0078735352
-.0126037598
-.0189514160
-.0196380615
-.0212097168
-.0012664795
-.0004425049
-.0004272461
.0005187988
.0183258057
.0138549805
.0107269287
.0087585449
-.0092315674
.0108795166
.0068511963
.0007019043
.0061950684
.0116882324
-.0095367432
.0072479248
-.0069427490
-.0038909912
.0041656494
.0037078857
.0042877197
.0057220459
.0074462891
.0111999512
.0124206543
.0189666748
.0197296143
-.0241241455
-.0291595459
-.0267028809
-.0229187012
-.0129699707
-.0059051514
-.0016937256
-.0106964111
.0082702637
-.0080718994
-.0065765381
-.0057220459
-.0052795410
-.0033111572
.0015869141
-.0007476807
-.0004882813
-.0003509521
-.0003509521
.0003509521
.0003509521
.0002746582
-.0002136230
.0002288818
.0001983643
-.0003204346
-.0002899170
-.0003662109
-.0003356934
-.0003051758
.0002899170
-.0002288818
-.0005340576
-.0004730225
-.0003356934
.0001831055
.0003509521
.0003509521
.0003509521
-.0004272461
-.0005798340
-.0006408691
-.0004119873
.0002899170
-.0003051758
.0006256104
-.0011749268
-.0351257324
-.0534515381
-.0814514160
.1024475098
.1382293701
.1523284912
.1865997314
.1930847168
.1961364746
.1927947998
.1943206787
.1933441162
.1914215088
.1858673096
.1719818115
.1591339111
.1473541260
.1409301758
.1451873779
.1499786377
.1460876465
.1378021240
.1333007813
.1363830566
.1303100586
.1256713867
.1230010986
.1244964600
.1210632324
.1118774414
.1004486084
.0974731445
.0989685059
.0974426270
.0928039551
.0867767334
.0790252686
.0668029785
.0651245117
.0615997314
.0624847412
.0585479736
-.0573883057
-.0531616211
-.0502166748
-.0485382080
-.0483245850
-.0463104248
-.0447845459
-.0405883789
-.0377044678
-.0379486084
-.0386199951
-.0392456055
-.0365142822
-.0375823975
-.0403900146
-.0411682129
-.0422058105
-.0418701172
-.0424041748
-.0422210693
-.0453948975
-.0456848145
-.0441436768
-.0442504883
-.0438385010
-.0414428711
-.0418701172
-.0417175293
-.0410919189
-.0389404297
-.0384368896
-.0387573242
-.0397644043
-.0390930176
-.0372619629
-.0380859375
-.0400390625
-.0345916748
-.0119628906
.0016784668
.0008392334
-.0005645752
-.0146942139
.0361633301
-.0366363525
.0382843018
-.0348815918
-.0205688477
-.0269622803
-.0474548340
-.0563354492
-.0574340820
.0477447510
-.0680999756
-.0524597168
.0501403809
-.0031280518
-.0004882813
.0002899170
.0003509521
.0653228760
.1579895020
.1868591309
-.1851806641
-.2946624756
-.2238006592
.2084197998
-.1785430908
.0833892822
-.0477294922
-.0312500000
-.0532836914
-.0681304932
-.0833129883
.0685729980
.0665130615
.0693969727
.0673370361
-.0559539795
-.0677185059
-.0769653320
-.0792083740
.0920104980
.1302642822
.1815490723
.2158355713
.2361907959
.2191925049
.1654510498
-.0861816406
-.0655059814
-.0705566406
.1028137207
-.0768432617
.0671539307
.0732269287
.0458679199
-.0288543701
.0360412598
-.0597839355
-.0598907471
-.0590209961
-.0690155029
-.0688171387
-.0597839355
-.0565948486
-.0530700684
-.0585021973
-.0563659668
-.0525665283
-.0570678711
-.0601654053
-.0635375977
-.0628509521
-.0583038330
-.0434570313
-.0240631104
-.0128784180
.0044250488
-.0019836426
-.0010223389
-.0007171631
-.0004425049
-.0005950928
-.0007934570
-.0014038086
-.0012207031
-.0010528564
-.0006256104
.0004272461
-.0006103516
