.0005645752
-.0018615723
-.0026550293
.0375366211
-.2824707031
.2623748779
.1533508301
.2496185303
.2713012695
-.2472229004
-.2787780762
-.1658172607
.0177917480
-.0120239258
.0427246094
-.2187652588
-.1797332764
.1332550049
.1046142578
.0162658691
.0055541992
-.2581329346
-.2531280518
-.0411376953
-.0907287598
-.0185089111
.0094299316
-.0052032471
.0317535400
-.1532745361
-.2212829590
-.2343750000
-.1336822510
-.1117248535
.0772552490
-.0164642334
.0401458740
-.1261596680
-.0940246582
-.0275421143
.0140991211
.0797271729
.0514526367
-.1608581543
.1205291748
.1196441650
-.1297149658
-.1478576660
-.1285858154
.0359954834
.0024414063
.0041198730
-.1701507568
-.2521514893
-.1907196045
-.0797729492
-.1439819336
-.1649780273
-.1358795166
-.0679016113
-.1303863525
-.1473083496
.0978698730
.0906372070
.0902252197
.0844879150
-.0223083496
.0091400146
-.0143280029
.0143737793
-.0080413818
.1249237061
-.1213684082
-.1215972900
.0489196777
-.0932312012
-.0183410645
.0911254883
.0868225098
-.1063690186
-.0994110107
-.1129760742
-.0680236816
-.0404357910
-.0226745605
.0352783203
.0154113770
.0574035645
-.0283203125
.0350646973
-.0199279785
-.0121154785
-.1009674072
-.1241302490
.0162506104
-.0432891846
.0175933838
.0192260742
.0111694336
.0937652588
.0751190186
.0478363037
-.0653381348
-.0595092773
-.0377349854
.0347595215
-.0149536133
.0070343018
.0281829834
.0168914795
.0682830811
.1405334473
-.0874176025
.0689086914
.0068817139
.0393218994
.0325469971
.0139465332
.0183563232
-.0095214844
-.0031127930
-.0022888184
-.0016174316
-.0019836426
-.0020599365
-.0025787354
.0012817383
.0015716553
-.0023345947
.0022430420
.0027923584
.0010833740
.0018157959
.0015411377
-.0020141602
-.0025329590
-.0019378662
-.0025482178
-.0025024414
.0013275146
.0021972656
.0010223389
.0018615723
.0017547607
-.0145263672
.2170410156
-.3148956299
-.2288055420
-.2175598145
-.1885681152
-.1829833984
-.1849365234
-.1080474854
.0447692871
.0236663818
-.0288696289
.0642242432
-.2413635254
-.0207672119
.1078796387
.1165924072
-.0995941162
.0498504639
.0533142090
-.0126647949
.0157623291
-.0134887695
-.0182495117
.1218566895
-.2423400879
-.2334747314
-.1580047607
-.1374053955
-.1104583740
.0628356934
-.1761779785
.0579223633
.0071716309
.0195465088
.0223083496
.1051635742
.1356506348
.1128234863
.1436157227
-.1436004639
-.1100769043
-.1087341309
-.2331542969
-.1933593750
.1082153320
.1098632813
-.2233581543
-.2565155029
-.2569732666
.1230773926
-.1126708984
-.1498413086
-.1702117920
-.1260528564
.0202636719
-.0087432861
-.0093994141
-.0756530762
-.1572265625
.0482177734
-.0612792969
-.0839996338
-.0785827637
-.0527954102
-.0774993896
-.0753326416
-.0299835205
-.0031433105
.0037841797
-.0326843262
-.1341857910
.1121520996
.1085815430
.0942535400
-.0196838379
.0063781738
-.1183929443
-.0607604980
-.1107177734
-.0816955566
-.0711669922
.0614776611
.0743865967
-.0607299805
-.0457458496
.0042877197
.0039062500
-.0149993896
-.0123291016
-.0127105713
-.0090026855
.0113677979
.1013183594
.0925140381
-.0691375732
-.0481719971
.0418853760
.0517120361
.0310974121
.0280456543
-.0167999268
-.0112457275
-.0207672119
-.0110168457
.0105133057
.0101928711
.0075073242
.0054016113
.0019836426
.0001983643
-.0002136230
-.0002746582
-.0002593994
.0000915527
.0001525879
.0001983643
.0001525879
.0001220703
-.0002136230
.0001068115
.0001678467
-.0001220703
-.0001831055
-.0001220703
-.0005035400
.0005187988
.0016326904
-.0046691895
-.0089416504
.0136871338
-.0132293701
.0151824951
.0088348389
.0168151855
.0201873779
.0142211914
.0132293701
.0098571777
-.0115509033
-.0130310059
.0138549805
.0204925537
-.0312347412
-.0267028809
-.0316162109
-.0314636230
-.0200500488
-.0233459473
-.0203552246
-.0158691406
-.0280914307
-.0250701904
-.0256652832
-.0234222412
-.0118560791
-.0031280518
.0024566650
.0012359619
.0007934570
.0007324219
-.0004730225
-.0008697510
-.0019226074
-.0037536621
.0040740967
.0044860840
.0042419434
.0053710938
-.0053253174
.0057678223
.0067901611
-.0059204102
.0035552979
-.0201873779
-.0169372559
-.0134277344
-.0119018555
-.0132751465
-.0089721680
.0037536621
.0034484863
-.0022888184
-.0024719238
-.0027465820
-.0029296875
-.0029449463
-.0023040771
.0029144287
-.0023345947
.0048065186
-.0127105713
-.0116882324
-.0152130127
-.0146026611
-.0125122070
-.0055236816
-.0014495850
.0007324219
.0011138916
.0011749268
.0007324219
-.0006561279
-.0005493164
.0005798340
-.0006561279
-.0047912598
-.0115203857
.0164031982
-.0208587646
-.0197143555
-.0162658691
.0068511963
-.0014495850
-.0011138916
.0148162842
-.0028228760
.0044097900
-.0017852783
-.0037994385
.0074157715
.0040130615
.0031127930
.0026092529
-.0054931641
.0040283203
-.0038757324
.0035247803
-.0029296875
-.0025024414
.0017547607
-.0022430420
.0021514893
.0010375977
.0009918213
-.0007019043
-.0006103516
-.0005340576
.0005645752
.0005035400
-.0004119873
-.0006103516
.0004577637
.0006866455
.0004882813
.0006866455
.0006713867
.0005187988
.0004272461
-.0004577637
-.0007476807
-.0007324219
.0005798340
.0005035400
.0020294189
.0019836426
.0068511963
-.0084686279
.0073547363
.0033264160
-.0021057129
-.0163269043
-.0148468018
-.0143585205
-.0203094482
-.0242919922
-.0253753662
-.0230255127
.0169219971
.0122222900
-.0090332031
-.0028839111
-.0012054443
.0017089844
.0008850098
.0177001953
-.0128173828
-.0191650391
-.0211181641
-.0140533447
.0076751709
-.0077209473
-.0070037842
.0064392090
-.0086822510
-.0182037354
-.0202789307
.0135498047
.0063629150
.0092163086
-.0015716553
-.0010375977
.0147094727
-.0182952881
-.0099487305
.0032653809
.0041503906
-.0039062500
.0106964111
.0171813965
.0067749023
.0081329346
.0143585205
.0155334473
-.0085296631
-.0027923584
.0026397705
.0054779053
-.0039215088
-.0235900879
-.0249023438
-.0256347656
-.0240936279
-.0083312988
-.0054626465
-.0177001953
-.0188751221
-.0183410645
-.0149841309
-.0126647949
-.0018615723
-.0010375977
-.0007019043
-.0015563965
-.0013275146
-.0070800781
.0198974609
.0169830322
.0187988281
.0142822266
.0059967041
-.0037689209
.0083160400
.0128326416
.0096282959
-.0052032471
-.0026397705
-.0040893555
-.0029144287
.0034637451
.0012969971
.0005340576
-.0097808838
.0138244629
.0227050781
-.0267028809
-.0276794434
-.0312957764
-.0294494629
-.0086975098
-.0305938721
-.0032043457
.0015563965
.0012969971
-.0008544922
-.0009765625
-.0009918213
.0085754395
-.0024719238
-.0034637451
.0131530762
-.0040283203
.0082702637
.0036621094
-.0037384033
.0115661621
-.0146636963
.0161285400
-.0109100342
-.0108184814
.0136871338
-.0140228271
-.0122528076
-.0042877197
-.0136566162
-.0182800293
-.0261535645
-.0232238770
-.0222473145
-.0134887695
.0144500732
-.0178527832
-.0161132813
-.0137939453
.0123138428
.0061340332
.0066528320
-.0043792725
.0040435791
-.0026397705
-.0021057129
-.0021972656
.0036468506
-.0042266846
-.0017089844
-.0118713379
-.0175018311
-.0171966553
.0148162842
-.0113372803
-.0144805908
-.0230255127
-.0230865479
-.0187225342
-.0111083984
.0079956055
.0130920410
.0164031982
.0126953125
.0145111084
.0138549805
.0162658691
-.0187377930
-.0177001953
.0169830322
-.0108489990
.0091400146
.0096588135
.0072631836
-.0075683594
.0036773682
-.0150451660
-.0117034912
.0050354004
-.0039062500
-.0016479492
-.0009918213
-.0010528564
.0009460449
.0006866455
.0010375977
-.0007019043
.0007781982
-.0008087158
-.0015258789
-.0006256104
-.0007781982
-.0005035400
-.0007781982
.0006713867
.0009307861
.0005493164
-.0004272461
.0007629395
.0009613037
.0008392334
-.0037841797
.0090179443
-.0198364258
-.0236511230
-.0324096680
-.0296936035
.0191497803
-.0266876221
-.0277862549
.0206756592
.0239562988
.0277404785
-.0271606445
.0229644775
.0077056885
.0122680664
.0207824707
-.0233154297
-.0275115967
-.0195007324
-.0251617432
-.0278778076
-.0369110107
.0170440674
.0059204102
.0104217529
.0045623779
-.0007934570
-.0014648438
.0121612549
-.0318603516
-.0167541504
-.0159606934
-.0208282471
-.0183410645
-.0156402588
-.0221252441
-.0212402344
.0207672119
.0179901123
.0169982910
.0186309814
-.0136718750
.0147094727
.0193328857
-.0279083252
-.0327148438
-.0282440186
-.0244903564
-.0214691162
-.0230712891
.0188598633
.0162506104
.0199279785
.0139617920
.0131225586
.0145111084
.0122985840
-.0048065186
.0056304932
-.0059661865
.0039672852
-.0237426758
.0035858154
.0013580322
.0092620850
.0051422119
-.0047454834
.0037078857
.0030670166
.0023498535
-.0236816406
-.0318145752
-.0343780518
-.0164184570
-.0222167969
-.0196075439
-.0136108398
-.0071716309
-.0156555176
-.0166473389
-.0148620605
-.0069580078
-.0041809082
.0027923584
.0019531250
.0010223389
.0008392334
-.0006561279
-.0004272461
-.0007476807
-.0011901855
-.0008087158
.0009918213
-.0004882813
.0009460449
.0005950928
.0010528564
.0012512207
.0005187988
-.0009307861
-.0004882813
-.0008087158
-.0006103516
.0007934570
.0019073486
.0021667480
.0058898926
-.0148620605
.0182800293
-.0130157471
-.0082855225
.0098571777
.0071411133
-.0105743408
.0109405518
-.0046691895
.0190734863
.0135803223
-.0108032227
-.0091552734
-.0092926025
-.0085601807
.0095214844
-.0149688721
-.0044403076
-.0264434814
-.0179901123
-.0135803223
.0140838623
.0165405273
-.0152130127
-.0105438232
-.0028076172
-.0026702881
-.0019378662
-.0080108643
-.0195465088
-.0253906250
-.0199279785
-.0144653320
-.0129089355
-.0198059082
-.0211486816
-.0257720947
-.0216064453
-.0136108398
.0108032227
-.0125579834
-.0190582275
-.0262298584
.0189056396
-.0038909912
.0122985840
.0096893311
.0020599365
-.0032348633
-.0030670166
-.0013732910
-.0026092529
.0057830811
.0044860840
-.0043640137
-.0035858154
-.0017700195
-.0013580322
.0027465820
.0009765625
-.0010986328
.0007324219
.0007324219
.0004577637
.0005798340
-.0007171631
-.0009155273
.0008697510
.0003509521
-.0001220703
-.0001983643
-.0001373291
.0001831055
-.0001525879
-.0001678467
.0001678467
-.0002288818
-.0002136230
.1493377686
.2255859375
-.0520019531
.3158569336
.2740936279
.3162231445
.3164367676
.3162994385
.3163146973
.3169403076
.2492370605
.2577819824
-.2258453369
.0936279297
.2920227051
-.0675506592
.2032928467
.1691741943
.1442260742
.0762329102
.0386962891
.0061035156
.0054779053
-.0025482178
-.0020599365
-.0020446777
-.0019531250
.0011444092
.0007934570
.0005645752
-.0004119873
-.0004119873
.0005035400
.0004577637
.0005645752
-.0003814697
.0003509521
.0004119873
.0003662109
-.0003051758
-.0003814697
.0003814697
.0003509521
-.0408782959
.2168426514
-.2560729980
.2840423584
.0673522949
.0743255615
-.0119781494
-.0087432861
-.0034484863
-.0331573486
-.2956390381
-.3029479980
-.2000274658
-.1869659424
-.1940002441
-.2142181396
-.1600036621
-.1853942871
-.3146667480
.1701354980
-.1805419922
-.1540679932
.0984039307
.1589660645
.2379608154
.0638732910
-.0262908936
-.1130371094
-.0415039063
-.3025512695
.1173248291
-.1420440674
.1791381836
.0139617920
.0357055664
.2407531738
.1561279297
.0634307861
-.0386962891
-.0372619629
.0919494629
.2176971436
.2298583984
-.2274627686
-.2006072998
-.1470642090
-.1989440918
.0284118652
.0158081055
-.0115661621
.0038146973
.0024261475
.0014038086
-.0008544922
-.0010375977
-.0005493164
-.0004882813
.0006561279
.0005645752
-.0003967285
-.0004730225
-.0004119873
-.0007324219
-.0054168701
.1225433350
.1672515869
.2835388184
.3090820313
.2566986084
.2142486572
.0626068115
-.1580810547
-.3168029785
-.3154602051
-.0696105957
-.1125183105
-.1102752686
-.1066131592
-.0078582764
.0131530762
.2072296143
.3161010742
-.3178863525
-.3179779053
.0955963135
-.1624908447
-.3154144287
-.3157653809
.0393829346
-.0694885254
.2825927734
.1767120361
.0875854492
-.0303802490
.1226654053
.1574554443
-.2832336426
-.3158721924
.2476806641
.1385650635
.0837402344
.0206909180
.0111236572
.0888671875
-.2776031494
.3168640137
-.2192230225
-.2555541992
-.2722167969
-.2821350098
-.1304016113
-.1960296631
.3175354004
.0932769775
.1194610596
-.1553039551
.0313568115
.2285766602
-.1260375977
-.2388610840
-.2764739990
.0677490234
-.0184783936
-.0241699219
.0204772949
-.0259704590
.1952819824
.2052154541
.1364898682
-.1943359375
-.2613525391
.0861206055
.0459899902
.0167846680
-.2183074951
.1362915039
.0755615234
.0786743164
-.0626220703
-.1668395996
.1167755127
-.0167083740
.0089569092
-.0346679688
-.2382354736
-.1718292236
.0901947021
.0896301270
.0880279541
.0883026123
.1706848145
.1113586426
-.0094299316
-.0087738037
-.1251678467
-.0512237549
.0738983154
.0556488037
.0954895020
.1934661865
.2822418213
-.2275695801
.1367187500
-.0383300781
-.0335845947
.0402832031
.0167694092
.1192626953
-.1143493652
.0048370361
.0068206787
.0272674561
.0934448242
.0818939209
.0391235352
.0172424316
.0073394775
.0036773682
.0024719238
.0018768311
-.0015258789
.0009155273
