.0060577393
-.0069885254
.0059356689
-.0070190430
.0048675537
.0065612793
-.0048980713
.0048065186
-.0051422119
.0061035156
-.0065307617
.0053558350
-.0050201416
.0050811768
-.0070495605
-.0071411133
.0119323730
-.0119628906
-.0113677979
.0104522705
.0127258301
-.0086975098
.0113372803
.0117645264
.0136413574
-.0117492676
-.0086517334
-.0139617920
-.0103454590
-.0084838867
-.0091094971
.0382537842
-.0300750732
-.0244293213
.0160675049
.0106658936
-.0085754395
-.0167236328
.0084381104
.0058746338
.0060424805
-.0052795410
-.0037078857
.0054168701
.0098114014
-.0077056885
-.0083312988
.0069427490
.0073242188
-.0047149658
.0060424805
-.0048675537
.0065612793
.0046844482
-.0057678223
.0139465332
.0128936768
.0130767822
-.0128784180
-.0123443604
.0121612549
-.0126342773
-.0107574463
.0102386475
.0140991211
.0133972168
-.0141448975
.0108642578
-.0098114014
.0095062256
-.0104980469
.0123901367
-.0125732422
-.0104064941
-.0150451660
.0209350586
.0092620850
.0105590820
-.0131378174
.0085601807
.0112915039
.0147705078
.0106658936
-.0195312500
-.0172729492
.0159454346
.0131683350
.0098419189
-.0087432861
-.0140686035
-.0116119385
.0098876953
-.0085906982
-.0115661621
-.0098724365
.0104980469
-.0270233154
-.0097045898
.0679016113
.0331268311
-.0346527100
.0620269775
-.0235443115
.0128021240
.0150909424
-.0103454590
.0243835449
-.0250854492
-.0242462158
-.0406951904
.0683746338
.0430603027
-.0480957031
.0745697021
.0669555664
.0503997803
.0229492188
.0369262695
-.0519256592
.0732116699
.0289764404
.0185852051
.0113372803
-.0084533691
.0125427246
-.0090942383
-.0333099365
.0217590332
-.0616149902
-.0518188477
.0514526367
-.0656280518
-.0631713867
.0592803955
-.0567016602
.0583038330
-.0285644531
-.0220489502
.0121612549
-.0209045410
-.0204620361
-.0295562744
-.0411071777
-.0472259521
.0227813721
.0219268799
-.0182189941
-.0107116699
.0329437256
.0121002197
.0226440430
.0160217285
-.0144500732
.0103607178
.0135040283
.0119781494
-.0114135742
.0108337402
-.0119171143
.0074768066
.0088348389
-.0092620850
-.0347595215
-.0363769531
.0699005127
.0714111328
-.0118103027
.0652160645
-.0359344482
-.0316009521
.0534667969
-.0280609131
-.0365142822
-.0285797119
-.0591583252
-.0451965332
.0298767090
-.0236968994
.0165252686
.0179595947
.0239562988
-.0195770264
.0278320313
-.0117187500
-.0094757080
.0084686279
-.0087585449
.0089416504
-.0079650879
-.0073547363
-.0413208008
-.0275573730
.0175018311
-.0174255371
-.0292510986
-.0516204834
.0211181641
.0129241943
.0228881836
.0386352539
.0191192627
.0104827881
-.0077362061
.0298156738
.0458526611
.0309143066
.0285797119
.0169830322
-.0220489502
.0498962402
-.0197448730
.0218963623
.0113525391
.0376129150
-.0107727051
-.0354309082
.0379180908
-.0302124023
.0165557861
-.0191955566
-.0104522705
-.0095520020
-.0087738037
.0086059570
-.0074768066
.0075378418
-.0084075928
.0069580078
-.0063323975
.0083923340
.0068969727
.0071716309
.0081634521
-.0066986084
.0103149414
.0064239502
.0123443604
.0077362061
.0096588135
.0970306396
.0739746094
.1110382080
.1515655518
.1437530518
.1041870117
-.1171264648
.1119995117
.0815582275
.0758666992
.1835937500
.1216278076
-.1027221680
-.1477355957
-.1333618164
.1140899658
.1239166260
-.0532073975
-.0523071289
.0353851318
-.0287780762
.0348052979
.0249176025
-.0174713135
.0176544189
-.0133819580
.0107727051
-.0142974854
.1110382080
-.0787506104
-.1269073486
.1146240234
.1569671631
-.0605773926
.2217864990
.1884002686
.1359100342
.1488189697
-.1324157715
.2019042969
.1053161621
-.1194305420
.1889343262
.1246185303
.1113281250
.1180725098
.0635681152
-.1483154297
-.1394958496
-.1543731689
.1274719238
.0512695313
.1255798340
-.1110076904
.1594848633
.1344757080
-.1037139893
.1208190918
-.0454559326
.0505981445
.0293121338
.1343383789
.1015014648
.1936645508
.0374908447
.1396484375
-.0628051758
.0838775635
-.1313323975
.1783599854
.1418304443
.1254730225
-.0692291260
-.0800476074
-.0438690186
-.0313873291
-.0250854492
.0215148926
.0175170898
-.0147857666
-.0193939209
.0976562500
.0980224609
-.1045227051
.1980133057
.0634002686
.1284027100
.1250305176
-.0446014404
.1121826172
.1661987305
.1493072510
-.1279449463
.0741577148
-.0876617432
.1452178955
.0467071533
.0323791504
-.1383361816
.1365509033
.0505218506
.1784362793
.1215972900
-.0732574463
.0417327881
.0944824219
.1134796143
-.1058349609
.0967102051
-.0860900879
-.0723266602
.1132965088
-.0439453125
.0315246582
.0199890137
.0242004395
-.0233612061
.0437011719
-.0936889648
-.1203613281
.1112976074
.1063995361
-.0341796875
.1099700928
-.0692901611
.1206817627
.1023254395
-.0480651855
.0346374512
.1141204834
-.0760650635
.0637969971
.0484161377
.0334930420
-.0200500488
.0207061768
.0177459717
.0256500244
-.0228576660
.0143127441
.0159912109
.0152893066
-.0108337402
-.0118865967
-.0082702637
-.0109252930
.0100555420
-.0096588135
-.0140686035
.0110778809
-.0120086670
.0139923096
.0129547119
-.0119628906
.0101165771
.0085144043
-.0133972168
.0963897705
.1124725342
.1604614258
.0919036865
.1679534912
-.0738067627
.0846405029
.0378417969
.0874176025
.0488281250
.0148773193
.0303192139
.0131530762
.0767364502
.0291900635
.0233306885
-.0344543457
-.0148773193
.0102539063
-.0087585449
-.0101013184
-.0111694336
.0097808838
.0104522705
.0122833252
.0093688965
-.0091857910
-.0091705322
-.0136718750
-.0846710205
-.0492858887
.0365142822
.0109710693
.0434875488
.0457153320
.0450134277
.0515136719
-.0254211426
.1578826904
-.0281829834
.0147094727
.0091705322
.0094604492
-.0103302002
.0086059570
-.0097961426
.0083007813
.0153198242
.0082092285
-.0071868896
-.0079803467
-.0084075928
.0137939453
.0086212158
-.0097045898
-.0157470703
-.0087738037
.0441589355
.0249938965
.1133270264
-.0436706543
.0484771729
.0227050781
.0130920410
-.0106811523
-.0096130371
-.0088653564
-.0079498291
.0089721680
.0121765137
.0167083740
.0619812012
-.0471496582
.0518493652
-.0295410156
-.0421447754
-.0790100098
-.0462646484
-.0396118164
-.0196380615
.0139923096
-.0276336670
-.0302734375
.0841522217
-.0521697998
-.0741119385
.0777435303
.0730743408
.0125885010
.0629577637
-.0297088623
.0169982910
.0109405518
-.0786895752
-.0410156250
-.0959472656
.0830535889
-.0534667969
-.0197296143
.0285034180
-.0197906494
-.0104827881
.0104980469
-.0124053955
-.0132751465
-.0135040283
-.0104675293
.0094299316
.0098724365
-.0091552734
-.0086517334
-.0456085205
.0708770752
.0781860352
.0420227051
-.0941772461
-.0165863037
-.0733947754
.0122833252
-.0177764893
-.0632476807
.0438690186
.0213775635
.0449523926
-.0748901367
.0270233154
-.0818634033
-.0965270996
-.0174255371
-.0479278564
-.0784912109
.0440063477
.0225372314
-.0441284180
.0310363770
.0122222900
.0100708008
-.0101318359
-.0963592529
.0676116943
-.0364379883
-.0218811035
-.0132293701
.0165405273
.0130462646
.0110778809
-.0104370117
.0220336914
.0513610840
.0272216797
-.0189056396
-.0170440674
.0652465820
.0181732178
.0157012939
-.0307769775
-.0485992432
.0662384033
-.0277709961
.0124053955
.0451354980
.0130767822
-.0126953125
.0101623535
.0450286865
-.0140686035
-.0127868652
.0133819580
-.0088806152
.0136260986
.0103454590
-.0191497803
.0092163086
.0109405518
.0254821777
-.0755920410
.0558166504
.0191650391
.0447540283
.0643615723
-.0549011230
-.0738830566
.0628204346
.0189514160
-.0371704102
-.0355834961
-.0319213867
.0467071533
-.0327301025
.0555114746
.0230865479
.0445861816
.0133819580
.0161437988
-.0280609131
.0108184814
.0101470947
.0097045898
-.0094299316
-.0075378418
-.0130157471
-.0087585449
-.0098114014
-.0088806152
.0130157471
-.0094757080
.0142517090
-.0168304443
-.0235290527
-.0189208984
.0176391602
.0119934082
-.0132141113
-.0258026123
-.0873413086
-.0247192383
-.0549316406
-.0807800293
-.0871429443
.0841064453
.0273284912
-.0840454102
.0191040039
-.0640106201
.0577850342
.0187530518
-.0137786865
.0137176514
.0140686035
-.0134124756
-.0175476074
.0117492676
.0111083984
-.0089263916
-.0103607178
-.0117492676
-.0152130127
-.0099182129
-.1137847900
.1890106201
-.0980834961
.0449981689
.0201721191
.0167694092
.0153961182
-.0108489990
.0133361816
-.0114288330
-.0137481689
.0254974365
.0326385498
-.0527648926
.0239715576
-.0859680176
-.0256652832
.0744628906
.0879669189
-.0582580566
-.0831604004
-.0705108643
.0326538086
.0260314941
-.0170288086
.0161590576
-.0120391846
.0152282715
-.0123596191
.0128631592
-.0123596191
.0124053955
.0128173828
-.0163726807
.0265502930
.0165405273
.0110931396
.0112609863
.0143127441
.0868530273
-.0620269775
.0676422119
-.1029052734
-.0211029053
-.1591491699
-.0819396973
.0853118896
-.0334167480
.0227813721
-.0166168213
-.0138397217
.0231628418
-.0280914307
.0129394531
-.0136871338
.0123748779
.0103759766
.1986694336
.1094665527
-.0547943115
.2464904785
.1150512695
.2793273926
.1212615967
-.0627288818
-.0457305908
.0398101807
-.0253906250
.0190734863
.0178985596
.0188293457
-.0194396973
-.0335693359
.3094940186
.0838470459
.1227416992
-.0811462402
-.1041717529
-.0348663330
.1992187500
-.1280517578
-.0999603271
-.0621490479
.1525268555
.1635131836
.0939025879
.1255645752
-.0518646240
.1781768799
.2409057617
.1683959961
.1924591064
-.1740570068
.1629791260
.1251831055
.0772552490
-.0584106445
-.0735473633
-.0596313477
-.0528717041
.1053771973
-.1533355713
-.1671752930
-.1277465820
.1133117676
-.0898742676
.1042938232
.0800476074
.1035156250
.1261749268
.1412658691
.1533203125
.0945281982
-.0478057861
.0668640137
-.0778961182
.1053619385
.1145629883
-.1227722168
-.1269378662
-.1133728027
-.1250915527
.0726928711
-.0455169678
-.0915069580
-.0864105225
-.0791320801
.0970001221
.1148223877
.1150970459
.1101989746
-.0532836914
-.0505218506
-.0852966309
.1062011719
.1152191162
.1058807373
.0976257324
.1094207764
.1021118164
.0917053223
-.0995635986
.0829162598
.0769195557
.0918731689
.1115417480
.1029052734
-.0871734619
-.0483856201
-.0297241211
-.0239715576
.0687103271
-.0892944336
-.1289215088
-.1320343018
.1324462891
.1239624023
.1194763184
.1227264404
.1271820068
.1252899170
.1179656982
.1191558838
.1366729736
.1353454590
.0580444336
.0393066406
.0305023193
-.0195159912
.1032867432
-.1449127197
-.1684570313
-.1367492676
-.1588592529
-.1387176514
-.1729278564
.1622314453
.1080017090
-.1241455078
.1524200439
.1438751221
.1549530029
-.1280364990
.1458740234
-.1393432617
-.1116790771
-.1589660645
-.1291351318
-.1676940918
.1193237305
-.1222381592
-.1196441650
-.1431884766
.1347351074
.1408386230
.1197357178
.1580352783
.1453399658
-.1554412842
-.1669311523
-.1528167725
.1254425049
-.1136322021
.1071014404
.1135406494
.1342468262
.1452026367
.1734161377
.1697845459
.1137847900
.1016082764
.1255798340
.1250305176
.1457977295
.1791076660
-.1846923828
-.1856689453
-.1930084229
.2126159668
.2125854492
-.1772918701
.1977691650
.1885375977
.2029113770
.1796112061
.1731414795
-.1662139893
.1628723145
.1717376709
.1420593262
.2165679932
.1738128662
.1802062988
.1990509033
-.1992797852
.1558074951
-.1144104004
.1245727539
.1080627441
.1510620117
-.1519927979
-.1225433350
.1459045410
.1364898682
-.1575775146
.1675872803
.1595611572
.1797637939
-.1496276855
.1601409912
-.1792449951
.1656799316
-.1718750000
-.1806945801
-.1821136475
.2277526855
.1902618408
.1737670898
-.1626129150
-.1967926025
.1513977051
.1581420898
.1687469482
.1679687500
.1660614014
.1746063232
-.1674957275
-.1642913818
-.1534881592
.1709594727
.1454620361
-.2026672363
-.2382354736
-.2143707275
-.1994018555
-.1715393066
.1800689697
-.2318572998
-.2017822266
-.1923065186
.2439270020
.2235107422
-.1833648682
.2093048096
.2408752441
.1902770996
-.1869659424
.1869506836
-.2453308105
-.2087402344
-.1598815918
-.2120361328
.1712799072
.2281646729
.1879425049
.1952819824
.1846160889
-.1099700928
.1945190430
.2089843750
.2113494873
.2247467041
.2491912842
.1717376709
.2331237793
-.1848754883
-.1648406982
.2020874023
.1890258789
.1682586670
-.1600799561
.1882934570
.1450500488
-.1673583984
-.1787261963
.1989593506
-.1562347412
.1694030762
.1715087891
-.1864776611
-.2063598633
.2294769287
-.1695861816
-.1723480225
.1563873291
-.1720581055
-.1901550293
.1872100830
.1709442139
-.1584625244
.1837158203
-.2184448242
.2032470703
-.1836547852
.1700286865
.1811218262
-.1771087646
.1428375244
-.1770782471
-.1585388184
.1912841797
.1872711182
.1403045654
.1572723389
.1922912598
-.1857452393
.2027130127
.1897430420
-.2186737061
-.1871490479
-.1925506592
-.1714477539
-.2115020752
.2019348145
.2093505859
.1678161621
-.1860351563
.1372833252
.0839233398
.0601501465
.0330657959
.0270996094
-.0170288086
.0079956055
.0047760010
-.0023651123
-.1674957275
