.0001678467
-.0001525879
-.0027160645
-.0044860840
.0030822754
-.0033111572
-.0032806396
.0038299561
.0030670166
-.0034942627
-.0039062500
-.0036163330
.0049743652
-.0063323975
.0048828125
-.0060424805
-.0038452148
-.0027465820
-.0052947998
.0036926270
.0038299561
-.0035705566
.0036773682
.0037689209
.0034484863
-.0034484863
-.0037384033
-.0036163330
-.0031433105
-.0043487549
-.0036315918
-.0039978027
.0027923584
-.0028228760
.0033874512
.0040893555
.0036468506
.0050659180
.0093841553
-.0070800781
.0206298828
.0100402832
-.0038452148
-.0047302246
-.0040130615
.0056762695
-.0041046143
.0039672852
.0038909912
.0039672852
.0042266846
-.0035400391
-.0041809082
-.0037841797
.0038757324
-.0039367676
-.0060882568
-.0043792725
.0099029541
-.0038146973
.0040893555
-.0046234131
-.0044097900
-.0034942627
-.0039215088
-.0032958984
-.0030059814
-.0038757324
.0034027100
-.0046539307
-.0030364990
-.0045013428
-.0029602051
-.0049285889
.0040130615
.0034027100
-.0041961670
-.0828399658
-.0079345703
-.0056610107
.0050201416
.0075378418
.0077972412
.0060119629
-.0048980713
-.0099029541
-.0049743652
.0036468506
.0036468506
-.0033111572
-.0044097900
-.0032958984
.0057830811
.0043487549
.0065612793
.0031890869
.0054626465
.0045166016
-.0039520264
.0057373047
.0038146973
-.0031585693
.0040130615
.0226135254
-.0945129395
.1141204834
-.2194366455
.1123809814
.0358428955
-.0176696777
.0088348389
.0097961426
.0047302246
.0036163330
.0048675537
-.0034637451
.0050201416
-.0035400391
-.0035400391
-.0039215088
.0114135742
-.0736999512
-.0043487549
.0310821533
-.0073242188
.0300292969
.0054473877
.0050659180
-.0064392090
.0048980713
.0100708008
.0129089355
-.0102233887
-.0129699707
.0046386719
-.0033721924
.0041656494
-.0149230957
-.0079193115
.0055999756
.1829376221
.0835876465
-.1449432373
-.0577850342
-.0722503662
-.0368041992
-.0223999023
.0197296143
-.0163269043
.0116577148
.0065002441
-.0066375732
-.0054473877
-.0054473877
-.0046234131
.0046997070
.0039672852
-.0049743652
.0046234131
.0049133301
.0044250488
-.0043640137
-.0061950684
.0049133301
.0062713623
-.0048217773
-.0049743652
-.0051116943
-.0041809082
.0275115967
.0046997070
.0061340332
.0053253174
-.0825805664
-.0039520264
-.0187835693
-.0061798096
.0047454834
.0041503906
.0061645508
.0045928955
.0041656494
.0047912598
-.0050964355
.0048522949
.0047760010
.0043792725
-.0042114258
-.0046997070
-.0131530762
-.0124053955
-.0140380859
-.0250091553
-.0329895020
-.0284576416
.0312194824
-.0332946777
.0217742920
.0086212158
.0071716309
.0117797852
.0069732666
-.1463775635
-.0213928223
-.0144958496
.0043945313
.0057830811
-.0050811768
.0094604492
-.0051422119
-.0045013428
-.0038299561
.0049285889
-.0047607422
.0040130615
.0053100586
.0117797852
-.0093231201
.0183715820
.0095977783
.0044555664
.0382843018
-.0065460205
.0128631592
.0677490234
-.0058441162
-.0042419434
.0039062500
.0050506592
-.0060119629
-.0035247803
-.0037841797
-.0039367676
.0045623779
-.0056152344
-.0036010742
-.0065765381
-.0042114258
-.0035247803
-.0048370361
.0039825439
-.0037689209
.0057373047
-.0036315918
-.0036621094
-.0040893555
-.0051116943
.0077056885
.0043182373
-.0042877197
-.0060272217
.0140533447
.0140838623
-.0035705566
.0054168701
-.0090484619
-.0476379395
-.0102539063
-.0060424805
-.0036773682
-.0097351074
-.0238800049
-.0145416260
.0144805908
-.0107727051
-.0350646973
.0142517090
.0125427246
-.0191650391
-.0086517334
-.0051879883
.0299224854
.0111389160
.0105895996
-.0111083984
-.0087585449
-.0040130615
.0507049561
-.0200347900
.0090332031
-.0148620605
.0111236572
.0113525391
-.0058593750
.0136108398
.0036163330
.0039672852
.0064239502
.0055236816
-.0042419434
-.0039215088
-.0039367676
.0064239502
.0040435791
.0067291260
.0124664307
.0038146973
-.0036621094
.0055084229
-.0055084229
-.0125122070
.0097045898
.0039367676
-.0047302246
-.0043029785
.0047912598
.0069885254
-.0130767822
.0046539307
-.0041351318
.0089721680
-.0042266846
.0052642822
.0121154785
-.0079193115
-.0049896240
-.0060119629
-.0037841797
-.0069885254
.0076599121
-.0495300293
-.0101013184
.0153045654
.0134277344
.0093078613
.0389404297
.0151977539
.0039978027
-.0042724609
.0375976563
.0030822754
-.0095520020
-.0074768066
-.0061798096
-.0159301758
.0036010742
.0041351318
-.0284881592
.0047912598
.0054931641
-.0048675537
.0072021484
.0063171387
.0325012207
-.0204315186
.0263214111
.0057525635
-.0065765381
-.0100555420
-.0317382813
.0124359131
-.0128173828
.0309295654
-.0073699951
-.0285034180
.0244750977
.0115966797
.0148315430
.0048828125
-.0311889648
.0525665283
.0106353760
.0073242188
.0077972412
.0039367676
-.0619964600
-.0030059814
.0095062256
-.0059509277
-.0094299316
.0033874512
-.0080871582
-.0109100342
-.0040588379
-.0047912598
-.0055084229
-.0052490234
-.0057830811
.0231018066
-.0053100586
.0054168701
-.0044403076
.0257263184
.0137329102
.0079193115
-.0087432861
-.0038757324
.0074462891
-.0076293945
-.0054016113
.0080261230
.0039978027
-.0061950684
.0345764160
.0060119629
-.0040130615
.0147552490
.0090179443
-.0095825195
.0059814453
-.0093078613
.0096282959
.0083618164
.0146942139
.0096130371
.0052947998
.0139312744
.0041656494
-.0032196045
.0150299072
-.0041503906
-.0054473877
-.0059204102
.0117492676
-.0101623535
-.0070343018
.0154571533
.1248168945
.0935058594
-.0969238281
-.1037750244
.0468750000
.0217132568
.0319824219
-.1240539551
-.1040191650
-.0852050781
-.1327972412
.0827331543
-.1377258301
-.1617889404
-.1674499512
-.1147155762
-.0727844238
-.0157623291
-.1492004395
-.1062774658
.0545654297
.0582885742
.0187835693
.0045166016
-.0068817139
.0073089600
-.0072631836
-.0136260986
.0057067871
-.0064697266
.0039367676
.0097198486
-.0031433105
.0043640137
.0035552979
.0057983398
-.0041198730
-.0072784424
.0058288574
-.0033874512
.0051574707
.0042419434
-.0037231445
.0036773682
-.0033416748
.0061340332
.0297241211
-.1409149170
-.1421051025
-.1603698730
-.1008148193
-.0876159668
-.1036682129
-.1078948975
-.0722808838
-.0487060547
-.0398864746
.0108642578
-.0108795166
-.0129852295
-.0053558350
-.0056610107
-.0044708252
-.0061035156
.0142364502
-.0054931641
.0190734863
-.0283966064
-.0173950195
-.0069885254
-.0074005127
-.0057830811
.0345764160
-.1601409912
-.0805969238
.0537719727
-.0281982422
-.1477966309
-.0355072021
.0092773438
.0038604736
-.1424407959
-.1165008545
.0275573730
-.0136260986
-.1176300049
-.0803985596
-.0442504883
-.0953979492
-.0744171143
-.0739440918
-.0904998779
-.0882568359
-.0862121582
-.0735168457
-.0904235840
-.0742645264
-.0526123047
.0256042480
.0337066650
-.0092315674
.0067749023
.0047149658
-.0043487549
.0052185059
.0038757324
.0034484863
-.0041046143
-.0049133301
-.0041198730
.0041503906
.0067596436
.0042266846
.0048675537
-.0049133301
.0036315918
.0041198730
-.0035705566
-.0049438477
.0037231445
.0059967041
-.0039062500
-.0049743652
.0043487549
-.0033264160
.0050811768
.0480346680
.1169281006
.1005096436
.0816040039
-.1177368164
-.1512451172
-.0396270752
.0198211670
-.0338745117
-.0544891357
-.2264709473
.0505371094
-.1335906982
-.1605224609
-.1891174316
.0724792480
.0728454590
-.1291351318
.0914916992
.0850372314
.1148529053
.0419616699
.0741119385
-.1165008545
-.1308135986
.0760498047
.1040802002
-.1133880615
-.0880889893
.0582275391
.0664978027
-.0763702393
-.0775146484
.0522155762
.0486602783
-.0674743652
-.0479583740
-.0464324951
.0279846191
.0188293457
.0591735840
.0515747070
.0334320068
-.0146179199
-.0345153809
.0110321045
.0076599121
.0055236816
-.0049591064
-.0056152344
.0039062500
.0043334961
.0048065186
-.0036926270
.0036773682
-.0032196045
-.0036926270
-.0042114258
.0037841797
-.0028228760
.0039062500
.0056762695
.0055236816
.0056762695
.0040435791
-.0047302246
-.0063018799
.0057983398
-.0043029785
.0472717285
.0205841064
-.1796875000
-.1374816895
-.2275543213
.1993255615
.0559539795
.0242919922
.0071411133
.0039978027
-.0770874023
-.0649719238
.0265350342
-.0221862793
-.0065612793
-.0049896240
.0132904053
-.0826873779
-.0587921143
-.0543975830
-.0292816162
-.0172119141
-.0091094971
.0078125000
.0062713623
-.0041961670
-.0053100586
.0066986084
.0108032227
-.0067596436
.0261840820
-.0088348389
-.0060882568
.0047149658
.0042114258
-.0046844482
.0032501221
-.0036315918
.0033569336
-.0028381348
-.0029907227
.0035400391
.0026397705
-.0048065186
.0098876953
-.0156707764
.0036621094
.0046386719
.0340423584
.0485534668
-.0351867676
-.0320281982
-.0094757080
.0750122070
.0781707764
.0894622803
-.1071624756
-.0925445557
.0314331055
-.0213165283
-.0163726807
-.0084228516
.0631713867
-.0750732422
-.0892028809
-.0888824463
-.0946960449
-.0828247070
-.0654144287
-.0413055420
-.0308990479
.0135803223
-.0167541504
.0040130615
.0108642578
-.0085449219
-.0144348145
-.0175170898
.0128784180
-.0113372803
-.0068206787
.1189575195
.0713653564
.0998077393
.1088409424
-.1208953857
.0990753174
.0666351318
.0947570801
.0780487061
.0798492432
.1065826416
.0740661621
.0931091309
-.1065063477
-.1579895020
-.1508331299
-.1507873535
.0750274658
.0685272217
.0567626953
.0374450684
.0123901367
-.0103454590
-.0038604736
.0073089600
-.0083312988
-.0099182129
-.0106048584
-.0068206787
-.0328369141
.0271606445
-.0689086914
.0306091309
.0078582764
.0103759766
.0128784180
.0092468262
.0942382813
.1032562256
.0349273682
.0106506348
.0413360596
-.0850372314
-.1160125732
-.1299133301
-.1226501465
.0325164795
.0628509521
.0840606689
.0733184814
.0749511719
.0628356934
.0456237793
-.0352020264
.0745239258
.1213073730
.0644989014
.0862731934
.1060638428
-.0371246338
-.0129394531
-.0089111328
.0814514160
.0201568604
.0370178223
-.0906066895
-.1377105713
-.1379699707
.0626678467
.0675506592
.0402832031
.0239715576
-.0099334717
.0056915283
.0076904297
.0115814209
-.0088043213
-.0247955322
-.0060882568
-.0053253174
-.0058135986
.0036010742
.0046539307
.0031127930
.0030517578
.0032806396
.0048522949
.0038909912
-.0030670166
.0563812256
-.0312500000
-.0450897217
.0485687256
-.0197448730
-.1113739014
-.1074218750
-.1052856445
-.1279754639
-.0966491699
-.0822601318
-.0582580566
-.0847473145
-.0770263672
-.0994110107
.1139678955
-.0933380127
-.0854492188
-.0662536621
-.0524139404
-.0443572998
-.0137634277
.0099639893
-.0084686279
.0046386719
.0035400391
.0038146973
-.0053558350
.0040588379
-.0028839111
.0035400391
-.0047454834
.0047149658
-.0028839111
-.0291442871
-.0830230713
-.0795745850
-.0751037598
-.1688232422
.1461486816
-.1162567139
-.0740814209
-.0129699707
-.0188293457
-.1207733154
.0280303955
-.0100402832
-.0069580078
-.0686035156
-.0979309082
-.0811309814
-.0557403564
-.0259704590
.0066528320
.0043945313
.0038604736
.0050048828
-.0065307617
-.0060577393
.0033111572
.0041503906
.0035705566
.0052337646
-.0040130615
-.0041198730
.0032043457
.0039672852
-.0043182373
.0039978027
-.0037689209
-.0032501221
-.0054779053
-.0036010742
.0045776367
.0053100586
-.0030517578
-.0049591064
-.0033416748
-.0037994385
.0037231445
.0032806396
-.0043640137
-.0029449463
.0033569336
-.0035705566
-.0043945313
.0041046143
.0026702881
.0036621094
-.0047149658
.0036010742
-.0053710938
.0033111572
.0029907227
.0032958984
.0031585693
-.0037078857
.0039672852
-.0044097900
.0075988770
.0057983398
.0044708252
.0053863525
-.0035247803
-.0041046143
-.0064544678
-.0059509277
-.0039367676
-.0028839111
.0045471191
.0053100586
-.0035705566
-.0033111572
-.0037994385
.0055236816
.0060729980
.0036926270
.0041351318
.0034790039
-.0038909912
-.0034637451
.0033264160
-.0041961670
.0048065186
-.0039672852
-.0042572021
-.0039215088
-.0034790039
.0050048828
-.0037536621
-.0040588379
-.0063323975
.0038757324
-.0037536621
.0037078857
-.0031585693
.0042114258
-.0038604736
-.0046997070
-.0038909912
.0040435791
.0038452148
-.0045928955
.0032348633
.0033569336
-.0036621094
.0054931641
.0037841797
.0050964355
-.0035705566
.0034484863
.0034027100
.0032958984
.0039367676
.0044555664
.0048065186
-.0073852539
.0058441162
.0046386719
-.0059967041
-.0042114258
.0038757324
-.0066680908
-.0053100586
.0034484863
-.0035247803
.0041046143
.0035095215
.0037231445
-.0056152344
-.0069732666
-.0039215088
.0039978027
.0037384033
.0046081543
-.0040283203
-.0028533936
-.0038146973
.0037689209
.0043945313
.0041351318
-.0029754639
-.0037841797
-.0035552979
.0039520264
.0058898926
.0036163330
-.0048828125
.0042572021
-.0042724609
.0035247803
.0043945313
.0033416748
-.0035247803
.0038909912
-.0054931641
-.0030822754
.0043792725
.0029907227
-.0049591064
-.0056304932
-.0043487549
-.0045166016
-.0047454834
.0052947998
-.0038757324
-.0045623779
.0035247803
-.0040893555
.0030364990
-.0037231445
.0051116943
-.0059356689
.0033264160
.0032043457
.0023651123
.0029296875
-.0018615723
-.0024414063
