.0162658691
-.0173797607
-.0155792236
-.0060424805
.1523590088
.0396575928
-.0190734863
-.0086975098
.0106506348
.0350036621
-.0633239746
.0527954102
.0060882568
-.0588836670
.0985412598
.0393524170
.0072631836
-.1359863281
.0247802734
.0125122070
-.0125885010
-.0751190186
-.0350189209
.0255126953
-.0149230957
-.0132904053
-.0051269531
.0033569336
.0054626465
-.0189819336
.0096130371
-.0046539307
.0112304688
.0089569092
-.0031738281
-.0023651123
-.0015563965
.0024566650
-.0036010742
.0061950684
.0049591064
-.1997833252
-.1806793213
-.0806732178
-.0196838379
.0182189941
-.0185699463
.0097045898
-.0087890625
-.0655975342
.0104980469
-.0104980469
-.0114593506
-.1087188721
.0402526855
.0193634033
.0093536377
-.0142974854
.0497131348
.0274658203
.0659790039
.0550079346
-.0118103027
-.0089416504
.0051422119
.0040893555
.0041198730
.0046691895
.0044097900
.0023193359
.0020599365
.0014038086
-.0022125244
.0015716553
-.0051574707
-.0860443115
-.0789031982
.1174774170
.0214385986
.0102081299
-.0075683594
-.0186920166
.0271606445
-.0248565674
-.0243377686
.0095977783
-.0055847168
-.0039062500
.0046691895
-.0014953613
-.0013732910
.0016021729
.0013122559
-.0009765625
.0034942627
.0020751953
.0052795410
.0836486816
-.0897827148
.0819854736
-.0088043213
.0305328369
-.0508728027
.0478973389
.0793304443
.0372314453
-.0156707764
-.0129699707
-.0094604492
-.0081481934
.0041351318
.0045928955
-.0062713623
.0053558350
.0024414063
-.0024261475
.0019226074
.0025634766
-.0023956299
.0054779053
.0033569336
-.0041809082
-.0171966553
.0294342041
-.0150604248
.0044860840
.0048828125
-.0229644775
.0665130615
.0434265137
-.0356903076
-.0209808350
.0231018066
.0122070313
.0060119629
-.0042572021
.0036926270
-.0035705566
.0030975342
-.0028381348
.0022277832
-.0032501221
.0030517578
-.0020294189
-.0019226074
-.0018768311
-.0019989014
.0018615723
.0017395020
-.0015869141
.0012054443
-.0303039551
.0348358154
.0654754639
.0869140625
-.0982208252
.0503082275
.0227203369
-.0099792480
.0029907227
-.0040893555
-.0030059814
-.0032348633
.0017852783
-.0024414063
.0023345947
-.0032958984
.0226898193
-.0860137939
.0219116211
-.0224304199
-.0505371094
.0613250732
-.0837097168
-.0282135010
-.0356445313
.0485992432
-.1501159668
-.0412292480
-.0164947510
-.0477447510
-.0732421875
.0169525146
.0071868896
-.0030212402
-.0024108887
-.0020294189
.0020446777
-.0019989014
-.0018615723
.0020141602
.0012664795
.0323791504
-.0033111572
-.0042114258
-.0048217773
.0031585693
-.0034942627
-.0022277832
.0022277832
.0013275146
-.0040740967
.0024261475
-.0040588379
.0019836426
-.1304779053
-.1818542480
-.0948028564
.0734100342
.1215667725
.1211700439
-.0701141357
.0595397949
.0542755127
.0406799316
.0160980225
.0054321289
-.0282440186
.0075073242
.0034790039
-.0025024414
.0093994141
-.0302429199
-.0724639893
.1094055176
.0360412598
-.1336517334
-.1224060059
-.2001342773
-.0536346436
-.0570068359
-.0986633301
-.1180725098
-.1302642822
.0905914307
-.0937652588
-.1696472168
-.1132202148
-.0335693359
.0301666260
-.0724029541
-.1372070313
.0747375488
-.1007232666
-.1298370361
-.0449676514
-.0224456787
.0369873047
.0462493896
.0726776123
.0840759277
.0717773438
.0886230469
-.0661621094
-.0873565674
.0888519287
-.0931854248
.0662689209
-.0709838867
-.0758361816
-.0829620361
.0724334717
.1145019531
.0759124756
-.0636749268
.0662078857
-.0665588379
.0813293457
-.1005706787
-.0724182129
.0842285156
.0811767578
.0657196045
.0872039795
-.0674591064
.0621337891
.0697479248
.0724334717
.0857543945
-.0803985596
-.0776367188
.1905364990
.1198883057
.0902404785
-.3159027100
.1487121582
-.0843658447
.0851898193
.0648803711
.0514373779
.0605010986
.0543823242
-.0790252686
.0675659180
.0801391602
.0664520264
-.0621337891
.0721130371
-.0741424561
-.0700988770
-.0740814209
-.0625305176
.0602569580
.0409393311
-.2304077148
-.0525207520
.0799407959
.0853729248
-.0482940674
-.0482635498
.1560516357
-.0653991699
.0551452637
.0414733887
-.0341949463
-.0723114014
.0511779785
.1111602783
-.0549163818
-.0398406982
-.0567474365
.0646362305
-.0856781006
.0638580322
.0820007324
.0445404053
-.0545196533
-.1518096924
.0578460693
.0507202148
-.0539398193
-.0716857910
.0393524170
.0650634766
-.0471954346
-.2005462646
-.0716400146
.0740356445
-.0871276855
.0762939453
-.0758972168
-.0738220215
.0642395020
-.0762329102
.0621795654
-.2393341064
-.0831909180
.0489654541
-.1205444336
-.1267089844
-.0520019531
.0695800781
-.0767517090
.1862792969
.0988464355
-.0490722656
-.0679168701
-.0647277832
.0537567139
.0500030518
-.0462036133
-.0481872559
.0484313965
.0679626465
.0546569824
.0483398438
-.0445251465
-.0483245850
-.0426025391
.0316467285
-.0292510986
-.0308837891
.0276489258
.0483551025
.0324249268
-.0312500000
-.0391082764
-.0533599854
.0350646973
-.0489654541
-.0424041748
.0641174316
.0516204834
.0396728516
.0311737061
-.0802307129
.1216583252
-.0596466064
.0371551514
.0924224854
-.0621032715
-.0397796631
.0671844482
.0644989014
.0276947021
.0383758545
.0473785400
.0085449219
.0088958740
.0093994141
-.0064697266
-.0054321289
.0057983398
-.0100708008
-.0064086914
.0047302246
-.0063018799
.0049285889
-.0717620850
.2020111084
.1269073486
-.1158142090
-.0245056152
.0069580078
.0159301758
-.0067291260
-.0043029785
.0057220459
-.0069732666
.0028686523
-.0060882568
.0043182373
-.0036621094
.0039825439
.0061645508
.0049591064
.0155181885
-.0066375732
.0120544434
-.0054016113
-.0075378418
.0063781738
-.0062255859
-.0057067871
.0052490234
-.0269775391
-.1329345703
-.0210266113
-.0286254883
-.2312927246
-.1133728027
-.0374450684
-.1257934570
.0379791260
.0227813721
-.1394805908
.0941009521
-.1080169678
-.1358032227
-.1251678467
-.0911254883
-.0859222412
-.0578002930
-.0361175537
.0532989502
-.0635833740
-.0850677490
-.0756988525
-.0345153809
-.0197448730
-.0051116943
-.0018463135
.0016326904
.0017395020
-.0018310547
.0014190674
-.0017242432
-.0018005371
.0017547607
.0015563965
-.0018768311
-.0032196045
-.0053710938
-.0059661865
-.0042877197
.0097808838
-.0050506592
-.0038604736
-.0027313232
-.0049285889
-.0021362305
.0018920898
.0031738281
.0961303711
.1174774170
-.0323028564
-.0234985352
-.1929779053
-.0858459473
-.0192871094
.1589965820
-.1097412109
-.0804443359
.1643218994
.1396942139
.0703582764
-.0280914307
.0142669678
-.0052032471
-.0051269531
-.0019226074
.0019378662
-.0017395020
.0019531250
.0016021729
-.0023345947
-.0028228760
-.0031890869
.0016479492
-.0030212402
-.0162658691
-.0868835449
.0565948486
.0314941406
-.0192260742
.0101928711
.0074615479
-.0195770264
.0147857666
.0065612793
.0037536621
-.0032653809
.0029144287
.0026092529
.0051879883
-.0034027100
.0037841797
-.0032348633
.0032348633
.0042266846
-.0147399902
.0185699463
.0701599121
.0277404785
.0091857910
-.0042266846
.0029296875
.0034027100
-.0021667480
.0053253174
.0075073242
.0040893555
-.0037231445
-.0033874512
.0031890869
-.0030517578
-.0026550293
-.0025177002
-.0029449463
.0023956299
.0033416748
.0029754639
.0024261475
-.0024261475
-.0064697266
.0069580078
-.0339660645
-.0396575928
.0364379883
.0414428711
.0480804443
.0450897217
-.0456085205
-.0428314209
.0466461182
.0204315186
.0468139648
-.0349731445
.0321960449
-.0490570068
-.0497436523
-.0433959961
.0602111816
-.0799865723
-.0239868164
-.0596923828
-.0233917236
-.0491027832
-.0836639404
.0470428467
.0204315186
.0523376465
.1028289795
-.0941314697
-.1202392578
-.1649932861
.0547485352
-.0398406982
-.0419311523
.0457305908
-.1230316162
-.0591888428
.1120452881
.0401458740
-.0156860352
-.0686950684
-.0807342529
.0664367676
.0545349121
-.0248870850
-.0170745850
-.0136108398
.0083007813
-.0048675537
.0021972656
.0028381348
-.0105133057
.0048217773
-.0064544678
.0079498291
-.0042877197
-.0036010742
.0024414063
.0061798096
-.0026550293
-.0813293457
-.0307006836
.0559082031
.0570373535
-.1035614014
-.0145721436
-.0455474854
-.0803222656
.0167694092
.0235443115
-.1279602051
.1539001465
.1002655029
.0327148438
.0868835449
-.1194915771
-.1410980225
-.0616455078
-.0173797607
.0045166016
.0086059570
-.0162963867
.0083770752
.0028991699
-.0022277832
-.0016632080
.0068054199
-.0181121826
.0375671387
-.0546112061
-.0483398438
-.0983886719
.1450958252
.1422729492
.0727081299
.0868377686
.0358276367
.0084686279
-.0071258545
.0031890869
-.0021057129
-.0015716553
.0020904541
.0017852783
-.0018463135
-.0076904297
.0032348633
.0019836426
-.0019226074
.0019226074
-.0020294189
-.0025329590
.0022125244
.0017395020
.0027008057
-.0023498535
-.0027008057
.0026397705
.0030822754
.0032196045
-.0030975342
-.0022125244
.0035247803
-.0025939941
-.0030517578
-.0030059814
.0022125244
-.0022430420
-.0034332275
-.0020141602
.0027618408
-.0022125244
-.0018157959
-.0026092529
.0022430420
.0068359375
-.0042724609
-.0044555664
.0179901123
.0761718750
.0277404785
.0301513672
-.1017150879
.1163024902
.1090545654
.1117401123
-.0509643555
-.0355987549
-.0345916748
-.0415954590
.0813598633
.0697479248
-.0205535889
-.0223846436
.0224304199
.0048217773
-.0033874512
-.0028381348
-.0029907227
.0133209229
.0026397705
-.0752868652
-.0141143799
-.0025787354
.0022583008
.0025634766
-.0030517578
-.0042877197
-.0058135986
.0778045654
-.0044403076
.0033111572
.0024261475
.0032958984
-.0023193359
-.0025939941
.0011901855
-.0009155273
-.0014495850
-.0013427734
.0012207031
.0015716553
-.0009765625
-.0009765625
.0008239746
-.0011901855
-.0009002686
.0011291504
-.0010986328
.0010375977
.0008697510
-.0007476807
-.0010375977
-.0011444092
-.0010528564
.0010833740
-.0008544922
.0009155273
.0006561279
-.0010223389
-.0011138916
.0013275146
.0010681152
-.0007934570
-.0009613037
-.0008544922
.0011291504
-.0010681152
.0012054443
-.0010070801
.0008544922
.0008850098
-.0008697510
.0011138916
-.0011749268
.0013275146
.0009002686
-.0010681152
.0008697510
-.0021514893
-.0029449463
.0028839111
-.0028533936
.0646820068
.1897735596
.1636505127
.1003875732
-.1385498047
.2058410645
.2254791260
.0699005127
-.0376129150
-.0105590820
.0339355469
.0057525635
-.0897064209
.3452606201
.1248626709
.1682128906
.1322021484
.1185607910
-.2306060791
.1336517334
.2371520996
.1314697266
.0952148438
.0836334229
-.0095977783
.0260009766
.1048278809
.0846862793
.0187225342
.0087585449
.0048522949
.0028839111
.0027618408
.0027160645
.0014038086
.0023498535
.0036315918
-.0194549561
-.0060272217
-.0069122314
-.0044708252
-.0049133301
.0047912598
-.0708312988
-.0442199707
-.0354461670
-.1185760498
-.1088409424
-.3852386475
-.2102355957
-.2057800293
-.1829986572
-.1226196289
-.0310516357
.0390167236
-.2278900146
-.2401428223
.0805664063
-.1791229248
.0883636475
-.1360321045
-.2026672363
-.1063842773
-.0684814453
-.1627807617
.0663299561
.0331726074
-.0066680908
-.0849151611
-.0917816162
-.0374298096
.0086517334
.0021362305
-.0029754639
-.0019683838
.0022888184
-.0017395020
-.0025329590
.0009765625
.0012054443
-.0010223389
-.0009765625
-.0009765625
.0009307861
-.0010986328
-.0010681152
.0012054443
-.0009460449
.0007629395
-.0008850098
-.0011901855
.0010833740
.0010528564
.0008697510
-.0009918213
.0006408691
.0011444092
-.0012207031
.0011291504
.0010375977
-.0008697510
.0009002686
-.0007476807
.0010681152
-.0011138916
-.0192413330
-.0047454834
.0048675537
-.0321350098
.0852203369
.0906066895
.0824737549
.0746154785
-.1427459717
.1015167236
-.1166381836
-.1398925781
-.0970764160
.1890411377
-.1273040771
-.1593170166
.0874786377
.0337371826
.1637573242
.1427154541
-.1064300537
.0710754395
.0815734863
-.0312042236
-.0253906250
.0095825195
.0038909912
.0023803711
.0023651123
-.0047607422
-.0056610107
-.0034484863
-.0029296875
-.0035705566
.0023345947
.0034332275
-.0046997070
-.0031280518
-.1204986572
-.2011718750
.0845794678
-.1078186035
-.0932922363
-.0818328857
-.0386352539
-.0095520020
.0081787109
-.0076599121
-.0033264160
-.0021362305
.0570831299
-.0679168701
-.0213165283
-.0080108643
.0046539307
.0020294189
.0018157959
.0018920898
-.0017089844
.0023651123
.0018463135
-.0030822754
-.0028991699
-.0016326904
-.0021362305
.0031280518
.0223846436
.0158233643
-.0834350586
-.0517578125
.0585174561
.0108947754
.0032958984
.0014801025
-.0024566650
.0243225098
.0189666748
-.0158233643
.0223541260
.1093139648
.0368347168
.0075225830
-.0035247803
-.0040588379
-.0498199463
.0862731934
-.0877685547
-.0473175049
-.0080108643
.0052795410
.0068359375
.0073089600
-.0230102539
.0249786377
-.0263519287
-.0307312012
.0294342041
-.0183258057
-.0076293945
.0037994385
.0099029541
-.0019073486
.0182800293
-.0019226074
-.0006866455
.0007781982
-.0030670166
.0158233643
-.0071411133
.0174102783
.0118408203
-.0086822510
-.0061645508
-.0055389404
.0102386475
.0064239502
-.0013275146
-.0009460449
