-.0004882813
.0324707031
.0878143311
.1144409180
.0999908447
.0985717773
.1011352539
.1137542725
.0899047852
.0739898682
.0474243164
.0354766846
.0283355713
.0278015137
.0618438721
.0580902100
.0643463135
.0671844482
.0642089844
-.0418701172
.0200500488
-.0189514160
-.0101776123
.0855560303
.0679016113
-.0638275146
.0475158691
-.0359344482
-.0447998047
-.0355834961
.0433044434
.0277862549
-.0427093506
-.0634613037
-.0632781982
-.0404815674
.0442962646
-.0610351563
-.0683898926
-.0710906982
-.0729675293
-.0646057129
-.0671386719
-.0600585938
-.0435943604
-.0339660645
.0303955078
.0241394043
.0175933838
-.0074920654
-.0043182373
-.0072479248
-.0158081055
-.0247192383
-.0655975342
-.0980682373
-.0410461426
.0075225830
-.0086212158
.0040283203
-.0570678711
-.0568237305
-.0298004150
.0998535156
-.0993041992
-.0683898926
.0512390137
-.0480651855
-.0054168701
-.0045471191
.0827484131
-.0884704590
.0732269287
.0650939941
-.0596923828
.0164489746
.0199737549
-.0649871826
-.0480346680
-.0664367676
-.0691680908
-.0516967773
-.0159149170
-.0139617920
-.0343933105
-.0275421143
-.0298004150
-.0494842529
-.0715637207
-.0738067627
.0075225830
.0013732910
.0010528564
-.1192321777
.0822753906
.0878448486
.0820007324
-.0389404297
-.0232238770
-.0500946045
.0833587646
.1011810303
.0822753906
.0182189941
-.0025329590
.0008087158
-.0652618408
-.0801391602
.0845031738
.0520782471
.0525665283
.0523529053
.0876922607
.0879058838
-.0714263916
.0304718018
-.0329895020
-.0626678467
-.0643157959
-.0227661133
-.0041961670
-.0027923584
-.0011596680
-.0128631592
-.0340881348
-.0391693115
-.0631256104
-.0707702637
-.0901794434
-.0835876465
-.0693206787
-.0406036377
.0309295654
.0204315186
.0076904297
-.0011444092
.0013427734
-.0010528564
-.0005798340
.0006103516
-.0006408691
-.0004577637
.0005340576
-.0006408691
-.0004425049
-.0004119873
-.0035705566
-.0108642578
.0141754150
.0308685303
.0309906006
-.0011138916
-.0012664795
-.0004272461
.0005645752
.0002441406
-.0003662109
-.0002899170
-.0003051758
.0003662109
.0675201416
.0916290283
.0885162354
.0921020508
-.0997314453
-.0986022949
.0863952637
-.0750274658
-.0558776855
-.0518798828
.0333557129
.0205535889
-.0060424805
.0012817383
-.0006256104
.0004577637
.0004425049
-.0031585693
-.0007324219
.0006866455
-.0010528564
.0007781982
.0010070801
.0014953613
.0011596680
.0012207031
-.0012054443
-.0012359619
-.0016632080
-.0018463135
-.0014343262
.0013122559
.0014801025
.0007629395
-.0003204346
-.0003509521
-.0004425049
-.0003356934
.0007476807
.0021362305
.0046844482
.0019226074
-.0093994141
-.0193481445
.0213623047
-.0028686523
.0013580322
.0081329346
.0070343018
-.0232849121
-.0240325928
.0176239014
-.0142669678
-.0200500488
-.0215301514
-.0224761963
-.0181427002
-.0257568359
-.0259704590
-.0281066895
-.0248413086
.0227355957
.0182342529
-.0176086426
.0116577148
-.0036163330
-.0012664795
-.0004730225
.0003662109
.0004882813
.0003967285
.0003662109
-.0004119873
-.0003509521
-.0003662109
-.0003967285
.0004272461
.0014495850
.0034332275
-.0093841553
-.0130310059
-.0128021240
-.0175933838
-.0172576904
-.0116119385
.0008239746
-.0106811523
.0113677979
.0101013184
.0206909180
-.0317535400
.0046539307
.0006561279
.0011138916
-.0247039795
-.0285491943
-.0224914551
-.0111694336
.0089111328
.0082550049
-.0077972412
-.0047302246
-.0068054199
-.0089721680
-.0330505371
.0379943848
.0254669189
.0295104980
.0269927979
.0308532715
.0266876221
-.0129394531
.0022430420
.0004882813
.0003204346
-.0005035400
-.0003967285
-.0003662109
-.0003356934
-.0002899170
.0003204346
.0003509521
.0003356934
.0003509521
.0003662109
-.0003356934
-.0003509521
-.0004882813
-.0004119873
.0003967285
.0004425049
.0004577637
-.0003967285
-.0003814697
-.0003967285
.0004119873
-.0003814697
-.0018310547
-.0047760010
-.0154113770
-.0197448730
-.0243530273
-.0219421387
.0097808838
.0145874023
-.0144195557
-.0261383057
-.0137634277
-.0016937256
.0006256104
.0050811768
-.0080718994
.0045471191
-.0263671875
.0246124268
.0202789307
.0233306885
-.0248870850
-.0127868652
-.0177307129
.0194854736
.0126190186
.0072784424
-.0097198486
.0162353516
-.0224761963
-.0159454346
.0019836426
.0017852783
.0071258545
.0124969482
-.0147247314
-.0120849609
.0060119629
-.0250854492
-.0198364258
-.0131225586
-.0328521729
-.0261383057
-.0095672607
-.0042266846
.0061187744
-.0030364990
-.0068664551
.0115661621
-.0260009766
-.0282440186
-.0218505859
-.0276184082
-.0168914795
-.0064392090
-.0288696289
-.0283660889
-.0129089355
-.0204010010
.0254821777
.0283660889
-.0227966309
-.0214385986
-.0230102539
-.0229187012
-.0217285156
.0303955078
-.0302734375
-.0301818848
-.0254669189
-.0189361572
-.0131988525
.0063323975
-.0035705566
.0027465820
.0041351318
.0025939941
-.0010986328
-.0017700195
-.0017395020
-.0018005371
-.0015106201
.0049285889
.0090332031
-.0524902344
-.0551757813
-.0467224121
-.0391540527
-.0221099854
.0063018799
.0008087158
.0004882813
-.0053253174
-.0015869141
-.0007019043
-.0003204346
.0010070801
.0005645752
.0004882813
-.0004730225
-.0004730225
-.0005798340
-.0004882813
.0006103516
.0005340576
.0005493164
-.0004425049
-.0006256104
-.0007019043
.0004882813
.0006103516
.0005645752
-.0005035400
-.0004272461
.0003356934
-.0004577637
-.0003967285
-.0003662109
.0006256104
.0003967285
.0003356934
-.0003051758
.0002593994
.0003051758
-.0004119873
.0053558350
.0065612793
-.0097198486
-.0098266602
-.0081024170
-.0056915283
-.0134582520
-.0205383301
-.0261383057
-.0350189209
-.0323181152
-.0108795166
.0219116211
-.0146026611
.0189208984
.0236663818
.0267486572
-.0097198486
.0007781982
.0152893066
-.0216522217
-.0249481201
-.0169372559
.0088043213
-.0126495361
-.0201721191
-.0170288086
-.0120544434
-.0105438232
-.0341186523
-.0382537842
-.0261230469
-.0245208740
-.0219573975
-.0220031738
-.0221405029
-.0227203369
-.0234375000
-.0136718750
-.0078430176
.0025939941
-.0023193359
.0017089844
.0014801025
-.0004882813
-.0004425049
-.0003051758
.0003509521
.0003356934
.0003051758
.0002899170
-.0002593994
-.0004272461
-.0004425049
.0003204346
-.0003814697
.0002593994
.0002899170
.0003814697
.0003509521
.0003356934
-.0002899170
-.0005035400
-.0004272461
-.0003814697
.0004577637
.0003967285
-.0118713379
-.0642242432
-.0822601318
-.0948028564
.0923767090
.0930938721
.0730895996
.0683135986
.0737915039
.0800476074
.0802612305
.0825653076
.0943298340
.0890350342
.1082305908
.1029205322
.0885009766
.0860137939
-.0758361816
-.0674591064
-.0305175781
-.0364379883
-.0352478027
.0335845947
-.0317382813
.0274047852
.0725402832
.0811614990
.0170440674
.0015563965
.0009155273
-.0005645752
-.0323486328
-.0507049561
-.0408020020
.0098724365
-.0094909668
.0098114014
.0235748291
.0446777344
-.0484771729
.0360565186
-.0319213867
.0640258789
.0873718262
.1163330078
.1184997559
-.1050109863
-.0829620361
-.0693817139
-.0525817871
-.0302581787
-.0118255615
-.0034942627
-.0013122559
-.0007934570
-.0009002686
.0009002686
.0008239746
-.0006408691
-.0008392334
.0011749268
-.0011138916
.0012664795
.0015258789
-.0014190674
-.0017547607
-.0015258789
-.0009765625
.0005035400
-.0014495850
-.0430297852
.0912017822
.1115570068
.1014556885
-.1027374268
-.1014099121
.1061553955
.0970153809
-.0764770508
.0691833496
-.0387573242
.0036621094
-.0017852783
-.0007781982
.0004272461
.0006866455
-.0003509521
-.0003967285
.0204010010
.0274505615
.0171966553
.0041961670
-.0105590820
-.0208740234
-.0133209229
.0127105713
.0274658203
-.0455627441
-.0526885986
-.0481872559
.0410766602
-.0681915283
-.0559997559
-.0669250488
-.0397644043
-.0399017334
.0185546875
-.0217590332
.0217132568
-.0291137695
.0210418701
-.0202484131
-.0093078613
.0008392334
.0005187988
.0525207520
.0832672119
.0800933838
-.0293884277
.0081787109
-.0008087158
-.0060424805
.0090637207
-.0455322266
.0073699951
.0137329102
-.0121002197
-.0221405029
-.0368194580
-.0344543457
-.0413360596
-.0361785889
-.0046539307
-.0017700195
-.0527496338
-.0587158203
-.0263519287
-.0020904541
-.0116424561
.0041503906
-.0104370117
-.0298004150
.0212249756
-.0225830078
-.0630950928
-.0778198242
.0591125488
.0307922363
.0500793457
.0609283447
.0668487549
.0785522461
-.0541992188
-.0301361084
.0130767822
-.0220947266
-.0723571777
-.0418853760
-.0413360596
-.0273590088
-.0238494873
.0167388916
.0090942383
.0023193359
.0011901855
.0008697510
.0005340576
-.0008239746
.0004119873
.0006561279
.0004119873
-.0004882813
.0004577637
.0004425049
.0004272461
-.0003509521
.0004272461
-.0004882813
.0003356934
.0003204346
-.0005950928
-.0003356934
.0114288330
.0268402100
-.0175476074
.0266571045
.0210418701
.0208129883
.0201873779
-.0379486084
-.0593261719
.0527801514
-.0549774170
-.0415802002
-.0193634033
-.0152893066
.0032501221
-.0008239746
.0004272461
-.0005950928
-.0004730225
-.0004272461
.0006713867
-.0152740479
-.0154571533
-.0209960938
.0276031494
.0346984863
.0393066406
.0343780518
.0330963135
.0354919434
.0340118408
.0340118408
.0353546143
.0339660645
.0385437012
.0383453369
.0330810547
-.0309448242
-.0287017822
.0149536133
-.0019836426
.0005798340
-.0007476807
-.0010070801
-.0009460449
-.0008850098
.0009002686
-.0012054443
.0014648438
.0011901855
-.0015106201
-.0014343262
-.0012664795
.0006713867
-.0005493164
-.0002899170
.0021057129
-.0059051514
.0050506592
-.0111541748
-.0259552002
-.0261230469
-.0142059326
.0068206787
-.0058288574
-.0152130127
-.0239105225
-.0244598389
-.0224151611
-.0200195313
-.0184020996
-.0104675293
-.0034637451
-.0008544922
-.0003967285
.0005187988
.0005187988
-.0006561279
-.0004425049
-.0004272461
-.0004272461
.0004425049
.0004730225
.0004425049
.0003509521
-.0005340576
-.0004272461
-.0002288818
.0003509521
.0009460449
-.0036315918
-.0139923096
-.0153350830
-.0132751465
-.0058135986
-.0077819824
-.0135803223
-.0128784180
-.0017700195
.0011138916
-.0061187744
-.0109863281
-.0111846924
-.0102386475
-.0118408203
-.0092773438
.0008392334
.0004730225
-.0004425049
.0002288818
-.0071258545
-.0204010010
-.0216674805
-.0254516602
-.0236816406
-.0229339600
-.0244445801
-.0056304932
-.0019683838
.0006866455
.0005950928
.0008544922
.0012207031
.0009613037
-.0059661865
-.0072937012
-.0035400391
.0053100586
-.0146026611
-.0134735107
-.0149230957
-.0129852295
-.0096435547
.0114593506
-.0061798096
-.0007629395
.0006713867
-.0025329590
-.0116271973
-.0145416260
-.0111389160
-.0081634521
-.0210113525
.0070953369
.0065155029
-.0092620850
-.0077056885
.0057830811
.0038757324
-.0063629150
-.0096740723
-.0109252930
-.0149383545
-.0155334473
-.0109710693
-.0084686279
.0100860596
-.0100860596
-.0127410889
-.0132598877
-.0123596191
-.0088500977
-.0033416748
.0007171631
.0004119873
-.0002899170
-.0003051758
-.0002899170
-.0016784668
.0046081543
.0044860840
.0031890869
-.0038452148
.0068359375
.0073089600
.0083007813
.0060577393
-.0049285889
.0031280518
.0027770996
-.0020599365
-.0009002686
-.0213775635
-.0480651855
.0733489990
-.1448974609
-.2207183838
-.1692352295
-.0660552979
-.0605010986
-.0366058350
.0171966553
.0091400146
-.0080871582
.0015563965
.0021514893
.0033569336
.0031433105
.0028533936
-.0019683838
-.0029449463
.0041503906
-.0006561279
.0058135986
-.0240478516
-.0626983643
.0428161621
-.0624237061
.0463867188
-.0535125732
-.0660095215
-.0302581787
.0246734619
.0373687744
.0639648438
-.0786285400
.1009826660
.0991363525
.0716552734
-.0511322021
.0622863770
-.0445098877
-.0670623779
.1249694824
.1341552734
.1390075684
-.0466003418
-.0602569580
-.0608978271
-.0554809570
-.0380706787
-.0309600830
-.0223999023
.0079498291
-.0002899170
.0003204346
.0003204346
.0002441406
-.0002136230
-.0003509521
-.0003204346
.0010681152
-.0011138916
-.0005187988
-.0124206543
.1241302490
.1512908936
.1560516357
.1551818848
.1577301025
.1400909424
-.1131286621
-.0937042236
-.0667877197
-.0736389160
-.0726165771
-.0787963867
.1163482666
.1041107178
-.0309448242
.0253753662
.1647796631
.1781463623
.1759490967
-.0142974854
-.0031890869
-.0019378662
-.2036895752
-.2000274658
.1158447266
-.0459289551
.0340728760
.0321807861
.0258941650
.1769561768
.1899261475
.1551208496
.1362915039
.1896972656
.2254791260
.2272033691
.1844177246
.1600189209
.0617065430
.0415344238
.0968475342
-.1939849854
-.1977996826
.1903533936
.1643218994
.1506652832
-.1115264893
.0988159180
.2005920410
.1781921387
-.1719970703
.1516418457
-.2698211670
-.2415161133
-.1390991211
.0173645020
-.0017700195
.0011901855
.2115478516
-.2435150146
-.2355041504
.0679016113
-.0822143555
.1404113770
.2631530762
.2815399170
.3004760742
.3054046631
.2959594727
-.2024078369
.0443420410
-.0291900635
-.1021423340
-.2568664551
-.2572021484
-.2064056396
-.1457366943
-.0603485107
-.0520477295
.0460662842
.0114135742
.0047607422
-.0025939941
-.0012969971
-.0497589111
