-.0769195557
-.0768127441
-.0339202881
-.0491485596
-.1502532959
-.0234832764
-.2215881348
-.2649688721
-.2252197266
-.0396270752
.0057830811
-.0011444092
.0868988037
.0464172363
-.1259460449
-.0495910645
.0295257568
-.0704803467
.0116119385
-.0655517578
-.0297698975
.0261077881
-.2088165283
-.0265655518
-.0634307861
-.1544189453
-.0572814941
-.0514831543
-.0542755127
-.0856323242
.0025329590
-.0859527588
.0346069336
-.0195770264
.0375976563
.0179443359
.0190124512
.0009613037
-.0113525391
-.0194702148
-.0071258545
-.0011901855
.0010223389
-.0007324219
-.0011138916
.0012207031
-.0008850098
.0046844482
.0010681152
-.0012969971
.0375976563
.0569915771
.0608520508
.0984954834
.0069427490
-.0540771484
.0028381348
-.0018463135
-.0011596680
.0006408691
.1403503418
.0114440918
.1048889160
-.0787811279
.0460357666
.0413513184
-.1344299316
.0987701416
.0932159424
.0721435547
.0429992676
.0469055176
.0114288330
.0009918213
-.0012359619
.0008392334
-.0051422119
-.0061340332
-.0042114258
.0038299561
-.0702972412
.1587677002
.1131896973
-.2181701660
.0824127197
.0957336426
.0601806641
.1379394531
-.0995025635
-.0021514893
.0008392334
-.0053558350
-.0323486328
.0577239990
.0516204834
.0519256592
-.0915832520
.0469207764
.0743255615
.0700836182
-.1411285400
.1376342773
.0845184326
-.1600952148
.1295166016
.0658416748
.0760040283
-.0399475098
.0573730469
-.0202789307
-.0012664795
.0524749756
.0897979736
-.1118469238
-.0064392090
-.0653991699
-.0349578857
-.1283111572
-.0823211670
-.1966247559
-.1270294189
.0894927979
-.0800628662
.0516357422
-.2156829834
.1318969727
.0809936523
.0328216553
.0546264648
.0040588379
.0075988770
-.0070495605
.0025329590
-.0795745850
-.1318969727
.0937805176
-.0370178223
-.0830230713
-.1507873535
-.1364746094
-.1993408203
-.1772155762
.1033477783
.1215515137
-.1244964600
-.1145629883
.0702819824
.0434112549
.0159912109
-.0010375977
-.0010681152
-.0011138916
-.0009613037
-.0009307861
-.0009918213
-.0009918213
-.0061187744
-.0276336670
.0992279053
.1159515381
.0220031738
-.0931854248
.0906524658
.0792541504
.0713348389
-.1038665771
-.2322692871
.1058197021
.0298156738
-.1725158691
.1208038330
-.1924743652
.1237945557
-.1222381592
-.1047058105
.0594940186
.0889282227
.1055603027
.0278625488
.0460815430
.0953674316
-.0508728027
.0757293701
.0684509277
.0354919434
-.0059814453
.0013427734
-.0012359619
-.0010223389
-.0009918213
-.0010375977
-.0013122559
-.0011444092
-.0011901855
.0009307861
.0044555664
-.1040649414
-.0982360840
.0368652344
-.1719818115
-.1450653076
.0739593506
-.0543823242
.0046234131
-.0079803467
.0064697266
-.0044097900
-.0115356445
.0435791016
.0379486084
.0855865479
.0996093750
-.0538330078
.0411529541
-.1461029053
-.1178588867
-.1504669189
.0708007813
.0253295898
-.1324462891
-.1172027588
-.0976257324
.0576477051
-.0870361328
.1062774658
.0608520508
.0822906494
-.2165222168
-.0346832275
-.0884704590
.0383300781
.0729827881
-.0582275391
.0876617432
-.1447296143
.0281677246
.0296630859
-.0163269043
.0178375244
-.1277160645
-.0670318604
-.0501861572
.0185852051
-.0661163330
.0307769775
-.1534729004
-.0134124756
-.2671508789
-.0268402100
.0605621338
-.0530242920
.0287170410
-.0889129639
.0335083008
.0560760498
-.0601348877
.0745849609
.0197143555
-.0002136230
-.0010223389
.0011901855
.0841064453
.1232299805
-.0769958496
-.0694122314
.0867004395
-.1775817871
-.1302337646
.0917205811
.0916290283
.0839385986
.0092315674
-.1272888184
-.0851287842
.1022796631
.1156463623
-.0371093750
-.0569915771
.0292968750
.0017700195
-.0012664795
-.0003509521
.0009918213
-.0011901855
.0011596680
.0014495850
-.0011138916
-.0008544922
.0818634033
.0525054932
-.0629730225
.0825347900
-.1676177979
-.1111602783
.1032867432
.1315765381
.0941619873
-.0093231201
.0068969727
-.0020751953
-.0341949463
.0445404053
.1036071777
.1222686768
.0884246826
.0562591553
.0190734863
-.1418609619
.0855255127
-.0305023193
.0294799805
-.1444854736
-.0768127441
-.0471191406
-.0125274658
-.0049438477
.0045471191
.0040130615
.0038604736
.0144958496
-.1380157471
.0272216797
-.1808624268
-.2234954834
-.0883941650
-.2213134766
.0750122070
-.0843505859
.0968933105
-.1645660400
.0286712646
.1332244873
.0663757324
.0639190674
.0635375977
-.0120086670
-.0012359619
-.0008697510
-.0010223389
-.0010681152
-.0008850098
-.0010833740
-.0009307861
-.0009918213
-.0010070801
-.0009155273
-.0007629395
-.0032653809
.0129089355
.0322723389
.1102752686
.1361389160
.0874633789
-.0823211670
-.0627441406
.0054779053
-.0046386719
.0014495850
.0384826660
.0652313232
.1319732666
-.1491546631
-.1023712158
-.1884613037
-.0467224121
.0609283447
-.1259002686
-.2118377686
-.0812072754
.1006164551
-.1311492920
.0697937012
.0312042236
.0977020264
.0318145752
.0735931396
.0757751465
.0606079102
.0029144287
-.0056304932
-.0045318604
.0024566650
-.0026855469
-.0007781982
-.0008087158
.0407409668
.0399017334
.0033264160
-.1493530273
-.0505218506
-.0939788818
.0294342041
.0139923096
-.0727386475
-.0848999023
-.0037231445
-.0059051514
-.0031127930
.0122985840
-.0621795654
-.0824432373
-.0728912354
-.1304779053
-.0287170410
-.1030578613
.0602111816
.0360260010
-.1369781494
-.0773468018
-.0505218506
-.0104217529
-.1618499756
.0565185547
.0666961670
-.0867156982
.0563812256
.0813751221
-.1690368652
-.0970153809
-.1928253174
-.0272216797
-.2129058838
.0590057373
.0679168701
.0960388184
-.1555480957
.0272979736
-.2082824707
.0734710693
.0599822998
.0737762451
-.0464477539
.0877990723
-.1500549316
-.1624298096
-.2536621094
-.0878906250
.0068511963
.0100860596
-.0042114258
-.0027465820
-.0020294189
-.0507812500
.0350189209
.0826873779
.0571136475
.0963439941
-.1220855713
.0614776611
.0552368164
-.1347961426
.1224517822
-.1291656494
-.1591491699
-.1292114258
-.1847229004
-.0823211670
-.2188110352
.1139068604
.0763092041
-.0177001953
.0773315430
.0854034424
.0242919922
.0760345459
.0031890869
.0162200928
-.0055694580
-.0018463135
-.0010528564
-.0012664795
.0011138916
-.0012664795
.0010375977
-.0012969971
-.0009460449
.0052490234
.0008087158
-.0014190674
.0011291504
-.0223388672
.0503997803
.1209869385
.0960998535
.0968475342
-.1049041748
.0030059814
-.0013122559
-.0011901855
-.0060119629
-.0131835938
-.0087890625
-.0054779053
-.0127716064
-.1600189209
-.0952758789
.0840606689
-.1117706299
-.1122283936
-.0487823486
-.0023803711
-.0008850098
.0900726318
-.0058288574
-.1251068115
-.2110748291
-.1370697021
.0889282227
-.0309753418
.0565643311
.0619659424
.0104827881
.0491790771
.0577697754
.0445404053
-.0445709229
-.1988983154
.0675659180
.0667266846
-.1590728760
.1308593750
-.1582946777
-.0874328613
.0281982422
-.1380615234
.0413208008
.0370178223
-.1899566650
-.0506286621
-.0422363281
-.1425018311
-.0068969727
.0086669922
.0039520264
-.0110931396
-.0907287598
-.0799407959
-.1075134277
-.1610565186
-.0183410645
-.0736236572
-.2043609619
-.1614532471
-.1198883057
.0493927002
-.0538940430
.0470581055
.0262603760
-.0021972656
-.0013885498
-.0008850098
-.0009613037
-.0010375977
-.0009613037
-.0012359619
-.0011138916
-.0013427734
.0070190430
.0325469971
.0586700439
.0049133301
-.1307067871
.0925598145
-.0202026367
-.1585235596
.0702362061
-.1729736328
.1053924561
.0506286621
-.1344146729
-.0892333984
.0902252197
-.1816101074
-.1845855713
-.0868988037
-.1407318115
.0754394531
.0543975830
-.2117919922
-.0723571777
.0039825439
-.0018310547
-.0015106201
-.0011138916
-.0177001953
-.0269470215
.0580596924
.0978088379
-.0034942627
-.0957031250
.0708770752
-.0730590820
-.1588287354
.0540466309
-.0971984863
-.2206573486
.0438537598
.0897674561
.0637512207
-.1891937256
-.1439208984
.0334625244
-.1650085449
.1094665527
-.0731353760
.0626983643
.0344085693
-.0607147217
-.0278320313
-.1278991699
.0195770264
-.1277923584
-.0542755127
-.1039581299
-.0872650146
-.1341857910
-.1531982422
-.1018829346
.0631256104
.0469512939
.0616760254
.0235290527
.0389099121
.0180664063
-.0009460449
-.0008087158
-.0010833740
.0011749268
-.0011138916
-.0008087158
.0011901855
-.0008087158
.0014190674
-.0011596680
.0010223389
-.0009155273
.0360412598
-.0462951660
.0894622803
-.0877380371
-.0023651123
-.1263732910
-.1571044922
-.1911773682
-.0649566650
.0289001465
-.0699462891
-.0220947266
-.0077056885
.0135345459
.0809936523
-.0973052979
-.0672607422
.0990295410
-.1815948486
.0794982910
.0209960938
-.1428527832
.0269470215
.1080474854
.0325927734
.0493316650
.0712127686
-.0021820068
-.0048217773
-.0008697510
-.0036773682
.0169830322
.1134033203
-.0201263428
-.0761260986
-.0472259521
-.0907897949
.0536193848
-.1077423096
.0598449707
.0313110352
.0664215088
-.1412658691
-.0457916260
.0306243896
-.1050567627
-.1048431396
.0318145752
.1202850342
.0350036621
.0482635498
-.0515594482
-.1340789795
-.0661468506
.1132965088
.0637359619
.0341949463
-.0245361328
.0630950928
.0621948242
.0217285156
-.0336608887
-.0013732910
-.0016021729
-.0009613037
-.0012359619
-.0008697510
.0009613037
-.0014648438
.0013580322
.0580291748
.0816650391
-.0988464355
.0720367432
-.1379089355
-.1846313477
-.1161651611
-.1747436523
.0535430908
-.1013031006
-.0036010742
-.2604827881
.1046600342
.0599975586
.0321655273
.1469573975
-.1436309814
.1055908203
.0848541260
.1295776367
-.2350311279
-.1523895264
.0868835449
.0205078125
.0776214600
.0226898193
.0984649658
.0285644531
.0597534180
.0530090332
.0260314941
.0204162598
-.0190124512
-.0028076172
-.0044097900
.0073547363
-.0050659180
.0330810547
.0643463135
.0265197754
.0820922852
-.0125274658
-.0956573486
.0943145752
.1195831299
-.0804901123
.0592346191
-.0496673584
.0422363281
.0355377197
.0520019531
.0323791504
-.1900787354
-.0137634277
.0110778809
.0087738037
-.0018005371
-.0416564941
.0556640625
.0743255615
-.1596832275
.0525054932
-.2109680176
-.2104187012
.0424194336
-.1990661621
-.1560363770
-.1529693604
-.1170501709
.1249084473
.0507202148
.0340270996
-.0290222168
.0697326660
-.0314636230
.0204010010
.0090942383
-.0016479492
-.0011444092
-.0013427734
.0024414063
-.0010528564
-.0009307861
-.0084991455
.0309143066
.0462341309
.1208496094
.0208129883
.0630493164
-.0104675293
.0093536377
.0057830811
-.1990356445
-.1309509277
-.1201477051
.0903015137
.0039520264
.0865020752
-.1804046631
.0341949463
.0203552246
-.2057495117
-.0754547119
-.0358734131
.1223754883
-.1449127197
.1399078369
-.1817932129
.0403900146
.1281738281
-.0234832764
-.1079711914
.1101989746
.0417785645
-.0513458252
.0598144531
.0077667236
-.1131744385
-.0055999756
-.0078430176
-.0044708252
-.0010986328
.0159759521
.0893096924
.0266418457
-.1343536377
.0281372070
.0438232422
-.1055603027
.1483917236
.0102691650
-.1979675293
-.0193939209
-.1390228271
.0762786865
-.0358276367
.0245819092
-.1211853027
.0811462402
.0356903076
.0260620117
.0144348145
-.0888977051
.0074005127
-.0088653564
-.0067443848
.0032958984
.0191802979
.0824890137
.0294799805
.1123046875
-.1771240234
-.0968933105
.0279083252
.0507202148
.0726776123
.0194702148
.0078582764
.0234222412
.0849609375
.1173248291
-.2598724365
-.0408172607
-.2021026611
.0115356445
-.1923370361
.0740051270
-.0936279297
-.1683044434
.0630493164
-.0817108154
-.0449981689
-.1285095215
.0446166992
.0508575439
-.0256500244
.1622009277
.0695648193
.0509338379
.0540466309
-.0231018066
-.1255340576
.0426177979
-.0572662354
.0540313721
.0444183350
.0053558350
-.0011444092
-.0011138916
-.0012359619
.0009918213
-.0012664795
.0049743652
-.1324157715
.0170135498
-.1040954590
.0684509277
-.1530914307
-.1285552979
.0026855469
-.0016784668
-.0014648438
.0012207031
-.0012207031
.0058898926
-.0465087891
.0807189941
.0395202637
.0627746582
.1414031982
.0119934082
.1682434082
.0847473145
.0729064941
.0548553467
.0014648438
-.0010375977
-.0027923584
-.0213470459
-.0216064453
-.0088195801
-.1228027344
-.1108398438
.1292877197
-.2613220215
.0241546631
-.2455291748
-.1158294678
-.0211944580
.1394348145
.0836639404
-.0013122559
.0395965576
-.0882415771
.1745452881
.0986175537
.0909423828
.0786437988
.0467071533
-.1413116455
-.0250244141
.0250701904
-.1010284424
.0128479004
-.0012664795
-.0010223389
-.0011138916
.0008392334
-.0012207031
.0823974609
.1389465332
.1498565674
.2006530762
-.1878509521
.1208496094
.0392913818
.0817413330
-.1180877686
.1534729004
-.1615753174
-.0681610107
.0182495117
.0856018066
.0816802979
.0545043945
.0245971680
-.0010375977
-.0016784668
.0012817383
-.0011138916
-.0008392334
.0028381348
-.0010986328
.1053924561
.1111450195
-.0275268555
-.1639709473
-.1324615479
.0813751221
-.0544128418
.0824584961
.1018371582
.0825958252
.0267486572
.1014862061
.0650024414
.0814361572
.0533142090
.0298309326
-.0036468506
-.0011901855
-.0007324219
-.0003051758
-.0007781982
.0170135498
