.0550842285
.1966247559
.0388946533
.0540313721
-.1636505127
-.0277557373
-.1643981934
-.1531829834
-.0818176270
-.1216278076
-.0833587646
.0586547852
-.1306304932
.0239105225
-.1168212891
.0144805908
-.0802459717
.0258636475
.0406341553
-.1018066406
-.0322113037
-.0652923584
-.0856323242
-.0811462402
.0301361084
.0701599121
.0783386230
.0355682373
-.1306915283
-.0488433838
-.0306243896
.0493774414
.0440368652
.0504760742
.0024566650
-.0059661865
.0029602051
.0008392334
-.0009460449
-.0008697510
-.0010528564
-.0010986328
.0009765625
.0008850098
-.0032958984
.0010070801
.0011138916
-.0038909912
-.0343017578
-.1056365967
.1132659912
-.0368194580
-.1205749512
-.1430358887
.1134948730
-.1036987305
-.1726379395
-.1363067627
-.1742553711
-.0959930420
-.0847930908
-.0483093262
-.0674896240
-.0021514893
-.0014343262
-.0012512207
.0013732910
-.0011291504
-.0031280518
.0010833740
-.0553283691
-.1585693359
-.0691070557
-.1736602783
-.1068572998
.0633850098
.0498504639
-.1159515381
-.1150207520
-.0829315186
-.0205535889
-.0673370361
.1184692383
-.1236724854
-.0195922852
-.1219787598
-.1533966064
-.0985260010
-.0529022217
-.1045684814
-.1087646484
-.0251159668
-.0830078125
-.1045837402
-.0653839111
.0022735596
.0024414063
-.0017395020
.0013885498
-.0882720947
-.2062683105
-.1296386719
-.0919647217
.0510711670
-.1595306396
-.1394042969
-.1326293945
.0519714355
-.1718750000
-.1185913086
.0749359131
.0229492188
.0326385498
.0334930420
.0340576172
-.1458740234
.0592498779
.0940551758
-.1881103516
-.1571960449
-.1440887451
-.1086578369
-.1154479980
-.1473541260
-.1027069092
-.0775146484
.0250549316
-.0014648438
-.0018157959
.0011596680
.0011444092
-.0015411377
-.0012512207
-.0011901855
.0013427734
-.0009613037
.0012054443
.0007781982
.0081939697
.0911254883
.1167144775
-.0196380615
-.1666564941
-.1319732666
-.0959930420
-.0624084473
-.1548767090
-.1900787354
-.1168518066
.0185546875
-.1374359131
-.0533294678
-.1321716309
.0807342529
-.1333923340
-.1051177979
-.0948486328
.0507354736
.0271606445
-.0637969971
-.0801849365
-.0454406738
.0406799316
.0626373291
-.0385437012
-.0044250488
.0017395020
-.0010223389
.0011444092
-.0014495850
.0011596680
-.0017395020
.0015411377
.0014495850
-.0033874512
-.1816253662
-.1841278076
-.0561523438
-.1360473633
-.1153564453
-.0480041504
-.0747833252
-.0188446045
.0015106201
.0020294189
-.0012817383
.0029296875
-.0658264160
-.2223052979
-.1582794189
-.1549835205
-.1422271729
-.0445709229
-.1338958740
-.0709686279
-.1213531494
-.0943756104
.0498199463
-.1939544678
-.0621643066
-.0285797119
-.1201324463
.1375732422
-.0538940430
-.1091613770
-.1548461914
-.1066894531
-.1324310303
-.1197509766
-.0498962402
-.0937805176
-.0553283691
.0344238281
.0232696533
-.0963745117
-.1069030762
-.0219268799
-.0166320801
-.0580444336
-.0172729492
-.0588378906
-.0679779053
-.0488433838
-.0375671387
.0038757324
-.0052795410
.0034332275
.0019683838
.0155334473
-.1290893555
.0302124023
-.1921997070
.0199432373
-.1864624023
-.1208801270
.0278320313
-.0147247314
-.1124267578
.0304718018
-.0449218750
.0222473145
-.0602111816
.0017700195
-.0017089844
-.0020294189
-.0017852783
-.0013427734
.0012054443
-.0362243652
-.1357879639
.0800933838
-.0609588623
-.1196441650
-.1287689209
-.1158599854
-.1202850342
-.0961303711
-.0292205811
.0736999512
.0204162598
-.0958404541
-.0752258301
.0036315918
-.1080932617
-.0206756592
.0008239746
.0022888184
.0011138916
-.0009460449
-.0009460449
.0010833740
-.0010833740
-.0011291504
.0689392090
-.1872253418
.0815887451
.0202484131
-.1375579834
-.1311340332
-.0381164551
-.1179656982
-.1108398438
-.0707244873
-.0775604248
-.0942535400
-.0626220703
.0367126465
-.1306610107
.0820617676
-.1063079834
-.0819854736
-.0670928955
-.0851440430
.0208282471
-.1073913574
.0656127930
-.0237731934
-.1076812744
-.0984039307
.0553741455
-.0461425781
-.0044555664
.0039672852
-.0025177002
.0014038086
-.0010681152
.0008392334
.0438995361
-.1257781982
-.1660308838
-.1382446289
-.2109069824
-.1362609863
.0304260254
-.0831756592
-.0999298096
-.0071868896
-.1021728516
.0410156250
.0367584229
.0393981934
-.0034637451
-.0011444092
-.0009460449
.0008697510
.0010681152
-.0012817383
.0038909912
-.0010681152
-.0012359619
-.0010223389
-.0015106201
-.0014495850
.0009002686
.0033874512
-.0020294189
-.0019683838
.0298767090
.0744323730
.1098937988
-.1324157715
.0464935303
.0204925537
-.1267547607
-.1391754150
.1323547363
-.1179351807
-.1722106934
-.1421508789
-.1130523682
-.1148681641
-.0804595947
-.0791473389
-.0209960938
-.0682220459
.0244598389
-.1085968018
.0637512207
.0204620361
-.0018615723
-.0012969971
.0013732910
.0017089844
-.0014953613
.0009613037
-.0010375977
-.0430603027
.0475769043
-.1065063477
-.0594940186
-.0708465576
-.0754547119
-.0250549316
-.1389160156
-.1032562256
-.0022583008
-.0016937256
-.0024719238
-.0014190674
-.0558776855
-.1370086670
-.1703186035
.0115661621
-.0895690918
-.0933990479
-.0798339844
.0210418701
-.0925292969
-.0603179932
.0323638916
-.0043945313
-.0286254883
-.1043243408
-.0707092285
-.0983276367
-.1195068359
-.1042633057
-.0030517578
-.2001190186
-.1376647949
-.0792541504
-.1380615234
.0164337158
.0648803711
.0691680908
-.1206359863
.0109863281
-.1045532227
-.0576629639
-.0552673340
.0433959961
-.0633087158
-.1135406494
-.0773162842
-.0921783447
-.0469818115
-.1314849854
-.1123809814
-.0236968994
-.0054016113
-.0067291260
.0043182373
-.0026092529
-.0017547607
-.1204833984
.0823364258
-.1361541748
-.0987396240
-.0278930664
-.1142425537
.0354461670
-.1324615479
.0262298584
.0768127441
.0243988037
-.1333312988
-.0750579834
-.1035461426
-.1072998047
-.0761871338
.0476226807
-.0134124756
-.0609436035
-.0512390137
-.0097351074
-.0144805908
.0350341797
-.0130615234
.0010070801
.0008697510
-.0007324219
.0008239746
-.0009918213
.0009002686
-.0012664795
.0022888184
.0012359619
-.0015716553
-.0011138916
-.0007934570
.0323028564
-.0724182129
-.1299133301
-.1090850830
.0760498047
-.1087188721
-.0608978271
-.0444793701
-.0914611816
-.0736846924
-.0446624756
.0451354980
-.0337066650
-.0132751465
.0025634766
.0019378662
.0020751953
-.0018920898
-.0021820068
-.1276245117
-.1534271240
-.1563262939
-.1486358643
-.0930175781
-.0235595703
-.0444030762
.0501556396
-.0519866943
.0014801025
.0072937012
-.0064239502
-.0797882080
-.0662384033
-.0397644043
-.0565795898
-.1118164063
-.0985565186
-.0794982910
-.1003112793
-.1180725098
-.1201477051
-.0797424316
-.0956268311
-.0963134766
-.0175781250
-.0671539307
.0323181152
.0322113037
.0054016113
-.0951690674
.0642242432
-.0335998535
-.0916137695
-.0209960938
-.1466369629
-.1405639648
-.1033935547
-.1062316895
.0561676025
-.1021423340
-.0890960693
-.0906982422
-.1029205322
-.0948944092
-.0662841797
-.0657806396
-.0436706543
-.0038146973
-.0019836426
.0022583008
.0016479492
.0012054443
-.0015258789
.0014495850
-.0016479492
.0028839111
-.0013122559
-.0044860840
-.0701599121
.0498962402
-.0407104492
-.1145172119
-.0418243408
.0282287598
-.1158599854
.0438995361
-.1104736328
-.1087951660
-.0962829590
-.1215515137
-.0563354492
-.1091918945
-.0743713379
-.0933837891
-.0689544678
-.0364685059
-.0923004150
.0346527100
.0447387695
-.0796813965
-.0923004150
.0048828125
-.0038604736
-.0039672852
-.0008697510
.0104675293
.1316223145
.1271820068
.1084442139
.0122528076
.0369110107
-.1278686523
-.0788879395
.1200714111
-.0871124268
-.0600128174
-.1222686768
-.1325531006
-.0456237793
-.0607147217
-.0425109863
-.1176300049
.0433959961
-.1163330078
-.0256958008
-.0569458008
.0684814453
.0195159912
.0279388428
.0504150391
-.0380706787
-.0522155762
-.0210876465
-.1037445068
-.0985412598
.0132598877
-.0873565674
-.1184234619
-.0189819336
-.0369567871
.0719451904
.0579528809
-.0607910156
-.0355224609
-.0019836426
-.0011596680
-.0011749268
.0013732910
-.0013122559
.0012512207
-.0009765625
.0010375977
-.0008087158
-.0011291504
.0010528564
.0014801025
-.0010681152
.0011444092
-.0009918213
-.0270843506
-.1207275391
.1175079346
-.1280212402
-.1508483887
-.1210632324
-.1469116211
.0546569824
.0245513916
.0296936035
-.0493164063
-.0755462646
-.1407470703
-.1203765869
-.1486358643
-.1455993652
-.0123596191
.0501403809
-.0181579590
.0643768311
-.0423736572
.0348663330
-.0328674316
.0370025635
-.0667114258
-.0022888184
.0030059814
.0021057129
-.0051574707
-.1163635254
.0160522461
-.1218719482
-.0828094482
.0108947754
.0595855713
.0636749268
-.1377258301
.0638275146
.0399932861
-.0440368652
-.1013183594
-.1383209229
.0424652100
-.1099090576
-.0718231201
-.0962982178
-.0545959473
-.1352081299
-.1152343750
-.0562744141
.0588684082
.0475158691
.0330352783
-.0329132080
.0399932861
.0320434570
-.0444335938
-.0010681152
-.0013732910
-.0014495850
-.0012207031
-.0011444092
.0011138916
-.0012664795
.0010986328
.0019989014
.0012359619
-.0016784668
-.0057067871
-.0010681152
-.0491027832
-.1496582031
-.1804809570
-.0993194580
-.1590270996
-.1300964355
-.0669097900
-.0124053955
.0953826904
.0299835205
-.1562042236
-.0265502930
-.1381378174
-.1219635010
.0543212891
-.0959167480
-.0269317627
-.1281890869
-.1069641113
.0888366699
.0457611084
-.0877227783
-.1123809814
-.1309356689
-.1004333496
.0465545654
-.0110626221
.0756072998
.0209655762
.0539245605
-.0305023193
.0480651855
.0551300049
.0290222168
-.0600433350
-.0150299072
.0036315918
.0039825439
-.0042114258
-.0023651123
.0012512207
.0671539307
-.0923004150
-.0205230713
-.1451568604
.0207214355
-.1578216553
-.1017608643
-.1222534180
-.1327209473
-.0840454102
.0705413818
-.1319427490
-.1019439697
.0408782959
-.0661163330
-.1026763916
-.0897674561
-.0701446533
-.1040344238
-.1205749512
-.1000823975
-.0589141846
-.0972442627
-.1066589355
-.0202178955
-.1163024902
-.1224212646
-.0571289063
-.0745239258
.0568542480
.0295410156
.0302276611
-.0334014893
.0479888916
.0150299072
.0132446289
.0036773682
-.0011138916
-.0012969971
-.0014343262
.0013122559
-.0011596680
.0015716553
.0013427734
-.0015411377
.0016479492
-.0014801025
.0010223389
-.0026855469
-.0012817383
.0008697510
-.0377807617
-.1352844238
.1485900879
.0030364990
-.1200561523
-.1042022705
-.0708312988
-.0668792725
.0324401855
-.0745697021
-.1278839111
-.0367889404
.0155944824
-.1454010010
-.0534667969
-.0379486084
-.1012268066
-.1434020996
.1060485840
-.0906829834
-.0865325928
-.0847930908
-.0236816406
-.0303497314
.0234985352
.0660400391
.0536651611
.0415496826
-.0527343750
-.0116577148
-.0624694824
.0043334961
-.0057830811
-.0053710938
-.0030212402
.0280609131
-.1707153320
.0264434814
-.1411743164
-.0186614990
-.0225524902
.0495910645
-.0365295410
-.0614471436
-.1125793457
-.1363372803
-.0302886963
-.1046752930
.0455322266
-.1029663086
-.0200042725
-.0462799072
-.0805053711
-.0870819092
.0552062988
.0344543457
.0014801025
.0802001953
-.0430145264
-.0033416748
.0060119629
.0029754639
-.0120697021
-.1656341553
-.2227325439
-.0376434326
-.1012725830
-.1378021240
-.1361846924
-.0320892334
-.0293731689
.0587921143
.0456542969
.0149993896
.0042877197
.0887908936
.1264495850
-.1717834473
-.1449279785
-.1088562012
-.0835113525
-.1076812744
-.0895233154
-.0398254395
-.1194152832
-.0819091797
-.0202178955
-.0848999023
.0756378174
-.1117248535
.0488891602
.0141906738
-.0415039063
-.0878753662
-.0341491699
.0474548340
-.1096801758
-.0335235596
-.0777130127
-.0498199463
-.0617523193
.0329742432
.0137023926
-.0012817383
.0014343262
-.0013580322
.0012969971
-.0012512207
.0011749268
-.0015258789
.0014343262
-.0012664795
-.0012054443
.0012054443
-.0011138916
-.0050964355
-.1441802979
-.0516815186
-.1188659668
.0666656494
-.1591949463
-.0870819092
-.0024261475
.0023345947
-.0019531250
.0015411377
-.0014801025
-.0012054443
-.0010986328
.0295104980
.1546478271
-.0832672119
-.1419067383
.0100402832
-.0886383057
-.0680084229
-.0982360840
.0379791260
.0014801025
.0009918213
-.0011291504
-.0012969971
-.0009765625
.0010375977
-.1451721191
-.0804748535
-.1059722900
-.1695251465
.0109252930
-.1040649414
-.0529479980
.0056457520
-.1369628906
.0858306885
-.0178833008
-.0918426514
.0757293701
-.0556640625
-.0199279785
-.0845184326
-.0915679932
-.0924072266
-.0169982910
-.1116485596
.0495758057
.0173950195
-.0011901855
-.0012054443
-.0010681152
.0012207031
-.0011596680
.0010223389
-.0013580322
-.0974273682
-.2280578613
-.2313232422
-.0719299316
-.1558074951
-.0779876709
.0386962891
-.0035247803
-.1221008301
.0862426758
-.0550384521
.0246276855
-.1013488770
-.0422973633
-.0188140869
.0321655273
.0013427734
-.0011291504
-.0010681152
.0009460449
-.0010681152
-.0009307861
-.0012512207
-.0630035400
-.1676330566
-.0083465576
-.1196289063
.0736236572
.0791320801
-.0665283203
-.0676574707
-.0890197754
.0628356934
-.0076751709
.0467376709
.0249023438
-.0562438965
.0344085693
.0180511475
.0048065186
-.0010986328
-.0009307861
-.0012817383
.0011138916
-.0011749268
.0010223389
.0615081787
