-.0278930664
-.1984710693
-.1918640137
-.1745452881
-.1901245117
.0938720703
-.0626525879
-.0421447754
-.0169067383
-.0080261230
-.0090484619
.0081329346
-.0014953613
-.0052032471
-.0555725098
-.0545501709
.0733947754
.1207275391
-.0616455078
.0252075195
.0549621582
-.1498260498
-.1924285889
.2379302979
-.0653686523
-.0424499512
.0449066162
.0444946289
-.0330352783
-.2136993408
.0511932373
-.0103149414
.0028991699
.0011138916
-.0008544922
.0040740967
-.0098876953
-.0061645508
.0129241943
.0918273926
.0666961670
.1059570313
-.0758361816
-.0569305420
.1381225586
.0402984619
.0340881348
-.0016174316
.0481719971
-.1313781738
-.0099792480
.0052947998
-.0858459473
.0249023438
.0039520264
.2134399414
-.0515441895
-.0861053467
-.1524047852
-.0300750732
-.0047149658
-.0429382324
.0140228271
.0103302002
.1122283936
-.0851898193
-.0506591797
-.0258483887
-.0292053223
-.0285491943
.0162353516
.0157318115
-.0039672852
-.0011901855
-.0010528564
.0012664795
-.0021362305
.0070495605
.0066528320
-.0056304932
.0056762695
-.0042572021
-.0032196045
.0039978027
-.0060729980
.0494689941
.0296325684
-.0504760742
.0899200439
-.0590362549
-.0560607910
.0719451904
-.0202178955
.0047302246
.0476074219
-.0899658203
.0278015137
.0325012207
.0238647461
-.0432586670
.0384063721
.0324707031
.0320281982
.0527496338
.2306976318
.2355194092
-.0741424561
-.1773223877
-.0489044189
-.1047363281
-.0649719238
-.0595703125
-.0621795654
-.0059661865
-.0509033203
.0823211670
-.0252838135
-.0019989014
.0696258545
.0306091309
.1166992188
.0233612061
-.0241394043
-.0422668457
.0416717529
.0211334229
-.0044860840
-.0013580322
.0009307861
.0010223389
-.0035247803
-.1089324951
.0678863525
.1731872559
-.0525207520
.0117797852
.0037994385
-.0091094971
.0016174316
.0014495850
-.0010070801
-.0008392334
.0007629395
-.0009918213
-.0008544922
.0007324219
.0023498535
-.0741882324
-.1166992188
-.3265838623
-.3143310547
-.2857666016
-.1336212158
-.1019744873
-.1944427490
-.2901763916
-.2872619629
-.2308197021
-.2428894043
.1675415039
.0783386230
-.0650634766
-.1058502197
.0654449463
-.1172332764
-.0501708984
-.0386810303
.0048675537
.0015106201
-.1067657471
-.1484527588
-.1351165771
-.0407714844
.0396270752
.0520782471
-.0190429688
.0809326172
-.0760955811
-.0558624268
.0893402100
-.0939788818
-.0737915039
-.0258789063
-.0326690674
-.0690307617
-.0698242188
-.0467071533
-.0485076904
-.0651855469
.0532684326
-.0099334717
-.0044555664
.0028533936
.0026397705
-.0020141602
.0020446777
-.0042114258
.0025482178
-.0022583008
.0023651123
-.0346527100
.0512390137
-.0894165039
.0825347900
.1534576416
-.0591125488
-.2136993408
-.0627899170
-.1414794922
-.1108398438
-.0366516113
.1573944092
.1065063477
.3093261719
.2003021240
-.0780944824
-.1298675537
-.0822296143
-.1354980469
-.0229034424
.3628540039
-.0770874023
-.0239868164
.1633758545
.1447753906
.0699920654
.0292205811
-.0104217529
-.0021362305
.0010375977
.0008087158
-.0005798340
-.0009460449
-.0075225830
.0010986328
-.0348663330
-.0749969482
.1237335205
-.0314178467
-.0028991699
.0330352783
.1371765137
.1050415039
.0464782715
.0452728271
-.0461273193
-.0359649658
.0263671875
.0140228271
-.0463256836
.0168457031
.1112213135
-.0423736572
.0141296387
.0113677979
-.0028686523
.0010986328
-.0006256104
-.0006408691
-.0017089844
-.0029754639
.0030517578
.0980224609
-.1449127197
.1573028564
-.1192779541
.0887451172
-.0779418945
-.0179138184
-.0418395996
-.0203552246
-.0635070801
-.1076965332
-.0814514160
-.0935516357
-.0899810791
-.0535888672
-.0265808105
-.0071716309
-.0039672852
.0040740967
.0040740967
-.0030517578
.0028991699
.0024108887
.0022125244
-.0030822754
.0020141602
-.0028533936
-.0068969727
-.0445251465
-.1053466797
-.0470275879
-.2536163330
.1556396484
.1747283936
.0485229492
.0243530273
.0028686523
.0014190674
.0008087158
-.0397491455
.0727081299
-.0347595215
.0146026611
.0236053467
.0476989746
.0428466797
-.0735626221
.0082702637
.0419769287
-.0363159180
.0076293945
-.0672454834
-.1042938232
.0197296143
-.0025177002
-.0027465820
-.0011291504
.0008850098
.0008697510
.0007171631
-.0009307861
-.0010986328
.0011596680
.0013732910
-.0013427734
-.0017547607
.0010528564
-.0014953613
.0010833740
-.0011444092
-.1050262451
-.2033691406
-.2078094482
-.1839904785
-.0443420410
-.0845642090
.0161132813
-.1929779053
-.1146392822
.0077056885
.0271301270
-.2374420166
-.0809020996
-.0164947510
-.1287078857
-.1452331543
-.1631469727
-.1301727295
-.0778198242
-.0607147217
.0065307617
.1242828369
-.1281738281
-.1005249023
.0204620361
-.0363464355
-.0418243408
-.0273590088
-.0065612793
.0036010742
.0034942627
.0037078857
.0022888184
.0023040771
.0140380859
-.0621185303
-.0974731445
.0741729736
-.0394744873
-.0021209717
.0267944336
.0679168701
-.0420989990
.0340118408
-.0688934326
.0593109131
.0251922607
.0136566162
.0471343994
.0308837891
.0142364502
.0062103271
-.0029296875
.0006866455
-.0008087158
-.0023803711
.0008087158
-.0007019043
-.0007171631
-.0006866455
-.0006408691
-.0006256104
-.0006561279
.0005340576
.0007019043
-.0006866455
.0009613037
-.0895080566
.1707000732
.2634124756
.2156829834
-.1109466553
-.1896667480
-.3393707275
.2794494629
-.2572479248
.1692657471
.2028045654
-.1172332764
-.1349639893
-.0281829834
-.0245971680
-.0753631592
-.0848083496
-.0505065918
-.0099945068
.0078887939
.0071716309
-.0472869873
-.0821075439
-.1002349854
.0335845947
-.0664367676
-.1111297607
-.1873321533
.1102447510
.0078125000
-.0759429932
-.0570373535
-.0843200684
.0878601074
-.0716094971
-.0947723389
-.0663604736
-.0744781494
-.0456085205
-.0385742188
-.0242004395
-.0522918701
.0378723145
-.0585784912
.0424652100
-.0720214844
-.0820312500
-.0403137207
-.0262145996
.0202331543
-.0279998779
-.0302276611
-.0495300293
.0090026855
.0059661865
.0038909912
-.0021820068
-.0020294189
.0020141602
.0016632080
-.0022125244
-.0012512207
-.0027008057
.0018005371
.0022125244
-.0018005371
-.0010223389
-.1393737793
-.0505981445
.0781555176
.0712127686
-.1677703857
-.1941986084
-.2207489014
-.2145996094
.0466918945
-.0047607422
.0014801025
-.0014038086
-.0053405762
-.0022430420
.0115966797
-.1114196777
-.0518646240
-.0461730957
-.0843811035
-.0731964111
-.0958404541
-.1681060791
.0763092041
.0971069336
.0597991943
.0095062256
-.0011901855
-.0046844482
.0007476807
.0014038086
.0025634766
-.0033569336
-.0043334961
-.0035400391
-.0021057129
-.0009765625
.0128479004
-.0556640625
-.0803070068
-.1073913574
-.1323089600
-.2350158691
-.1013183594
-.1652374268
.0039215088
-.0610656738
-.0696411133
.0330963135
-.1121368408
-.1895141602
.0165100098
-.0344696045
-.0964660645
-.0522003174
-.0070037842
-.0481872559
-.0595855713
-.0353088379
-.0671691895
-.0987091064
-.0527648926
-.1526336670
-.1321258545
-.1104583740
.0039215088
-.0011444092
-.0671386719
-.1326904297
-.0064086914
.0007629395
-.1258697510
-.0184631348
-.0743713379
-.0393218994
.0600280762
-.0629730225
.0274047852
.0059051514
-.0099639893
-.0109100342
-.0878906250
-.0522155762
.0424957275
-.1140899658
-.0608367920
-.0268402100
-.0171356201
-.0616912842
-.0756530762
.0443267822
.0270843506
.0371856689
-.0621643066
.0272674561
.0761566162
.0208435059
.0128021240
-.0795745850
.0330047607
.0250549316
.0191802979
.0363006592
-.0300903320
-.0027770996
-.0012512207
-.0094299316
-.0009460449
-.0011444092
-.0008697510
-.0100402832
.0122528076
-.1362304688
-.1018981934
-.0678710938
.0656127930
-.0318450928
-.0102691650
.0529022217
.0235290527
-.0245513916
-.0727233887
.0072784424
.1040496826
-.0480804443
-.0399475098
-.1116333008
-.0148468018
-.0953063965
.0351104736
.0333099365
-.0498809814
.0452117920
.0514068604
.0593872070
.0145416260
.0148162842
-.0724029541
-.0779724121
-.0145416260
.0092926025
.0267944336
.0231323242
.0161437988
-.0385437012
.0326995850
.0179901123
-.0418548584
.0065002441
.0010528564
-.0009918213
.0032348633
.0007781982
-.0011901855
.0030212402
-.0020751953
-.0033721924
-.0023651123
-.0026092529
-.0024719238
-.0019683838
-.0497894287
.0348968506
-.1011199951
-.0060729980
.0175170898
.0510559082
.0455780029
.0486145020
-.0385284424
-.0381164551
-.0814666748
.0317077637
-.0155029297
.0426483154
-.0020904541
-.0639953613
.0369567871
-.0422363281
-.0037384033
-.0107116699
.0142822266
-.0087127686
-.0292968750
-.0390625000
-.0060729980
.0141906738
-.0253753662
.0151977539
.0046844482
-.0006256104
.0013732910
-.0010833740
.0021514893
.0019989014
.0014343262
-.0012054443
.0035095215
.0233306885
-.0067749023
.0258789063
.0283355713
-.0495605469
-.0454254150
-.0011749268
-.1422729492
-.0444946289
-.1088409424
-.0914916992
.0371398926
.0182647705
.0265655518
.0174560547
.0451812744
-.0434570313
.0018768311
.0662841797
.0749053955
-.0332031250
-.0926513672
.0191497803
.0654449463
-.0830688477
.0763092041
-.0517578125
-.0508575439
-.0570220947
-.0573425293
-.0091552734
.0060577393
-.0032348633
-.0006713867
-.0009460449
-.0014038086
.0021667480
-.0018920898
.0012969971
.0018005371
-.0018157959
.0012664795
.0013885498
-.0014953613
.0009613037
.0010070801
-.0013427734
.0167388916
.0546417236
-.0718383789
-.1213684082
-.0701751709
.0546722412
-.1719512939
-.1637725830
-.0675964355
.0519256592
.0358123779
-.0863800049
.0572814941
-.0452728271
-.1405792236
-.1357421875
-.0977935791
.0534667969
.0771179199
-.0538787842
-.0729675293
.0609893799
.0519104004
-.0415191650
.0437011719
.0527801514
.0187988281
-.0814056396
-.0109710693
-.1190948486
.0301361084
-.0489196777
-.1000671387
.0709381104
.0518951416
.0045928955
-.0180969238
.0197448730
-.0469360352
-.0060424805
.0506134033
.0178833008
.0012054443
-.0109558105
.0028839111
.0010223389
-.0009765625
.0009765625
.0010986328
.0013885498
.0044250488
.0287170410
.0522766113
-.0540771484
-.2468872070
.1569824219
.0564727783
-.0104217529
-.0070800781
.0010528564
.1114807129
.1147766113
.1056213379
-.4107971191
-.2072753906
.0955352783
.0971527100
.2680358887
.0962371826
.1284942627
-.0991973877
.0623168945
-.0710601807
.1009063721
.0627136230
.0519409180
.1125946045
-.1210479736
-.1108398438
-.0267486572
.1077728271
.0267944336
-.1494598389
.1084747314
.0501556396
-.0931243896
-.2030181885
-.2471771240
-.2366027832
.1029357910
.1767272949
.1529541016
-.1032867432
-.0593719482
-.0086669922
-.0014953613
-.0009155273
.0016021729
-.0027618408
-.0075073242
.0094146729
-.0042419434
.0015716553
-.0105743408
.0611267090
-.1201934814
-.0659790039
-.0394592285
-.0573272705
.0482025146
.2671051025
-.5000000000
.1139221191
.1197967529
.1170959473
-.0622863770
-.1302337646
.0385894775
-.0092773438
.0037841797
.0017547607
.0011291504
-.0010375977
.0008239746
.0013427734
-.0010528564
-.0013275146
.0013885498
.0011901855
.0460662842
-.1208343506
.0904541016
.0789337158
.1042327881
-.0666046143
-.0405578613
-.0991516113
.0395812988
-.2133483887
-.0931854248
-.1171417236
-.1189422607
-.0495758057
.0591125488
.0160522461
.0866394043
.0035095215
.0057373047
-.1095123291
-.0655975342
.0013732910
.0117340088
-.0075531006
.0043029785
.0021667480
-.0009613037
-.0009765625
-.0008544922
.0008850098
-.0012054443
-.0017089844
.0109252930
-.0013122559
.0166473389
-.0008239746
-.1631011963
.0551147461
-.0207519531
-.0488739014
-.1308898926
-.0685882568
.0541229248
-.0470733643
.0391235352
.0281677246
-.0612030029
-.0177307129
-.1102294922
-.0601959229
-.0068969727
.0010681152
.0010375977
-.0007781982
-.0005493164
.0009613037
-.0010223389
.0009155273
.0009460449
-.0007781982
-.0008544922
.0007324219
.0007934570
-.0007324219
-.0009460449
-.0008850098
.0009613037
.0008697510
-.0009613037
-.0010375977
.0009765625
.0010681152
-.0009613037
-.0007476807
.0106201172
.1022338867
-.1235809326
-.1267547607
-.1358184814
.0870819092
.1681213379
-.0898895264
-.0728912354
.0787353516
.0029144287
.1657257080
-.1445617676
.0513305664
-.0261688232
-.0983428955
.0877685547
.1070251465
.1514282227
-.1697540283
.0257720947
.0276794434
-.0048217773
-.0055389404
.0051116943
.0063018799
.0037536621
.0032806396
.0023803711
-.0032958984
.0881652832
.2020416260
.1368713379
-.0871887207
-.0374298096
.0132904053
-.0026855469
-.0012512207
-.0011596680
.0013427734
.0090637207
.0811767578
.1274261475
.0867919922
.0088500977
.0086975098
.0354614258
.0093383789
.1587066650
-.0544281006
.0717163086
.0983734131
.0995635986
.1134796143
-.0639648438
-.0870666504
-.0538330078
-.0852813721
-.0688934326
.0026550293
-.0020446777
-.0227508545
-.0028076172
-.0008697510
-.0010375977
-.0008239746
.0007629395
.0007629395
.0052947998
-.0079345703
.0313262939
-.0185699463
.0012817383
-.1835784912
-.0456390381
.0138397217
.0149078369
-.0966796875
-.0445251465
-.0366973877
-.0927886963
-.0572052002
-.0926513672
.0398712158
-.0959472656
.0411682129
.0157318115
.0017242432
