-.0002899170
.0007019043
-.0010833740
.0016632080
-.0020141602
.0024871826
-.0029754639
-.0030975342
.0030670166
.0039062500
-.0067901611
-.0055236816
.0066680908
-.0068206787
.0086364746
.0071411133
.0074768066
-.0071105957
-.0084075928
-.0106506348
-.0089874268
.0123443604
.0115509033
-.0139770508
-.0128021240
-.0159912109
.0131072998
.0145111084
.0147399902
-.0126800537
.0131988525
-.0136718750
-.0199279785
.0190277100
-.0116729736
.0177917480
.0167388916
-.0153198242
.0144348145
-.0155639648
.0112762451
.0149841309
.0172576904
.0154113770
-.0208892822
-.0172729492
-.0196533203
.0286712646
-.0298309326
.0229949951
-.0223693848
-.0243682861
-.0219879150
-.0263061523
-.0242004395
.0212860107
.0316619873
-.0294494629
.0252532959
-.0245513916
.0308380127
.0217132568
-.0300445557
.0360565186
-.0267486572
.0251312256
-.0339355469
-.0294189453
-.0346832275
.0215148926
-.0266876221
-.0276947021
-.0276031494
-.0218353271
-.0301666260
.0220489502
.0220794678
.0230407715
.0203857422
-.0205535889
.0180969238
.0209960938
-.0180969238
-.0185394287
-.0218963623
.0173187256
.0151824951
.0140838623
.0167999268
.0130157471
.0169525146
-.0185241699
.0172729492
-.0147094727
-.0178222656
-.0116424561
.0157775879
-.0135345459
-.0156555176
.0130004883
.0141143799
.0110778809
-.0147552490
.0118408203
.0101776123
.0188903809
-.0132751465
.0120849609
-.0122222900
-.0108947754
.0098419189
-.0119628906
.0098571777
.0095062256
.0146789551
-.0092315674
.0117950439
-.0106658936
-.0133819580
.0096282959
.0106353760
-.0090789795
.0149841309
.0104980469
-.0082550049
-.0112152100
.0139312744
.0149841309
.0114746094
-.0148162842
.0120849609
-.0119018555
.0195922852
.0350799561
-.0328063965
.0132446289
-.0156707764
.0136718750
.0153503418
-.0161132813
.0145568848
.0096435547
.0110778809
.0113220215
-.0118560791
.0160217285
-.0120849609
.0106353760
.0119781494
.0087127686
-.0091247559
.0111846924
-.0093841553
-.0109710693
-.0136718750
.0112609863
-.0126342773
-.0085296631
-.0113372803
-.0092163086
.0101623535
-.0141296387
.0095214844
-.0137939453
.0108032227
.0103607178
-.0172271729
-.0419769287
.0272674561
-.0897674561
-.0888977051
-.0714111328
.1100616455
.1869049072
.2435913086
.2172851563
.1226501465
.0656890869
-.0218048096
.0181121826
.0831756592
.1502227783
-.1576080322
.1098480225
-.0328674316
.0384826660
.0612182617
.0614929199
-.0440216064
-.0164489746
.0250396729
.0610656738
.1455535889
.1733093262
.0938873291
-.0314178467
.0127563477
.0126190186
-.0127868652
.0072937012
-.0517730713
.0531921387
-.0335388184
.0107116699
.0182647705
.0110473633
-.0580444336
-.0577392578
.0398101807
.0111236572
-.0075073242
.0111083984
.0111846924
-.0655822754
-.1163787842
-.1193542480
-.0938720703
-.0535278320
-.0287322998
-.0173492432
-.0137786865
.0130157471
.0131225586
.0102386475
.0135345459
.0111236572
.0145568848
-.0130462646
-.0115661621
-.0075073242
-.0162963867
.0084381104
-.0087127686
-.0062103271
.0077667236
.0099792480
-.0111694336
.0084075928
-.0134582520
.0164642334
.0103759766
.0126647949
.0149230957
-.0108184814
-.0103149414
.0086822510
.0045776367
-.0077972412
-.0101928711
.0064086914
.0081939697
-.0057678223
-.0077056885
.0091400146
-.0637969971
.0805053711
-.0927581787
-.1016693115
-.0839233398
-.0524291992
.0627288818
.0840148926
.0876312256
.0809020996
.0748596191
.0682525635
.0455169678
-.0387420654
.0201873779
.0178070068
-.0086059570
-.0091247559
-.0086059570
-.0110015869
-.0108184814
-.0070495605
-.0075073242
.0079345703
.0084075928
.0099334717
.0086517334
-.0099334717
.0093536377
.0100097656
.0087890625
-.0125122070
-.0090942383
.0109558105
.0104675293
.0111236572
-.0098266602
.0116577148
-.0093841553
-.0087738037
.0101928711
-.0298004150
.0158233643
-.0182800293
.0171356201
.0399932861
.0772247314
.0896148682
.0994720459
.0807342529
.0330505371
.0293731689
.0135498047
-.0244445801
-.0462951660
-.0650329590
.0798950195
.0679473877
.0625000000
.0308837891
-.0424957275
-.0359191895
.0378570557
.0339660645
.0174865723
-.0121765137
-.0136566162
-.0162353516
-.0082092285
.0123901367
.0111083984
.0094299316
.0082397461
.0084075928
.0084381104
.0082092285
.0076751709
-.0069580078
.0075225830
-.0085601807
.0069122314
-.0125274658
.0112915039
.0083312988
-.0096588135
-.0074615479
-.0083160400
.0085601807
-.0077209473
.0066528320
.0140075684
.0063171387
-.0061035156
-.0086364746
.0085754395
-.0085144043
.0086822510
.0078735352
.0082397461
-.0215301514
-.0322265625
-.0307312012
-.0104064941
-.0093078613
-.0301208496
.0621643066
-.0979003906
-.0471801758
.0193786621
.0419921875
.0487060547
.0499420166
.0466308594
-.0096893311
-.0330200195
-.0355987549
-.0424346924
-.0476837158
-.0534973145
-.0619201660
-.0704040527
-.0703125000
-.0741119385
-.0693969727
-.0722045898
-.0718231201
-.0497741699
-.0435333252
.0544891357
.1108703613
.1330413818
.1175384521
-.1229858398
.1033782959
.0471649170
.0554504395
-.0247955322
.0171508789
-.0137176514
-.0075225830
-.0079193115
-.0086517334
.0081176758
-.0098266602
-.0089416504
-.0106201172
-.0110168457
-.0082550049
.0102539063
.0132904053
-.0110931396
.0097198486
-.0113830566
-.0107574463
-.0175933838
.0113525391
-.0108795166
-.0166473389
.0144042969
-.0132751465
.0129699707
.0149078369
-.0158691406
.0190429688
-.0147247314
-.0129394531
-.0126953125
.0152282715
-.0160827637
-.0182037354
.0160064697
.0167999268
-.0177459717
-.0128173828
.0174102783
.0157623291
.0387420654
.0402832031
-.0312042236
.0314178467
.0292968750
.0183410645
-.0164794922
-.0106964111
-.0187377930
.0166778564
.0170135498
-.0160369873
-.0122528076
-.0173339844
-.0171966553
-.0108337402
.0164794922
-.0175170898
.0190887451
.0159454346
.0139007568
-.0150909424
-.0127410889
.0148315430
-.0173797607
-.0171203613
-.0146179199
-.0145263672
-.0128173828
.0151062012
-.0132293701
-.0171966553
-.0155639648
.0126342773
.0180206299
-.0177612305
-.0186462402
-.0167541504
.0188751221
.0358123779
.0476379395
.0437011719
.0397644043
.0348663330
.0727081299
.1180267334
.1499786377
.1591491699
.1526184082
.1455383301
.1379852295
.0640716553
.0577545166
.0663604736
.1425476074
.1171569824
.1011352539
.0943756104
.0965881348
.0826416016
.0856475830
.0794372559
.0804290771
.0901489258
.0825653076
.0671234131
.0583343506
.0921478271
.0791320801
.0689239502
.0576477051
.0701599121
.1372528076
.0945434570
.0825805664
.0817260742
.0758209229
.0676116943
.0711212158
.1060485840
-.0982208252
-.0919799805
-.0712738037
.0554199219
.0648803711
.0542449951
.0569000244
.0666961670
.0550079346
-.0393371582
-.0326843262
-.0228118896
-.0260925293
.0663452148
.0805358887
.0732574463
.0725708008
.0409851074
.0302886963
.0236511230
.0214843750
-.0147399902
.0129547119
.0118560791
.0379943848
.0674438477
.0667572021
.0357360840
-.0431671143
.0195007324
-.0381622314
-.0276184082
-.0169830322
-.0106048584
-.0079345703
-.0062255859
.0051116943
-.0049896240
.0083312988
-.0049133301
-.0042724609
.0042419434
-.0040588379
-.0038757324
.0040740967
-.0041656494
.0044403076
-.0039215088
-.0057525635
.0323486328
.0338287354
.0333251953
.0434570313
-.0312652588
-.0271606445
.0193481445
-.0201721191
-.0055847168
-.0034027100
.0081634521
-.0041198730
.0040283203
.0203704834
.0391998291
-.0304412842
-.0227661133
.0083312988
-.0037536621
.0037384033
.0146026611
-.0354766846
-.0397338867
-.0250701904
-.0223236084
.0346984863
-.0382995605
-.0285644531
-.0179901123
.0140228271
.0280303955
-.0291748047
.0174713135
-.0100555420
.0097656250
-.0325317383
-.0372619629
-.0322265625
-.0167083740
-.0105743408
-.0070037842
-.0033264160
-.0048675537
-.0041198730
.0037841797
.0135498047
.0040893555
.0069732666
.0080261230
.0086212158
-.0061187744
-.0138549805
-.0044860840
.0048370361
-.0034179688
-.0036010742
-.0037689209
-.0035400391
-.0032196045
-.0035552979
.0029907227
-.0028228760
.0034179688
.0027923584
.0036926270
.0029754639
-.0035247803
.0027160645
.0024261475
-.0033874512
-.0045471191
.0039062500
.0034027100
.0040435791
.0051422119
-.0035552979
-.0041503906
.0094757080
.0044555664
.0048065186
.0032043457
-.0042266846
-.0050048828
.0043792725
.0029296875
-.0035095215
-.0037384033
.0043792725
-.0033111572
-.0042114258
-.0058898926
-.0048217773
-.0041656494
-.0045013428
-.0057067871
-.0041961670
.0062255859
.0038146973
.0032958984
.0049285889
-.0030364990
.0061798096
.0044403076
.0050201416
-.0052185059
-.0055847168
.0038909912
-.0041809082
-.0052795410
-.0044250488
.0068206787
-.0062408447
-.0060882568
-.0059814453
.0083160400
.0072784424
-.0089263916
-.0121154785
.0081939697
.0097961426
.0121765137
.0096130371
-.0104522705
.0162506104
-.0122985840
.0146789551
.0130767822
.0144042969
-.0186157227
.0151367188
-.0155792236
.0180969238
-.0190277100
.0197143555
.0175323486
.0159301758
-.0184783936
-.0122222900
.0172576904
.0160675049
-.0143890381
-.0180664063
.0103302002
-.0203857422
.0146484375
.0139312744
.0141754150
.0146484375
-.0124511719
-.0124816895
.0124816895
-.0149841309
.0132141113
.0122833252
.0103149414
.0120697021
-.0163879395
.0165252686
.0143890381
-.0138702393
.0201568604
-.0113983154
.0131835938
-.0163269043
.0159912109
.0097503662
.0126037598
.0119934082
.0088958740
-.0079650879
.0080718994
.0106353760
-.0169219971
.0119171143
.0099639893
-.0101623535
-.0144653320
-.0123443604
.0089111328
.0107269287
.0070495605
.0063323975
-.0081481934
.0091247559
-.0072479248
-.0071105957
.0083312988
-.0090789795
-.0093994141
-.0067749023
-.0093841553
.0098876953
.0097656250
.0063018799
-.0107574463
.0075225830
.0076446533
.0076293945
-.0069580078
.0077056885
.0050048828
-.0066223145
.0081024170
-.0087432861
-.0075988770
-.0083923340
-.0077667236
.0066528320
-.0074615479
.0057678223
-.0060729980
.0050811768
-.0046997070
.0049896240
.0048217773
-.0053558350
-.0064239502
-.0058898926
-.0038146973
-.0055389404
-.0049438477
-.0041961670
.0046539307
.0093078613
-.0217437744
-.0425415039
.0500183105
.0532989502
.0587158203
-.0133514404
.0089263916
.0083923340
.0142974854
.0674133301
.0434570313
.0451354980
.0693206787
.0756988525
.0793304443
.0711975098
.0680236816
.0652160645
.0687408447
.0680847168
.0819702148
.0850524902
.0883178711
.0815582275
.0825958252
.0620422363
.0441436768
.0108642578
-.0097351074
-.0110168457
.0316925049
.0506286621
-.0556793213
.0631408691
.0430755615
.0147399902
.0112609863
.0108947754
-.0260162354
.0878143311
-.0589141846
.1165924072
.1323852539
.1414184570
.1576843262
.1537628174
.1500854492
.1571197510
.1425628662
.0766448975
.0638732910
.0466461182
-.0607910156
.0677337646
.0535125732
-.0168914795
.0130920410
-.0119018555
-.0089874268
.0114288330
.0302124023
.0607299805
-.0618896484
.0782165527
-.0798950195
-.0483551025
.0634307861
-.0364074707
.0526123047
.0513305664
.0522613525
-.0904998779
.1658172607
.1574707031
.1601715088
.1324768066
.1153717041
.0673522949
.0182037354
-.0268859863
-.0243530273
-.0215148926
-.0225830078
.0263061523
-.0240936279
-.0286560059
-.0470581055
-.0553894043
-.0314788818
.0228118896
.0234985352
.0209960938
.0244750977
.0558166504
.0508117676
.0448303223
-.0503234863
-.0484161377
.0437164307
.0548553467
.0467224121
.0411376953
.0313873291
.0179138184
.0171203613
-.0140228271
.0131988525
-.0116424561
-.0093994141
.0064392090
-.0093841553
-.0116271973
.0067291260
.0092468262
.0113220215
-.0121154785
.0125579834
-.0117340088
-.0082855225
.0091705322
.0102996826
-.0086212158
-.0076599121
-.0072631836
-.0080108643
-.0073242188
.0066528320
-.0076446533
-.0104522705
.0088195801
-.0099945068
-.0095367432
.0067443848
-.0063934326
.0096893311
.0070037842
.0068359375
-.0066986084
.0060272217
.0055236816
-.0060119629
.0064392090
.0085754395
-.0065612793
-.0069427490
.0072326660
-.0057220459
.0070190430
-.0098266602
-.0071258545
.0076599121
-.0066986084
-.0086669922
.0091705322
-.0097045898
.0069580078
-.0089263916
-.0060424805
-.0078582764
-.0090179443
.0065307617
-.0079498291
-.0081787109
-.0064544678
.0071868896
.0060272217
.0069580078
-.0058593750
.0100708008
.0094146729
.0057373047
-.0073089600
-.0062103271
.0078887939
-.0075836182
-.0091857910
.0058135986
-.0073699951
-.0054779053
-.0061035156
.0057830811
-.0073852539
-.0067443848
.0048065186
.0054016113
.0040283203
.0057525635
-.0045318604
-.0034332275
-.0031585693
.0021514893
.0030670166
.0023956299
.0022735596
-.0026092529
-.0016326904
-.0016784668
.0012664795
-.0013580322
.0008544922
-.0012054443
-.0007476807
.0005187988
.0003509521
.0002899170
-.0001525879
.0000915527
-.0001373291
-.0001831055
-.0001220703
.0002136230
.0001983643
.0001373291
-.0001831055
-.0001983643
-.0001831055
.0001525879
-.0117340088
