.0000305176
-.0003051758
-.0011444092
.0021209717
.0025634766
-.0027313232
-.0033721924
-.0031127930
.0045623779
.0070648193
-.0074920654
.0075225830
-.0059204102
-.0065155029
-.0083770752
.0043029785
.0143890381
-.0156250000
-.0122833252
-.0171661377
.0157470703
.0133972168
-.0106353760
-.0086212158
-.0154418945
.0102539063
.0157928467
-.0144042969
-.0144042969
-.0146179199
.0094757080
.0202484131
.0255889893
.0141448975
.0155334473
.0279083252
.0138397217
-.0990142822
.0230865479
.0201568604
.0112457275
-.1000366211
-.0185546875
.0096588135
.0164489746
.0106506348
-.0112152100
-.0130157471
.0098114014
-.1969299316
-.2042388916
-.1810607910
-.1776733398
.0674743652
-.0459442139
.0336914063
.0186614990
.0167541504
-.0547027588
-.0198822021
-.0458526611
-.0596618652
.0809936523
.1067047119
.0447235107
-.0338745117
.2395172119
-.1992797852
.2392272949
.0707397461
-.0440979004
.0463104248
.0509643555
-.1655578613
.0529022217
-.0271301270
.0142669678
-.0126342773
-.0252990723
.0213470459
.0083618164
-.0184936523
-.0845489502
.0553283691
-.0563659668
.0582885742
.1298828125
.0385894775
.0188751221
.0165252686
-.1396789551
.0166625977
.0209045410
-.1353759766
.0160675049
-.0792388916
-.1008148193
-.0714263916
-.1578826904
.0331115723
-.0653991699
-.0421905518
.0192871094
.1116180420
-.0933380127
-.0565490723
.0337524414
.0396270752
-.0281524658
-.0613250732
-.0635223389
.0219573975
.0265960693
-.0862121582
-.0238342285
-.0192260742
-.0128021240
.0203094482
.0208435059
-.0138549805
-.0092468262
.0240478516
-.0464019775
-.0350952148
.0931701660
-.0897521973
-.0342254639
.0856018066
-.0137939453
.0419006348
-.0960083008
.0245819092
.0453338623
-.0467834473
.0444946289
.0377960205
-.0361633301
.0831451416
.2938995361
-.0951080322
-.1789245605
-.0502777100
.0902099609
.0556488037
-.1000671387
.0195007324
-.0296478271
.0822296143
-.0078277588
.0506744385
.0749206543
.0823974609
.0368347168
-.0234222412
-.0518035889
.0498199463
-.0306243896
.0173034668
.0118408203
-.0068969727
.0297698975
.0369110107
.1254119873
-.1970214844
-.0260772705
.0148773193
.0208587646
.0082855225
-.0191040039
-.0316314697
.0349578857
.0225830078
-.0173339844
-.0304565430
-.0757293701
-.0750122070
-.3569793701
-.3189392090
-.2899627686
-.1244812012
-.1024169922
-.2782135010
-.3315124512
-.2408752441
-.2314147949
-.1016082764
.0574035645
-.1197814941
-.1147613525
-.1209869385
-.0905609131
.0282592773
.0334320068
-.0807952881
-.1405639648
-.1426544189
.0465545654
-.0260772705
-.0431976318
.0991973877
-.0805053711
-.0556640625
.0959625244
-.0596618652
-.0707092285
-.0703277588
-.0731811523
-.0741729736
-.0487518311
-.0532836914
-.0564117432
.0383758545
.0307312012
.0161895752
.0145874023
-.0135040283
.0093841553
-.0154266357
.0137939453
.0129241943
-.0359039307
-.0642852783
-.0489349365
.1673736572
.0792083740
-.2203826904
-.1079711914
.0891876221
-.0373535156
.0983123779
.1032714844
.3139801025
.1932373047
.0932922363
-.0666503906
-.1845092773
.0179595947
.3619842529
-.0363159180
.0294952393
.1607513428
.0921783447
.0422668457
-.0232238770
-.0177612305
.0142211914
.0207824707
-.0178527832
-.0202636719
-.0320434570
-.0414123535
.0998382568
.0483245850
.0156707764
.0198059082
.1319885254
.1721496582
-.0578765869
-.0335083008
-.0598449707
.0278320313
-.0208892822
-.0500030518
.0277557373
.1074523926
.0239868164
-.0253143311
-.0188140869
.0203247070
.0183868408
.0169219971
-.0363006592
-.0184631348
.1121368408
.1425476074
.2393341064
.0791778564
-.0997924805
-.0436859131
-.0518646240
-.0272521973
-.0787506104
.1109313965
-.0757598877
-.0923614502
-.0672302246
.0326690674
.0210266113
-.0168457031
-.0175476074
.0250244141
.0183868408
-.0136718750
-.0151977539
.0212707520
.0216979980
.0229644775
.0450744629
-.1073303223
-.0616455078
-.2499389648
.1978149414
-.0588836670
-.0415954590
.0124969482
-.0146331787
.0135650635
-.0298767090
-.0591735840
-.0266876221
-.0258026123
.0472869873
-.0801239014
.0336151123
.1032562256
-.0562744141
-.0319671631
.0768890381
-.0771026611
.0245208740
.0578918457
.0362548828
.0252838135
-.0263519287
.0288391113
-.0284576416
-.0304260254
-.0176696777
.0098876953
.0169372559
-.0137023926
-.0106506348
.0167083740
-.0869903564
-.2298889160
-.2176666260
-.1440582275
.0656738281
-.0406341553
-.1777954102
-.1124267578
.0233764648
-.2111968994
-.1273651123
.0471954346
-.1334381104
-.1427764893
-.1749877930
-.1083526611
-.0754547119
.0507659912
.1069793701
-.1246032715
-.1049652100
-.0315246582
-.0607452393
-.0382385254
.0226745605
-.0164489746
.0147094727
-.0214843750
-.0222167969
.0192565918
-.0804443359
.0994262695
-.0888977051
-.0315551758
-.0332489014
.1014862061
.0429687500
-.0444183350
-.0777130127
.0682067871
.0274963379
-.0262298584
-.0311584473
.0190582275
-.0204925537
-.0113220215
-.0119628906
.0237884521
.0148468018
-.0172576904
.0120391846
.0197753906
.0297851563
.0264282227
.0188293457
-.0145568848
-.0137329102
.0322113037
.1424407959
.2309112549
.2513122559
-.1122741699
-.2261505127
-.1681060791
.2937774658
-.0900573730
-.2021484375
-.0897216797
-.1325073242
-.0362396240
-.0403747559
-.0979766846
-.0695648193
-.0253906250
-.0184783936
.0187988281
-.0637664795
-.0962066650
-.0691833496
-.0708923340
-.1158447266
-.2022705078
-.0440979004
-.0592041016
-.0782012939
-.0809326172
-.0871734619
-.0902862549
-.0954132080
-.0554656982
.0518646240
-.0364379883
-.0330505371
-.0698089600
.0715484619
.0458526611
-.0755462646
-.0943298340
.0411834717
-.0314941406
-.0263061523
-.0428619385
-.0610046387
.0255126953
-.0206298828
-.0168304443
.0299835205
.0235137939
-.0187072754
-.0298614502
.0289306641
.0195922852
.0181427002
.0268859863
.0166015625
-.1299285889
-.0714569092
.0671081543
-.1248016357
-.1766357422
-.2155456543
-.2145690918
.0473022461
-.0200195313
.0215301514
.0181884766
.0170135498
.0173645020
-.1103668213
.0589141846
.0421600342
.0576477051
-.1039123535
-.1716156006
.0971527100
-.1027526855
.0442199707
-.0362854004
.0191650391
.0124969482
.0138397217
.0217895508
-.0094604492
-.0287170410
.0171508789
.0188140869
.0541839600
-.0607147217
-.0959625244
.0629730225
-.2072296143
-.1625823975
-.1704559326
.0153808594
-.0723114014
-.0384979248
-.0626678467
-.1872406006
.0219573975
-.0493164063
-.1091156006
-.0321197510
.0243988037
-.0590515137
-.0402526855
-.0907135010
-.0589599609
-.1025543213
-.1301574707
-.1242523193
-.0142974854
-.0114593506
-.0946807861
-.1333312988
-.0095520020
-.1354980469
-.0325927734
.0745239258
.0464630127
.0876617432
.0609741211
.0246276855
-.0293579102
-.0355377197
-.0894927979
-.0536956787
-.0587615967
-.0827941895
-.0269165039
.0173797607
-.0795440674
-.0529479980
.0340576172
.0352935791
-.0652923584
.0447082520
.0778198242
.0246734619
-.0927124023
-.0410766602
.0267791748
-.0227355957
.0399017334
-.0170135498
-.0106048584
.0236511230
.0130310059
-.0155181885
.0162658691
.0141296387
-.1248626709
-.0863647461
-.0630493164
-.0454864502
-.0355834961
-.0163574219
.0402221680
.0219726563
-.0723266602
.0316314697
-.0750274658
-.0797576904
-.1074371338
-.0386199951
-.1071014404
.0407867432
-.0437469482
-.0334472656
.0541992188
.0768890381
-.0258026123
.0237731934
-.0785827637
-.0660247803
.0181274414
.0265808105
-.0367126465
-.0323638916
.0492401123
.0384216309
-.0491027832
-.0217437744
-.0319366455
-.0241088867
.0165710449
.0223999023
.0194091797
.0140533447
.0179443359
.0108489990
-.0084228516
-.0131835938
-.0417785645
-.0503387451
-.1150817871
-.0153656006
-.0559387207
.0568389893
.0688018799
.0529937744
.0398559570
-.0910797119
.0378723145
.0169982910
.0172576904
-.0729370117
-.0402832031
-.0514831543
-.0118865967
.0232086182
.0267639160
-.0431365967
-.0439300537
.0179138184
.0225830078
-.0234375000
.0142974854
-.0145721436
-.0146179199
.0164642334
.0191345215
.0163726807
-.0174865723
.0227203369
.0264892578
-.0162658691
.0407104492
.0342864990
.0967102051
-.0212249756
-.1055755615
-.0485534668
-.1156463623
-.0926666260
.0341644287
.0802154541
-.0267944336
-.0481719971
-.0416717529
.0196990967
.0500183105
.0852355957
-.1135253906
.0255889893
-.1346740723
-.0435333252
.0688323975
.0700073242
-.0662841797
-.0615386963
-.0209503174
.0133514404
.0138397217
-.0146636963
.0171661377
-.0158081055
-.0168151855
.0161895752
.0233001709
.0205383301
-.0202941895
-.0191040039
-.0111541748
.0404663086
-.0267486572
-.0504455566
-.0566558838
-.1331329346
.0796508789
.0635833740
-.1687622070
-.0532836914
-.1274108887
-.0522460938
-.0854492188
.0847320557
-.0373382568
-.1394653320
-.1060485840
.0638427734
.0773010254
-.0581665039
-.0737762451
-.0559387207
-.0469818115
.0538787842
.0784912109
.0462493896
-.0206298828
.0216369629
.0204010010
-.0487213135
-.1024932861
.0624694824
.0361022949
.0157623291
.0448608398
.0469512939
.0135040283
.0558929443
-.0122375488
.0243988037
.0136566162
.0190429688
-.0170593262
-.0189056396
.0310974121
.0300750732
.0146636963
.0756530762
-.0673980713
-.3179931641
.1749420166
-.0892181396
.0333404541
-.0184783936
.1524963379
-.0998840332
.2109222412
-.1644744873
-.2888946533
.1094055176
.2670593262
-.0771789551
-.1005401611
.0597534180
.0913696289
.0538024902
.0632934570
-.0577697754
-.1759490967
.0594787598
-.0329742432
.1140136719
-.0293884277
-.1606750488
-.0615844727
-.0537261963
-.1954345703
-.2488555908
-.2371826172
.0978393555
.1399841309
-.1326599121
-.0884246826
.0208587646
.0111389160
-.0127105713
.0072784424
-.0101776123
.0145874023
-.0101165771
.0093383789
.0198059082
-.0453338623
-.1323547363
-.0549011230
-.0652923584
.0492858887
-.4812469482
-.3842315674
.1030883789
.1174163818
.0858612061
-.1402893066
.0379943848
-.0121765137
-.0129547119
.0217437744
.0344085693
-.0281677246
-.0245361328
-.0180358887
-.0342407227
-.0210113525
.0463256836
-.1222686768
.0823516846
.0737915039
-.0514678955
-.0382385254
-.1141357422
.0547180176
-.2175750732
-.1294403076
-.0534973145
.0431823730
.0729370117
.0319824219
.1160888672
-.0263977051
-.1441650391
-.0892944336
.0213775635
.0193634033
.0130310059
.0214233398
.0140075684
.0218353271
-.0229339600
-.0182342529
-.0180511475
-.0219116211
-.0257720947
.0210266113
-.0146942139
-.1623229980
.0582885742
.0172729492
.0649566650
-.1016387939
.0658874512
-.0637054443
.0302886963
-.0289764404
-.0807189941
-.0943603516
-.0591278076
-.0143280029
.0125427246
.0138549805
.0148010254
-.0186309814
-.0111846924
-.0118255615
.0183105469
.0179138184
.0311889648
-.0465698242
.0303192139
.0318145752
.0235595703
.0258636475
-.0134277344
.0140686035
.0137329102
.0178527832
.0155487061
.0165405273
.0267639160
-.1377563477
-.1729888916
.1347808838
.1281738281
-.1009826660
-.1012878418
-.0979003906
.0249633789
.1695098877
-.1524963379
-.0501556396
-.0790405273
-.0944061279
.1160125732
.1418151855
-.1739349365
-.0261230469
.0292510986
.0178222656
-.0316314697
.0232696533
.0123138428
.0135040283
-.0201416016
.0155944824
.2045898438
-.1389923096
-.0978088379
-.0519104004
.0186004639
.0164337158
-.0361938477
-.0182952881
-.0239562988
.0852508545
.1290435791
-.0427398682
-.0175323486
.0356140137
-.0219726563
-.2257690430
-.0619964600
.0909423828
.1654815674
.0719299316
-.0620574951
-.1037902832
-.0518188477
-.0861968994
-.0259094238
-.0213775635
-.0305480957
.0135192871
.0133514404
-.0159149170
-.0282440186
.0213165283
.0210266113
.0198669434
-.0348815918
.0191192627
-.0904998779
-.1438598633
.0279083252
-.0222320557
-.0843963623
.0378875732
-.0503082275
-.0631866455
-.0836334229
.0621337891
-.1081390381
.0328674316
-.0159301758
.0261077881
-.0290527344
-.0289916992
-.0328369141
-.0341033936
-.0281066895
.0588226318
.0358886719
.0252990723
.0301818848
.0289001465
.0295104980
-.0303649902
-.0174865723
.0135955811
-.0176086426
-.0136871338
-.0149993896
.0163574219
.0135498047
-.0140533447
-.0214691162
.0263519287
.0227661133
-.0203704834
-.0190277100
.0197601318
.0203552246
.0201568604
-.0154876709
.0158538818
-.0180053711
-.0243835449
.0172119141
.0139160156
.0138397217
.0419464111
.0239105225
-.0337371826
.0253143311
-.0214538574
.0222778320
.0147552490
-.0212860107
-.0180816650
.0144500732
.0172576904
-.0244293213
-.0294647217
-.0222625732
.0346069336
-.0326232910
-.0255737305
-.0209960938
-.0200653076
.0281677246
.0251770020
-.0145721436
-.0107574463
.0153350830
.0149230957
.0179748535
.0136260986
-.0135955811
.0070953369
-.0075836182
.0147247314
-.0080566406
.0062255859
.0090179443
-.0122070313
-.0129241943
.0115966797
.0088195801
.0045166016
.0062408447
-.0115356445
.0114440918
-.0060272217
.0066375732
-.0064544678
-.0070495605
-.0081634521
.0048217773
-.0043487549
.0032196045
.0037841797
.0020904541
.0018157959
.0017547607
.0016326904
.0011596680
.0003967285
.0000305176
