.0000457764
-.0008850098
-.0031890869
.0061492920
.0072631836
-.0078430176
-.0096893311
-.0087890625
.0128936768
.0196533203
-.0215148926
.0221099854
-.0167083740
-.0188598633
.0261230469
-.0129852295
.0414581299
-.0452270508
-.0355529785
-.0490417480
.0447845459
.0385284424
-.0303497314
-.0240478516
-.0433349609
.0295257568
.0443115234
-.0429534912
-.0446929932
.0453796387
.0293884277
.0601806641
.0803070068
-.0451660156
.0490570068
.0869750977
.0446166992
-.3129577637
.0727081299
.0612487793
.0340728760
-.3154754639
-.0588684082
.0312042236
.0507049561
.0334320068
-.0336761475
-.0401916504
.0308685303
-.2086029053
-.2295684814
-.1769256592
-.1955718994
.0842132568
-.0720825195
.0705413818
.0491790771
.0498199463
-.1042480469
-.0635223389
-.0851287842
.0748748779
.0973968506
.1352844238
.0844421387
-.0890808105
.2491912842
.2399902344
.2456970215
-.0707702637
-.0538787842
-.1028900146
.0851135254
-.1794586182
.0607604980
-.0486907959
.0455322266
-.0394592285
-.0804595947
-.0528869629
.0227966309
-.0343475342
-.0865631104
.0703735352
.0657348633
-.0706481934
-.1403198242
-.0415954590
.0344696045
.0505828857
-.1388244629
-.0477752686
.0656585693
-.1342926025
.0376129150
-.0828399658
.1841125488
-.0758666992
-.1692810059
.0586853027
-.0859832764
-.0667572021
-.0436553955
.1124877930
.0940551758
.0790557861
.0965423584
.0905456543
.0598602295
-.1933898926
-.2014312744
-.0832214355
.0829467773
-.2758636475
.0895080566
-.0580139160
.0378112793
.0634002686
.0582275391
-.0340881348
.0319366455
-.0549926758
-.0531768799
.0464630127
-.0917663574
-.1098785400
-.0542755127
-.0944061279
.0399780273
.0540771484
-.1103057861
.0468597412
-.1124725342
.0823822021
.0630493164
.0548553467
-.0503082275
.0785522461
.3101196289
-.0881805420
-.1844177246
-.0529937744
.1192932129
.0782623291
-.0924987793
.0355377197
.0399932861
.0830230713
-.0251617432
.0573883057
-.0840911865
-.0793304443
-.0745544434
.0250549316
-.0552978516
-.0666961670
-.0760498047
.0553436279
.0348663330
-.0263519287
.0307006836
.0534973145
.1395721436
.2730865479
-.0673217773
.0485839844
.0525665283
-.0206146240
-.0617523193
-.1001129150
.1096801758
.0700378418
.0287322998
-.0773773193
-.0996246338
-.0886993408
-.3525695801
-.3257293701
-.3029785156
-.1484222412
.1133728027
-.2630004883
-.3354339600
-.2893371582
-.2326660156
.1405487061
.2127532959
-.1502075195
-.1632537842
.1715240479
-.1065368652
-.0670471191
.1028900146
-.1082153320
-.1595153809
-.1601257324
.0883483887
-.0516204834
-.0795288086
.1243286133
-.0988464355
-.1018981934
.1125030518
-.1051330566
-.1050567627
-.1030120850
-.1017303467
-.0872497559
-.0626220703
-.0631561279
-.0867462158
.0676116943
.1063690186
.0476531982
.0453796387
-.0409698486
.0427703857
-.0409698486
.0393371582
-.0396118164
-.0632476807
-.0848083496
-.0741882324
.2047119141
.1184844971
.1180877686
-.0629730225
.1162261963
-.1048889160
-.1237640381
.1109771729
.3043670654
.1802368164
-.0659179688
.0877380371
.1649627686
.0558013916
.3601074219
-.0858459473
.0755157471
.1918640137
-.1396942139
-.0873565674
-.0657196045
-.0552215576
.0448913574
.0540771484
-.0584564209
-.0645446777
-.1004638672
-.0978088379
.0724639893
.0583953857
.0480651855
.0687408447
.1418151855
.1154479980
-.0747375488
-.0773773193
.0859222412
-.0774078369
.0711975098
-.0683288574
.0627441406
.1269683838
-.0734252930
-.0690307617
.0506744385
.0647583008
-.0633239746
-.0517883301
-.1068725586
.0521392822
.1496276855
-.1713104248
.1905059814
.0622558594
-.1170196533
.0869750977
-.0809326172
-.0575408936
-.0936431885
.1382751465
-.0925903320
-.1262969971
-.1026916504
.0736236572
-.0635681152
-.0523071289
-.0534057617
.0733184814
.0579376221
-.0553588867
-.0447387695
.0638122559
.0671386719
-.0922241211
-.0807189941
.1014251709
.0835113525
-.2220458984
.2016754150
.1062927246
-.0670928955
.0394592285
-.0544738770
.0424041748
.0319976807
-.0817718506
-.0511779785
-.0586853027
.0659637451
.0859680176
.0542449951
-.0774536133
-.0867004395
.0854644775
.0980072021
.1370697021
-.0883483887
-.0691223145
-.1279449463
-.0822753906
-.0833892822
-.1487121582
-.0895385742
.1147308350
.0483093262
.0286254883
.0527038574
.0482635498
.0543518066
-.0534515381
-.0702972412
-.2276916504
-.2504272461
-.1744384766
-.0782165527
.0871124268
-.1523742676
-.1528015137
.0568084717
-.2091827393
-.2268371582
.0890655518
.1023559570
-.2030639648
-.2005920410
.1110687256
-.1103820801
.1595611572
-.1273040771
-.1880798340
-.1171569824
-.0583343506
-.0941925049
-.0612487793
.0621337891
.0411834717
-.0493774414
-.0675354004
.0750274658
.0588989258
.0816192627
-.1216430664
-.1485443115
.0842437744
.0953216553
.1035614014
-.0847625732
.0891418457
-.1041717529
.0806427002
.0574340820
-.0660858154
-.0836944580
-.0570678711
.0734558105
-.0375976563
-.0499877930
-.0842285156
.0479736328
-.0536041260
.0370941162
.0669097900
.0985717773
-.1012268066
-.0691833496
.0645446777
-.0342254639
.0883941650
.1946868896
.2129974365
.2856445313
.1799774170
.1579895020
.3458251953
-.2984924316
-.1131134033
-.1101226807
-.1051177979
-.1552429199
-.0482482910
.0610351563
-.0961456299
-.1022338867
.0688323975
-.0471038818
.0570983887
.0631561279
-.1107330322
-.0801696777
.0910034180
-.1575927734
-.2234039307
.1042633057
.0438385010
-.0966796875
-.0985870361
-.1030120850
-.0904235840
-.0718688965
-.0912017822
-.0850067139
-.0487976074
-.0574798584
-.0998535156
-.0769042969
-.0972900391
-.0826721191
-.1105194092
.0562286377
.0569305420
.0772552490
-.0612640381
-.0951232910
-.0788879395
-.0476989746
.0494689941
.0940093994
.0730895996
-.0713806152
-.0914611816
.0937194824
.0651550293
.0435028076
-.0697937012
.0631713867
-.1337432861
-.0772552490
-.1073913574
-.1297760010
-.2031555176
-.2283935547
-.2177124023
-.0883483887
.0724334717
.0665740967
.0568237305
-.0445556641
.0506896973
-.1209259033
-.0745697021
.0971832275
.0969238281
-.1148986816
-.1288452148
-.1819458008
.1217041016
-.0774078369
-.1172637939
.0663452148
.0513000488
-.0533599854
-.0621795654
-.0380096436
.0654296875
-.0764160156
-.0657806396
-.1071929932
-.1027832031
-.0983276367
.0713653564
-.1755065918
-.1824798584
-.2126617432
-.0417938232
-.0733795166
.0747985840
.0589294434
-.1514892578
.0797271729
-.0799102783
-.1350097656
.0688629150
.0471191406
-.0876007080
-.0545654297
-.0757598877
-.0806121826
-.0690765381
-.1509704590
-.1598968506
.0479736328
.0358276367
-.0798339844
-.1317291260
-.0361633301
-.1293792725
-.0933074951
.1161041260
.0967712402
-.1024627686
-.1272125244
-.0602416992
.0738983154
.0528869629
-.1251220703
-.0844879150
.0484619141
-.0946655273
.0495147705
.0319824219
-.0715026855
-.0920257568
-.0548706055
-.0735168457
-.0759582520
-.1136932373
.0805816650
.0513000488
-.0948791504
.0642700195
.0430908203
.0445251465
-.0539703369
-.0387878418
-.0336456299
.0485839844
.0430908203
-.0565795898
-.0478973389
.0294799805
.0532684326
-.1160278320
-.0654449463
-.0984649658
.0827178955
.0464477539
-.0751800537
.0485687256
-.0892028809
-.0372009277
.1132354736
-.1114349365
-.0971679688
-.0915069580
-.1193695068
.0436248779
.0575256348
.0576171875
.0948028564
.1194610596
-.0664825439
.0660858154
-.0942687988
-.0856323242
-.0402069092
-.0640411377
-.0719146729
.0516662598
.0969238281
-.0811614990
.0746612549
.0397338867
-.0541687012
-.0804748535
-.0506896973
.0723571777
.0502166748
-.0536804199
-.0453491211
.0588684082
.0360260010
.0513000488
-.0685577393
-.0674896240
-.1232299805
.0453186035
.0390625000
.0867309570
.1028900146
-.0804748535
-.0669403076
-.0820465088
.0652160645
-.0536041260
-.0538024902
-.0545349121
.0416717529
-.0854644775
.0365142822
.0470275879
.0631103516
-.0958099365
.0772399902
.0592651367
.0427856445
-.0372619629
-.0482177734
.0633544922
.0504913330
-.0540313721
-.0653839111
-.0333404541
.0414123535
-.0591125488
.0572052002
-.0408325195
.0509185791
-.0536804199
-.2182159424
.0928039551
-.1241760254
-.1087188721
-.1096496582
-.1029205322
.0710754395
.0712127686
-.0879364014
.0577545166
.0577239990
-.0642242432
-.0772552490
.3237609863
-.1212768555
.0640411377
.0522460938
.0830993652
.0839996338
-.0683593750
.0316619873
-.0571899414
.0499420166
.0523223877
.0322570801
-.0416107178
-.0792388916
.0582427979
.0455780029
.0418548584
-.0827026367
-.0642852783
.0733032227
.0648193359
-.0511627197
-.0577697754
.0957489014
.0683288574
.1014709473
.1921081543
-.1013946533
.0732116699
-.1807708740
-.1427154541
-.1599731445
.0640716553
-.1005706787
.1072692871
.0664367676
-.1405029297
-.1361541748
-.0955200195
-.0800781250
-.0784149170
-.0962524414
.0722656250
.0743865967
-.0533142090
-.0897674561
.0410156250
.0771789551
.0558319092
-.0460357666
-.0491638184
.1106262207
.0989227295
.0629882813
-.0385742188
.0531463623
-.0514984131
-.0535888672
.0571746826
.0530700684
.0408782959
-.0369262695
-.0317230225
.0420989990
.0565185547
.0946502686
-.0644378662
.0593414307
-.2017517090
-.2017364502
-.3163909912
.1609802246
.2471771240
.1148223877
.0513763428
.1109161377
-.1533203125
.1361846924
.2477416992
-.3147583008
.1082916260
.2657165527
-.0982513428
.1675415039
-.1188049316
.0910491943
.1170806885
.0800170898
.0687103271
.1450195313
.0508728027
.1133728027
.1434936523
.0442199707
-.1331939697
-.1068572998
-.0714569092
.1003265381
-.2107238770
-.2592010498
-.1228790283
.1806182861
.1472930908
-.0864715576
-.0525817871
.0397186279
.0476837158
.0262451172
.0310668945
-.0267486572
.0241394043
-.0288848877
.0260620117
.0624389648
.1389312744
-.1240386963
-.0381774902
-.0580596924
-.0940551758
-.4853515625
-.1102600098
.1128540039
.1140899658
-.1543579102
.0539245605
.0503997803
-.0279388428
-.0588226318
-.1005554199
.1097106934
.0703125000
-.0527954102
.0568847656
.0974884033
-.0399322510
.0915374756
.1250000000
.0896759033
.1167755127
.0715026855
.1090087891
.0872497559
-.1825103760
.1311798096
-.1024169922
.2256317139
-.1035919189
-.0783233643
.1150207520
.0640563965
.0668029785
-.1434173584
-.0716857910
-.0509643555
.0470733643
-.0625610352
-.0541687012
-.0650177002
.0716552734
.0797576904
.0592041016
.0892486572
-.0896301270
-.0401458740
-.0507812500
-.0419921875
.0756225586
-.0517425537
-.0713806152
-.1190032959
.0915679932
.1368255615
.0845489502
-.0580596924
-.0964050293
.0452575684
-.0888061523
-.0450134277
-.0464019775
-.0524902344
-.0589294434
-.0685729980
.0362243652
.0559387207
.0419158936
.0525665283
.0953826904
.0974273682
-.1121826172
-.0869750977
-.0787963867
-.0710754395
.0403289795
.0391082764
-.0609283447
.0547180176
.0434265137
.0471343994
.0767517090
.2144012451
-.2420196533
-.1678314209
.1100311279
.2008209229
.1115875244
-.1189270020
-.0601654053
-.1596679688
-.1645965576
-.1273040771
.0594635010
-.1073455811
.1127319336
.1912689209
.1987304688
.0630035400
-.0594482422
.0685424805
.0439910889
-.0777740479
.0732574463
.1563110352
.0774688721
-.0447540283
-.1423492432
.1719360352
.1238098145
.0716705322
-.0685424805
-.0517120361
.1306457520
.0529022217
.0726776123
.0911254883
.1271972656
.1014556885
.0541381836
.0697479248
.0850219727
.0928802490
-.0619049072
.1224822998
.1532135010
.0813293457
.1806335449
-.1031341553
-.1026000977
-.1135253906
.0726623535
.0725250244
-.0662384033
-.0532836914
-.0452728271
.0616149902
.0668182373
-.0916595459
-.0822906494
.0488891602
.0706634521
-.0377960205
-.0370483398
-.2603149414
.0417327881
-.0501098633
-.1370391846
-.0644531250
.0465850830
-.1169433594
-.1717834473
-.0651855469
-.1033020020
.0681304932
.0402984619
.0842590332
.0934600830
.0864868164
-.0673828125
.1341705322
-.0881652832
-.0845031738
-.1279296875
-.0844116211
.0788879395
-.1483764648
-.0853576660
.1149291992
-.0547027588
.0290222168
-.0473937988
.0481262207
.0543060303
-.0534362793
-.0345916748
.0431365967
-.0703582764
-.0808410645
-.0556335449
.0702362061
.0497894287
-.0509185791
-.0517883301
.0457153320
.0436859131
.0475311279
.0726470947
-.0657501221
-.0587005615
.0448760986
.0712280273
.1471710205
-.1144866943
-.0768432617
.1024017334
-.0583801270
.0649719238
-.0899810791
-.0634918213
.0375366211
-.0500335693
-.0672302246
.0806274414
.0579681396
-.0766143799
-.1128997803
.0952453613
.0722503662
.0840759277
.0561218262
-.0729064941
.0807800293
.0436553955
.0338287354
.0439300537
-.0440368652
-.0486755371
-.0384674072
.0490875244
-.0305023193
-.0308074951
-.0505065918
.0274810791
.0250091553
-.0230712891
.0341949463
.0482788086
-.0473480225
-.0310211182
.0273590088
.0132293701
.0338592529
.0384521484
-.0278015137
.0230560303
.0211334229
-.0178375244
-.0213775635
-.0231018066
.0214233398
.0092163086
.0101928711
-.0065917969
-.0041656494
-.0055694580
-.0039825439
.0033721924
.0018615723
-.0004425049
