.0000305176
-.0005187988
-.0019531250
.0037536621
.0044250488
-.0047760010
-.0059051514
-.0053558350
.0078582764
.0119781494
-.0130920410
.0134735107
-.0101776123
-.0114898682
.0159301758
-.0079193115
.0252532959
-.0275421143
-.0216674805
-.0298767090
.0272827148
.0234832764
-.0185089111
-.0146484375
-.0263977051
.0179901123
.0264282227
-.0247802734
-.0251312256
.0255126953
.0165252686
.0338287354
.0451660156
-.0253906250
.0275878906
.0489044189
.0251007080
-.1759948730
.0408935547
.0344390869
.0191650391
-.1774139404
-.0330963135
.0175476074
.0285186768
.0187988281
-.0189361572
-.0226135254
.0173492432
-.2009887695
-.2130737305
-.1778411865
-.1841278076
.0733337402
-.0527038574
.0460662842
.0278320313
.0285644531
-.0725402832
-.0355987549
-.0596313477
-.0629119873
.0868225098
.1165313721
.0605773926
-.0489349365
.2429962158
.2124328613
.2393035889
-.0699615479
-.0473785400
-.0678253174
.0631408691
-.1627349854
.0554351807
-.0350494385
.0257568359
-.0219726563
-.0452270508
-.0291290283
.0128936768
-.0235748291
-.0850372314
.0608367920
.0564880371
-.0617370605
.1350250244
.0373535156
.0238189697
.0284576416
-.1374816895
-.0271148682
.0371398926
-.1347198486
.0213623047
-.0807800293
.1809997559
-.0728302002
-.1618804932
.0459747314
-.0726623535
-.0599060059
-.0243682861
.1088562012
.0866546631
-.0661773682
.0542449951
.0502777100
-.0378265381
-.1085205078
-.1130676270
-.0467376709
.0465850830
-.1547851563
.0501251221
-.0329132080
.0213623047
.0355529785
.0329437256
-.0193939209
.0177612305
-.0336456299
-.0477142334
-.0476379395
.0922393799
-.0971527100
-.0413818359
.0854492188
.0223236084
.0512390137
-.1013946533
.0288391113
-.0641021729
-.0476837158
.0510101318
.0427856445
-.0408020020
.0737915039
.3043212891
-.0926666260
-.1809539795
-.0511169434
.1077728271
.0702056885
-.0971221924
-.0206146240
.0335693359
.0827178955
-.0140075684
.0531616211
.0761566162
.0807189941
-.0668029785
-.0224456787
-.0527954102
.0548858643
-.0426635742
.0311279297
.0197296143
-.0148315430
-.0185089111
.0425720215
.1293945313
.2701873779
-.0394287109
.0272369385
.0316925049
-.0118865967
-.0348052979
-.0561828613
.0617675781
.0393524170
.0162506104
-.0435028076
-.0756835938
-.0797119141
-.3554534912
-.3207397461
-.2931976318
-.1409149170
.1013793945
-.2654113770
-.3330535889
-.2580566406
-.2315368652
.1325988770
.1198730469
-.1305236816
-.1308593750
.1531219482
-.0910034180
-.0470123291
.0578613281
-.0856933594
-.1473083496
-.1491851807
.0613708496
-.0341033936
-.0653076172
.1082153320
-.0844421387
-.0919494629
.1019287109
-.0937194824
-.0889129639
-.0819702148
-.0831756592
-.0769195557
-.0528411865
-.0568847656
-.0736541748
.0550994873
.0597534180
.0276031494
.0255584717
-.0233154297
.0248718262
-.0226440430
.0227508545
-.0217895508
-.0486602783
-.0711059570
-.0714874268
.1947479248
.1205139160
-.1181640625
-.0628814697
.0924530029
.0589599609
-.1009826660
.1061096191
.3063964844
.1886291504
-.0601196289
.0713806152
-.1748657227
.0316009521
.3613128662
-.0820007324
.0422058105
.1703033447
-.1090850830
-.0595245361
-.0366973877
-.0308380127
.0252990723
.0303649902
-.0329132080
-.0361175537
-.0565490723
.0543823242
.0761566162
.0579071045
-.0287170410
.0390930176
.1369781494
.1076507568
-.0639190674
-.0578002930
.0680847168
-.0426940918
.0397796631
-.0564575195
.0395355225
.1143035889
-.0403137207
-.0386505127
.0284118652
.0363464355
-.0355834961
-.0292053223
-.0599822998
.0290832520
.1254425049
-.1617279053
.1927947998
-.0512542725
-.1057128906
.0639343262
-.0594329834
-.0379028320
-.0829772949
.1203002930
-.0819702148
-.1030731201
-.0796356201
.0456848145
-.0363311768
-.0292968750
-.0301666260
.0423736572
.0325927734
-.0318603516
-.0255126953
.0368347168
.0378417969
-.0520935059
.0458984375
.1006469727
.0629730225
-.2281951904
.1983184814
.0967407227
.0550079346
.0223693848
-.0307769775
.0238037109
.0286254883
-.0804748535
-.0328063965
-.0390777588
.0541534424
-.0814514160
-.0453796387
-.0462493896
-.0593261719
.0475921631
.0801544189
.1016540527
-.0497436523
-.0396575928
-.0719451904
-.0463409424
-.0467987061
-.0837860107
-.0509338379
.0644226074
.0272369385
.0159912109
.0295867920
.0272216797
.0305786133
-.0300598145
-.0619506836
-.2153320313
-.2300109863
-.1634674072
-.0629119873
.0620269775
-.1560363770
-.1556549072
.0337219238
-.2003326416
-.2131500244
.0725708008
-.0952301025
-.1762390137
-.1842193604
-.1149749756
-.0971679688
.0895385742
-.0897979736
-.1606445313
-.1092529297
-.0333251953
-.0673522949
-.0444488525
.0351867676
.0227813721
-.0274963379
-.0381011963
.0419464111
.0334320068
-.0547332764
-.1031036377
-.1053466797
.0527038574
.0539093018
.1008605957
-.0647735596
.0606231689
-.0866394043
.0714263916
-.0343933105
-.0401611328
-.0540618896
-.0325775146
.0412902832
-.0209503174
-.0283203125
-.0474243164
.0271453857
-.0303192139
.0208129883
.0376892090
.0554656982
-.0569915771
-.0388336182
.0363769531
-.0193328857
.0498657227
-.1547698975
.2078552246
.2755889893
.1579589844
.1471252441
.3316650391
.2907257080
-.0991210938
-.0973968506
-.0995788574
-.1491241455
-.0394744873
.0433502197
-.0907745361
-.0810852051
.0484619141
-.0308532715
.0323486328
-.0581054688
-.1033325195
-.0800781250
.0677032471
-.1396789551
-.2040863037
.1000976563
.0245819092
-.0908508301
-.0846405029
-.1002960205
-.0832824707
-.0738525391
-.0749664307
-.0690765381
-.0300445557
-.0416870117
-.0803833008
-.0567321777
-.0653991699
-.0707855225
-.1014709473
.0430908203
.0359344482
.0497589111
-.0486297607
-.0707702637
-.0541076660
-.0283813477
.0279388428
.0529022217
.0410766602
-.0402984619
-.0516510010
.0525360107
.0367431641
.0245971680
-.0396423340
.0355682373
-.1260986328
-.0673065186
.0812225342
-.1181182861
-.1881103516
-.2161407471
-.2188415527
-.0918884277
.0413818359
.0375671387
.0320434570
-.0253906250
.0285644531
-.1138763428
-.0646362305
-.0635223389
-.0760803223
-.0995483398
-.1298065186
-.1325225830
.0977630615
.0574951172
-.0652923584
.0374450684
.0289916992
-.0302124023
-.0343475342
-.0216217041
.0368041992
-.0426330566
-.0371398926
-.0599365234
-.0756835938
-.0949554443
.0658721924
-.1821441650
-.1815338135
-.1984252930
-.0224914551
-.0696105957
.0704345703
.0439300537
-.1428985596
.0653381348
-.0600280762
-.1192321777
.0443878174
.0258178711
-.0697479248
-.0473022461
-.0584564209
-.0825500488
-.0705718994
-.1474151611
-.1443481445
.0366973877
.0200042725
-.0772247314
-.1269683838
-.0204315186
-.1252899170
-.0535430908
.0830535889
.0630798340
-.0788421631
-.0931549072
-.0351562500
.0424957275
.0330352783
-.1091156006
-.0644683838
.0343170166
-.1029357910
.0368499756
-.0219726563
-.0712738037
-.0825958252
-.0390167236
-.0458221436
-.0655212402
-.0708770752
.0779418945
.0364990234
-.0898437500
-.0592498779
.0315093994
.0271911621
.0434722900
-.0274658203
-.0193939209
.0273132324
.0243072510
-.0319824219
-.0270538330
.0165252686
-.0426940918
-.1130981445
-.0554046631
.0713958740
.0576782227
.0268249512
-.0520172119
.0317993164
-.0790252686
-.0227355957
.1080474854
-.0910034180
-.0963134766
-.0792083740
-.1115264893
.0379180908
.0437316895
.0488586426
.0656738281
.0917968750
-.0479736328
.0426483154
-.0797882080
.0776519775
-.0241699219
-.0363922119
-.0491485596
.0265045166
.0630645752
-.0518951416
.0593872070
.0258026123
-.0304718018
-.0453643799
-.0285034180
.0407867432
.0285491943
-.0307922363
-.0258331299
.0327148438
.0203704834
.0291748047
-.0382232666
-.0632629395
-.1175689697
.0310821533
.0265808105
.0674133301
.0790405273
-.0605316162
-.0561370850
-.0742950439
.0483856201
-.0326385498
-.0315246582
-.0352935791
.0370178223
-.0772857666
.0212402344
.0310516357
.0358886719
-.0616912842
.0477142334
.0358886719
.0294036865
-.0287017822
-.0282745361
.0353851318
.0284881592
-.0302429199
-.0369567871
-.0190429688
.0232238770
-.0332946777
.0352935791
-.0264129639
.0328216553
-.0314941406
-.1206207275
.0522918701
-.0682373047
-.0941009521
-.1024322510
-.0953216553
.0534057617
.0552673340
-.0496063232
.0366973877
.0502319336
-.0355072021
-.0699462891
.1856994629
-.1153869629
.0620269775
-.0418243408
-.0786743164
.0800933838
.0590515137
.0233612061
-.0564422607
.0294189453
.0301666260
.0179748535
-.0235137939
-.0446624756
.0323638916
.0260162354
.0238647461
-.0468139648
-.0363464355
.0410919189
.0365447998
-.0287780762
-.0323638916
.0534820557
.0449829102
.0794067383
.1362915039
-.0912780762
.0636138916
-.1747741699
-.1030120850
-.1387939453
-.0496978760
-.0935211182
.0820617676
.0493469238
-.1316833496
-.1141662598
-.0802917480
.0773162842
-.0662078857
-.0857391357
.0654296875
.0604705811
-.0420379639
-.0642242432
.0307617188
-.0730438232
.0373992920
-.0297698975
.0287170410
-.0880279541
.0848236084
.0554046631
-.0214996338
.0462799072
-.0403442383
-.0317535400
.0535736084
.0282440186
.0292205811
-.0221710205
-.0180511475
.0237731934
.0315856934
.0533294678
-.0364532471
.0330352783
-.1168823242
-.1133575439
-.3150939941
.1582794189
.1387786865
.0649414063
.0288848877
.1024475098
-.1417388916
.1334838867
-.2533264160
-.3163909912
.1065063477
.2667999268
-.0970611572
.1606597900
-.1123199463
-.0851135254
.1067810059
.0693359375
.0581207275
.1401672363
-.0462951660
-.1005096436
.1427154541
.0252838135
-.1305389404
-.0989227295
-.0609436035
-.0902862549
-.2121887207
-.2541046143
-.1144561768
.1788330078
.1384429932
-.0901641846
-.0393676758
.0222167969
.0268249512
.0148315430
.0173645020
-.0145263672
.0142211914
-.0166778564
.0149841309
.0571594238
-.1467285156
-.0979614258
-.0311431885
-.0465698242
-.0909729004
-.4917602539
-.1000518799
.1095123291
.1117706299
-.1606750488
.0427246094
.0291442871
-.0155334473
-.0330963135
-.0566253662
.0617675781
.0396118164
-.0297241211
.0320892334
.0549011230
-.0227966309
.0873718262
.1060028076
.0849761963
.1083984375
.0640716553
.0887756348
.0743103027
-.1738281250
.1123199463
-.1046142578
.1327514648
-.0903625488
-.0459289551
.0923309326
.0368041992
.0489959717
-.1274871826
-.0413818359
-.0289154053
.0293121338
-.0356140137
-.0305175781
-.0368041992
.0402526855
.0449981689
.0330200195
.0500946045
-.0540924072
.0229492188
-.0289154053
-.0263214111
.0644989014
-.0305480957
-.0649566650
-.1075897217
.0823822021
.1168975830
.0646667480
-.0408630371
-.0793304443
.0272979736
-.0865325928
-.0273590088
-.0263519287
-.0294799805
-.0333404541
-.0386352539
.0203399658
.0313262939
.0236511230
.0295104980
.0535583496
.0548858643
-.0631561279
-.0487518311
-.0443572998
-.0397033691
.0229339600
.0220794678
-.0344696045
.0309143066
.0245666504
.0265045166
.0434265137
.1782684326
-.1969299316
-.1385650635
.1013488770
.1865081787
.0998687744
-.1111297607
-.0346221924
-.1513519287
-.1343383789
.0865936279
-.0409393311
-.0981750488
.0993194580
.1671752930
.1928558350
.0425415039
-.0335540771
.0395507813
.0250701904
-.0430450439
.0418090820
.0872192383
.0440979004
-.0257415771
-.1288146973
.1667022705
.1116638184
.0496063232
-.0407257080
-.0291290283
.0734100342
.0298461914
.0405883789
.0852966309
.1235504150
.0884857178
.0304870605
.0505981445
.0505676270
.0905914307
-.0586395264
.1108398438
.1552886963
.0756835938
.1756439209
-.0957489014
-.0805969238
-.0960693359
.0593872070
.0410308838
-.0436401367
-.0297851563
-.0255889893
.0346221924
.0375213623
-.0515594482
-.0464477539
.0280456543
.0496368408
-.0267791748
-.0208435059
-.2590179443
-.0249481201
-.0325317383
-.1216125488
-.0555267334
.0391693115
-.1115875244
-.1603240967
-.0390930176
-.1000976563
-.0424041748
.0226440430
.0473785400
.0525512695
.0486450195
-.0378875732
.0754547119
-.0495910645
-.0475311279
-.0719299316
-.0474700928
.0443725586
-.0834503174
-.0480041504
.0646362305
-.0307617188
.0163269043
-.0266571045
.0270690918
.0305480957
-.0300445557
-.0194549561
.0242614746
-.0395507813
-.0454559326
-.0312805176
.0394897461
.0279846191
-.0286407471
-.0291290283
.0257110596
.0245666504
.0267486572
.0408477783
-.0369720459
-.0330200195
.0252380371
.0400543213
.0827484131
-.0643768311
-.0432128906
.0575714111
-.0328369141
.0365447998
-.0506134033
-.0357055664
.0211029053
-.0281219482
-.0378112793
.0475158691
.0327301025
-.0440521240
-.0661315918
.0558013916
.0423278809
.0492553711
.0328674316
-.0427093506
.0473327637
.0255889893
.0198059082
.0257263184
-.0258026123
-.0285034180
-.0225372314
.0287475586
-.0178680420
-.0180511475
-.0295867920
.0160980225
.0146484375
-.0135192871
.0200195313
.0282745361
-.0277404785
-.0181884766
.0160369873
.0077514648
.0198364258
.0225067139
-.0162811279
.0135192871
.0123596191
-.0104675293
-.0125274658
-.0135345459
.0125579834
.0053863525
.0059814453
-.0038604736
-.0024566650
-.0032653809
-.0023498535
.0019683838
.0010833740
-.0002746582
