-.0044250488
-.0126037598
-.0438690186
.0530853271
-.1103515625
-.1442871094
-.1038208008
.0257415771
-.0098724365
-.0021057129
-.0189514160
.0351409912
-.0762329102
-.0665130615
-.0300292969
-.0225067139
-.0035858154
-.0192108154
.0187988281
-.0493621826
.0709991455
-.1007843018
-.0603942871
-.0400390625
-.0381317139
-.0449829102
-.0812530518
-.1019897461
.0412445068
-.0837554932
.0383911133
-.0503540039
.0359191895
-.0316162109
-.0366668701
.0256958008
-.0334167480
.0525360107
.0557098389
-.0303955078
.0235900879
.0178985596
.0049743652
-.0055541992
.0268402100
-.0578308105
.0755157471
.0459136963
.0479125977
.0536041260
-.0809783936
-.0911102295
-.1072692871
-.0929107666
.0232849121
.0084075928
.0022125244
-.0064697266
.0294342041
.0677947998
-.0849151611
-.0381317139
.0190429688
-.0039520264
.0117034912
-.0533142090
-.0984039307
.0736694336
-.0337371826
.0513153076
.0458831787
.0387115479
-.0709686279
.0235748291
.0169982910
.0187530518
.0731201172
.0890960693
-.0364379883
.0271453857
.0411987305
-.0634460449
-.0856170654
-.0935516357
.0463867188
-.0875854492
.0373229980
.0213317871
-.0118408203
-.0106506348
-.0616912842
.0575256348
-.0344390869
.0150451660
.0039215088
-.0015716553
-.0123748779
.0236968994
-.0867614746
.0223388672
-.0901947021
.0520172119
-.0238494873
.0257110596
-.0292816162
-.0331420898
.0262451172
-.0181884766
.0175476074
-.0767517090
.0703582764
.0429077148
.0662841797
.0635223389
.0573272705
-.0247650146
-.0267028809
-.0250549316
-.0151977539
-.0114135742
.0038604736
.0030975342
-.0035400391
-.0044097900
-.0036773682
-.0056610107
-.0044403076
-.0040130615
-.0026397705
-.0056762695
-.0021972656
.0014648438
-.0018463135
-.0012207031
.0005798340
-.0003204346
.0090332031
.0219879150
-.0454559326
.0536346436
.0272674561
-.0497283936
-.0884704590
-.0307922363
-.0954589844
.0820007324
-.0551757813
.0654449463
.0530700684
.0417175293
-.0173492432
-.0046234131
-.0028381348
-.0207672119
-.0635375977
.0314178467
.0426330566
-.0357055664
-.0220184326
-.0220794678
-.0886535645
-.1133270264
-.1193847656
-.1395874023
-.0348663330
.0337677002
.0353088379
-.0688323975
-.1589965820
-.1325836182
-.0847320557
-.0707397461
.0810546875
.0546722412
.0244903564
-.0179901123
-.0564117432
-.1113739014
.0701141357
-.0302581787
.0522918701
-.0962982178
.0688171387
-.1154632568
.0476837158
.0129241943
-.0538024902
-.0915222168
-.0608978271
-.0308532715
-.0473785400
.0385437012
.0183258057
.0240020752
.0210418701
-.0066375732
-.0007171631
-.0091247559
.0139160156
-.0640106201
-.0787811279
.0527496338
.0236968994
-.0843811035
-.0459747314
.0159912109
-.0308227539
-.0447998047
-.0444335938
.0060882568
-.0011901855
.0072021484
-.0605010986
-.0682830811
-.0514526367
.0353088379
.0417938232
.0417175293
.0388183594
.0228271484
.0205535889
.0199279785
.0100555420
-.0064849854
-.0047149658
-.0037536621
-.0016632080
-.0004730225
-.0003967285
-.0004425049
-.0003814697
-.0003204346
-.0006408691
.0002746582
.0003204346
.0004272461
.0005187988
.0003662109
-.0003814697
-.0007629395
-.0004882813
.0003967285
-.0004272461
-.0004577637
-.0003967285
-.0003509521
.0003356934
-.0003967285
-.0004882813
.0004272461
-.0002746582
.0003051758
-.0003662109
-.0004272461
.0002746582
.0002441406
.0001983643
.0019073486
-.0001831055
.0002136230
.0078582764
-.0152435303
-.0110931396
.0129241943
.0102691650
.0101013184
-.0147552490
.0058441162
.0112762451
.0179748535
.0187530518
-.0160827637
.0167236328
-.0087585449
.0132141113
.0123748779
.0081939697
.0015411377
.0009002686
.0004882813
.0004730225
.0003662109
.0036926270
-.0137786865
-.0128479004
-.0191345215
.0087280273
-.0171508789
.0096740723
-.0072479248
.0123596191
-.0119018555
.0045318604
-.0013427734
-.0003204346
-.0003051758
.0002593994
.0001831055
.0026092529
-.0012817383
-.0107269287
.0150299072
.0117645264
-.0111846924
-.0133056641
.0117492676
-.0151672363
-.0142364502
-.0089263916
-.0087127686
.0109558105
.0104675293
.0115966797
.0149688721
.0215911865
.0241241455
.0185699463
-.0232086182
.0155029297
-.0086364746
.0117645264
-.0084533691
.0100250244
.0078430176
.0061340332
.0053253174
.0035247803
-.0025024414
-.0026245117
-.0025787354
-.0014801025
-.0021209717
-.0003204346
-.0002746582
.0044097900
.0095520020
.0082855225
.0159759521
-.0160064697
.0160522461
-.0146331787
-.0119171143
-.0128631592
-.0116882324
-.0087127686
.0030975342
-.0013275146
-.0007476807
.0002593994
.0002136230
.0002593994
-.0005340576
.0012969971
-.0026550293
.0024108887
-.0032043457
-.0028839111
-.0019378662
-.0015563965
-.0016174316
-.0005950928
-.0002899170
-.0002593994
.0032958984
.0058746338
-.0052795410
-.0085449219
.0039672852
-.0080108643
.0032806396
.0008850098
.0052337646
-.0051422119
-.0041046143
.0025482178
.0059204102
-.0061492920
.0067138672
.0071105957
.0163574219
.0250549316
.0206298828
.0061492920
.0079803467
.0106506348
-.0111846924
-.0267486572
-.0191802979
.0141754150
-.0122528076
-.0075378418
-.0139923096
.0129394531
.0008850098
.0003967285
.0007171631
.0037078857
-.0095214844
-.0142822266
.0114746094
.0097808838
.0198364258
.0180053711
.0149536133
.0011749268
.0003204346
.0002136230
.0045623779
.0127716064
-.0109710693
.0159759521
.0109100342
-.0100708008
.0153350830
.0101928711
.0156097412
.0188903809
.0043182373
.0052337646
-.0074768066
.0124511719
.0105285645
-.0069885254
.0080871582
-.0125579834
-.0097961426
-.0197753906
-.0222015381
-.0169830322
-.0061340332
-.0109405518
-.0180053711
-.0118713379
-.0098876953
.0048828125
-.0099945068
-.0104217529
.0074768066
-.0131225586
-.0103149414
-.0094757080
.0045471191
.0042419434
.0048217773
-.0100402832
-.0144042969
-.0112304688
-.0083007813
.0117797852
.0146026611
-.0140838623
.0098419189
-.0153198242
.0112304688
.0063323975
-.0081024170
-.0074615479
.0031127930
.0008392334
.0005035400
.0159454346
-.0104522705
-.0044250488
-.0077056885
-.0113830566
-.0186767578
-.0188446045
-.0166320801
-.0151977539
-.0192413330
-.0174713135
-.0147247314
-.0085754395
-.0112457275
.0157165527
.0108184814
.0063323975
-.0026397705
-.0008087158
-.0012207031
-.0016784668
-.0026245117
.0051269531
-.0098724365
.0110168457
.0089569092
.0042572021
.0038604736
.0054931641
.0067596436
.0095214844
.0146789551
.0163116455
-.0185852051
-.0139617920
-.0137329102
.0189971924
.0156097412
-.0113830566
-.0147399902
-.0099945068
.0084228516
.0033569336
-.0030059814
.0071716309
-.0161285400
.0182800293
.0164642334
.0162658691
-.0196380615
.0119934082
-.0193328857
.0105438232
-.0025634766
-.0013427734
-.0005950928
-.0058441162
.0042114258
.0088500977
-.0130157471
.0100860596
-.0106506348
.0086975098
-.0096282959
-.0085449219
-.0077514648
-.0068664551
-.0054016113
-.0068359375
.0036773682
.0021972656
.0007476807
.0003967285
.0002441406
.0002899170
.0001525879
-.0003509521
-.0002746582
-.0002288818
.0001983643
-.0002899170
-.0004882813
.0006866455
.0014038086
-.0011749268
-.0013580322
-.0019073486
.0027160645
-.0043029785
-.0033264160
-.0035400391
-.0042724609
-.0021667480
-.0029296875
.0025482178
.0009307861
-.0003662109
.0012359619
-.0013275146
-.0102081299
-.0146484375
-.0103302002
.0106048584
.0046997070
-.0069122314
.0095977783
.0109252930
-.0104675293
.0056762695
-.0176086426
.0134735107
-.0093383789
-.0113983154
.0136413574
.0155487061
.0119628906
-.0093383789
-.0039062500
-.0142364502
-.0151977539
-.0015869141
.0007476807
-.0008850098
-.0033874512
.0099639893
-.0056304932
.0056610107
.0039978027
-.0088806152
-.0141906738
-.0137786865
-.0180358887
-.0256500244
.0233459473
-.0109100342
.0044250488
-.0023193359
-.0105133057
-.0195770264
-.0194854736
-.0098419189
-.0073394775
-.0187683105
-.0271148682
.0251770020
-.0198974609
.0160980225
-.0084991455
-.0145111084
-.0157318115
-.0122375488
-.0117645264
-.0103149414
-.0086975098
.0092926025
.0086822510
.0195007324
-.0165252686
-.0181121826
.0145111084
.0106506348
-.0090484619
-.0048980713
.0081939697
-.0082244873
-.0074768066
-.0068969727
-.0056610107
.0037078857
.0083618164
.0058593750
.0093841553
.0122528076
-.0113983154
.0102691650
-.0087738037
-.0096893311
-.0185241699
-.0159759521
.0148162842
.0118713379
-.0053710938
.0108032227
.0090026855
.0060729980
-.0056457520
-.0042419434
-.0046386719
-.0049438477
-.0047912598
-.0110626221
-.0131378174
.0085449219
.0059509277
.0055389404
.0022888184
.0013275146
.0006408691
.0005035400
.0003967285
.0003662109
.0003662109
-.0002441406
-.0003356934
-.0002899170
-.0002441406
-.0011596680
-.0003814697
-.0002288818
.0003051758
.0005645752
.0005340576
.0003509521
-.0004577637
-.0003509521
.0003051758
-.0003204346
.0003051758
.0002899170
-.0003204346
-.0068817139
-.0108489990
.0212554932
-.0425415039
-.0157928467
.0143737793
-.0085144043
.0015869141
-.0020599365
-.0114135742
-.0131988525
.0146942139
-.0092468262
.0113372803
-.0070190430
-.0082397461
.0276031494
-.0372772217
.0457611084
-.0416412354
-.0084686279
-.0224304199
-.0133666992
.0076446533
.0031127930
.0085144043
.0075683594
-.0091247559
.0135498047
-.0141143799
.0146636963
.0123901367
.0161437988
-.0123748779
-.0071258545
-.0071411133
-.0092315674
-.0085144043
.0055999756
.0043334961
.0057220459
-.0133514404
.0087890625
-.0091247559
.0082244873
.0120544434
-.0076293945
.0148773193
-.0044097900
.0036315918
.0024566650
-.0009918213
.0003662109
.0003509521
.0003051758
-.0003204346
-.0003814697
-.0003662109
-.0002746582
.0003204346
.0006713867
.0003814697
-.0003356934
-.0005340576
-.0866241455
-.2387084961
-.2457885742
-.2449493408
-.2445220947
-.2535400391
-.2239227295
-.2287902832
-.2362060547
-.2104339600
-.2031250000
.1307373047
-.1379241943
-.1842041016
-.1491546631
-.1056060791
-.0775146484
-.0439605713
-.0441589355
.0472412109
.0492706299
.0488281250
-.0389862061
.0499572754
.0512847900
.0508117676
-.0520935059
-.0501708984
-.1196136475
-.1877899170
-.2420349121
-.1828918457
-.1820068359
-.1228942871
-.2010192871
.1441650391
-.1777496338
-.1259460449
-.0957489014
.0681457520
.0583343506
.0420379639
.0421752930
.0455169678
.0440673828
.0867767334
.1022338867
-.0845489502
.0753936768
.0853729248
.0447540283
-.0307006836
.0416564941
-.0663909912
-.0509796143
.0431823730
-.0391082764
-.0743255615
.0942687988
.0905151367
.0767669678
-.0901031494
.0630645752
.0519409180
.0385437012
.0312042236
.0482330322
.0350036621
.0537567139
.1234130859
.2000732422
.3564453125
.2530975342
.2462768555
.2763824463
-.2158050537
-.1123657227
.0581970215
.0598297119
.0655975342
.0598449707
-.0602264404
.0647735596
-.1032714844
-.1222686768
-.1332397461
-.1160583496
-.1215362549
-.1041107178
.0502014160
.0563507080
-.0381317139
.0237884521
-.0265655518
.0536956787
-.2098541260
-.3308563232
-.1776428223
-.2528228760
.0993194580
.1043090820
.0854492188
.0335540771
.0092163086
-.0028839111
-.0145874023
.0738983154
-.0816802979
.1587066650
.1502685547
-.0634613037
.0178375244
.0164337158
-.0250244141
-.0455627441
-.1524658203
-.0799713135
.0597381592
-.0651245117
.2204132080
.1905212402
-.1221160889
-.1813354492
.1093750000
-.0920867920
-.1205444336
.1136627197
-.1435241699
.1498565674
-.1113433838
-.1473083496
.1821594238
.1569519043
-.3127441406
-.2548217773
-.2054290771
-.1458435059
-.0348205566
-.0215301514
-.0276184082
-.0364532471
-.0499877930
-.1129760742
-.2775726318
-.1954803467
-.0688323975
-.1812744141
-.2089233398
-.2495269775
-.1230773926
-.0972137451
-.0326385498
.0327453613
-.1010589600
-.0992279053
.1076812744
-.1275329590
.1127624512
.1010131836
-.1917572021
-.2763977051
-.2465362549
-.2663726807
-.2975158691
-.1133117676
-.0868225098
-.2059173584
.0825805664
-.1285858154
.0710906982
.0611419678
-.0381774902
-.0094451904
.0494842529
-.0464019775
-.2123413086
-.2713470459
.2358245850
-.3126220703
-.0959014893
.0361175537
.0174560547
.0110168457
.0098114014
-.0212249756
-.0565643311
-.1397552490
.0733947754
-.0391998291
.0110626221
-.0021209717
-.0232086182
.0747680664
-.1377410889
.2980651855
.2603759766
.0397491455
.0118255615
.0248565674
-.0767211914
.0713958740
.0715484619
-.1081695557
-.0634002686
-.0795288086
-.0948028564
-.2543945313
-.2336120605
-.2675628662
-.0782012939
-.1853942871
.2433319092
.2682342529
.0508575439
.0314178467
-.0183105469
-.1113281250
-.2815856934
-.3085174561
-.1188812256
-.0254364014
-.0159912109
.0410766602
-.2331237793
-.2583770752
-.2588195801
-.1888427734
.0753479004
-.0767669678
-.1149139404
-.0567016602
.0948486328
-.0999145508
-.0857391357
-.1165924072
-.1402740479
-.1884460449
-.1905975342
-.3062286377
-.2399902344
-.2522888184
-.2366485596
-.1982421875
-.1703948975
-.1776885986
-.1769104004
-.1663818359
-.1585388184
-.1198730469
.0671997070
-.0824737549
.0354766846
-.0235748291
-.0061340332
.0046234131
.0018005371
-.1275329590
