-.0002441406
-.0039825439
-.0033874512
-.0033264160
-.0031280518
.0037994385
.0034790039
.0035552979
.0031738281
.0038604736
-.0037689209
.0055999756
-.0070190430
.0073699951
.0057983398
.0038452148
.0035552979
.0031585693
-.0038909912
-.0038299561
.0033569336
.0035705566
-.0035247803
.0036621094
.0041351318
-.0038909912
-.0045318604
-.0041198730
.0038604736
-.0039520264
.0035705566
-.0033721924
-.0041198730
.0034790039
.0040893555
-.0033874512
-.0066680908
.0100097656
-.0083312988
-.0167388916
.0078430176
.0052337646
.0055847168
-.0048370361
-.0051574707
.0038299561
.0044860840
.0035095215
-.0046997070
.0039062500
.0031433105
.0035705566
-.0036926270
.0038452148
-.0040130615
.0046539307
.0038757324
-.0068969727
.0046691895
.0043182373
-.0041046143
.0051116943
-.0038299561
-.0041656494
.0036315918
.0039978027
-.0030822754
-.0046844482
-.0041961670
.0028991699
-.0030212402
-.0035095215
.0037841797
-.0044860840
.0042572021
.0031433105
-.0429229736
-.0062561035
.0050201416
-.0046997070
.0089569092
.0075836182
.0036163330
-.0036010742
-.0095062256
.0041809082
.0036468506
-.0040588379
.0040588379
.0051422119
.0035705566
.0101318359
.0040740967
-.0037536621
-.0033721924
-.0041351318
.0035858154
.0113372803
-.0038452148
-.0033569336
.0036926270
-.0218353271
.0115661621
-.0404052734
.0983123779
-.2028198242
.0849761963
-.0227203369
-.0085754395
-.0075988770
-.0098114014
.0043487549
.0036010742
-.0031280518
.0040283203
-.0045318604
-.0037536621
.0048522949
-.0035858154
.0070037842
-.0099487305
-.0051574707
-.0285644531
-.0061035156
.0184783936
.0042266846
.0039367676
-.0073852539
-.0041809082
-.0183715820
.0081939697
-.0131835938
.0078582764
-.0032501221
.0034942627
-.0488891602
-.0134277344
.0058135986
.0104675293
-.2022552490
-.0831604004
-.1327667236
.1939239502
.0575714111
.0289001465
.0231170654
-.0190277100
.0145263672
-.0113830566
-.0058288574
-.0058746338
-.0047302246
.0044250488
-.0070190430
.0057983398
.0044708252
.0036468506
.0045471191
.0056152344
-.0043334961
-.0045928955
-.0044708252
-.0058746338
-.0047607422
-.0051727295
.0057220459
-.0066680908
.0063018799
.0102386475
-.0045318604
.0062561035
-.0056457520
.0099182129
-.0053863525
-.0066528320
.0076141357
.0045776367
-.0062561035
.0046386719
-.0038146973
.0055389404
.0050659180
-.0043640137
.0044097900
.0049438477
.0045471191
-.0049896240
.0038909912
.0152740479
-.0149078369
-.0326995850
.0287780762
-.0249481201
.0326232910
-.0312500000
.0382690430
.0218048096
.0058135986
-.0078430176
.0093078613
.0066528320
-.1152648926
.0140686035
.0090637207
-.0058441162
.0050811768
-.0051727295
-.0091705322
-.0046997070
-.0050048828
.0044250488
.0040893555
.0042724609
-.0031738281
-.0091247559
-.0169372559
-.0082397461
.0213165283
-.0073852539
.0063934326
.0220184326
-.0109100342
.0733032227
.0088653564
-.0046997070
.0037994385
-.0039825439
.0040740967
.0037078857
.0042877197
-.0041046143
.0042724609
-.0044860840
.0040740967
-.0033569336
-.0045318604
.0051422119
.0045623779
.0039367676
.0051269531
.0043182373
-.0047302246
-.0046844482
-.0065765381
-.0067291260
.0057983398
-.0107421875
-.0121612549
.0063629150
.0065155029
.0044250488
-.0049133301
-.0056610107
.0053405762
.0159301758
-.0052185059
-.0040740967
.0036926270
.0068511963
.0118408203
-.0295104980
-.0137023926
-.0238037109
.0211181641
-.0228271484
-.0127105713
.0196838379
-.0181121826
-.0056304932
.0048675537
.0085906982
-.0121002197
.0235137939
.0146331787
-.0140533447
.0141448975
-.0050201416
.0132751465
-.0177917480
-.0151977539
.0103912354
.0274810791
-.0034027100
.0037384033
-.0085754395
-.0047302246
.0140075684
-.0049591064
.0029907227
-.0038604736
-.0075073242
-.0058898926
.0045471191
.0056762695
-.0050048828
.0055084229
.0060119629
-.0064544678
.0172729492
.0148620605
-.0085754395
-.0039672852
.0049133301
-.0064086914
-.0041809082
.0108795166
-.0052032471
.0056457520
.0049133301
-.0047149658
-.0073089600
-.0067596436
-.0067596436
-.0034942627
-.0035095215
-.0037536621
.0053710938
-.0051269531
-.0304412842
-.0193634033
-.0157775879
.0153045654
-.0164947510
.0082092285
.0627899170
.0087280273
-.0101776123
.0035247803
-.0045928955
-.0036468506
.0255279541
.0038757324
-.0052947998
.0047607422
.0038604736
-.0404815674
.0263366699
.0094146729
.0039978027
.0059356689
-.0071258545
-.0046997070
.0227508545
.0254364014
-.0251464844
-.0227355957
.0513458252
-.0054931641
-.0254821777
-.0072937012
.0079650879
.0097198486
-.0305023193
.0472869873
.0102386475
-.0224151611
-.0117645264
-.0571899414
.0094604492
.0128173828
.0076904297
-.0053710938
-.0049133301
-.0093536377
.0084991455
.0041656494
.0127410889
.0041046143
-.0038604736
-.0096740723
.0214996338
.0187530518
.0053100586
.0034790039
.0360870361
.0173339844
-.0150299072
.0088653564
-.0078887939
.0127258301
.0347747803
.0552673340
.0084991455
.0090789795
-.0073242188
.0470123291
-.0052337646
-.0054473877
.0077972412
.0057220459
.0072937012
.0043945313
.0088653564
-.0037078857
.0055999756
.0681915283
-.1613464355
.0152435303
-.0372772217
-.1176757813
-.0829010010
.0718994141
.2198181152
.2287292480
.1865539551
-.0281219482
-.0347747803
.1258850098
-.0886993408
.0395355225
.0175933838
.0276184082
-.1109771729
-.0803375244
-.0495605469
.0487976074
-.0315246582
-.0265655518
.0469207764
.0375213623
-.0735168457
-.0915069580
-.0530853271
.0285644531
-.0160522461
-.0092315674
-.0051574707
-.0070343018
-.0062866211
.0065002441
.0062866211
-.0042724609
-.0058593750
-.0057525635
-.0053863525
.0048980713
.0045013428
.0037841797
-.0046539307
.0057678223
-.0081481934
-.0037078857
-.0051116943
-.0172119141
.0857849121
.0946960449
-.0074310303
-.0073089600
-.0122222900
.0798797607
-.0907440186
-.0974578857
-.1191711426
-.1306762695
-.0658569336
.0112609863
.0041809082
.0107727051
-.0139160156
-.0140838623
-.0143585205
-.0097503662
-.0181274414
-.0551452637
.0326995850
.0467681885
-.0836791992
-.0998382568
-.1081848145
-.1092834473
-.1099243164
-.1084136963
-.1006011963
.0717620850
-.0092620850
.0044097900
.0296478271
.1378479004
.0620880127
.0726623535
-.0494079590
.0097351074
-.0163726807
.1886749268
.1408691406
.1427001953
.1249847412
-.1433563232
-.1493377686
-.1768646240
-.1356048584
-.0964202881
-.0517425537
.0109252930
.0051727295
.0050048828
.0056610107
-.0065460205
-.0136566162
-.0279235840
.0088348389
-.0328521729
-.0084533691
-.0053710938
-.0062561035
.0053253174
-.0042114258
-.0037078857
-.0035858154
.0034332275
-.0030364990
-.0039825439
-.0167388916
.1201782227
.1667938232
.1999053955
.1193695068
-.1058654785
-.1343078613
-.1637573242
-.1295928955
-.1154785156
.1525573730
-.0855255127
-.0719299316
-.1694488525
-.1886596680
-.1870422363
-.1444396973
.0356903076
.0325927734
.0240173340
-.0456695557
-.1018371582
.0761413574
-.1022644043
.0228118896
-.0181274414
.0195770264
.0171051025
.0213470459
-.0301818848
.0482330322
-.0304412842
-.0541839600
-.0140991211
.0172424316
-.0299072266
.0292510986
.0335388184
-.0171203613
.0184631348
-.0111389160
.0044708252
.0048370361
-.0041809082
.0037689209
.0038757324
-.0059051514
-.0036468506
-.0058288574
-.0249176025
-.0116729736
-.0861968994
.0789337158
.0194549561
.0066680908
-.0057830811
-.0217285156
.1070098877
-.1085510254
.0948791504
-.0447692871
-.0362396240
-.0124511719
.0072937012
-.0044555664
.0030975342
.0055236816
-.0064239502
-.0054168701
-.0045318604
-.0083312988
-.0120697021
.0107879639
-.0367279053
-.0118255615
.0058746338
.0052032471
-.0060272217
.0059204102
.0041046143
-.0047912598
-.0066680908
.0437774658
.0534667969
.0537719727
.0333557129
.0436401367
-.0380401611
-.0070190430
-.0046691895
-.0045166016
-.0058898926
-.0060272217
.0036010742
.0049743652
.0065917969
-.0101470947
.0110626221
-.0343475342
-.0225982666
-.0263214111
-.0269317627
-.0380401611
.0075531006
.0039215088
-.0080108643
-.0446472168
-.0483245850
.0294342041
.0307769775
-.0374603271
-.0515594482
-.0674133301
-.0406494141
.0297393799
.0719757080
.0392456055
.0099639893
-.0057525635
-.0122985840
.0608825684
-.0646362305
-.0538635254
.0350494385
-.0174102783
.0081787109
-.0152435303
.0404815674
.0475616455
.0115966797
-.0147094727
.0196990967
-.0385284424
.0193176270
.0401916504
.0620422363
.0241546631
-.0091247559
-.0473327637
-.0182647705
.0058288574
.0119476318
-.0217285156
-.0171966553
-.0076446533
-.0567474365
-.0157775879
-.0043487549
-.0195465088
.0112457275
.0370178223
.0601348877
.0566253662
.0448455811
.0223236084
.0242156982
-.0415802002
.0340118408
-.0361175537
.0333862305
.0234527588
.0218353271
.0123291016
-.0032348633
.0210723877
.0180511475
.0057220459
-.0578613281
-.0761260986
-.0482788086
.0463714600
-.0266418457
-.0059204102
.0040588379
-.0321807861
-.0676422119
-.0527954102
-.0454406738
-.0505371094
-.0404815674
-.0379943848
.0420684814
.0415191650
.0333099365
.0322418213
.0200653076
-.0075683594
-.0093994141
.0047607422
.0036926270
-.0033874512
-.0036010742
.0042114258
.0032958984
.0030975342
.0029602051
.0038757324
-.0028991699
.0053863525
-.0052947998
-.0036926270
-.0049285889
.0036315918
.0032501221
-.0036163330
-.0037384033
.0040283203
.0040435791
.0034179688
.0037078857
-.0033111572
-.0048370361
-.0166473389
-.0309753418
-.0403900146
.0104370117
.0374603271
-.0238952637
.1082305908
.0653991699
-.0496978760
-.1013183594
-.1085205078
.1121215820
-.0332489014
-.1246948242
-.0549011230
.0052337646
.0105285645
-.0252380371
.1352081299
.1054992676
.0826721191
.0249938965
.0218048096
.0163726807
-.0086364746
-.0062866211
-.0053558350
.0082397461
-.0041351318
.0046844482
.0044708252
-.0055389404
.0036621094
.0074920654
-.0062713623
-.0037078857
.0040283203
-.0060577393
.0060272217
-.0041961670
-.0046844482
-.0128631592
.0207824707
.0104064941
-.0291900635
-.0210266113
.0570526123
-.0703735352
.0725555420
-.0463409424
.0329132080
-.0880279541
.0746307373
.0723724365
.0693359375
.0658569336
-.0749053955
-.0584716797
.0100555420
-.0161895752
.0717163086
.0300292969
.0091094971
.0041503906
-.0042419434
-.1159362793
-.2090606689
.0929260254
-.0090637207
-.0035095215
.0048675537
.0763244629
-.0728302002
-.0690307617
-.0701904297
.0819091797
.0661315918
.0885772705
.0687561035
-.0096282959
.0030822754
-.1105194092
-.1196441650
.0382843018
-.0156402588
.0067596436
-.0041961670
-.0033264160
.0046081543
.0025024414
-.0033721924
-.0052490234
.0038604736
.0022430420
.0039367676
.0025634766
.0029144287
-.0032806396
-.0035858154
.0085601807
-.0066223145
.0044555664
-.0040740967
.0030364990
-.0052185059
-.0041961670
-.0043182373
.0051879883
-.0029754639
-.0030975342
-.0031585693
.0031280518
-.0033874512
-.0049591064
-.0036315918
-.0038757324
.0052032471
-.0033874512
-.0032958984
.0030975342
.0033264160
.0027160645
.0026702881
.0028686523
-.0045013428
.0031890869
-.0026855469
-.0047912598
-.0043792725
-.0029449463
-.0054168701
.0024566650
-.0036773682
-.0036621094
-.0031738281
-.0031127930
.0039825439
.0032806396
-.0039672852
.0033416748
.0029602051
-.0034179688
.0034637451
-.0044708252
.0029449463
-.0050048828
.0035400391
.0044250488
.0033721924
.0032501221
.0030517578
.0037841797
.0036315918
-.0038299561
.0044860840
-.0083618164
-.0041503906
-.0042419434
.0057220459
-.0057525635
.0036621094
-.0075836182
.0045776367
-.0037231445
.0032501221
.0046844482
.0035095215
-.0035095215
-.0041503906
.0050506592
.0061798096
.0032348633
-.0035552979
.0053863525
-.0027923584
.0035858154
-.0034179688
.0033721924
-.0037384033
.0035400391
-.0033111572
-.0029907227
.0038299561
-.0031585693
.0062255859
-.0059051514
-.0038757324
-.0057525635
-.0038299561
.0034179688
-.0035247803
.0037994385
.0042419434
.0046234131
.0038452148
-.0039978027
-.0039825439
-.0036163330
.0033416748
-.0046539307
-.0056915283
-.0050048828
-.0053863525
-.0052947998
.0052947998
.0042724609
-.0037536621
-.0037841797
.0052795410
.0036773682
.0042877197
.0046997070
.0086517334
-.0054321289
.0048675537
-.0048980713
.0060882568
.0033874512
.0080718994
-.0063781738
-.0039367676
.0043487549
.0036163330
.0044250488
-.0043334961
.0056915283
.0075683594
-.0036773682
.0047454834
-.0036773682
.0040283203
.0044097900
.0037994385
.0035705566
.0047302246
.0052337646
-.0059356689
.0033416748
-.0036315918
.0063934326
.0040130615
-.0047760010
.0053405762
.0036773682
.0052337646
-.0048980713
.0043487549
-.0046386719
.0036773682
.0034942627
.0034942627
.0031890869
.0046081543
-.0045013428
.0037841797
.0037078857
-.0040283203
-.0060882568
.0037841797
-.0062408447
.0038146973
-.0034790039
-.0045166016
-.0029602051
.0038909912
-.0033874512
-.0039978027
.0062255859
.0038299561
.0039062500
.0034179688
-.0020599365
.0022888184
-.0026245117
-.0018615723
.0010070801
-.0004882813
