.0002441406
.0002441406
.0021667480
-.0038452148
-.0036315918
.0036163330
.0191040039
.0193176270
.0641479492
.0616760254
-.0692443848
.1390686035
-.0688171387
-.0827331543
-.0884857178
-.0707397461
.0412597656
.0121612549
-.0715179443
-.1325988770
-.0240173340
.0163574219
.0096130371
.0319519043
-.1075744629
.1364440918
-.0287322998
.0234832764
.0097656250
.0128173828
.0049896240
-.0030517578
.0025329590
-.0029144287
-.0134735107
.0037231445
.0034179688
.0020141602
-.0134735107
-.0094146729
.0043029785
-.0020294189
-.0013122559
.0041198730
-.0011749268
-.0013885498
.0207061768
-.0011596680
-.0022735596
.0013580322
-.0013580322
-.0007476807
.0013580322
.0023651123
-.0044555664
-.1800079346
-.0509796143
-.0514068604
.0379486084
-.0142211914
-.0176544189
-.0409240723
-.0280761719
-.0077209473
-.0261840820
-.0093231201
.0484924316
-.0707092285
-.0214080811
.0135498047
-.0108337402
-.0057983398
.0156402588
.0340118408
-.0194549561
.0482482910
.0549926758
.0411682129
-.0088958740
.0091857910
-.0059204102
.0031890869
.0026397705
.0027465820
-.0029754639
.0029449463
-.0042572021
.0015716553
.0021057129
.0010375977
-.0007934570
.0014343262
.0012664795
.0014495850
.0061798096
-.0039672852
-.1003112793
.0661926270
.0680084229
.0250854492
-.0140838623
-.0075683594
.0070953369
.0175933838
.0141448975
.0134277344
-.0197906494
-.0101318359
-.0091705322
-.0059204102
-.0041046143
-.0036163330
.0019836426
.0012817383
-.0007019043
-.0015716553
.0009765625
-.0010223389
-.0009613037
-.0009460449
.0009155273
.0027008057
-.0010833740
.0015411377
-.0335540771
.0664215088
-.0581512451
.0673370361
.0278167725
-.0138854980
-.0219879150
.0516052246
-.0408477783
-.0403442383
-.0227661133
-.0249176025
-.0128784180
-.0053710938
-.0089263916
.0064849854
.0056304932
.0023498535
.0019378662
-.0016326904
.0038452148
-.0042419434
-.0031890869
.0044097900
.0109710693
.0033416748
.0024261475
-.0023345947
.0017852783
.0014953613
.0038604736
-.0121154785
-.0458526611
.1761779785
.1252899170
.0663299561
-.0603942871
.0665435791
.0756072998
.0853729248
-.0853424072
-.0917663574
.1164550781
-.0645904541
.0503997803
.0540161133
-.0571289063
.0574035645
-.0581054688
-.0529327393
-.0511627197
-.0662231445
-.0819396973
.1664428711
.1006774902
-.0827178955
-.0863494873
-.0755310059
-.0701293945
.0571594238
.0152740479
.0047454834
-.0014343262
-.0018005371
-.0023956299
.0018615723
.0041503906
.0055541992
-.0036621094
-.0024719238
-.0018463135
.0019378662
.0041198730
.0086975098
-.0043640137
-.0019989014
-.0016479492
.0017700195
.0023651123
.0014190674
-.0014495850
.0016937256
-.0033264160
-.0022277832
-.0021209717
-.0052032471
.0261840820
-.0147552490
.0440673828
-.0637054443
-.0692749023
.0481109619
-.0673828125
.0456085205
.0379333496
.0975799561
.0717010498
-.1149444580
-.1221771240
.1119537354
.0995788574
.1029663086
-.1231536865
-.1530761719
.1591033936
-.1324157715
.1119689941
.1181182861
.1076660156
-.1213073730
.1181640625
-.0939178467
.1049804688
.0659179688
.0677185059
-.0537414551
.0734863281
-.0837097168
.0816650391
.0574645996
-.0819549561
-.0752258301
.0680236816
.0814361572
.0823211670
-.0802307129
.0844573975
-.0739593506
-.0670013428
-.0742034912
.0905456543
.1045379639
.0882873535
.0875091553
-.0685119629
-.0906677246
-.0905609131
.3614654541
-.1330261230
.0809631348
.0940399170
.0786743164
.1498565674
-.1280364990
-.0909729004
.0550689697
-.0440368652
-.0464019775
.0461578369
-.0619049072
-.0547485352
.0403289795
-.0648651123
.0569915771
-.1101837158
-.0506439209
.0561065674
-.0448455811
-.0691223145
.0517272949
-.0626068115
.0556640625
.0390472412
-.0538330078
-.0486450195
.0488281250
.0393066406
.0269165039
-.1862640381
-.0495758057
-.0587158203
.0398254395
.0659790039
.0500488281
-.0351867676
-.0270843506
-.1312408447
.0449676514
-.0380249023
.0478820801
.0319061279
.0313110352
-.0777740479
.0337219238
-.0351715088
.0498046875
-.0752563477
-.0346374512
.0292663574
.0344085693
.0290527344
.0326995850
.0515136719
.0385437012
-.0483703613
-.0440826416
.0370635986
-.0357818604
.0434112549
.0671539307
-.0389404297
.0394744873
.0407257080
-.0362548828
.0283203125
.0199279785
.0373840332
-.0475463867
-.0339202881
-.1242828369
-.0529479980
-.0384979248
-.0403594971
-.0499267578
-.0436401367
.0333404541
.0787353516
-.0435485840
.0579986572
.0373077393
.0360870361
.0458374023
-.0329437256
-.1378479004
.0656280518
.0352630615
.0649414063
-.0458068848
.0654449463
-.0389556885
-.0538635254
-.0526733398
-.0694122314
.1228485107
-.0637359619
-.0473327637
-.0424804688
-.0503082275
-.0481719971
.0377655029
-.0424804688
-.0341644287
.0397338867
-.0391845703
-.0363769531
.0348663330
-.0439147949
-.0383453369
.0465240479
.0351562500
.0309295654
.0372924805
.0453948975
-.0302581787
.0442504883
-.0248107910
-.0432434082
-.0247344971
.0204467773
.0205383301
.0222930908
.0209808350
-.0252380371
.0364532471
.0418395996
-.0523376465
.0290527344
.0382995605
-.0463562012
-.0371856689
.0518035889
-.0461120605
.0363922119
.0330200195
-.0246124268
.0341491699
-.0280914307
.0635681152
-.0503997803
-.0414581299
-.0681457520
.0641937256
.0438232422
.0430450439
.0458679199
.0349884033
.0595855713
.0381774902
-.0295562744
-.0181274414
-.0067901611
-.0224914551
-.0056152344
-.0079956055
.0087890625
-.0075836182
.0051879883
.0044097900
.0038299561
-.0055541992
.0031585693
-.0056457520
.0033264160
-.0032348633
.0031890869
-.0326843262
.0442199707
.1649780273
.1130981445
.1168365479
-.0983123779
-.0297851563
-.0079345703
.0067443848
.0140686035
-.0060577393
-.0054321289
-.0035095215
-.0051422119
-.0050506592
.0068817139
-.0030517578
-.0027008057
-.0038452148
-.0045013428
-.0042419434
.0039367676
.0045013428
.0034637451
.0025329590
.0062713623
-.0032501221
.0027313232
-.0018463135
-.0028686523
-.0029449463
.0018005371
.0033416748
.0029754639
-.0035552979
.0027770996
.0031738281
.0023803711
-.0037994385
.0030212402
.0030670166
.0022888184
.0021057129
-.0038757324
.0029449463
.0034027100
.0039520264
-.0038757324
-.0024719238
.0038146973
.0031127930
.0028533936
-.0017395020
.0030975342
.0053863525
-.0707550049
-.0562133789
.0341796875
.0453186035
-.0321960449
.0067749023
.0742492676
.1567230225
.1493225098
-.1401672363
.0794525146
-.0262603760
-.0048522949
.0203704834
-.1141967773
-.0082702637
-.0654907227
-.1189117432
.0550231934
.0342559814
-.0767364502
-.0927276611
-.0648040771
-.0248260498
-.1278533936
-.1434326172
-.0864715576
-.0702209473
.0507507324
.0704650879
-.1211547852
-.1208648682
-.1018371582
-.1153411865
-.1530761719
-.1255493164
.1938781738
-.0645446777
.0316314697
.0070495605
.0045013428
.0024261475
.0077056885
.0072021484
.0045928955
-.0039367676
-.0032196045
.0012969971
.0018463135
.0134277344
-.0202178955
.0859527588
.1341094971
.0527191162
.0295562744
.1175537109
-.1364135742
-.1150054932
-.1086425781
.0759735107
.1347045898
-.1182708740
-.0666351318
-.0363311768
.0207061768
.0121307373
-.0036926270
-.0021667480
.0019226074
.0155181885
-.0178070068
.0916900635
-.0876159668
-.0998382568
-.0785675049
-.0620269775
.0400848389
-.0389404297
-.0276794434
.0190277100
-.0099792480
-.0067138672
-.0122375488
.0986785889
-.0740661621
.0338134766
.0297546387
.0251464844
-.0215301514
-.0118560791
.0076446533
.0293884277
.1363067627
-.1100463867
.0393218994
.0475006104
.0878601074
-.0690917969
.0327758789
.0548858643
.0602722168
.0205535889
-.0097808838
.0213012695
-.0835723877
-.0489501953
-.0159912109
-.0111694336
-.0177612305
.0207672119
.0800628662
.1398468018
-.1635284424
.0634765625
-.0441436768
.0308990479
.0313262939
.0116729736
-.0088043213
-.0053405762
.0244903564
.0894317627
.0252380371
-.0129089355
-.0064086914
.0085144043
.0115814209
-.0125122070
.0112457275
-.0290527344
-.0343475342
.0245971680
.0251464844
.0132904053
-.0064239502
.0035705566
.0043792725
-.0026397705
-.0028076172
.0029754639
-.0026702881
-.0733642578
-.0975494385
-.1794281006
-.1647796631
-.0781250000
.0320739746
.0142974854
-.0063629150
.0017242432
-.0028991699
.0191955566
.0087432861
.0238342285
-.0037536621
-.0799102783
-.2579803467
-.2294311523
-.0804443359
.0663452148
-.1400299072
-.1049346924
-.0764923096
.0252075195
-.0391540527
.0538787842
-.1054534912
.1115875244
-.0854949951
-.0398712158
.0269470215
-.0180664063
.0090789795
.0217132568
-.0137023926
-.0061492920
.0056762695
-.0023498535
.0036926270
-.0054931641
.0064849854
-.0161132813
.0568389893
.0400543213
.0537261963
-.0808868408
-.0717468262
-.0673828125
.0589294434
-.0364074707
-.0311279297
-.0248260498
-.0261383057
.0157623291
-.0071258545
.0050811768
.0021057129
-.0034484863
-.0024108887
-.0026855469
.0027770996
-.0025177002
.0018310547
-.0022430420
-.0022125244
.0022430420
-.0021362305
.0016326904
-.0018768311
.0019226074
.0079803467
.0400543213
-.0439147949
.0257568359
.0055541992
-.0106201172
.0244445801
.0301208496
-.0267181396
-.0363616943
-.0326232910
.0301513672
.0223846436
.0565185547
.0206146240
-.0110473633
.0148773193
-.0097198486
.0424041748
-.0536041260
-.0343933105
-.0357818604
-.0569305420
-.0428161621
-.0371551514
.0228424072
-.0110015869
.0055999756
-.0028991699
.0031127930
.0021667480
-.0020141602
-.0012817383
.0014801025
-.0011596680
.0020599365
-.0017852783
-.0013427734
.0019989014
-.0017395020
.0015869141
.0012512207
-.0010375977
-.0010223389
-.0009002686
.0012969971
.0167541504
.0025634766
.0452117920
.0035095215
-.0009613037
.0007934570
-.0020599365
.0013580322
-.0010070801
-.0013885498
-.0011291504
.0012054443
.0010070801
.0010681152
-.0008697510
-.0011291504
-.0011444092
.0011291504
.0013122559
-.0013122559
.0010375977
.0011596680
.0010681152
-.0011291504
-.0010681152
-.0010375977
.0013122559
-.0010528564
-.0009002686
-.0009613037
.0007171631
-.0009307861
-.0025177002
-.0019073486
.0018920898
-.0015258789
-.0014190674
-.0014801025
-.0017242432
-.0013122559
.0013427734
.0009002686
.0012207031
-.0013122559
-.0010986328
.0018920898
.0017547607
-.0010528564
-.0011749268
-.0010223389
.0012969971
-.0009613037
-.0008087158
.0008697510
-.0030822754
.0010223389
.0013122559
-.0010986328
-.0015106201
-.0009765625
.0009155273
.0008087158
-.0010375977
-.0009002686
-.0009918213
.0011596680
.0010986328
.0009155273
-.0013580322
-.0009155273
-.0009765625
.0010528564
.0014801025
.0143890381
-.0404815674
.0489501953
.0579528809
-.0617065430
.0498809814
.0552825928
-.0454254150
-.0482635498
.0514068604
-.0301666260
-.0117645264
-.0188751221
.0167694092
.0707244873
.0423736572
.0297698975
-.0301818848
.0241546631
-.1506652832
-.1445007324
.0544433594
.0289764404
-.0364379883
-.0791931152
-.1066284180
.1027221680
.0978393555
.0999145508
.0700531006
.1018218994
-.0935974121
.0774993896
-.1032867432
-.0586242676
-.0456085205
.0351867676
.0440673828
.0276641846
.0381774902
.0190277100
-.0077209473
.0032348633
.0031127930
-.0017547607
.0052795410
-.0061492920
-.0043182373
.0046844482
.0023498535
-.0053253174
-.0028686523
-.0023651123
-.0036621094
.0053405762
.0310668945
-.0438537598
-.0330963135
-.0145111084
-.1603546143
-.0389709473
.0040435791
.0193634033
-.1499786377
.0646057129
-.1390075684
-.1204223633
.0508575439
-.0054168701
.0566864014
-.1591339111
.1091766357
-.0180053711
-.0062103271
-.0341339111
.1279907227
.0470886230
.0623626709
.1073760986
-.1219940186
-.1015319824
.0930633545
.0853576660
-.1464538574
.0267639160
-.0081634521
.0211791992
.0280151367
-.0478668213
.0239257813
-.0012054443
-.0008239746
.0010986328
.0011901855
-.0013580322
-.0013885498
.0013275146
.0017852783
.0008697510
.0008392334
-.0021362305
.0070495605
.0197296143
.0411071777
.0463104248
-.0394439697
-.0485534668
.0916442871
-.0521545410
.0764770508
.0718383789
.0688323975
.0397796631
.0503540039
.0589599609
-.0606079102
-.0523071289
-.0717926025
.0995941162
-.0938262939
.0651092529
.0762634277
-.0557250977
.0346984863
-.0261383057
.0155029297
-.0550079346
.0703125000
.0377197266
-.0497589111
-.0603027344
-.0464019775
.0395050049
.0552368164
-.0288238525
.0241394043
-.0087585449
-.0063934326
-.0143127441
-.0120697021
-.0301361084
-.0143280029
-.0159759521
-.0136260986
-.0138092041
-.0095977783
-.0046539307
.1588592529
-.1411437988
.0203247070
.0244140625
.0265960693
.0168609619
.0223083496
-.2168121338
-.1930389404
-.1896972656
-.1792602539
-.1916046143
-.1514129639
.0581359863
.0093536377
.0048828125
.0029907227
.0026245117
-.0025177002
-.0041503906
.0026245117
-.0020141602
-.0015563965
-.0014190674
-.0015869141
-.0012054443
.0014495850
.0024871826
-.0014801025
-.0015869141
.0013580322
.0016326904
.0015411377
-.0010070801
-.0015411377
-.0013275146
.0010070801
.0007476807
-.0009155273
-.0008697510
.0280151367
