.0002136230
.0055389404
-.0050506592
.0046234131
-.0052490234
.0059051514
.0054779053
-.0060577393
-.0054168701
-.0053710938
-.0062255859
-.0052795410
-.0067138672
-.0056915283
-.0055236816
.0056152344
-.0061950684
.0054779053
-.0047760010
.0072784424
.0108337402
-.0107574463
-.0104217529
-.0127410889
.0110778809
-.0137786865
-.0099487305
-.0118255615
-.0126800537
.0100097656
.0077362061
-.0073394775
.0075378418
.0080261230
-.0092620850
-.0093688965
.0100555420
.0073852539
.0066375732
.0068817139
-.0085449219
.0046539307
.0055236816
.0057525635
.0060272217
-.0051727295
-.0057220459
-.0033416748
-.0037841797
.0047302246
-.0035705566
-.0063171387
-.0048828125
.0085906982
.0082702637
.0080566406
.0084991455
.0058898926
.0055847168
.0076599121
.0297393799
.0333251953
-.0280151367
-.0223541260
-.0156250000
-.0094146729
.0096130371
-.0214385986
.0152130127
-.0123443604
-.0112915039
-.0101470947
-.0090637207
.0095062256
-.0093994141
.0094604492
.0095672607
.0088806152
-.0138854980
.0084075928
.0097656250
-.0069427490
.0072631836
.0123291016
.0069274902
.0090789795
-.0076751709
-.0058898926
-.0137634277
.0075836182
.0059661865
-.0075073242
-.0067901611
-.0085601807
.0076446533
-.0070037842
-.0060119629
.0069427490
.0067291260
.0077667236
.0070800781
-.0287322998
-.0234222412
-.0380096436
-.0278930664
.0274353027
-.0172882080
-.0331268311
-.0222625732
.0415344238
.0283508301
.0514221191
-.0297546387
.0412750244
-.0762786865
-.0253753662
.0703125000
.0704650879
.0814666748
.0943450928
.0748596191
.0782928467
.0301208496
.0162963867
.0827178955
.0828094482
-.1150512695
.0444488525
.0512084961
-.0548553467
.0575408936
-.0346374512
.0214538574
.0102996826
.0122375488
.0103149414
-.0464019775
-.0380859375
.0648651123
.0143280029
.1029815674
-.0178070068
-.0852813721
.0578613281
-.0671997070
.0496368408
-.0171051025
.0333862305
-.0349121094
.0427398682
-.0131378174
-.0095672607
.0327758789
.0476226807
.0298004150
.0312805176
-.0205078125
.0117340088
-.0312500000
.0115509033
-.0292358398
-.0296325684
-.0177764893
.0314788818
.0232696533
.0106201172
.0164642334
-.0073089600
.0296020508
.0170440674
.0765533447
.0861816406
.0788269043
.0650634766
.0726470947
.0618133545
-.0768432617
.0595703125
-.0393829346
.0249938965
-.0488433838
-.0286560059
.0378723145
-.0700225830
-.0279846191
.0307617188
.0283050537
.0172424316
-.0293426514
-.0226287842
.0315704346
-.0227966309
.0315551758
-.0122528076
-.0238647461
-.0135803223
-.0174407959
-.0335388184
-.0102081299
.0133209229
.0211334229
-.0329284668
-.0446624756
-.0245056152
-.0184631348
.0251312256
.0186157227
-.0130615234
.0275573730
-.0112152100
-.0082092285
-.0089874268
.0114288330
.0132141113
.0366363525
.0988616943
-.0713348389
-.0768280029
.0749053955
-.0233459473
-.0094146729
-.0139465332
-.0262908936
.0474395752
.0346984863
-.0369720459
.0459289551
.0738372803
.0591278076
.0615692139
.0258636475
.0598602295
.0483245850
-.0355529785
.0560760498
.0383605957
.0157928467
.0211639404
-.0124969482
-.0085906982
.0079956055
-.0091094971
-.0066223145
.0080566406
-.0074462891
-.0077819824
.0094604492
-.0056915283
.0090026855
.0122070313
.0090484619
-.0099639893
-.0091705322
.0080261230
-.0088195801
-.0113220215
.0081176758
-.0074768066
.0088958740
-.0122375488
-.0398101807
.1007080078
.0414428711
-.1191711426
.1361999512
.1403503418
.1472625732
.1259765625
-.0928802490
.0912322998
.1488952637
-.1365661621
-.1037750244
.0432434082
-.0487365723
.0430603027
.0393981934
-.0426025391
-.0334167480
.0356445313
-.0194091797
.0183105469
-.0687408447
.1674652100
.0633239746
.1865386963
-.0435028076
.1845550537
.1266021729
.1723022461
.0809326172
-.1226501465
.1207733154
.1381072998
.1284332275
.1570739746
.1051788330
-.1466064453
-.0990447998
-.0589904785
-.0583343506
-.0386657715
-.0408935547
-.0425262451
-.0229949951
-.0214385986
-.0530853271
-.0794219971
.2183990479
-.0577697754
-.1035919189
-.1844635010
-.1396484375
-.0872039795
.0548095703
.1477966309
.1384582520
.0902404785
-.1434936523
.1117095947
.2087249756
-.1262359619
.1911926270
.2229614258
.1117095947
-.0937347412
.1990966797
.1235504150
-.0753173828
-.0629882813
.0932464600
.1103363037
.1076202393
-.0455932617
.1588134766
-.0589599609
.0489044189
-.0503540039
-.0273895264
-.0511322021
.0413513184
-.0398712158
-.0248107910
.0240631104
-.0291748047
-.0136413574
-.0145263672
-.0168151855
-.0112762451
.0123901367
-.0104522705
-.0108032227
.0111541748
-.0104675293
.0105743408
.0886840820
-.0468292236
-.0468750000
-.0831909180
-.0758666992
.0253143311
-.0202941895
-.0134124756
.0149993896
-.0123291016
-.0175018311
.0127716064
.0250091553
-.0426330566
-.0223999023
.0117034912
.0513000488
-.0411071777
.0255889893
-.0436553955
-.0815734863
.1128082275
-.0251617432
-.0205993652
.0166473389
.0149230957
-.0280914307
-.0442199707
-.0456237793
-.0318145752
.0312347412
.0311279297
-.0361633301
-.0335540771
.0126037598
-.0153350830
.0138397217
-.0139617920
.0149536133
-.0107421875
-.0115661621
-.0110168457
.0080413818
-.0078735352
-.0075836182
-.0107879639
.0186004639
.0354614258
.0193939209
-.0174560547
-.0140838623
-.0109405518
-.0100555420
.0082855225
.0194854736
.0709838867
.0865783691
.0498809814
.0343322754
.0209655762
.0379486084
.0545501709
-.0581970215
-.0428314209
-.0377502441
.0131835938
.0099945068
.0105133057
-.0135040283
-.0106811523
.1230926514
.1349182129
.0596771240
.0674743652
-.0433654785
.0913848877
.1007232666
.0587463379
.0469818115
-.0280151367
.0727844238
.0972900391
.0597686768
.0536346436
-.0289459229
-.0320281982
.0295104980
-.0177154541
.0195007324
-.0194702148
.0110473633
.0107574463
-.0124969482
-.0170898438
.0194244385
-.0556945801
-.0458526611
-.0225830078
.0232391357
-.0507812500
-.0288848877
-.0157318115
-.0192565918
-.0191802979
-.0367279053
-.0312347412
-.0160827637
-.0146636963
.0196380615
-.0166778564
-.0154571533
-.0122680664
.0207977295
-.0637512207
.0958099365
.0871429443
.0551757813
.0768432617
.0524139404
-.0316772461
-.0363464355
.0503997803
-.0490112305
.0406188965
-.0825195313
.0450439453
.0580596924
.1049804688
-.0485229492
-.0275421143
-.0182189941
.0133819580
-.0132141113
.0112457275
.0117950439
.0152893066
-.0139617920
-.0267791748
-.0548553467
-.0436096191
-.0559082031
-.0180358887
-.0670928955
-.0240478516
-.0566101074
.0383758545
.0407409668
-.0530700684
-.0238189697
-.0199737549
-.0396881104
-.0292663574
-.0732574463
-.0734100342
.0368041992
-.0225372314
-.0141143799
.0181884766
.0255584717
.0294036865
.0306701660
-.0339050293
.0418701172
-.0518035889
.0576629639
.0747833252
-.0324707031
-.0369262695
.0423889160
.0205993652
-.0169067383
-.0157928467
-.0178527832
.0146331787
.0165252686
-.0149383545
-.0181732178
-.0170440674
.0134735107
.0191955566
.0115356445
-.0159759521
-.0192413330
-.0217742920
.0173339844
-.0177459717
-.0118255615
-.0124816895
.0132446289
-.0114440918
.0194091797
-.0267639160
-.0183105469
.0167694092
.0204772949
-.0153503418
.0143585205
-.0178527832
.0320129395
.0198669434
-.0156250000
.0153961182
.0179595947
.0126190186
-.0124053955
.0144195557
.0150146484
.0116424561
.0147705078
.0133209229
.0105285645
.0122985840
-.0209045410
.0138702393
.0168457031
.0143127441
-.0157318115
.0168609619
-.0108642578
.0172271729
-.0128021240
-.0132904053
-.0140686035
.0151824951
.0283813477
-.0349731445
.0157318115
-.0181427002
-.0890502930
.0176696777
-.0218048096
-.0332794189
-.0237426758
-.0162200928
.0161437988
-.0149993896
-.0144805908
-.0132751465
.0129852295
-.0126953125
-.0199279785
-.0186920166
.0112152100
-.0102386475
.0356903076
-.0226745605
.0187988281
-.0597381592
-.0422363281
-.0273132324
-.0635375977
.0319824219
-.0294189453
-.0375976563
.0307617188
-.0215759277
-.0220489502
.0227966309
.0144653320
-.0136108398
.0151824951
.0151214600
.0133514404
-.0151977539
.0170440674
-.0165405273
.0128479004
-.0116882324
-.0323028564
.1513977051
-.1062011719
-.1304321289
.0763092041
-.0713958740
.1236724854
.1195068359
-.0720062256
.0942840576
.0996093750
-.0500640869
-.0360870361
-.0395202637
.0343170166
-.0347900391
.0416717529
-.0303955078
-.0239257813
.0153656006
.0372619629
.0849609375
.0487365723
.2069702148
-.2061309814
.2047576904
.1978302002
.2034912109
.1034545898
.1674499512
.0801239014
.1397857666
.1406402588
.0908203125
-.0878448486
-.0679626465
.0468139648
.0552825928
.0301208496
.0461883545
.0451507568
.0489654541
-.0592498779
.0370635986
-.0394744873
-.0267028809
-.0411682129
.0370178223
-.0242004395
-.0713348389
.1092529297
-.1168975830
.1491088867
.2091064453
.1809539795
-.1698913574
-.1630096436
-.1512451172
.1301574707
.1177368164
.1247863770
.1124114990
.1069793701
.0975036621
.1303405762
.1557922363
.1695709229
.1513366699
.1146087646
.0567932129
.0920867920
-.1062316895
.0868377686
.1501617432
.1568145752
-.1561737061
-.1477355957
.1443481445
-.1464233398
-.1614074707
.0875244141
.0667877197
.0825958252
-.0970611572
-.1109161377
.1101531982
.1372680664
.1617736816
.1632690430
.1757049561
-.1420135498
-.0720214844
.0737457275
-.0882720947
.1407470703
.1523132324
.1619415283
-.1467132568
.1319580078
.1433105469
.1461944580
.1313629150
.1493377686
.1158752441
.1092681885
.1016998291
.0918579102
.1597137451
.1409759521
.1375579834
.1205596924
-.0802764893
.0392303467
-.0405273438
-.0289001465
.0841064453
-.1196441650
-.1542816162
-.1707916260
-.1726989746
.1703033447
-.1687316895
-.1652526855
.1602935791
.1748046875
.1669616699
.1590576172
.1542816162
.1536712646
.1728515625
.1898040771
.2033386230
.1253204346
.0597229004
.0423583984
.0369873047
.0238342285
.1174011230
-.1680145264
-.1900329590
-.2223815918
-.1800689697
-.2126159668
.1970825195
-.2332611084
-.1894683838
.2145843506
.1472320557
.1673736572
.1876525879
.2019195557
-.1825408936
.2072143555
-.1762542725
.2059173584
-.1856689453
-.1652526855
-.1583862305
-.2199554443
-.1586151123
-.2187957764
.1948394775
.1743164063
.1784515381
-.1551513672
-.1628570557
.1829681396
.2361755371
.1987304688
.1672210693
.2136840820
-.1858367920
-.2086029053
.2040710449
-.2273101807
.1794128418
.1713867188
-.1805572510
-.1521453857
.1431274414
-.1544647217
.1987609863
.1816101074
.2394104004
.1799774170
.2228240967
-.1468963623
.1324462891
.1533355713
.1622161865
.1815490723
.1813049316
.2283172607
.2149047852
-.2291412354
.2035217285
.2055664063
.2246246338
-.2050628662
.1777496338
.2105255127
.1827087402
-.2117309570
-.2124176025
-.1757659912
-.2002716064
-.1746673584
.2074737549
-.1692962646
.2113189697
-.1582641602
.1692962646
-.2254180908
.2145233154
.1966247559
-.2055358887
.1959533691
.1860046387
.1412963867
.1496429443
.1502380371
.1197204590
.1796722412
.1749420166
-.1864166260
-.1452941895
.1643676758
-.1926574707
.1355133057
.1853485107
.1707000732
.1732025146
.2113494873
-.2108306885
.2224578857
.2009429932
-.1977539063
.1997222900
-.1856994629
-.1839599609
-.1895904541
-.2206115723
.2422027588
.1762695313
.2182464600
.1948394775
-.1702880859
-.2291870117
-.1910705566
-.1804962158
.1697235107
.2068176270
.1935119629
.1894836426
-.1958312988
.2057342529
-.1779022217
.1963348389
-.1675109863
.1910552979
.2064666748
.1761779785
-.2164764404
-.2188262939
-.2289123535
-.1844024658
-.2028961182
-.2213287354
-.1667938232
-.2504882813
-.2045745850
-.1867218018
.2172698975
-.1957702637
.2267761230
-.1990814209
.1917877197
.2375946045
.1970367432
-.1982879639
-.1931152344
.1911468506
-.2251892090
-.2381896973
-.1853790283
.1514892578
-.1927490234
.2214355469
-.1980285645
.2111511230
-.1884307861
.2156219482
.1883697510
.1077270508
-.1646270752
.2523803711
.2589569092
.2302703857
.2165069580
.2216949463
.2083740234
.2000427246
.2223663330
-.1841735840
.1848602295
-.2375335693
.2154235840
.2008209229
.1888885498
-.1921386719
.1958770752
.1566009521
.1875915527
.2050933838
-.1981964111
.2036132813
-.1890258789
-.2044982910
.2174072266
.2440185547
-.2085266113
.2278442383
.2159423828
.1862640381
.1900634766
-.1870117188
.1619567871
.1916503906
-.1908111572
-.2206878662
.2159118652
.1770782471
.1919555664
-.1702117920
.1824188232
.2155456543
-.2320556641
-.2064971924
.1766662598
-.1965637207
.1823425293
-.2032623291
-.1396789551
-.1951599121
.1780242920
.2464599609
.1969451904
-.1685333252
-.1486358643
.1431121826
.1876831055
.2227935791
-.1886291504
.2227935791
-.1952819824
.2273406982
-.2156372070
-.2000122070
-.2174530029
-.1755981445
-.2106323242
.1954803467
-.2252197266
.2186431885
.1812286377
-.2102203369
-.1714019775
-.1155090332
-.0776062012
.0583648682
.0354003906
.0291290283
-.0191040039
-.0127563477
-.0075378418
.0048065186
.0027923584
.1578063965
