-.0015106201
.0019683838
.0009613037
-.0006408691
-.0010681152
.0007476807
.0009918213
-.0008392334
-.0006713867
.0109558105
-.0369720459
-.0262145996
-.0275421143
-.0281219482
-.0391387939
-.0390930176
-.0113830566
.0023803711
-.0017547607
-.0010833740
.0018463135
.0010223389
-.0010681152
-.0205993652
-.0260772705
-.0170440674
-.0234375000
-.0348205566
.0084533691
-.0368652344
-.0312805176
-.0329284668
.0093383789
-.0418395996
-.0423431396
-.0273132324
.0217590332
-.0200347900
-.0448760986
-.0421142578
.0245056152
-.0425720215
-.0497741699
-.0349121094
-.0259246826
-.0228729248
-.0275268555
-.0289916992
-.0229187012
-.0187225342
-.0070037842
.0014190674
.0007629395
-.0008697510
.0010375977
.0010833740
-.0010223389
.0013122559
-.0006713867
.0129547119
.0315399170
-.0404205322
-.0401763916
-.0387573242
-.0382080078
-.0346984863
-.0201416016
-.0041351318
-.0322875977
-.0340270996
-.0297088623
.0142822266
.0372924805
.0114288330
-.0522613525
-.0504150391
-.0246887207
-.0269622803
-.0346221924
-.0408477783
-.0410308838
-.0183258057
.0016174316
-.0006561279
-.0012359619
.0017089844
.0012817383
.0015716553
.0007324219
.0010528564
.0015258789
-.0014495850
.0007324219
-.0007476807
.0001831055
-.0001983643
-.0001983643
.0002136230
-.0001983643
.0003509521
.0013427734
-.0019836426
.0011291504
-.0008087158
.0015716553
.1316528320
-.1608886719
-.0612335205
-.0645446777
.0454406738
-.0541381836
-.0399017334
-.0043029785
.0026245117
-.0019226074
.0017089844
-.0006713867
-.0015869141
-.1643981934
-.0387268066
.0257720947
-.0208892822
-.0189819336
.0144500732
-.0072174072
.0045013428
-.0065002441
.0029907227
.0045471191
-.0044555664
-.0045013428
.0042114258
.0037689209
-.0023345947
-.0020751953
.0006408691
.0009460449
-.0011444092
.0004882813
-.0107574463
-.0166625977
-.0201263428
.0008087158
.0009002686
.0006866455
-.0018310547
-.0084381104
.0074615479
.0057678223
-.0009002686
.0005645752
.0065002441
-.0084381104
-.0070495605
.0058746338
.0047912598
-.0090179443
.0041961670
.0096740723
.0097045898
-.0094299316
-.0057678223
.0042572021
-.0043487549
-.0018615723
-.0080566406
-.0075988770
.0095520020
-.0084533691
-.0029449463
-.0008087158
-.0011749268
-.0006256104
-.0004425049
.0004577637
.0005035400
.0006408691
-.0006713867
.0008087158
-.0009307861
-.0007171631
.0009002686
-.0003662109
-.0003662109
.0007019043
.0007476807
-.0010681152
.0032348633
.0059814453
-.0070648193
-.0030212402
-.0006866455
.0004577637
.0004730225
-.0005493164
-.0106201172
-.0063323975
.0012817383
-.0007019043
.0007629395
.0025634766
.0077056885
-.0043792725
.0031280518
-.0092163086
-.0113983154
-.0119781494
-.0096740723
-.0054016113
.0014495850
.0016021729
-.0072174072
-.0060119629
.0046081543
-.0011444092
.0077514648
.0084991455
.0065155029
.0053253174
-.0072326660
-.0047149658
-.0038299561
-.0068817139
-.0066986084
-.0062713623
-.0039215088
-.0039062500
.0073394775
-.0094757080
-.0067291260
.0055694580
-.0028686523
.0002899170
-.0006408691
-.0025329590
-.0079345703
-.0056304932
.0040130615
.0005798340
-.0003356934
-.0010528564
.0007629395
-.0004272461
.0004882813
-.0004577637
.0015716553
-.0020904541
.0012054443
-.0023040771
-.0006713867
-.0006713867
.0008087158
-.0006713867
-.0016326904
.0034332275
-.0090942383
-.0278015137
-.0272827148
-.0303192139
-.0268859863
-.0110321045
-.0011749268
.0015411377
-.0131072998
-.0196990967
-.0231628418
-.0218658447
-.0152130127
.0086517334
-.0023956299
.0009613037
.0012359619
-.0017089844
-.0178375244
-.0224304199
.0164794922
-.0209350586
-.0275573730
-.0187530518
-.0475006104
-.0275878906
.0160522461
-.0310974121
-.0320587158
-.0392150879
-.0419311523
-.0411224365
-.0032043457
.0023193359
-.0217895508
-.0341949463
-.0285339355
-.0281372070
-.0208129883
-.0236511230
-.0086364746
.0123291016
-.0295410156
-.0287170410
-.0303497314
-.0259094238
-.0193176270
-.0232543945
-.0397796631
-.0420989990
.0041351318
.0014801025
-.0014190674
-.0009460449
.0007476807
.0013580322
-.0008087158
.0010528564
-.0019226074
.0005950928
.0005645752
-.0011749268
.0007781982
-.0180358887
-.0223846436
-.0016784668
-.0354461670
-.0489196777
.0135192871
.0220642090
-.0230255127
.0273132324
-.0270996094
-.0206604004
.0020904541
.0197143555
-.0295104980
-.0314025879
-.0206298828
.0220031738
-.0173492432
.0093841553
.0051574707
-.0021972656
-.0330352783
-.0323791504
-.0279693604
-.0338592529
-.0353698730
-.0411224365
-.0256805420
.0027465820
-.0023345947
-.0014648438
.0014038086
.0007171631
-.0006256104
-.0205841064
-.0369262695
-.0278625488
-.0220489502
-.0266418457
-.0236816406
-.0237884521
-.0246887207
-.0262603760
-.0132751465
.0118865967
-.0198974609
-.0351715088
-.0377807617
.0028533936
-.0237731934
-.0274810791
.0134582520
-.0205078125
-.0301055908
-.0321350098
-.0306091309
-.0172271729
.0092163086
-.0229797363
-.0254821777
-.0214538574
-.0259552002
-.0293273926
-.0193634033
-.0153808594
-.0165252686
-.0192718506
-.0276031494
-.0216369629
-.0395965576
-.0407562256
-.0200958252
-.0277557373
-.0193481445
-.0146942139
-.0206298828
-.0287780762
-.0264587402
-.0182647705
.0024871826
-.0013580322
.0010833740
-.0005340576
-.0007171631
-.0015716553
.0010986328
.0006408691
-.0004425049
.0015106201
-.0010986328
.0005340576
.0003509521
-.0003356934
-.0005798340
.0019989014
-.0071411133
.0011596680
.0039215088
-.0040588379
-.0048370361
.0055847168
.0049285889
-.0037231445
.0060577393
-.0069885254
-.0026855469
-.0079040527
.0107116699
.0067443848
-.0075073242
-.0095062256
.0007629395
.0004119873
-.0003814697
-.0128326416
-.0174865723
-.0170135498
-.0147399902
-.0121459961
-.0088653564
-.0018615723
-.0009460449
-.0007019043
.0002899170
.0010986328
-.0003814697
.0006256104
.0003662109
.0006103516
-.0004272461
.0005187988
.0005035400
-.0005187988
-.0005035400
-.0004730225
-.0003204346
-.0004730225
-.0004425049
.0003814697
.0009918213
-.0006103516
-.0002288818
.0003204346
.0003509521
-.0007781982
-.0013275146
-.0062103271
.0039825439
-.0013732910
-.0089263916
-.0100860596
.0083465576
-.0072021484
.0050354004
-.0037536621
.0041503906
-.0037536621
-.0040893555
.0018463135
.0075683594
.0074768066
.0045318604
.0073089600
.0076751709
-.0082397461
.0064544678
-.0117340088
-.0040893555
-.0050811768
-.0078430176
-.0052032471
.0072631836
-.0096740723
-.0055084229
-.0011138916
-.0104370117
.0123596191
-.0026702881
-.0140991211
-.0104522705
.0065460205
-.0058898926
-.0137176514
-.0099029541
-.0082855225
-.0134429932
-.0117950439
-.0054321289
-.0061950684
.0034942627
-.0053863525
-.0061950684
.0030517578
.0042572021
-.0026245117
.0006408691
.0005493164
.0060577393
-.0114746094
-.0084228516
-.0061492920
-.0010528564
-.0004119873
.0005340576
-.0009002686
-.0004425049
-.0004577637
-.0005493164
.0003662109
.0005340576
-.0004882813
.0005035400
-.0006256104
-.0003356934
.0005798340
.0006561279
.0006103516
-.0002746582
.0004425049
.0005798340
-.0002899170
-.0008087158
-.0004119873
-.0003356934
.0003051758
-.0050201416
-.0067901611
-.0062561035
-.0013275146
-.0004730225
.0002746582
.0034484863
-.0091400146
-.0104522705
.0075988770
.0070343018
.0014190674
-.0006408691
.0007171631
-.0089111328
-.0080718994
-.0071716309
-.0061645508
.0019989014
.0006713867
.0005035400
-.0083160400
-.0097198486
-.0095062256
-.0083618164
-.0042877197
-.0068817139
-.0118865967
.0076446533
.0029907227
-.0031890869
-.0151824951
-.0093688965
-.0038604736
.0043487549
-.0061798096
.0029144287
-.0053863525
.0064392090
.0005645752
-.0137939453
-.0071258545
-.0054168701
-.0103759766
-.0101776123
-.0096740723
-.0116271973
.0016784668
.0009460449
.0105743408
-.0088653564
-.0070495605
.0091400146
.0073699951
-.0068817139
-.0024719238
.0010375977
-.0081176758
-.0061340332
.0065765381
.0069122314
-.0014648438
.0010681152
.0142669678
-.0085449219
-.0100555420
.0032348633
-.0059661865
-.0056762695
-.0081329346
-.0015716553
.0009460449
.0111083984
-.0098724365
-.0054626465
.0044555664
-.0054626465
-.0056762695
-.0040893555
.0030975342
-.0027313232
-.0041198730
-.0048675537
.0050659180
.0080871582
.0006713867
-.0003662109
.0052795410
-.0160217285
-.0081634521
-.0030364990
-.0010833740
-.0006256104
.0005340576
-.0008087158
-.0002593994
-.0007019043
.0010528564
.0005035400
-.0003814697
.0003356934
-.0007171631
-.0011596680
.0002746582
-.0004425049
.0007324219
-.0008087158
.0007324219
-.0007629395
.0004577637
.0004272461
-.0005493164
.0004425049
.0003814697
-.0004119873
.0006103516
-.0005645752
.0001983643
-.0006103516
-.0004272461
-.0005340576
.0005187988
.0006866455
-.0002441406
.0008697510
.0005950928
.0001983643
-.0005035400
-.0004730225
-.0004425049
-.0039215088
-.0132598877
-.0119171143
-.0095062256
-.0039520264
.0040130615
-.0060882568
-.0071563721
-.0064392090
-.0045318604
-.0041809082
-.0081787109
-.0083465576
-.0044097900
-.0102233887
-.0138092041
-.0103149414
-.0106048584
-.0127105713
-.0084533691
-.0049285889
.0003967285
.0005645752
.0007476807
.0007324219
-.0005950928
-.0007019043
.0007934570
-.0111541748
-.0114288330
.0111541748
-.0133514404
-.0180969238
-.0146789551
-.0047760010
-.0086059570
-.0064697266
.0070037842
-.0076293945
-.0072326660
-.0062866211
-.0013275146
-.0009155273
.0061645508
-.0128936768
-.0121307373
.0011749268
-.0005493164
.0056915283
-.0131835938
-.0129699707
-.0113372803
-.0071411133
-.0011596680
-.0004577637
-.0003204346
.0008239746
-.0005493164
.0003662109
.0002899170
-.0007171631
-.0009155273
-.0108184814
-.0082702637
-.0039367676
-.0036010742
-.0057678223
-.0038604736
-.0066680908
-.0091705322
.0035400391
.0031890869
-.0113830566
.0053405762
.0009155273
-.0063018799
-.0080108643
.0031738281
.0007781982
.0099334717
-.0075988770
.0032348633
-.0095214844
-.0078887939
.0012664795
.0028533936
.0010833740
.0097198486
-.0171203613
-.0145263672
.0124359131
-.0099639893
.0085906982
-.0121002197
.0096130371
-.0055084229
.0072479248
.0007476807
-.0004730225
.0043487549
-.0114593506
.0028839111
-.0127105713
-.0105743408
-.0023193359
-.0108032227
-.0121307373
-.0084533691
-.0030517578
-.0009307861
-.0010223389
-.0008850098
-.0003967285
-.0006866455
.0013122559
-.0009765625
.0014038086
-.0010375977
.0012359619
-.0024108887
.0019378662
.0022735596
.0025482178
.0026397705
-.0102233887
-.0192108154
-.0278320313
-.0182342529
-.0258789063
-.0305786133
-.0274353027
-.0265502930
-.0234985352
.0093383789
.0116882324
-.0313415527
-.0316925049
-.0306701660
-.0183563232
-.0188446045
-.0226440430
-.0282287598
-.0272979736
-.0229492188
-.0203704834
.0171661377
-.0157165527
-.0221252441
-.0347900391
-.0334625244
-.0084228516
.0011138916
-.0011749268
.0010375977
-.0011444092
.0014495850
-.0013275146
-.0010833740
-.0013122559
.0013580322
-.0019683838
-.0017547607
-.0016937256
-.0012359619
-.0013275146
-.0004730225
.0011291504
-.0122070313
-.0235137939
-.0237884521
-.0215606689
-.0235137939
.0149536133
.0271453857
-.0173797607
-.0242462158
-.0270996094
-.0213012695
.0247039795
-.0271301270
-.0165863037
-.0349884033
-.0294342041
-.0219421387
-.0360107422
-.0271148682
.0030670166
-.0084686279
-.0426635742
-.0215606689
.0153045654
-.0142211914
-.0180206299
.0021362305
.0062866211
-.0302581787
-.0126647949
-.0304870605
-.0258483887
-.0021209717
.0153350830
-.0336151123
-.0339202881
-.0313720703
-.0219268799
.0053863525
-.0386047363
-.0251770020
.0199890137
-.0056304932
-.0012207031
.0009307861
-.0014801025
.0005645752
.0011291504
-.0005340576
.0206604004
-.0430603027
-.0358886719
.0030059814
-.0012054443
.0059967041
-.0318756104
-.0294799805
.0082092285
-.0270233154
-.0238494873
.0146636963
-.0146179199
.0060577393
-.0166625977
-.0148620605
-.0211944580
-.0150299072
-.0026245117
.0018005371
-.0009613037
-.0008544922
.0019836426
.0009918213
.0006561279
-.0010681152
.0006256104
.0006713867
-.0011291504
-.0005645752
.0006256104
-.0006866455
.0003356934
.0004882813
-.0005493164
.0016479492
.0118865967
.0093383789
.0060882568
.0023651123
-.0074462891
-.0079040527
-.0066375732
-.0008087158
.0004882813
-.0004730225
-.0005340576
.0007934570
.0074768066
-.0128479004
-.0108489990
-.0112609863
.0083465576
.0039062500
-.0063781738
.0018157959
-.0010681152
.0049896240
.0072631836
-.0052490234
-.0036926270
-.0070343018
-.0045318604
-.0063781738
-.0080566406
-.0072326660
-.0071105957
-.0009155273
.0062866211
.0087890625
-.0078277588
.0078430176
-.0044708252
-.0044555664
-.0042419434
-.0068664551
-.0073242188
-.0068817139
-.0045928955
-.0024566650
.0025939941
-.0022430420
-.0011596680
.0004730225
.0006256104
-.0003509521
.0007476807
.0002136230
.0003814697
-.0002593994
-.0001983643
.0001831055
-.0001983643
-.0002288818
.0001831055
-.0001831055
-.0002288818
.0001983643
-.0001983643
.0001983643
.0001831055
-.0002288818
.0001831055
.0001831055
-.0001983643
-.0001983643
-.0002288818
.0001983643
-.0001983643
-.0001831055
-.0001983643
.0146636963
