-.0001373291
.0001220703
.0001373291
.0001373291
-.0001373291
.0007019043
-.0045013428
.0053253174
.0062103271
-.0128936768
.0183258057
.0195159912
.0195617676
-.0304565430
-.0233306885
-.0291900635
.0279388428
.0334167480
-.0220031738
-.0273132324
.0280151367
.0414428711
-.0170593262
.0926361084
.0371398926
-.0419769287
.0262603760
-.0183868408
.0232391357
.0475769043
.0315704346
.0261077881
.0312805176
.0288391113
.0277557373
-.0466156006
-.0191040039
-.0794372559
-.0232238770
-.0688781738
-.0287475586
.0271453857
.0383758545
.1146545410
.1621856689
.1540679932
.1186523438
.0704040527
-.0393676758
-.0407562256
.0981445313
.1032714844
-.0420532227
.0965728760
.0747833252
.1147918701
.1351623535
.1079711914
.1108398438
.1140899658
-.0590057373
.1641998291
.0337677002
.1207427979
.0439758301
.0765533447
.0387420654
.0862579346
.1162719727
.1128234863
.0377349854
.0675201416
.0529022217
-.0301971436
.0382385254
.0427093506
-.0292205811
-.0372161865
.0370788574
-.0208892822
-.0553131104
.0495910645
.0334930420
.0433959961
-.0626220703
.0579986572
-.0278625488
.0691528320
.1013946533
.1071319580
-.0312652588
.0735168457
.0384521484
.0548400879
.0729980469
.0902557373
.1197052002
-.0450134277
-.0216522217
-.0171051025
.0253295898
-.0385437012
-.0340881348
.0413208008
.0261383057
-.0274810791
.0280151367
-.0288391113
.0240478516
-.0234832764
.0580291748
-.0209960938
-.1710357666
-.1253967285
-.1593627930
-.2712402344
-.2250213623
.1111755371
-.2072143555
-.1195373535
-.0735168457
-.1427764893
-.1775054932
-.1953735352
.0788879395
.0784149170
-.0935211182
-.0969696045
-.1100006104
-.0988159180
-.0283355713
-.0487213135
.0682678223
.0310668945
-.0244903564
-.0260620117
-.0664978027
.0600128174
-.0581665039
.0997314453
.0212860107
.0728912354
-.0390167236
-.1291198730
.0385131836
-.0458831787
.0706024170
.0790100098
-.1034240723
.1756744385
.0738525391
-.1814880371
.1094970703
.0968322754
-.0398559570
-.0705871582
-.0592956543
-.0761566162
-.2502899170
-.0704345703
-.0909271240
-.1083374023
.0798645020
.1019134521
.0382537842
.0752105713
.0947723389
.1051177979
.1336212158
-.0514678955
.0260467529
-.0186920166
.0226593018
-.0332183838
-.0437927246
-.0537567139
-.1302032471
.0502929688
-.1187438965
.0622253418
-.1067199707
-.1488647461
.0435180664
.0238342285
-.1926269531
-.1272125244
-.0786285400
-.0904693604
.1170654297
-.0980834961
.0682067871
-.0999603271
.0690612793
-.1027679443
-.0493774414
.0876922607
.0320587158
.0184020996
.0215148926
-.0252380371
-.0291290283
.0342102051
.0482788086
.0187683105
-.1483612061
-.1201782227
-.0831756592
.0856323242
.1343994141
-.0927734375
-.0813903809
.0646209717
-.0316925049
-.0482177734
.0342712402
.0483245850
.0443420410
.0391235352
.0617980957
.0650634766
.0491485596
.0696868896
.0689849854
.0707855225
.0486450195
.0812683105
.0272216797
.0247192383
.0405731201
.0375061035
-.0312957764
-.0300140381
-.0505218506
.0482788086
-.1059112549
.0865478516
-.0756225586
.0366210938
.0465850830
.0361175537
.0323486328
.0601043701
-.0229949951
.0506286621
.0687866211
.0642547607
.0323181152
.0715942383
-.0485076904
.0548553467
.0455932617
.0410308838
.0618743896
-.0601348877
.0414581299
.0285186768
-.0287628174
.0548248291
-.0242614746
.0165557861
-.0441284180
-.0264282227
-.0216522217
-.0137939453
.0174713135
-.0153198242
.0099182129
-.0305633545
-.0234680176
.0617218018
.1182250977
.1102600098
.0947418213
.0941619873
.1098175049
.0748291016
-.0320892334
.0283203125
.0199279785
-.0410308838
-.0287933350
.0281677246
-.0261077881
-.0903015137
.1182098389
.1094818115
.0918884277
.0360260010
.0686035156
-.0350646973
.1546478271
.1302947998
.1144409180
.1170501709
-.0348663330
.0573120117
.0702667236
.0561218262
.0342254639
-.0144653320
-.0284423828
.0558471680
.1012420654
.0796813965
.0845336914
-.0744018555
.0984344482
-.0262756348
.0490722656
.0543212891
.0518646240
.0258483887
.0104522705
.0207366943
.0134582520
-.0166931152
-.0113525391
-.0124359131
.0308380127
-.0174102783
-.0220184326
-.0223693848
.0767364502
.0924072266
.0987091064
.1077423096
.0485687256
-.0285949707
.0437164307
.0290527344
.0220794678
.0150756836
.0613861084
.0453491211
.0168457031
-.0349273682
.0787048340
.1272125244
.0822143555
-.0539245605
.0877075195
-.0227508545
.0963745117
.0446014404
.0448760986
.0631103516
.1032409668
.0849761963
.0652313232
.0668334961
.0597991943
.0497436523
.0587921143
.0668182373
-.0448913574
.0814819336
.1039428711
.0328063965
-.0845031738
.1108093262
.0911407471
.0642547607
-.0277404785
.0609741211
.0514678955
-.0308837891
.0271759033
.0525054932
.0675964355
.0729827881
.0906372070
-.0224609375
.0287017822
.0698699951
.0678863525
-.0245361328
-.0247650146
.0552062988
.0183410645
.0164337158
.0184631348
.0196380615
.0175170898
.0218963623
-.0277557373
.0153045654
.0246582031
.0329437256
.0756683350
.0758056641
.0984191895
.1572723389
.0665130615
.0932922363
.1192932129
.0709228516
-.0591430664
.0341644287
.0593566895
.0812988281
.0426177979
.0697784424
.0621948242
.0778808594
-.0419006348
.0309448242
.0418548584
-.0303802490
.0321044922
.0208129883
.0399780273
-.0406036377
.0225982666
-.0319671631
.0259857178
-.0267181396
-.0245513916
.0278930664
-.0298614502
-.0234222412
-.0519409180
-.0474395752
-.0696411133
.1329803467
.1385498047
.0446166992
.0875701904
.0825347900
-.1421356201
.0677490234
-.0321655273
-.0254058838
.0350494385
.0523223877
.0186614990
-.0507659912
-.0298309326
-.0239257813
-.0180053711
.0349273682
.1185302734
-.0921630859
.0680084229
-.1062622070
.0905914307
-.0588378906
.0477142334
.0327911377
.0500488281
.0331268311
.0314636230
-.0207214355
-.0311737061
-.0304107666
-.0203704834
-.0202789307
.0241241455
.0208740234
-.0230712891
-.0542907715
.1144104004
-.1216583252
.1590270996
.1456909180
.0954284668
.0917968750
.1131744385
-.1843872070
-.2072753906
-.2398986816
-.2033996582
-.1392974854
.0856018066
-.0546417236
.0730895996
.0736236572
.0472869873
.0365447998
-.0557708740
.0497741699
.0471191406
-.0411987305
-.0818634033
.0282287598
-.2330932617
-.2126007080
-.0891723633
-.1225128174
-.1646118164
-.0869750977
-.2364196777
.1109161377
-.2008514404
-.0638580322
-.0737762451
-.1309356689
.1173248291
-.2012786865
-.0635681152
-.0774383545
-.0821533203
-.1921234131
.1465606689
.1036376953
.1158752441
.0882568359
-.1080932617
.0402832031
.0948944092
.1076660156
.1308288574
.0905609131
-.0317077637
-.1080474854
-.0647583008
-.0766143799
-.0574188232
-.0262756348
-.1062469482
.0587463379
.0668182373
.1270599365
-.1125183105
-.1339416504
-.1222229004
-.1488189697
-.1081085205
.0760345459
.0836944580
.0767211914
.0650939941
.0916290283
-.0731353760
-.0690002441
.0566864014
-.0968017578
.0444183350
.0278472900
.0180053711
-.0365600586
-.0358581543
.0297241211
-.0240478516
.0320587158
.0341491699
-.0178833008
.0305786133
.0280303955
-.0317993164
.0364227295
-.0420227051
.0391235352
.0202941895
-.0157318115
-.0119323730
-.0270080566
.0573577881
.1234893799
.0944366455
.0846252441
.0850372314
.0622558594
.0524597168
.0591583252
.0431365967
.0527343750
.0489807129
-.1016540527
-.0917968750
-.1217651367
-.0864562988
-.0937500000
-.0867919922
.2674407959
.0587615967
-.0591888428
-.0739135742
-.1450958252
-.1139678955
-.1110382080
-.0755767822
-.0191955566
-.1115875244
.1391906738
.1035461426
.0550689697
.0249176025
-.0165405273
.0351257324
.0189971924
-.0162811279
-.0284271240
.0203399658
.1876220703
.1842803955
-.1535797119
-.1673583984
-.1924133301
-.0363006592
-.0252532959
-.0230255127
-.2955474854
.0913391113
-.2868652344
-.1114501953
-.1810150146
.0965881348
-.0617065430
.0652618408
-.1255798340
-.0396118164
.1012878418
.0495452881
.0912780762
.0771026611
.0417938232
-.0274658203
-.0352325439
.0372772217
-.0324707031
-.0217132568
.0233306885
.0744323730
-.0588989258
.0557556152
.0393676758
-.0287017822
.0525360107
.0348968506
.0733947754
.0623931885
.0572052002
-.0781250000
-.0836944580
-.0628509521
-.0755004883
-.0810852051
-.0824737549
.0757293701
.0839385986
.0454406738
.0600128174
-.0488586426
-.0494079590
-.0540466309
-.0243377686
.0350494385
.0960388184
.0509490967
.0754699707
-.0559539795
.0299835205
.1079254150
-.0759735107
-.0442962646
-.0714416504
-.1215057373
.0462036133
-.0853729248
.0734558105
.0797119141
.0478668213
.0567932129
-.0610046387
.0339050293
-.0283050537
-.0402221680
-.0413360596
.0239562988
-.0329742432
.0245513916
.0268402100
.0294494629
-.0498352051
.0897521973
.0694274902
-.0912017822
.0856475830
-.1021118164
-.0423736572
.0514373779
.0615844727
.0649414063
.0681610107
-.1092224121
.0472869873
-.1482849121
-.0795135498
.0676879883
.0823516846
.0238647461
.0772857666
.0741271973
-.0375671387
.0414276123
.0342712402
.0541381836
.0267791748
-.0195465088
.0331573486
.0325927734
.0383911133
-.0668334961
-.1192474365
.0364990234
.0584716797
-.0519409180
.0228576660
.0521392822
.0393676758
.0455017090
.0815887451
.1213684082
-.1515045166
.0452423096
.0737915039
.0744171143
-.0513153076
.0805053711
-.0966796875
.0879058838
.0761566162
-.0931854248
.0495910645
-.0341186523
.0788421631
-.0881805420
.0479125977
-.0523529053
-.0779266357
-.0657501221
.0737609863
-.0896911621
.0521545410
-.0275268555
.0526275635
.0279998779
-.0337677002
-.0406646729
.0368347168
-.0472259521
.0377197266
.0517272949
.0484008789
.0343322754
-.1594085693
.0608978271
.0314636230
.0733032227
-.0390777588
.0668792725
-.0273132324
.0561828613
.0774688721
.1148529053
-.1187438965
-.0504760742
-.1947631836
-.0809020996
.0493621826
-.1531677246
-.0736999512
-.1069183350
-.1151733398
-.0997161865
.0277862549
-.0714874268
-.0993194580
-.1139068604
.0520324707
-.0263519287
.0826416016
.0248413086
-.0204010010
.0205688477
.0215148926
.0148773193
-.0119323730
-.0167694092
.0287322998
-.0377197266
-.0229644775
.0256347656
-.0686187744
-.0283508301
-.0273742676
-.0228424072
-.0292358398
-.0274200439
-.0678100586
.0820007324
.0863037109
-.0818634033
-.0821685791
.0842132568
-.0745697021
-.0289916992
-.0255737305
.0246124268
.0222015381
-.0207824707
.0420684814
-.2020874023
-.1436767578
.0805206299
-.0310211182
.0472412109
-.0160827637
.0648193359
-.0325012207
-.1884307861
-.1636657715
.0294342041
.0594940186
-.0486450195
-.1134796143
.0693206787
-.0387420654
-.0446319580
-.0377807617
-.0487670898
.0758514404
.0581665039
-.1206665039
.0525817871
-.0585174561
-.0206756592
.0566558838
-.0268249512
.0529479980
.0759582520
.0147552490
-.0287628174
.0258026123
-.0647125244
.0648040771
.0450592041
-.0472412109
-.0167083740
-.0366668701
-.0330352783
.0274353027
-.0186462402
-.0185394287
.0208129883
-.0200042725
-.0251464844
.0174865723
.0630493164
.1069946289
-.1291656494
.0704040527
-.0744934082
-.0983581543
.0559234619
-.0570526123
-.0880279541
.0871734619
.1014709473
.0461273193
.0551147461
.1172790527
-.0958557129
-.0854187012
.0347747803
-.0313873291
.0552825928
.0294189453
-.0311889648
.0231628418
-.0215301514
.0815582275
-.1886749268
-.2125091553
-.2115020752
.0251312256
.0250091553
.0588684082
-.1087493896
.1468505859
-.1112823486
-.0375823975
-.0906982422
.0430603027
-.1011505127
-.0911560059
.0204620361
-.0488739014
-.0897369385
-.0438842773
.0174102783
-.0710296631
-.1626129150
-.0304260254
-.0967712402
-.0649719238
-.0784912109
-.0585937500
.0723571777
.0550079346
-.0667266846
-.0942230225
.0288085938
-.0244598389
.1238250732
.0646209717
.0601043701
-.0754394531
.0672912598
.0773620605
-.0558929443
.0584411621
-.0208282471
-.0733337402
.0826873779
.0363311768
-.0901031494
.0500946045
.0333862305
-.0220642090
.0363769531
-.0258941650
-.0306701660
.0590515137
-.0294647217
.0626983643
-.0928192139
-.0469207764
-.1696014404
-.0445861816
-.0239562988
-.0971679688
-.1367645264
-.1438598633
-.0404815674
-.0433959961
-.0304260254
.0322875977
.0178833008
.0497589111
.0461883545
-.0399322510
.0250244141
.0286254883
-.0178375244
.0365142822
-.0436553955
.0204772949
.0229949951
-.0159454346
.0158538818
.0192565918
.0167999268
.0243988037
.0261230469
-.0407867432
-.0247955322
.0202178955
-.0191802979
.0247039795
-.0269165039
-.0237274170
-.0242156982
.0207366943
-.0277557373
.0320587158
.0272064209
.0331115723
-.0125274658
.0166015625
-.0258026123
.0206146240
.0224761963
.0157318115
.0095672607
.0091857910
.0184631348
.0038299561
-.0052490234
.0036621094
.0036163330
-.0025482178
.0018615723
.0020599365
-.0003814697
-.0001525879
-.0001373291
.0001525879
-.0001525879
.0001525879
.0001373291
.0001373291
-.0001373291
-.0001525879
-.0001525879
.0001525879
-.0001373291
.0001220703
.0001373291
.0001373291
-.0667266846
