.0000915527
.0002593994
-.0004730225
-.0004272461
-.0003967285
.0003967285
-.0004577637
.0004577637
.0007629395
-.0005493164
.0008697510
-.0009460449
-.0007171631
-.0010223389
-.0010681152
-.0010681152
.0012207031
.0009613037
.0025024414
.0031890869
.0012054443
.0014343262
.0020446777
.0018463135
-.0025177002
-.0050811768
.0107727051
.0046234131
.0067596436
-.0123443604
-.0054473877
.0025177002
-.0041046143
.0034332275
.0027923584
-.0045318604
-.0073699951
.0069122314
-.0048675537
-.0060577393
.0049591064
-.0528411865
.0255279541
.0770721436
.0187377930
-.0117950439
.0732879639
-.0070343018
.0041503906
.0050659180
-.0040283203
.0041809082
.0025024414
.0028991699
-.0072479248
-.0031890869
.0025939941
-.0038757324
-.0043334961
.0025482178
.0068054199
-.0062866211
.0054321289
.0069580078
-.0080108643
.0078582764
.0033721924
.0031433105
.0032501221
-.0022583008
.0056304932
.0259552002
.0038757324
.0124664307
.0087127686
-.0162353516
.0197143555
.0322570801
-.0031890869
.0025787354
.0020599365
.0022735596
-.0015869141
.0014343262
.0018310547
.0018920898
-.0015563965
.0021514893
.0018310547
-.0014495850
-.0014495850
-.0017547607
.0016326904
-.0018310547
.0018310547
-.0020751953
-.0019683838
.0019531250
-.0016937256
.0016784668
-.0021362305
-.0016937256
.0019531250
-.0024108887
-.0020599365
-.0017242432
-.0026092529
.0034332275
-.0167541504
-.0200805664
.0033874512
-.0018615723
-.0468597412
-.0488586426
-.0467529297
-.0328979492
.0207672119
.0201110840
-.0202331543
.0422058105
.0454406738
.0406341553
-.0432281494
-.0327911377
.0294952393
-.0233306885
-.0102691650
-.0081329346
.0054626465
-.0051422119
.0017089844
.0015106201
.0031585693
.0021514893
-.0016174316
.0022583008
.0024719238
.0045623779
-.0111389160
-.0085296631
.0107116699
-.0400390625
-.0431823730
.0027008057
.0114440918
-.0524902344
-.0539093018
-.0073852539
.0117950439
-.0278778076
-.0246429443
-.0149536133
-.0147705078
-.0186157227
-.0137634277
-.0132141113
-.0185241699
-.0189056396
-.0152130127
-.0196838379
-.0209045410
-.0132751465
-.0134735107
-.0273132324
-.0370483398
-.0255432129
.0086517334
-.0170745850
-.0243682861
.0037078857
-.0043182373
.0220336914
-.0236663818
-.0218963623
-.0235900879
-.0367584229
-.0350036621
-.0166015625
-.0025939941
.0015563965
-.0026855469
-.0018920898
.0016784668
-.0021667480
-.0021514893
-.0023040771
.0019073486
-.0027465820
-.0018310547
-.0021057129
.0024261475
-.0015106201
.0017547607
-.0022735596
-.0022583008
.0020751953
-.0023956299
.0021362305
.0013732910
-.0027770996
.0024719238
-.0016174316
-.0026855469
.0024261475
-.0091705322
-.0584716797
-.0698089600
-.0727996826
-.0841369629
-.0616912842
-.0212097168
.0095672607
-.0054473877
-.0023956299
.0029296875
-.0032043457
-.0061340332
.0064544678
.0123901367
-.0409545898
-.0673980713
-.0854034424
-.0875396729
-.0312805176
-.0995025635
-.1171722412
-.0940093994
-.0645599365
-.0721130371
-.0663146973
-.0448455811
.0390167236
-.0473022461
-.0575866699
-.0644836426
-.0896148682
-.0846557617
-.0836486816
-.0852661133
-.0654754639
.0149536133
-.0049285889
-.0214385986
-.0739135742
.0714874268
.0474243164
-.0341491699
-.0132141113
.0066528320
-.0024108887
-.0027465820
.0024108887
.0017852783
-.0018157959
-.0027923584
.0012359619
.0020904541
.0022735596
-.0015411377
-.0018310547
-.0021667480
-.0018615723
.0019226074
-.0028381348
.0020141602
.0021362305
-.0024108887
-.0019378662
.0021667480
.0067596436
-.0015716553
-.0024414063
.0026245117
.0025024414
-.0023193359
-.0019836426
.0015716553
-.0017395020
-.0022430420
.0021362305
.0038757324
-.0089416504
.0539245605
.0594024658
.0408172607
-.0164794922
-.0078430176
.0032501221
-.0016021729
-.0020599365
-.0012817383
.0015869141
.0022277832
.0034942627
-.0172424316
-.0206604004
-.0209960938
-.0209808350
-.0233306885
-.0106201172
.0102691650
-.0175476074
-.0321197510
.0292510986
-.0352478027
-.0367431641
.0314941406
-.0023803711
-.0013427734
.0146636963
-.0044403076
.0032958984
.0019226074
-.0153198242
-.0047760010
-.0028076172
.0022277832
-.0017089844
-.0038757324
.0023040771
-.0035095215
.0031433105
.0021514893
-.0058441162
.0042419434
-.0027923584
-.0017242432
.0024108887
-.0020751953
-.0040893555
-.0292663574
-.0538635254
-.0558929443
-.0522460938
.0480651855
.0812530518
-.1049804688
-.1000213623
.0198516846
.0228271484
-.0768890381
-.0602722168
.0557403564
-.0663604736
.0253906250
-.0059356689
.0018463135
.0021057129
.0018157959
-.0025787354
-.0019683838
.0020599365
-.0047302246
.0033569336
-.0041809082
.0033721924
.0025787354
-.0022735596
-.0018005371
-.0024261475
.0023040771
-.0019378662
-.0018768311
.0014038086
-.0015563965
.0015258789
.0014953613
-.0010681152
-.0017089844
.0014953613
.0011138916
-.0009613037
.0010070801
.0010681152
-.0007324219
-.0007629395
.0007324219
-.0007324219
-.0008087158
-.0008239746
-.0007781982
-.0007781982
-.0009307861
-.0006408691
.0007934570
-.0007629395
.0007476807
.0006561279
.0007171631
-.0005950928
.0006561279
-.0007171631
-.0005493164
-.0006561279
.0008544922
-.0005950928
.0006256104
-.0005493164
-.0006408691
.0006866455
-.0005340576
-.0006561279
-.0004730225
.0004272461
.0005340576
.0005340576
-.0006103516
-.0005035400
-.0006408691
-.0006408691
.0008697510
.0005340576
.0006256104
-.0009155273
.0007019043
.0008697510
-.0008697510
-.0008087158
.0009918213
-.0010375977
.0009460449
.0235290527
-.0449066162
.0489807129
.0266113281
-.0430145264
-.0325927734
.0018920898
-.0141296387
-.0308837891
-.0347595215
-.0360565186
-.0266723633
-.0144042969
-.0191345215
-.0289459229
-.0189056396
.0175323486
-.0155334473
.0062103271
-.0258941650
-.0353546143
-.0507202148
-.0492858887
-.0345153809
-.0175628662
-.0034942627
-.0084686279
-.0166015625
-.0158538818
.0092315674
.0080718994
-.0153045654
-.0228729248
-.0198211670
-.0166320801
-.0156707764
-.0125427246
-.0138244629
-.0160675049
-.0163726807
-.0137023926
-.0029449463
-.0021362305
.0022430420
-.0196990967
-.0205993652
-.0152282715
-.0184478760
-.0192108154
-.0187683105
-.0079193115
.0170593262
.0133514404
.0025939941
.0028076172
.0114288330
-.0242004395
-.0278930664
-.0232543945
-.0239562988
-.0261230469
-.0285949707
.0169525146
.0051574707
-.0027465820
.0017089844
-.0033569336
.0025787354
-.0021514893
.0030059814
.0033416748
-.0019683838
.0025634766
-.0033569336
.0018920898
.0023345947
-.0031585693
-.0021514893
.0031433105
-.0032653809
-.0029144287
-.0024566650
-.0033416748
.0038909912
-.0024261475
-.0023345947
.0023803711
-.0025634766
.0088958740
-.0177154541
-.0115814209
-.0292205811
-.0477905273
-.0704345703
-.0894317627
-.0798034668
-.0571441650
-.0921478271
.0654296875
-.0611114502
-.0582427979
-.0691986084
-.0663452148
-.0640106201
-.0533752441
-.0537414551
-.0335083008
-.0229492188
.0154113770
.0042877197
-.0038452148
-.0036621094
.0040283203
-.0030670166
-.0039367676
.0026245117
-.0068206787
-.0231018066
-.0374603271
-.0207672119
-.0396423340
.0606079102
-.0770874023
-.0881500244
-.0774230957
-.0138397217
-.0065765381
.0143432617
.0680847168
-.0746917725
.0247802734
-.0105895996
.0104675293
-.0874176025
-.0814819336
-.0638427734
-.0786895752
-.0812530518
-.0500030518
-.0577239990
-.0689239502
-.0621948242
-.0483245850
-.0243530273
-.0413513184
-.0682220459
-.0183715820
-.0358428955
.0545806885
.0659027100
.0359497070
-.0166778564
-.0876464844
-.0886535645
-.0654449463
-.0559692383
-.0230560303
-.1040802002
.1181335449
.0616302490
-.0533905029
-.0665130615
-.0732421875
-.0796203613
-.0624542236
-.0355834961
-.0092926025
-.0049438477
-.0028533936
.0039215088
-.0021667480
-.0030212402
.0017242432
.0024261475
-.0023803711
-.0026245117
.0021820068
.0022125244
-.0024566650
-.0019073486
-.0022430420
.0026397705
-.0019378662
-.0023040771
.0025787354
.0026550293
-.0023651123
-.0029602051
.0029754639
-.0021514893
.0021057129
.0025482178
-.0014801025
-.0024566650
.0021514893
.0020294189
-.0046386719
.0142059326
-.0190734863
-.0276031494
-.0283508301
-.0263824463
.0291137695
-.0253295898
-.0242767334
-.0240173340
-.0244903564
-.0213928223
-.0222015381
-.0125885010
-.0092468262
.0108184814
-.0170898438
.0147552490
-.0209503174
-.0303192139
-.0414733887
-.0553588867
.0054626465
-.0482177734
-.0499877930
-.0391082764
-.0131988525
-.0208892822
.0078582764
.0079650879
-.0350494385
-.0521087646
-.0513458252
-.0342254639
-.0297851563
-.0269165039
-.0234527588
-.0138854980
-.0140228271
-.0253601074
-.0275878906
-.0308990479
-.0304260254
-.0262451172
.0209655762
-.0289306641
-.0216522217
-.0088043213
-.0027770996
.0015869141
-.0018463135
.0025634766
-.0010986328
-.0017852783
.0019226074
-.0014648438
.0015563965
-.0014648438
-.0012054443
-.0016784668
.0014495850
.0013732910
-.0015563965
.0014495850
.0010528564
-.0012054443
.0013580322
.0009918213
.0012817383
-.0013885498
-.0008392334
-.0015563965
-.0009918213
.0020141602
-.0058593750
.0294036865
-.0311889648
-.0026092529
.0149993896
.0151824951
.0150146484
-.0219116211
.0649414063
-.0629425049
-.0528106689
-.0224304199
.0095214844
.0030212402
.0015563965
-.0053253174
-.0202026367
-.0225524902
-.0172882080
-.0135955811
-.0151214600
-.0154266357
-.0319366455
-.0366821289
.0132751465
-.0371856689
-.0350799561
-.0346221924
-.0238647461
.0113830566
-.0148010254
.0036163330
.0043487549
.0069732666
-.0252685547
-.0248413086
-.0182342529
-.0244598389
-.0301208496
-.0234527588
-.0303955078
-.0321502686
-.0147094727
-.0088653564
-.0281219482
-.0331573486
-.0273132324
-.0205383301
-.0207519531
-.0170135498
-.0072021484
-.0180358887
-.0177459717
-.0138549805
-.0116882324
-.0089416504
.0097808838
.0039062500
-.0154876709
-.0169067383
-.0159606934
-.0120544434
-.0116271973
-.0152282715
-.0166015625
-.0147552490
-.0179443359
-.0214691162
-.0206146240
-.0214233398
-.0149078369
.0093383789
-.0044860840
-.0050048828
.0057525635
-.0057067871
.0056915283
-.0056152344
-.0044250488
.0038757324
-.0035858154
.0034637451
-.0051574707
-.0060272217
-.0049896240
.0052032471
-.0040893555
-.0041656494
-.0030822754
.0037078857
-.0028686523
-.0033264160
.0028991699
.0025177002
-.0031433105
.0031890869
-.0030975342
-.0030975342
-.0034027100
-.0027160645
.0028991699
-.0032653809
-.0030364990
.0027923584
-.0041046143
.0037841797
.0026550293
.0035095215
-.0024108887
.0029296875
.0029449463
.0038452148
.0066833496
-.0115051270
-.0048828125
-.0083465576
.0071563721
-.0064849854
-.0037384033
.0044860840
.0046997070
-.0036621094
.0041656494
-.0032043457
.0107879639
-.0087127686
-.0082550049
-.0056915283
.0092163086
.0140686035
.0431518555
.0501708984
-.0534820557
-.0303039551
-.0198516846
-.0057678223
-.0059204102
-.0032196045
-.0041961670
-.0028228760
.0210723877
.0055236816
-.0033416748
-.0028686523
-.0028839111
.0031280518
-.0061492920
.0034484863
-.0062255859
-.0058593750
-.0063476563
.0076751709
-.0224914551
.0030822754
-.0035400391
.0035858154
.0025177002
.0050201416
-.0068664551
.0036926270
-.0113677979
.0048370361
.0176391602
-.0494689941
.0040130615
-.0028839111
-.0038604736
.0026855469
-.0016021729
-.0021209717
.0024719238
.0018310547
-.0018157959
-.0032196045
-.0016937256
.0017547607
.0028228760
.0021667480
-.0016937256
.0022583008
-.0026855469
.0016784668
-.0023345947
.0027923584
.0014495850
.0022277832
-.0021972656
.0016479492
-.0016479492
.0024261475
-.0017395020
-.0016937256
.0023040771
-.0016784668
.0018157959
-.0030364990
-.0018310547
-.0015258789
.0021972656
.0021667480
-.0015106201
-.0021209717
-.0022277832
.0018157959
-.0023345947
.0024871826
.0019073486
.0021057129
-.0029296875
-.0018157959
.0017852783
-.0027160645
.0017700195
-.0016784668
-.0031433105
.0022277832
-.0017700195
-.0027313232
-.0020294189
-.0013122559
-.0021667480
.0015258789
-.0019989014
-.0009155273
.0012359619
-.0018463135
-.0013427734
-.0018005371
-.0021972656
-.0010223389
-.0014953613
-.0015869141
.0009918213
.0015563965
.0015106201
.0010375977
.0014953613
-.0016326904
-.0010681152
.0014648438
.0012817383
.0018310547
-.0013732910
.0012512207
-.0010528564
-.0016784668
-.0009307861
-.0011138916
.0010070801
.0011749268
.0010833740
-.0012512207
-.0011749268
.0010375977
-.0009765625
.0012054443
.0009155273
-.0011749268
.0011444092
-.0011291504
.0009460449
.0010223389
.0012359619
.0008392334
.0011291504
.0007781982
.0007171631
.0007781982
.0006561279
.0008087158
-.0005798340
.0005493164
-.0007476807
.0006103516
-.0007476807
.0007476807
.0007781982
-.0008544922
.0010681152
.0007019043
-.0006103516
.0007629395
.0007629395
-.0005340576
.0005798340
.0005340576
.0008087158
-.0005645752
-.0005950928
.0005798340
-.0007629395
.0007324219
.0005798340
.0005035400
-.0004730225
-.0006103516
-.0005645752
-.0005798340
.0005645752
-.0006713867
-.0005798340
.0005035400
-.0005645752
-.0006408691
-.0004730225
-.0005035400
.0003967285
-.0005035400
.0004119873
.0004425049
