-.0008697510
-.0011444092
.0003356934
.0002593994
-.0003051758
.0002746582
.0002441406
-.0079650879
-.0192413330
.0237884521
.0999603271
.1312255859
-.0716400146
-.0672302246
.0090179443
-.0072631836
-.0055999756
-.0563507080
-.0480957031
-.0457916260
-.0579528809
-.0767974854
.0066986084
-.0169982910
-.0425109863
.0769653320
-.0879364014
-.0603485107
-.0494079590
-.0323333740
.0139007568
-.1058959961
-.1085052490
-.0481262207
-.0598907471
-.0606689453
-.0564727783
-.0140380859
-.0592193604
-.0659790039
-.0298461914
-.0034942627
.0087890625
-.0517883301
-.0649566650
-.0641784668
-.0419464111
-.0472259521
-.0505828857
-.0105743408
.0052490234
-.0466156006
-.0720214844
-.0089111328
-.0422973633
-.0088500977
-.0016021729
-.0281219482
.0365447998
.0224914551
.0083007813
-.0008087158
.0003967285
-.0002441406
.0002746582
.0002899170
.0002899170
-.0002899170
.0002441406
-.0035400391
-.0033569336
.0219268799
.0196075439
.0274047852
-.0272674561
-.0355072021
-.0274963379
-.0393524170
.0337371826
.0196380615
-.0278320313
-.0393371582
-.0300598145
.0340118408
.0151367188
-.0203247070
-.0355072021
-.0338745117
.0035400391
-.0072631836
-.0446319580
-.0530090332
-.0467987061
.0276031494
-.0292205811
-.0186157227
-.0379333496
-.0385131836
-.0030670166
.0155639648
-.0364379883
-.0428619385
-.0193939209
.0022583008
-.0272064209
.0664672852
.0667724609
-.0427856445
.0185852051
-.0192108154
-.0149536133
-.0193481445
-.0140228271
-.0016479492
.0088043213
.0042114258
-.0249481201
-.0173645020
-.0055541992
-.0202636719
-.0310211182
-.0534057617
-.0736083984
-.0707550049
-.0189514160
-.0279693604
-.0022735596
.0018768311
-.0260009766
-.0198669434
-.0227050781
.0155181885
-.0104827881
-.0062408447
-.0049133301
-.0074005127
.0096588135
.0201568604
.0295715332
.0286407471
.0296020508
.0338592529
-.0140380859
.0022583008
.0008087158
-.0004119873
.0003509521
-.0003814697
.0003204346
.0003356934
.0002441406
.0009765625
.0028686523
-.0002899170
.0004425049
-.0026092529
.0076599121
-.0143432617
.0507507324
.0617370605
-.0463867188
.0103149414
.0341339111
-.0218658447
-.0255126953
-.0306396484
-.0305633545
-.0254058838
-.0377349854
-.0532226563
-.0413970947
-.0359039307
.0303955078
.0100097656
-.0130310059
-.0091400146
.0197601318
.0231933594
-.0021514893
-.0004119873
-.0002593994
-.0002899170
-.0004119873
.0114593506
-.0189208984
-.0638732910
-.0559997559
-.0325012207
-.0309295654
-.0488281250
.0752410889
-.0315704346
-.0207977295
-.0172271729
.0139465332
-.0164031982
.0148315430
.0108032227
.0036315918
-.0018768311
.0005950928
-.0004425049
-.0003356934
-.0002746582
-.0002441406
.0002899170
-.0003204346
.0002899170
-.0003662109
.0003051758
.0002593994
-.0002441406
-.0003509521
.0002593994
-.0002593994
-.0002593994
-.0002746582
-.0002593994
.0007171631
-.0007019043
.0003509521
.0002746582
-.0002593994
.0004425049
-.0004425049
.0107879639
.1119995117
.1055297852
.0566864014
.0390167236
.0286712646
-.0044250488
-.0315093994
.1109771729
.1027984619
-.0291595459
-.0419158936
.0172729492
-.0023803711
-.0074768066
.0123443604
-.0483398438
.0534973145
-.0596160889
-.0126342773
.0794372559
.0876617432
.0116729736
.0125122070
-.0305023193
-.0055084229
-.0014953613
-.0183715820
-.0495452881
.0908203125
-.0188293457
-.0297546387
-.0110931396
.0073699951
-.0764465332
-.0683441162
-.0142517090
-.0692443848
-.0412597656
.0071411133
-.0144805908
-.0544433594
-.0646057129
-.0671386719
-.0566711426
.0170288086
-.0182952881
.0814208984
-.0494384766
-.0171661377
-.0273590088
-.0063934326
-.0175170898
-.0242614746
.0180664063
.0172271729
.0011291504
.0150299072
.0139160156
.0054168701
.0081787109
.0119323730
-.0362243652
-.0720520020
.0712432861
-.0788421631
-.0540924072
-.0366058350
-.0501251221
-.0613861084
-.0417022705
-.0772552490
.0830993652
-.0672912598
-.0410308838
-.0115356445
-.0049743652
.0098876953
-.0428009033
.0240173340
.0077972412
-.0234680176
.0187530518
.0082397461
.0035705566
-.0005645752
.0003051758
.0003204346
.0002746582
-.0003356934
-.0008239746
.0003814697
-.0003662109
.0003204346
-.0003204346
.0003509521
-.0003814697
-.0004577637
-.0004272461
.0003356934
.0003662109
.0003509521
-.0013427734
-.0004425049
-.0088043213
.0010070801
-.0151519775
-.0317077637
-.0074615479
.0146789551
.0252990723
-.0414886475
-.0572052002
-.0908508301
.0690460205
.0178527832
-.0156707764
-.0332031250
-.0707702637
-.0849609375
-.0724334717
-.0115814209
-.0028991699
-.0254364014
.0618743896
.0060119629
.0015106201
-.0007171631
.0004119873
-.0403442383
-.0662841797
-.0179290771
-.0121307373
.0060882568
-.0292663574
-.0256958008
-.0017242432
-.0177459717
-.0106201172
.0157928467
-.0051879883
.0007019043
-.0053100586
-.0208892822
-.0043792725
.0186920166
-.0172729492
.0167236328
-.0117797852
.0049133301
-.0443878174
-.0651855469
.0369110107
.0365905762
.0321197510
-.0372772217
-.0286865234
.0481567383
-.0442504883
-.0308685303
-.0429077148
-.0558166504
-.0554504395
-.0679779053
-.0317535400
-.0295257568
-.0676116943
.0856933594
.0930175781
-.0985107422
-.0415954590
-.0489501953
.0191955566
-.0174713135
-.0052185059
-.0276641846
.0165405273
.0055999756
.0017242432
-.0007629395
.0004119873
.0006713867
-.0004730225
.0004272461
.0006561279
-.0012054443
.0021820068
-.0121765137
-.0434417725
-.0478515625
.0374755859
.0164794922
-.0523834229
.0108642578
.0383911133
.0944366455
.0820007324
-.0397796631
.0206451416
-.0036621094
.0006713867
.0003051758
-.0006713867
.0117950439
-.0356140137
.0694274902
-.0584411621
-.0834655762
-.1157989502
-.1258697510
.0526275635
-.0057525635
-.0665130615
.0160217285
.0224151611
-.0773162842
-.0904693604
-.1217193604
.1312255859
-.1279449463
.1304321289
.1152343750
.1081848145
-.0514373779
.0385589600
-.0074005127
-.0019378662
-.0003967285
.0003051758
-.0002593994
-.0002593994
.0002746582
-.0002441406
-.0002441406
.0002746582
-.0002593994
-.0002441406
-.0002441406
.0002441406
-.0002441406
-.0002593994
.0002593994
.0004882813
-.0004272461
.0004425049
-.0003662109
.0003356934
.0007629395
-.0014495850
.0019989014
.0005493164
.0004119873
.0002899170
-.0003051758
-.0002746582
.0003204346
.0030059814
.0027465820
-.0027160645
.0062561035
.0079650879
.0070495605
-.0034179688
.0004577637
-.0003509521
-.0015716553
-.0039825439
.0036773682
.0056915283
.0048980713
-.0008087158
.0004730225
.0003662109
.0032958984
-.0065307617
.0098266602
-.0123443604
-.0024566650
-.0009613037
-.0019073486
.0016326904
.0031433105
.0025939941
.0030975342
-.0098114014
-.0051574707
.0016937256
.0067138672
-.0060729980
.0022583008
.0008392334
.0088958740
.0110626221
.0043029785
.0009765625
.0051116943
-.0079650879
.0055847168
.0035400391
.0033569336
-.0040130615
.0023803711
.0021667480
-.0016326904
-.0005187988
.0003814697
-.0004425049
-.0011291504
.0007629395
-.0009613037
.0086059570
.0047302246
-.0037994385
.0118713379
-.0169219971
-.0210113525
-.0059967041
.0017395020
-.0104980469
-.0190582275
-.0139617920
-.0138397217
-.0034179688
.0044555664
-.0114135742
.0081634521
.0085906982
-.0059814453
.0052642822
.0042266846
.0060272217
.0057678223
.0075378418
.0065460205
.0054168701
.0016326904
-.0010070801
.0008697510
.0032348633
.0016326904
-.0029602051
-.0024719238
.0020294189
-.0010375977
.0003814697
-.0003356934
.0003356934
.0003051758
.0005340576
.0027923584
.0064239502
.0094299316
.0091247559
.0091552734
-.0014343262
.0007781982
.0090179443
.0089111328
.0089721680
.0078277588
-.0148315430
-.0151672363
.0166625977
.0183410645
.0102844238
.0082244873
.0107727051
.0021057129
-.0041198730
.0051116943
-.0065917969
-.0030212402
-.0009613037
-.0048522949
-.0115509033
.0179595947
.0164794922
.0136871338
.0113372803
-.0083465576
.0083007813
.0041046143
.0083007813
-.0093536377
.0089874268
-.0048065186
-.0086669922
.0093994141
.0098724365
-.0011901855
.0023193359
.0012359619
.0005645752
-.0005645752
-.0003814697
.0003509521
-.0004730225
-.0004272461
-.0003204346
-.0003356934
.0007324219
-.0009613037
-.0008239746
.0006561279
-.0003509521
.0002593994
.0005493164
-.0005493164
.0006408691
-.0005187988
-.0004425049
.0006256104
-.0007934570
.0003662109
-.0004272461
-.0002899170
.0003967285
-.0004730225
-.0006408691
.0029907227
.0110168457
.0031585693
.0023803711
-.0058746338
-.0077056885
-.0017700195
-.0064392090
.0127105713
.0099945068
.0014495850
-.0018615723
-.0055541992
.0034942627
.0052337646
.0079803467
.0088958740
-.0069885254
.0100708008
.0066833496
.0053100586
.0037231445
-.0045318604
.0012359619
.0012817383
.0014953613
-.0072631836
-.0153656006
-.0183105469
-.0140228271
-.0160369873
-.0152282715
-.0146179199
-.0157775879
-.0183258057
-.0176696777
.0126647949
.0079345703
.0052642822
-.0048675537
-.0010070801
.0021820068
.0087890625
.0031738281
.0005340576
.0029449463
.0073547363
.0050811768
.0018615723
.0026397705
.0007629395
-.0003662109
.0047149658
.0013122559
.0010986328
.0004425049
.0009765625
-.0006408691
.0005493164
-.0005035400
.0003051758
-.0003204346
-.0003509521
.0002899170
-.0002899170
-.0004882813
.0005950928
-.0006713867
.0003509521
-.0005035400
-.0007019043
.0005950928
-.0004272461
-.0006256104
.0008392334
-.0007019043
-.0007476807
-.0074462891
-.0093231201
-.0093383789
-.0143127441
-.0090026855
.0123443604
-.0176544189
-.0277099609
.0078430176
-.0130615234
-.0113372803
-.0074768066
-.0120086670
-.0096282959
-.0032043457
-.0111846924
-.0091400146
-.0067443848
.0059967041
-.0085296631
.0045166016
-.0069427490
.0068817139
.0065155029
.0053863525
.0038757324
.0007934570
.0003051758
-.0003204346
.0003356934
-.0002899170
.0006103516
.0049133301
.0065155029
.0099029541
-.0008239746
-.0016326904
.0152740479
-.0137329102
-.0180511475
-.0069732666
-.0151519775
.0051422119
-.0084838867
.0055694580
-.0067596436
-.0063476563
.0045013428
-.0031433105
.0036010742
.0008087158
.0004119873
.0039825439
-.0024261475
-.0045471191
-.0126342773
-.0142517090
.0027465820
.0008239746
-.0045013428
-.0144958496
-.0131072998
-.0123291016
.0088653564
.0038146973
.0064544678
.0065002441
-.0044708252
.0060272217
.0044250488
.0037384033
-.0029296875
.0016479492
.0025177002
.0029296875
-.0033111572
-.0042114258
-.0010223389
-.0004272461
.0005035400
-.0007019043
.0002136230
-.0021667480
-.0100555420
-.0149078369
-.0100097656
.0041503906
-.0092468262
-.0101928711
-.0108642578
-.0103454590
.0059356689
.0069580078
.0052947998
.0035552979
.0022277832
-.0011596680
-.0019073486
.0009002686
-.0015716553
-.0008544922
-.0004882813
-.0005187988
.0003356934
-.0003204346
.0003051758
.0003204346
.0002746582
.0002899170
-.0002899170
.0003051758
.0002593994
-.0003204346
.0003051758
-.0002899170
.0002899170
.0002746582
-.0002746582
.0002593994
.0002746582
.0009155273
-.0043792725
-.0063934326
-.0091247559
.0085296631
-.0078735352
-.0059204102
-.0004882813
.0004882813
-.0045928955
-.0067443848
-.0077667236
-.0053100586
.0111083984
.0079956055
.0077056885
.0023498535
-.0058135986
-.0046234131
.0017700195
.0003509521
.0023956299
.0037994385
-.0080718994
-.0082550049
-.0060882568
-.0045776367
.0071716309
.0093688965
-.0005187988
.0009765625
-.0045623779
-.0030670166
-.0057067871
.0041809082
-.0027770996
-.0009765625
-.0063781738
.0057067871
-.0016479492
.0007629395
-.0002899170
-.0003051758
-.0002899170
.0002746582
-.0002441406
.0002899170
.0002593994
-.0002441406
-.0009765625
-.0003509521
.0004882813
-.0004272461
-.0003356934
-.0005340576
-.0005798340
.0007781982
.0302734375
-.0261077881
-.1161193848
-.1298828125
.2628326416
.2649078369
.0205841064
-.1580505371
-.0691528320
-.0101013184
-.0018463135
-.0008392334
-.0005035400
-.0005035400
-.0005035400
.0038452148
-.0006256104
.0316009521
-.0450439453
.0521697998
-.0510101318
-.0901031494
.0485534668
.0555572510
.0502471924
.0560455322
-.0301971436
-.1126098633
-.0209045410
.0165252686
-.0207672119
-.0205535889
-.0923461914
-.1095886230
.1229095459
.1131286621
.1251220703
.0143432617
.0600128174
.1341247559
.1815490723
-.1294250488
-.0966644287
-.0637054443
-.0935516357
-.0726165771
-.0692901611
.1197509766
-.0896759033
.0070495605
-.0321655273
.0396575928
.0338897705
.0363464355
-.0741729736
-.1175537109
.0948181152
.0415191650
.0096282959
-.0014648438
.0006866455
-.0005340576
-.0005035400
.0005035400
-.0004882813
-.0004577637
-.0004730225
-.0006713867
.0005035400
-.0005035400
-.0005645752
-.0004425049
-.0004730225
-.0015563965
.0030059814
-.0028686523
.0035400391
-.0029907227
-.0019378662
.0025329590
-.0020751953
.0019378662
.0014190674
-.0022430420
.0018463135
-.0017242432
-.0021667480
.0019683838
-.0021362305
.0013885498
.0014953613
-.0025634766
.0031738281
-.0019073486
-.0021820068
.0005187988
.0005035400
-.0005798340
.0004882813
-.0004577637
-.0005798340
.0004730225
-.0983734131
