-.0004425049
-.0005340576
-.0005340576
-.0004730225
-.0005035400
-.0004730225
-.0005340576
-.0005798340
-.0004882813
-.0009613037
-.0018615723
-.0034027100
-.0056152344
-.0054168701
-.0085754395
-.0092468262
.0159149170
-.0138092041
.0169982910
-.0195617676
.0122833252
.0142669678
.0204010010
.0122528076
.0129852295
.0170898438
.0221252441
.0230712891
-.0248870850
.0191040039
-.0290374756
.0233459473
-.0211181641
-.0202331543
-.0220642090
-.0230865479
-.0238647461
-.0280761719
-.0210266113
.0222930908
-.0257415771
.0226898193
.0249938965
-.0275421143
.0218658447
.0245513916
.0240783691
-.0192260742
-.0209503174
.0213775635
.0215911865
-.0322570801
.0325622559
.0240020752
.0217132568
.0198516846
-.0242004395
.0264739990
-.0220947266
-.0334625244
.0458984375
-.0241241455
.0433197021
.0362854004
.0489654541
.0323028564
-.0711669922
.0312957764
.0536499023
.0692749023
.0257568359
.0543975830
.0314788818
-.0362701416
.0652618408
.0389404297
.0398101807
.0192871094
-.0228881836
.0216217041
-.0163116455
.0146942139
-.0153961182
-.0158996582
.0143585205
.0190582275
.0759277344
.0247497559
.0729217529
-.0327606201
.0542144775
.0472869873
.0199279785
-.0354003906
.0337219238
.0337982178
.0448913574
.0423583984
.0414733887
.0273284912
.0227355957
-.0222930908
.0180969238
-.0419464111
.0247955322
.0593872070
.0257568359
.0529632568
.0484008789
.0595855713
.0318298340
.0707550049
.0650787354
.0535888672
-.0181121826
.0347290039
.0580291748
.0604553223
-.0163574219
.0170288086
.0157165527
-.0220489502
.0145874023
-.0174102783
.0122222900
.0174407959
.0166168213
-.0168151855
-.0116577148
-.0118103027
.0102996826
.0157928467
-.0110168457
-.0138854980
-.0092620850
-.0165252686
.0971069336
-.0452728271
.1222229004
.1226348877
.1061859131
-.0229949951
.0234069824
-.0191650391
-.0176849365
-.0557403564
.0888366699
-.0686340332
.0725402832
.1000366211
-.0680694580
.1070709229
.0670623779
.0880279541
.1103515625
.0457916260
-.0327301025
.0955200195
.0839385986
-.0259246826
.0200042725
.0157775879
.0148162842
.0536499023
-.0872497559
-.0441894531
.0955047607
-.0295104980
.1147613525
-.0273742676
.0789031982
-.0410461426
.0643157959
-.0225067139
.0455627441
-.0238037109
-.0221557617
.0597381592
.0234375000
-.0170288086
.0149230957
.0137786865
-.0136260986
.0108337402
.0137786865
.0135192871
-.0187683105
.0169830322
.0150756836
.0100402832
-.0103454590
.0174255371
.0117950439
-.0110626221
-.0192108154
.0797882080
.0587615967
.0253601074
.0278778076
.0396423340
.0960845947
.1045989990
-.1031341553
-.0703887939
.0935058594
-.0676422119
-.0520477295
.0509185791
-.0736083984
.0742797852
.0514068604
.0618743896
.0877075195
.0668792725
-.0632171631
-.0889739990
-.0598144531
.0531463623
.0417327881
.0341644287
.0701904297
.0725555420
.0436248779
-.0343627930
-.0352783203
-.0675659180
.0591430664
-.0377044678
-.0323944092
-.0348815918
-.0219573975
.0201416016
.0198822021
-.0172424316
-.0122222900
.0142669678
-.0100708008
.0137481689
-.0131530762
.0849304199
-.0798034668
.1197357178
.1178588867
-.0758666992
-.0572052002
-.0643768311
.0421295166
.0535278320
.0704650879
.0514373779
-.0350646973
.0400695801
.0819091797
.1000366211
.0953521729
.0962524414
-.0423889160
-.0436248779
-.0577239990
.0342559814
-.0816650391
.0600891113
-.0625000000
-.0506591797
-.0553283691
.0738983154
.0367584229
.0411834717
.0509338379
.0761566162
.0389862061
.0558471680
.0433502197
.0308837891
.0386505127
.0422821045
.0278625488
.0367279053
-.0369873047
.0356750488
.0373687744
.0292968750
-.0293884277
.0185241699
-.0176849365
.0156555176
-.0191650391
-.0152893066
-.0125427246
.0115661621
-.0153045654
.0131378174
-.0122985840
.0119171143
-.0829315186
.0633087158
.0537872314
.0787506104
-.0538330078
.0377349854
.0499572754
.0793304443
-.0533447266
.0407714844
.0398559570
.0805664063
-.0678558350
.0352478027
-.0484771729
-.0388946533
-.0346984863
.0615997314
-.0651245117
.0569152832
-.0422210693
.0617065430
-.0732727051
-.0567321777
-.0605316162
.0327301025
-.0450286865
.0352020264
-.0435638428
.0325012207
.0410919189
-.0543670654
-.0538482666
-.0435638428
-.0346221924
.0454711914
-.0386199951
-.0516204834
.0331878662
-.0236663818
.0232086182
-.0415191650
.0231323242
-.0222473145
.0222167969
.0182647705
-.0155944824
.0383758545
.0418853760
.0749511719
.0582275391
.0419158936
.0512542725
.0345153809
.0314331055
-.0335998535
.0233154297
.0368499756
-.0217590332
.0188598633
.0206909180
.0180664063
-.0165405273
-.0123748779
.0123291016
.0118255615
.0111236572
-.0151367188
-.0406188965
-.0746612549
.0872802734
-.1156311035
-.0863494873
-.0656280518
.0628356934
.0459136963
.0547943115
-.0434112549
.0499267578
-.0609893799
.0377960205
.0342864990
.0365447998
-.0279083252
.0184173584
-.0131683350
.0121002197
-.0148468018
.0093231201
.0078125000
.0107727051
.0068054199
-.0256500244
.0276947021
-.0189361572
-.0347900391
.0205383301
-.0218658447
.0236358643
-.0279998779
.0203247070
.0287322998
-.0272979736
.0348815918
-.0258331299
-.0285644531
.0276641846
-.0304412842
-.0408172607
-.0406799316
.0252380371
-.0287628174
.0271911621
-.0194244385
.0154418945
-.0240020752
.0244140625
-.0217590332
.0338897705
.0219421387
.0190582275
.0140533447
.0228424072
.0195922852
.0133972168
-.0144500732
.0195770264
-.0217437744
.0220489502
-.0200500488
.0159454346
-.0217437744
-.0193634033
.0434722900
.0230255127
.0173187256
.0424652100
-.0482177734
.0447387695
.0622253418
-.0358886719
-.0547943115
.0641021729
.0316009521
.0336151123
-.0368041992
.0178833008
-.0186309814
-.0125274658
-.0178070068
-.0206909180
-.0152893066
.0235290527
.0560913086
-.0311126709
.0465545654
-.0346069336
-.0345153809
.0393981934
-.0219116211
.0193786621
.0652008057
.0358276367
.0372009277
-.0274505615
.0322418213
-.0275726318
.0229949951
-.0250244141
.0148010254
-.0222930908
-.0365600586
-.0455322266
-.0444335938
.0372467041
-.0377502441
.0313110352
.0326080322
-.0320434570
-.0468597412
-.0329895020
.0410461426
-.0280914307
.0266113281
-.0244293213
-.0197448730
.0295104980
.0356292725
-.0307464600
-.0315246582
.0292358398
-.0269927979
.0231475830
-.0296783447
-.0226440430
-.0301208496
.0377807617
.0349731445
-.0264282227
-.0164184570
.0161590576
-.0287933350
.0170745850
-.0203094482
-.0241394043
-.0145263672
-.0168914795
.0270843506
.0313568115
.0278625488
.0240325928
-.0256347656
-.0172424316
.0187683105
-.0364227295
.0256042480
.0207214355
.0286865234
.0213470459
.0292510986
.0198669434
.0249633789
-.0212554932
-.0164031982
.0139923096
.0135040283
.0125274658
.0117645264
-.0124969482
.0318756104
-.0131225586
.0235900879
-.0297546387
.0437927246
-.0339050293
.0213623047
.0302581787
.0222473145
-.0167083740
-.0197906494
-.0183563232
-.0119476318
.0161437988
-.0211944580
.0191650391
-.0295715332
-.0321655273
.0265197754
.0321502686
-.0272674561
.0410461426
.0400848389
-.0387878418
.0197143555
.0317230225
.0350799561
-.0469055176
.0382080078
.0394744873
.0191802979
-.0277709961
.0311737061
.0309600830
.0357818604
-.0233917236
-.0312652588
-.0252838135
.0233306885
-.0368194580
-.0275726318
.0168914795
-.0218048096
.0148315430
-.0203857422
-.0142059326
.0291595459
-.0326232910
.0538177490
-.0198211670
.0281677246
.0320281982
.0244750977
.0310058594
.0272369385
-.0176086426
.0220489502
-.0173797607
.0259552002
.0190429688
.0206909180
.0187683105
.0185089111
.0121612549
-.0149230957
.0148773193
-.0153503418
-.0194549561
-.0249938965
.0307159424
-.0358581543
.0375671387
-.0408782959
-.0333709717
.0260314941
-.0213012695
-.0167694092
-.0263214111
.0199432373
.0230407715
-.0236053467
.0279846191
.0255279541
.0269927979
-.0223693848
.0180053711
.0138244629
.0152282715
-.0136566162
.0236511230
-.0287322998
-.0257720947
-.0407257080
.0259552002
-.0316925049
.0221710205
-.0317230225
.0182342529
.0187530518
.0177612305
.0137023926
.0094757080
-.0137634277
.0139770508
-.0132598877
.0368194580
.0222320557
.0155792236
-.0223541260
.0636901855
-.0190429688
.0265197754
-.0246276855
.0149383545
-.0153350830
-.0212707520
-.0606994629
.0487365723
.0504760742
-.0464782715
-.0260925293
.0276489258
.0324707031
.0531616211
.0297546387
-.0635833740
.0295562744
-.0238952637
.0439453125
-.0390930176
.0365142822
-.0144805908
.0461425781
.0386047363
.0259552002
-.0268402100
.0248413086
-.0516052246
.0605926514
-.0283813477
.0362701416
.0422668457
-.0202026367
.0172576904
.0220489502
.0178833008
.0210113525
.0208435059
.0218048096
.0229797363
.0132904053
.0132293701
-.0123291016
-.0158386230
-.0111236572
.0312805176
-.1087951660
-.1298828125
.1196289063
-.1125640869
.0690155029
.0892944336
.0934906006
-.0715179443
.0515136719
.0572662354
-.0553436279
.0567932129
-.0756378174
.0382690430
-.0471343994
.0228271484
-.0206146240
-.0613708496
-.0293121338
.0288085938
-.0262756348
-.0227966309
.0653533936
.0402069092
.0399780273
.0413208008
.0262451172
.0638122559
-.0636444092
-.1098632813
-.0611724854
.0600891113
.2749938965
-.2256469727
-.1737365723
-.1179656982
.0706176758
.0772705078
.0949859619
.0563049316
.1944274902
.2583618164
-.2590026855
-.2601776123
-.3008575439
-.2789306641
-.1796112061
.0660705566
.1945037842
.3594207764
-.2535858154
-.2379455566
-.1574401855
.1009368896
.2247314453
.2114105225
.2843627930
-.2126464844
-.2049713135
-.1458740234
.0811462402
.0422363281
.1198730469
.1945343018
-.1756286621
-.1801300049
.1063995361
.0551757813
-.0540008545
-.0762176514
.1378631592
-.1461029053
-.1367492676
.1728210449
.1566772461
.1639709473
.1726684570
-.1666259766
-.1786193848
.1880035400
.2023468018
.1961212158
-.1585083008
-.0904846191
-.0574340820
-.0332031250
.1540069580
-.1576538086
-.1858673096
-.1732025146
.1786041260
-.1955718994
.1924743652
.1921386719
-.1999969482
-.2125701904
-.2662353516
-.1469421387
-.0812530518
-.0729370117
.0845336914
-.3265380859
-.3207244873
-.3463439941
-.3156585693
-.2903594971
-.2098083496
-.1734008789
.0844726563
-.1415405273
-.1903686523
-.2196960449
-.2743377686
-.1654968262
.1505126953
-.1742248535
-.2040405273
.1892242432
.1948089600
.2126617432
.1420745850
-.1425933838
-.1574554443
-.1613006592
.1492156982
-.1383056641
-.1744079590
-.2431793213
-.2097015381
-.1278991699
.1141967773
.0673828125
-.1170806885
.1934204102
.2164764404
.2005920410
.1822357178
-.1923828125
-.1968841553
-.1823577881
-.1853179932
.2786407471
.2534790039
.1956634521
.2146606445
-.2624359131
-.2627410889
-.2372741699
-.2117004395
-.1961975098
.1686096191
-.1924896240
-.1892089844
.1935424805
.1734161377
.2137603760
-.2413177490
-.2038116455
.1344146729
-.0749511719
.0785064697
-.0535583496
.0427856445
.2190856934
.2421264648
.2173461914
.2197875977
.2181854248
.1782073975
-.1706085205
-.1549835205
-.2063446045
-.2043762207
-.1688690186
.1847839355
.1677246094
-.1894073486
-.2228851318
.2232513428
.2320098877
.1822052002
.1781311035
-.1626129150
-.1828765869
.2151947021
.2263183594
.1883850098
-.2007598877
.1660156250
.2508087158
.2504577637
.2102966309
-.2108154297
-.3129272461
-.2535400391
-.2489318848
-.2023773193
.2806091309
-.2221374512
.2413635254
-.2214202881
.2059631348
.2294464111
.1262207031
.1357421875
.0897979736
-.1808624268
-.2129516602
.2577972412
.2245330811
-.1710968018
-.2334594727
.2651062012
-.1767120361
-.1602325439
-.1757354736
.2574310303
-.2313079834
-.2042236328
-.1876220703
.2062072754
.2326049805
.2262878418
-.1931457520
-.2404937744
-.2230072021
-.1858673096
-.2267913818
-.1807861328
-.1729736328
-.2389678955
-.2580566406
-.2155151367
-.1988220215
.2320251465
.1957855225
.2145233154
.2228393555
.1584320068
.2106170654
-.2001037598
.1956939697
.1586914063
.1919097900
-.2020721436
-.2595672607
-.2261962891
-.2316741943
-.1692047119
-.1682281494
-.1414794922
-.1518707275
-.1988677979
.1919860840
.2135772705
.2185821533
-.2154846191
.1876373291
.2022857666
.2786254883
-.2417602539
.2194976807
-.2115325928
.1926727295
.2020874023
.1789398193
-.2326965332
.2201995850
.1670074463
-.2184906006
.1409454346
.1854553223
-.2075195313
.2582092285
.2114410400
-.1331939697
.0811462402
-.0612030029
.0632324219
-.0406646729
.0284576416
-.0232543945
-.0182647705
.0113067627
-.0097198486
.0065307617
.0063476563
.0048675537
-.0034027100
.0021972656
.0014953613
-.0012054443
.0010833740
-.0007934570
.0000152588
.0000152588
-.0000152588
.0000152588
-.0000152588
.0000152588
.0000152588
.0000152588
.0000152588
.0000152588
.0000152588
.0000152588
.0000152588
-.0000152588
-.0000152588
.0000152588
.0000152588
.0000152588
.0000152588
-.0000152588
-.0000152588
-.0000152588
-.0000152588
-.0000152588
.0000152588
-.0000152588
.0000152588
-.1389923096
