.0004730225
.0004577637
.0004882813
.0004730225
.0005035400
-.0005340576
-.0005493164
-.0004730225
-.0005950928
.0005035400
-.0004882813
-.0005187988
-.0005187988
.0005187988
.0005035400
.0005645752
-.0005798340
.0005645752
.0005340576
.0005950928
-.0007324219
.0007171631
-.0007019043
-.0006561279
-.0009002686
-.0007629395
.0007629395
.0009613037
.0006866455
-.0007476807
-.0009002686
.0010375977
.0008239746
-.0008239746
.0007629395
-.0009765625
.0007781982
-.0009613037
.0009460449
.0009613037
-.0015411377
-.0013275146
.0012359619
.0011596680
.0009155273
-.0014953613
-.0172271729
-.0406341553
-.0814819336
-.0819244385
-.0922241211
-.1101074219
-.0943450928
.0569000244
-.0898437500
-.0695343018
.0079650879
.0156860352
-.0637512207
-.0780792236
-.0874786377
.0899353027
.0680694580
-.0466308594
.0101318359
-.0269165039
.0207977295
.0414733887
-.0372619629
-.0541992188
-.0508880615
.0506591797
.0597991943
.0502166748
-.0257873535
-.0140533447
-.0066833496
.0020446777
-.0024719238
.0014953613
-.0012969971
-.0019073486
.0016479492
.0024871826
-.0017089844
-.0029296875
.0017395020
-.0019073486
-.0129547119
.0503540039
.0890502930
-.0762786865
-.0691223145
-.0570373535
-.0119781494
.0063476563
.0703887939
-.0634307861
-.0432891846
-.0364990234
-.0332489014
-.0310058594
-.0404205322
-.0186920166
-.0043029785
-.0733795166
.1213531494
.1093902588
.0753021240
-.0552368164
-.0437011719
-.0387420654
.0437164307
.0404510498
.0371704102
.0357055664
.0339508057
.0249938965
-.0259246826
-.0200500488
-.0065307617
-.0022735596
-.0014343262
.0007629395
.0009460449
.0008697510
-.0007781982
.0009307861
.0009460449
-.0008392334
-.0011291504
-.0010070801
.0008697510
.0011138916
-.0013122559
.0015411377
-.0026702881
-.0012969971
.0009918213
-.0016021729
.0014190674
-.0009765625
.0036315918
.0078277588
-.0100402832
-.0384216309
-.0424652100
-.0331268311
-.0371704102
-.0307464600
-.0200805664
-.0150451660
-.0121612549
-.0239257813
-.0296936035
-.0297393799
-.0281982422
-.0264587402
-.0246429443
-.0229949951
-.0221557617
-.0312194824
-.0144653320
.0104064941
.0027313232
.0016174316
-.0010833740
-.0021820068
.0018768311
.0010223389
-.0009613037
-.0014953613
.0013427734
.0007476807
-.0008850098
.0016937256
-.0020904541
.0012054443
.0015258789
.0163116455
-.0423889160
-.0473327637
-.0398101807
.0258941650
-.0199279785
.0216217041
.0266723633
-.0598449707
-.0540466309
.0183105469
.0175628662
-.0137023926
.0103607178
-.0209503174
.0047912598
-.0176239014
-.0177764893
-.0172119141
-.0196228027
-.0328216553
-.0245361328
-.0334320068
.0049743652
-.0028533936
.0021362305
-.0013885498
.0010833740
-.0014648438
-.0016021729
.0009155273
.0017089844
-.0012207031
-.0009613037
-.0013122559
-.0007934570
-.0010833740
.0018615723
-.0019683838
.0018920898
-.0012054443
-.0016479492
-.0163726807
-.0341949463
.0977325439
-.0892333984
-.0427246094
-.0572357178
-.0671844482
-.0717620850
-.0667877197
-.0332489014
.0466918945
.0303039551
-.0020904541
-.0505981445
-.0603027344
-.0668487549
-.0445709229
.0553283691
.0376434326
.0230102539
-.0200347900
-.0792694092
.0858306885
.0951690674
-.0628814697
-.0484924316
-.0469512939
-.0242462158
-.0355682373
.0601348877
.0645904541
.0735168457
.0739593506
.0640563965
-.0388793945
-.0155487061
.0029907227
.0026092529
-.0013885498
-.0022888184
.0017700195
.0013275146
-.0051574707
-.0018920898
.0018005371
.0009613037
-.0017089844
-.0014190674
-.0021972656
.0020751953
.0075988770
.0028991699
-.0009307861
.0008697510
.0008850098
-.0007171631
.0009918213
-.0008850098
-.0016632080
-.0009918213
-.0010986328
-.0007629395
-.0009307861
-.0009002686
.0008697510
-.0012054443
.0008239746
-.0009765625
.0009613037
-.0165405273
-.0026550293
.0122985840
.0192565918
-.0289306641
.0189056396
.0077514648
-.0145874023
.0021209717
-.0015106201
.0030670166
.0010681152
.0009155273
.0008697510
-.0009002686
.0009918213
.0008239746
-.0008850098
-.0008544922
.0018920898
.0124969482
.0010070801
-.0214538574
.0015716553
-.0025329590
-.0029754639
.0013732910
-.0008697510
.0013885498
-.0008850098
.0026855469
-.0015563965
.0019836426
.0023193359
-.0011901855
.0008544922
-.0012512207
.0049285889
-.0021362305
.0017852783
-.0273284912
.0304107666
.0187072754
-.0248565674
-.0284729004
.0164031982
.0078277588
.0056304932
-.0039367676
.0038604736
.0030059814
.0023345947
-.0015563965
.0015411377
-.0010681152
.0012359619
-.0012969971
.0013275146
-.0012207031
-.0010528564
.0011444092
-.0011291504
-.0010986328
.0009918213
-.0013122559
.0011596680
.0009307861
-.0012817383
-.0015411377
-.0012359619
.0018463135
-.0015716553
.0063018799
.0013275146
.0014038086
-.0011444092
-.0171813965
.0012969971
-.0047454834
.0013732910
-.0022735596
.0011596680
-.0011444092
.0011749268
-.0011291504
-.0013580322
.0013275146
.0010986328
.0012817383
-.0011138916
.0010528564
-.0013122559
-.0011749268
-.0039520264
-.0027008057
-.0037994385
.0072174072
.0064392090
.0061798096
.0090332031
.0063934326
.0092468262
.0061187744
.0021057129
.0017242432
.0019989014
-.0013275146
.0100555420
.0266723633
.0214233398
-.0019683838
.0012664795
.0014343262
-.0014801025
.0018005371
-.0012969971
-.0012207031
.0010833740
.0011749268
-.0010375977
.0013122559
-.0012969971
.0028839111
-.0024871826
-.0018005371
-.0050201416
-.0026092529
-.0015716553
.0084991455
.0036773682
-.0041656494
-.0163726807
.0013275146
-.0010681152
.0011444092
-.0011749268
-.0009918213
.0011291504
.0011291504
-.0011138916
.0009918213
-.0011901855
.0015869141
.0010986328
.0014953613
.0010375977
.0013580322
-.0017547607
.0011291504
-.0012817383
.0012054443
.0016174316
.0013275146
-.0022583008
-.0015563965
-.0012054443
-.0016021729
-.0011291504
.0020446777
.0013427734
-.0028991699
.0032653809
-.0010986328
.0018768311
-.0012969971
.0040130615
.0017089844
-.0011901855
-.0014038086
.0032501221
-.0022277832
-.0061492920
-.0029754639
.0026550293
.0035400391
.0075988770
.0032501221
.0052337646
-.0045471191
.0038757324
.0012817383
.0011901855
.0082244873
.0035552979
-.0025787354
.0064697266
.0021209717
-.0013275146
-.0018005371
.0037231445
.0069427490
.0033111572
.0037994385
-.0027770996
-.0059356689
.0012359619
-.0013427734
.0011749268
.0011749268
-.0105590820
-.0016021729
.0012054443
-.0012817383
.0012664795
-.0023803711
-.0012969971
-.0012054443
-.0015716553
.0018615723
.0017089844
.0011596680
-.0014495850
-.0052337646
-.0030822754
-.0025177002
-.0012054443
-.0011291504
-.0012817383
-.0013122559
.0021057129
-.0028533936
-.0021057129
-.0012817383
.0011749268
.0022888184
-.0011749268
-.0022735596
-.0026245117
-.0047149658
-.0016326904
.0025939941
.0010070801
.0015258789
.0039672852
-.0147094727
-.0054473877
-.0027008057
-.0023498535
-.0052337646
-.0023803711
.0091400146
.0051116943
.0016174316
.0015869141
.0010833740
-.0011138916
-.0013732910
-.0083465576
-.0021362305
.0015869141
.0011596680
.0009765625
-.0026702881
.0072021484
.0059204102
.0016326904
-.0021820068
.0016174316
.0025939941
-.0066680908
.0195007324
-.0129089355
-.0395965576
-.0539703369
-.0482330322
-.0427551270
-.0410308838
-.0379028320
.0567626953
.0407867432
.0351715088
-.0304107666
-.0289764404
-.0264434814
.0236358643
-.0243072510
.0297088623
-.0360412598
.0075683594
.0039062500
.0138092041
-.0647735596
-.0602111816
-.0575256348
-.0394897461
-.0431365967
-.0313720703
-.0062408447
-.0077209473
-.0245666504
-.0129852295
-.0198974609
-.0204925537
-.0291900635
-.0384216309
-.0291442871
-.0313568115
-.0324859619
-.0348510742
-.0417175293
-.0389556885
-.0383300781
-.0306854248
-.0209197998
-.0042724609
.0027313232
.0042724609
.0032653809
-.0031585693
.0021362305
-.0024261475
.0017395020
.0028381348
.0070343018
.0031433105
.0011291504
.0019836426
-.0028228760
.0180969238
.0043945313
.0069580078
.0030059814
-.0034179688
-.0031738281
-.0059661865
.0037841797
.0012512207
-.0034484863
.0048370361
-.0027770996
.0032958984
-.0038299561
-.0067901611
.0123596191
.0151824951
-.0643310547
-.0835723877
-.0913696289
-.0982971191
.1061248779
.1363830566
.1013641357
-.0657958984
-.0605926514
-.0609741211
.0666046143
-.0596160889
.0359191895
-.0104217529
-.0022888184
-.0026092529
-.0018463135
.0037078857
.0030212402
-.0031127930
.0024414063
-.0012817383
.0024108887
-.0021820068
-.0027008057
.0031280518
-.0027618408
.0027008057
-.0026855469
-.0019073486
.0019378662
.0022888184
.0016479492
.0444030762
.0766906738
-.0733795166
-.0257263184
.0462951660
.0751953125
.0561065674
-.0255432129
.0092620850
.1324768066
.1235656738
-.0998077393
-.0543670654
-.0708770752
-.0821838379
-.0847930908
-.0898590088
-.0710144043
-.0552673340
-.0736541748
-.0590515137
-.0351867676
.0070953369
-.0121765137
-.0654602051
-.0659484863
-.0477752686
-.0299224854
.0108337402
-.0122222900
-.0522155762
-.0330657959
-.0313262939
-.0302886963
.0555877686
.0636749268
-.0451354980
-.0533599854
-.0398254395
-.0319366455
-.0373077393
-.0196228027
-.0164794922
-.0398712158
.0516052246
.0412902832
-.0310058594
.0191497803
-.0169982910
-.0164489746
.0135498047
-.0166473389
-.0230102539
.0253753662
-.0140991211
-.0049285889
.0027770996
.0013732910
-.0026550293
-.0018157959
-.0034027100
.0052337646
.0020599365
-.0055694580
-.0027313232
-.0026550293
-.0032653809
.0026550293
.0016174316
.0016632080
-.0016784668
-.0018615723
.0015869141
.0022888184
-.0019836426
.0017089844
.0023651123
.0071563721
-.0263366699
.0332183838
-.0279998779
-.0371246338
.0079193115
-.0022583008
-.0015258789
.0022430420
-.0016174316
-.0012664795
.0102691650
.0018005371
-.0249786377
-.0343322754
-.0329284668
-.0255584717
-.0292358398
-.0251464844
.0064697266
-.0119628906
-.0283355713
-.0355987549
-.0481567383
-.0409088135
-.0169372559
-.0032806396
-.0019226074
.0019683838
-.0025329590
.0018768311
.0014038086
.0019226074
-.0027770996
.0027618408
-.0012969971
-.0013580322
-.0012817383
.0011291504
.0013275146
.0017700195
-.0026092529
.0021820068
.0011901855
-.0013732910
.0157012939
.0240783691
.0446014404
.0636138916
-.0884094238
.1047973633
.1760101318
.1325683594
-.0188598633
.0139923096
.0345153809
.0416259766
.0281219482
.0127868652
.0054016113
-.0020599365
-.0014190674
.0019531250
-.0015563965
.0018463135
.0016174316
-.0023193359
-.0016021729
.0011138916
-.0012969971
.0017547607
-.0016326904
.0012817383
-.0011291504
-.0014343262
.0025024414
.0027313232
-.0064086914
-.0025177002
.0017547607
.0014495850
.0020751953
-.0014953613
.0015869141
-.0012969971
.0013427734
.0011901855
.0010986328
-.0010681152
-.0009918213
-.0010986328
.0010833740
.0014648438
.0010223389
-.0011596680
-.0011596680
-.0016479492
-.0013122559
-.0010070801
-.0009918213
.0011444092
.0011901855
.0012359619
.0013732910
-.0014953613
.0016632080
-.0020446777
-.0031738281
.0027923584
.0014648438
.0012969971
-.0013122559
-.0011291504
.0010986328
.0010070801
-.0012359619
-.0009918213
.0010070801
-.0011138916
.0012512207
-.0009918213
-.0010528564
-.0011138916
.0012512207
-.0016784668
.0010833740
.0016632080
.0012207031
-.0014190674
.0012054443
.0013427734
-.0013275146
.0013122559
-.0011444092
-.0011749268
-.0009155273
.0011596680
.0014495850
.0010986328
.0011444092
-.0013732910
.0025634766
.0020599365
-.0032653809
-.0030822754
-.0014953613
.0016174316
.0014801025
.0010833740
.0010681152
.0010833740
.0012359619
-.0010223389
.0010070801
-.0010375977
.0009918213
.0012817383
-.0012207031
-.0008392334
.0011138916
-.0013580322
.0009613037
-.0014648438
-.0010223389
.0014495850
.0010528564
.0009307861
.0009307861
-.0008850098
-.0009155273
.0008087158
-.0009002686
-.0006866455
-.0009460449
.0012359619
-.0009002686
-.0007171631
.0007781982
-.0007324219
.0007781982
-.0007171631
-.0008392334
.0006103516
.0006561279
.0006713867
-.0005798340
.0005798340
.0005798340
-.0006713867
.0005645752
-.0005950928
-.0007476807
.0005798340
-.0007629395
-.0005493164
.0005645752
.0005645752
-.0005035400
-.0006408691
.0005340576
.0005035400
-.0005187988
.0005187988
-.0005035400
.0005187988
.0005340576
.0005340576
-.0005035400
-.0005950928
.0005340576
-.0004882813
-.0005340576
.0005340576
-.0004882813
-.0005035400
-.0005645752
.0005340576
.0005340576
-.0005340576
.0005187988
-.0004730225
-.0005493164
.0005187988
.0005340576
-.0004882813
-.0005950928
.0005035400
-.0004882813
-.0005798340
.0005035400
-.0005035400
.0004882813
-.0005645752
-.0005187988
.0005187988
-.0005950928
.0005340576
.0004882813
-.0005798340
.0005035400
-.0005187988
.0005187988
-.0005340576
.0005035400
.0004882813
-.0005950928
-.0005340576
.0004882813
-.0005798340
.0005645752
-.0005035400
-.0005035400
.0005340576
.0005645752
-.0004882813
-.0005950928
.0005493164
.0004882813
.0005187988
-.0005035400
-.0004882813
.0004882813
-.0006256104
.0005493164
.0005035400
-.0006408691
