.0000152588
.0000152588
-.0000152588
-.0000152588
-.0000457764
.0004119873
.0004272461
-.0003814697
-.0004272461
-.0003967285
-.0003814697
-.0003814697
-.0003967285
-.0156402588
.0092163086
.0219116211
-.0470428467
.0142517090
.0083618164
.0162658691
-.0613861084
.0198669434
-.0147705078
.1425323486
-.0343627930
.0114440918
.2299499512
.0286865234
.0088195801
.0143127441
-.1528472900
-.0462188721
-.0162200928
.4693756104
-.0542449951
-.0236358643
.0230865479
.0969085693
-.0420379639
-.0156860352
-.0237274170
.0443878174
.0262298584
-.0304260254
-.1346435547
-.0395660400
.0962066650
.4677429199
-.0552673340
.0478973389
.0249938965
-.1469421387
.0466766357
.0644683838
-.2213134766
.0511016846
.4849090576
.0779418945
.1333923340
-.0417022705
.0091705322
.4456329346
-.0496520996
.0203857422
-.0239105225
.1905517578
-.0194549561
-.0595092773
-.0601959229
.1391448975
-.0880737305
.0694885254
-.4317474365
.1091156006
.0959320068
.1056518555
.1024780273
-.0375976563
.0154724121
.1826629639
-.0307922363
.0161590576
-.0133056641
-.0961761475
.0212097168
.0088653564
-.1545715332
.0390167236
.0141296387
-.0138092041
.1399078369
.0391998291
.0225830078
-.0085601807
.0050811768
-.0065155029
-.0072937012
-.0385589600
.0402069092
-.1233825684
.0385589600
.0597381592
-.0196380615
-.0094451904
.0070495605
.0045318604
.0051727295
.0046234131
.0042419434
.0065765381
-.0450134277
-.0123901367
-.0126190186
-.1505889893
-.0826416016
-.0661468506
.0518798828
-.0363159180
-.0765533447
-.0397491455
-.0189514160
-.0606689453
-.0719299316
-.0695800781
-.0630340576
-.0088806152
.0050048828
-.0335235596
.0124206543
.0147247314
-.0065307617
-.1345214844
-.0348510742
.0399627686
-.0148010254
-.0443267822
.0179595947
-.0455169678
-.0501251221
-.0592193604
-.0520477295
.0078125000
.0056610107
-.0043640137
.0106201172
.0148315430
.0109863281
.0083618164
.0137786865
-.0150299072
-.0162506104
-.0144653320
-.0165710449
-.0223083496
.0205078125
.0985107422
-.1026763916
-.0226593018
-.0938873291
-.1549072266
-.1268005371
.0767974854
-.0496826172
-.0254364014
-.0184936523
.0182189941
.1058654785
-.1672363281
-.0918121338
.0521087646
-.1077728271
.1571502686
-.1577758789
.1515197754
.1652221680
-.1515045166
.1199340820
.0999450684
-.0651397705
-.0468750000
.0537414551
.0482635498
.1211547852
.1166229248
.0626983643
-.0751495361
-.0321350098
-.0299072266
.0230255127
.0561218262
-.0212402344
.0446014404
.1077117920
.1561279297
-.1952972412
.0586090088
.0692291260
.0825195313
-.0291290283
.1230468750
-.1950225830
-.2480010986
.0993347168
.0775146484
-.0602416992
.0341033936
-.0676879883
.0211486816
-.0157928467
-.0133666992
-.0207519531
.0145111084
.0303649902
.0740203857
.0849304199
-.0545349121
.0379943848
-.0665283203
.0341949463
-.0222015381
-.0192718506
-.0419464111
.0746917725
.0581817627
.0420684814
-.0080718994
-.0080718994
-.0073394775
.0055084229
.0207977295
.0732269287
.0117492676
.0588836670
.0257568359
-.0319671631
-.0497131348
-.0226898193
-.0425109863
-.0381927490
-.0393524170
-.0578308105
-.0223999023
-.0460205078
-.0586853027
-.0950164795
.0199127197
-.0308380127
-.0109710693
-.0697174072
-.0695648193
-.0557098389
.0102996826
-.0557861328
-.0210113525
.0249938965
.0192718506
.0157775879
-.0139312744
-.0474548340
-.0604248047
.0377197266
.0513458252
.0387420654
.0393829346
-.0277252197
-.0444030762
-.0256042480
-.0507965088
-.0582885742
.0095367432
.0607147217
-.0093383789
-.0274963379
.0496520996
-.0171661377
.0217742920
-.0909729004
-.0695190430
-.0361785889
-.0061492920
.0053253174
.0073242188
-.0054321289
.0054779053
.0063171387
-.0068359375
.0061340332
.0073547363
-.1912841797
-.1470336914
.0267333984
-.0400695801
.0595550537
.0437164307
.0415649414
.0538177490
-.0463714600
.0420684814
.0423431396
-.0426788330
.0196380615
.0069427490
.0164337158
-.0678863525
.0563964844
-.0205993652
.0080413818
-.0079193115
-.0070037842
.0063171387
-.0078430176
.0116119385
-.0829620361
-.0464172363
.0127105713
-.0475921631
-.0446929932
.0330352783
-.0118408203
.0328979492
.0157012939
-.0187683105
.0203704834
.0279693604
.0262603760
-.0304412842
.0160217285
.0321502686
-.0421600342
.0111236572
-.0056304932
-.0067901611
.0062255859
.0065612793
.0058288574
.0066528320
.0761413574
.1595001221
.0673370361
-.0310211182
.0180358887
-.0075073242
.0066070557
.0244598389
.1151580811
.1632385254
.0767211914
.0443267822
-.0167541504
.0103149414
-.0076904297
-.0049591064
-.0075988770
.0062103271
.0050659180
-.0059051514
.0066528320
-.0062408447
-.0041809082
-.0084838867
.0059051514
.0080871582
.0055084229
.0112457275
-.0066528320
-.0084228516
.0050811768
-.0044860840
.0066986084
.0074615479
.0072021484
.0058135986
-.0273742676
-.0414428711
-.0139007568
-.0098114014
-.0404205322
.0341796875
.0113830566
.0148620605
-.0077667236
.0078887939
.0065155029
.0107116699
.0211486816
-.0221405029
-.0081176758
-.0082092285
.0079650879
.0054473877
.0090026855
.0063629150
-.0058746338
-.0053100586
-.0100402832
-.0084838867
.0076141357
.0048370361
.0065002441
.0074310303
-.0070190430
.0060272217
.0042572021
-.0175018311
.0117340088
.0070648193
.0064392090
-.0045471191
.0089111328
.0132904053
.0141143799
-.0095977783
-.0062408447
-.0070648193
-.0060424805
-.0044708252
.0147094727
-.0078887939
.0062866211
.0056762695
-.0052185059
.0063018799
-.0046081543
-.0052337646
.0091247559
.0247955322
.0054321289
-.0077514648
.0208587646
.0342712402
-.0119934082
.0061035156
.0051422119
.0067291260
.0065765381
.0079803467
-.0086975098
.0076751709
.0090179443
-.0077209473
.0056457520
.0106964111
-.2035369873
.0684661865
-.0134582520
-.0121612549
.0082397461
-.0061187744
.0098724365
-.0048370361
.0080261230
-.0057830811
-.0065155029
.0043029785
.0053405762
-.0064086914
.0061187744
-.0056457520
.0097198486
-.0052947998
-.0061340332
-.0056457520
-.0048370361
.0037689209
-.1217193604
-.0236816406
-.0162811279
.0065460205
.2142944336
-.0500793457
-.0216674805
.0089263916
-.0079193115
.0074005127
.0062408447
.0067901611
.0076293945
-.0065002441
.0060272217
-.0052185059
.0048828125
-.0084686279
-.0120391846
-.0103912354
.0071563721
-.0074768066
.0050048828
.0065155029
-.0045471191
.0048065186
.0079040527
.0053863525
-.0068969727
-.0070648193
-.0066528320
.0054016113
.0063629150
.0065155029
-.0080108643
.0042724609
.0060119629
.0067596436
-.0063781738
-.0042572021
-.0033874512
.0062408447
.2147369385
.3576660156
.2402801514
.1529235840
-.0523376465
.1338195801
.2438812256
.1832427979
.0455780029
.0775451660
-.0421600342
-.0152893066
.0171203613
-.0686187744
-.0963134766
.0491333008
.0615692139
.1058959961
.0777435303
-.0538177490
-.0400390625
-.0182800293
-.1034393311
.0456848145
.0591278076
.1428375244
-.1020050049
.0628204346
.0374145508
-.0563507080
-.0322265625
.1194915771
-.1599731445
-.1420898438
.0265502930
-.0802459717
.1094055176
.0235137939
.0102539063
-.1318054199
-.0239868164
.0104370117
-.0115051270
.0374755859
.0119781494
-.0080108643
.1106567383
.0677032471
.0491333008
.0642089844
.0630493164
-.0454101563
.0182342529
-.0654754639
-.0197753906
.0388336182
.0513763428
-.0389099121
-.0256652832
.0368652344
.0714416504
.0302886963
.0348358154
.2693176270
-.0170135498
.0170135498
-.0376739502
-.0494537354
-.0387420654
.1001892090
.0801696777
-.0982055664
-.0593414307
.0233306885
-.0775909424
-.0294189453
-.0587615967
-.0693054199
-.0676574707
-.0501403809
-.0117034912
-.0070190430
.0074920654
.0175781250
-.0395965576
-.0387573242
.0113372803
.0070800781
.0109710693
-.0848083496
.0714721680
.0700378418
-.0947570801
.0397338867
.0774688721
.0616302490
-.0556640625
.0435943604
-.0598449707
-.0531921387
.0343627930
-.0536804199
-.0768737793
-.1040496826
.0202026367
-.0434722900
.0115966797
.0199127197
-.0545349121
.0242156982
.0179901123
.0554199219
.0397186279
-.0390777588
.1394348145
.0622863770
.0631713867
-.0147552490
.0061950684
.0052032471
-.0052185059
.0070800781
-.0556945801
-.0717163086
-.0410614014
.0070495605
.0287780762
.0874786377
-.0646057129
-.0383148193
-.0909271240
-.0697631836
-.0350341797
-.0246582031
.0204925537
.0581359863
.0200805664
.0115203857
.0063323975
-.0139465332
-.0123291016
-.0613555908
-.0717315674
.0124664307
-.0051422119
.0052642822
.0059204102
-.0059356689
.0068206787
.0051422119
.0068206787
.0041198730
.0049743652
.0062561035
-.0059356689
.0061798096
-.0085144043
.0077056885
-.0057983398
.0057830811
-.0067901611
.0045166016
.0077972412
-.0024871826
.0048065186
-.0052947998
.0065765381
.0058593750
-.0050354004
.0050354004
-.0086364746
-.0085296631
.0143432617
.0073394775
-.0115661621
-.0099334717
-.0136718750
.0248107910
.0263366699
.0251464844
-.0395507813
-.0323028564
.0385742188
.0359191895
.0575408936
-.0584564209
.0448150635
.0478363037
.0764617920
.0431518555
-.0641326904
.0597076416
.0686492920
-.0588531494
.0590209961
.0782775879
.0673522949
.0727844238
.0984191895
.0735931396
-.0993499756
.0899810791
.0765075684
.0976257324
.1011657715
-.1148223877
-.0769042969
-.0822448730
-.0949249268
.0885162354
-.1088867188
.1055450439
-.1033630371
-.1121063232
.0930023193
.1098937988
-.1033172607
.0966949463
.0928344727
-.1566467285
-.1014556885
.0854949951
.0967102051
.1240539551
.1167602539
-.1190795898
-.0763702393
.1244049072
.0996704102
-.0802001953
.0994873047
.1035919189
.0876159668
-.0994720459
-.0865325928
.0899810791
.1354827881
.0862426758
.0853424072
-.1012268066
-.1528778076
.1002960205
-.1275177002
-.1037597656
.1116333008
.1064605713
.2487487793
.0956115723
-.0610504150
.0801544189
-.1251373291
-.0762939453
.0905761719
-.1047210693
-.0762176514
-.0841064453
.0926513672
-.2970123291
.0869140625
-.1116485596
.0642852783
-.0800781250
-.1069641113
.0820465088
.0997924805
.0568542480
-.0668640137
-.0827789307
.0487213135
.0565490723
.0560760498
.0793457031
-.0607910156
-.0769500732
.0561370850
.0597839355
.0733947754
-.0795440674
.0461425781
-.0571746826
-.0516357422
.0312347412
-.0569152832
.0496520996
-.0466766357
.0487518311
-.0393218994
-.0635681152
-.0376586914
-.0568237305
-.0360412598
-.0684356689
-.0383911133
-.0503082275
-.0498657227
-.0364837646
-.0436401367
.0272979736
.0727539063
.0386199951
.0455627441
.0533294678
.0356292725
-.0470123291
-.0373077393
.0970153809
.0435485840
.0561218262
-.0337219238
.0435638428
.0414886475
.0500946045
-.0412597656
-.0521087646
-.0429382324
.0453948975
-.0395355225
-.0632629395
-.0417022705
-.0335845947
-.0366058350
-.0359344482
-.0228576660
.0577697754
-.0665740967
-.0370788574
-.0297393799
.0460357666
-.0307006836
.0330505371
-.0257110596
.0384521484
.0329895020
.0536499023
.0328369141
-.0262756348
.0345001221
.0283660889
.0300292969
-.0334930420
-.0332489014
-.0403747559
.0406036377
.0621032715
-.0277862549
-.0223236084
.0255432129
.0254211426
.0225524902
-.0447082520
.0339355469
.0280456543
.0543670654
.0711364746
-.0301361084
.0332183838
-.0380249023
-.0456085205
.0234832764
-.0325775146
.0304565430
.0231628418
-.0260009766
-.0277252197
.0258941650
-.0260925293
-.0305633545
-.0279541016
-.0267639160
-.0234527588
.0246582031
.0243835449
.0279388428
.0226593018
-.0367889404
-.0279388428
-.0211029053
.0229644775
.0321350098
-.0262603760
.0224761963
.0244598389
.0370178223
-.0399932861
-.0193481445
.0229644775
-.0371856689
-.0230102539
-.0253753662
-.0269317627
-.0426635742
-.0212860107
.0153350830
.0631256104
.0332489014
-.0396118164
.0260772705
-.0258636475
-.0213317871
-.0149688721
.0192565918
-.0408782959
-.0335388184
.0250396729
-.0163116455
.0116882324
.0224456787
.0294799805
-.0308685303
.0204772949
.0238189697
.0243988037
.0239715576
.0405578613
-.0364227295
.0230865479
-.0163726807
-.0261993408
.0284729004
-.0246429443
-.0300292969
.0242309570
.0160980225
.0220336914
.0182495117
.0306091309
.0176696777
.0188446045
-.0186462402
.0282287598
.0187072754
-.0149230957
.0221710205
.0273742676
.0251312256
-.0200195313
.0266571045
-.0323944092
-.0195312500
.0110931396
.0240478516
-.0417785645
-.0256958008
.0340881348
.0589752197
-.0289306641
-.0190124512
-.0194396973
-.0207214355
-.0190429688
-.0410156250
-.0279998779
.0196990967
.0197296143
.0346984863
.0113525391
-.0081787109
-.0190887451
.0151672363
-.0145111084
.0031280518
.0101776123
.0065765381
.0034027100
.0042114258
-.0043792725
-.0041198730
.0026702881
.0035095215
-.0020751953
-.0026092529
-.0018005371
-.0010681152
.0005950928
-.0006103516
.0008239746
-.0006866455
-.0005798340
-.0004730225
-.0003967285
-.0004119873
-.0004272461
-.0003814697
-.0004119873
-.0003814697
-.0003814697
-.0003814697
-.0003814697
-.0003814697
-.0003814697
-.0003814697
-.0003814697
-.0004119873
-.0004119873
-.0003509521
