-.0041809082
.0469207764
.1308746338
-.2330780029
.2048950195
.0969848633
.2435150146
.2051696777
-.2301177979
-.2441406250
-.1528930664
.0623168945
.2221679688
.0404663086
.2867126465
.3500976563
.2207641602
-.1209869385
.2231597900
-.1428985596
-.1711120605
-.2062225342
-.0718994141
-.0473937988
-.0812530518
-.0745849609
-.1584014893
.1060638428
.1165313721
-.0691223145
.2796936035
.1606292725
-.1707763672
-.1676177979
.1818237305
.0751190186
.1546936035
-.2094421387
-.2051544189
.1282653809
.1378936768
.1377105713
-.1523590088
.0482788086
.0725860596
-.0049285889
.3179473877
.2674255371
.2068481445
-.1106414795
-.1372833252
.0520477295
-.1936645508
-.1879577637
.1659240723
.0059204102
-.0941009521
.3354949951
-.3208160400
-.1777954102
-.0792694092
.0441436768
.0220184326
.0735168457
.0372619629
.0099639893
.0024871826
-.0022125244
.0010528564
.0370178223
-.0055389404
.0068511963
-.0070190430
.0086822510
.0064086914
.0087432861
-.0071563721
.0076446533
-.0040130615
.0010223389
-.0214538574
.2696228027
-.0763702393
-.0693206787
.1557159424
.2265014648
.1815185547
.1274108887
.2389678955
-.1953582764
.0381774902
-.0876007080
.0784912109
.1158294678
.0031127930
.0963439941
.1850738525
.1183471680
-.1221923828
-.0883941650
-.1197052002
-.0697174072
.0947265625
-.0292816162
.0985870361
-.1631011963
.1193237305
-.1038970947
.0747528076
-.1425170898
.1683654785
.1546325684
.1105194092
.0437774658
-.0446319580
.1220245361
.1587677002
.1416015625
-.0055084229
-.1228942871
.1238250732
-.0278472900
.0524291992
.0441436768
-.2233886719
-.2133483887
-.0338592529
.0957031250
-.1344451904
-.1408233643
-.0919952393
.0270996094
.0533447266
-.0760650635
.0018615723
.0192718506
.1542358398
.0425872803
-.0469970703
-.0166320801
-.0101318359
-.0052337646
.0020599365
-.0012512207
.0019989014
.0047912598
.0060882568
-.0083618164
.0073852539
.0076141357
-.0025634766
-.0016632080
-.0125579834
-.1212158203
.1040649414
.1493377686
-.0034332275
.0767059326
-.2467498779
-.1254119873
-.0431976318
.1307678223
.0062255859
.1383209229
.1087341309
-.1284484863
.0345306396
.0938720703
-.0902252197
.0942687988
-.0514373779
.0548706055
.1316223145
.1251678467
-.0951385498
.0537567139
.1036529541
-.0951385498
-.0821990967
-.0804595947
.0572509766
.1500396729
-.0882415771
.0438995361
.0742645264
.0632934570
-.0823669434
.1138610840
.0491333008
-.0485534668
.0306701660
.0765686035
-.0800170898
-.0588531494
.0283966064
-.0502166748
.0675201416
-.0723876953
-.0789489746
-.1151733398
.1416625977
-.1320190430
-.1331787109
-.0526428223
-.0230712891
.0413513184
-.0931701660
-.1159362793
-.0297546387
.0633087158
.0161895752
.0685119629
.1743011475
-.1074676514
.0167083740
-.0086212158
.0129852295
-.0014038086
-.0086517334
.0078125000
-.0100860596
.0066833496
.0081939697
-.0083312988
-.0029144287
.0024414063
-.0252685547
-.1003417969
-.0664520264
-.0541076660
.0437011719
.1033630371
.2721862793
.0134735107
.1670837402
-.1471557617
-.1151275635
.0837402344
-.1161956787
-.0874328613
-.0436553955
-.0085906982
.0194396973
-.0508880615
.0873260498
.0297546387
-.1337432861
-.1260223389
.0507049561
-.0548095703
-.0712127686
.0357513428
-.0688629150
-.1192169189
.1204681396
.1196289063
.0398254395
.0555267334
.0808258057
.0130462646
.0922546387
.1463775635
-.0401458740
-.0173797607
-.0415496826
.0341644287
.0379791260
-.0180358887
.0030822754
.0017242432
.0013122559
-.0023956299
-.0052185059
-.0035400391
.0038604736
.0051269531
-.0121917725
.0063934326
-.0048980713
.0016174316
-.0022583008
.0207061768
.1656799316
.2876739502
.2086791992
.0472259521
.1186218262
-.1046447754
.2082977295
-.1717681885
.1784973145
-.1053924561
.0332489014
.1167297363
-.1436614990
.1448059082
-.1241607666
-.0483398438
.0210113525
-.1091156006
-.0992736816
-.0798797607
.0840606689
.2065429688
-.1497192383
.1298980713
.0826110840
-.0874481201
.0824737549
-.1298522949
.0735626221
-.0053863525
.2164001465
.2009124756
.0250701904
.0037231445
-.0673980713
-.1470947266
-.0674743652
-.0039978027
.0174102783
-.0782012939
-.0915527344
-.0414733887
-.0322723389
-.0343475342
-.0467376709
-.0154724121
.0304718018
-.0024871826
-.0184631348
-.0073852539
.0021667480
-.0015869141
.0059967041
.0070495605
-.0087738037
.0111999512
.0045776367
-.0060119629
.0231170654
.0966796875
.1166839600
.2493133545
-.1025695801
.0578155518
-.0307006836
-.0340118408
.2096557617
.1648101807
.1072082520
.0856323242
-.0054016113
-.1396179199
.2214508057
.0265960693
-.0524902344
-.1364440918
.1319885254
-.0086517334
.0022125244
.1213531494
.1235809326
-.0967864990
.0041198730
.0240783691
.1826019287
-.1396179199
-.1297607422
.0602874756
.1314392090
-.0763092041
-.1033020020
-.1099548340
-.0652465820
-.0971221924
.0254516602
-.1209564209
-.1352386475
.0976409912
.0800933838
-.0432281494
-.0081329346
.0072784424
.0092315674
.0054016113
-.0052337646
-.0027160645
.0109405518
-.0371246338
.0848083496
-.0504302979
-.0038146973
-.0471343994
-.0870513916
.1369323730
.0584259033
.1489562988
-.1295471191
.1370849609
-.1266479492
.1145477295
-.0917510986
.0348510742
-.0450439453
.0530395508
.1288146973
.1153411865
-.0301818848
-.0333709717
.0570983887
-.0387420654
-.0185394287
.0051879883
-.0051116943
-.0021209717
.0026550293
-.0047912598
.0015106201
-.0017242432
-.0036315918
-.0079956055
.0098266602
-.0130462646
-.0122985840
.0077362061
.0024414063
.0941314697
-.0058288574
.1964111328
.2045745850
.1129608154
.2228088379
.2015686035
.1743164063
-.0641784668
.0793304443
-.0959167480
.0772705078
-.0662536621
.0617675781
-.1457061768
-.1586151123
-.1150054932
-.0143280029
.0037536621
-.0686340332
-.1393585205
-.1477966309
-.1412811279
-.1441497803
.0462646484
-.1591796875
.2279205322
.1823272705
-.1442565918
-.1104888916
-.0547332764
.0265350342
-.0980377197
.1101531982
-.0619812012
.0979614258
-.0547790527
.0383148193
-.0569000244
.1839904785
.2137908936
-.1169738770
.1184844971
.0519561768
.0023498535
-.0051879883
-.0871734619
.0521850586
-.0049285889
-.1415405273
-.0697631836
-.1260833740
-.2086639404
-.0535736084
.0204620361
.0199584961
.1139984131
-.0571289063
.1118469238
-.1032104492
-.1035308838
.1302032471
.1624908447
.1381988525
.1477203369
.1098022461
.1333465576
-.0374603271
.1138610840
-.0269165039
.0040893555
-.0028839111
-.1222534180
.0291748047
.0247955322
-.0475158691
.0163574219
.0181579590
-.0027923584
.0035247803
-.0028991699
.0061950684
-.0043792725
.0047454834
.0061645508
-.0058593750
.0161132813
-.0174407959
.0100860596
-.0098114014
.0115661621
-.0133209229
.0084381104
-.0065917969
.0035400391
-.0336151123
.1762847900
.0421295166
.2140350342
.1891632080
.1719665527
.1766662598
.1083831787
.0760498047
.1734008789
-.0959472656
-.0311584473
.1296844482
-.0311889648
.1672363281
.1319122314
.1499481201
.0870971680
-.0489349365
.0904541016
.0306701660
.1185760498
.0531768799
-.0036468506
-.1051635742
.1765441895
.1811981201
.0521697998
.0915069580
.0310668945
.1051483154
-.0612030029
.0239868164
.1282043457
-.0171813965
-.0071716309
.0796051025
-.0357513428
-.0311431885
.0049896240
-.0090026855
.0064697266
-.0051574707
-.0041046143
.0026397705
.1070861816
-.0048980713
.0092010498
.0104064941
-.0133361816
.0122375488
-.0041503906
.0853881836
.1687316895
-.0635528564
-.0559997559
-.1793518066
-.1413269043
-.1385955811
.1247253418
-.0544891357
.1419677734
.0182037354
.0573120117
.0331268311
.1040649414
-.1361694336
-.1251525879
.0234680176
.0299987793
.0990295410
-.0398254395
.0879669189
.1863861084
.1396026611
.1088409424
.0744934082
.0095062256
.1314239502
.0907745361
-.0352172852
.0443725586
.0304870605
.0143127441
.0700531006
.0118713379
.0023803711
-.0104064941
-.0045776367
.0022888184
.0034332275
-.0040130615
.0126800537
-.0078125000
.0095367432
-.0082702637
.0063781738
-.0065002441
.0080718994
-.0061950684
.0041656494
.0043792725
.0748901367
.1650543213
.0671386719
.1502685547
-.0188140869
.1363067627
-.0726470947
.1942749023
.1654510498
.1430664063
.1121215820
-.0890960693
-.0914154053
.0768890381
.0610504150
-.0052947998
-.1617279053
-.0839385986
.0331573486
.1004486084
-.0086364746
.1253662109
.1077117920
-.0872650146
.0640869141
.0517730713
.0649108887
.0888671875
.0261840820
.0195312500
-.0046691895
-.0037536621
.1001739502
-.1338348389
.1220703125
.1391754150
.0991973877
.0996704102
-.0736694336
.1239166260
.1160125732
.1213378906
.0931854248
-.0852050781
.0743713379
.0103759766
-.0721130371
-.0881805420
.1005706787
-.0477600098
.0096435547
.0958557129
-.0231628418
.0239410400
-.1000976563
.0796051025
-.0463714600
.0126190186
-.0091400146
.0052185059
-.0048980713
.0044708252
-.0025939941
-.0034942627
.0028991699
.0039215088
-.0023651123
.0235900879
.0048065186
-.0037841797
.0123443604
.0076904297
-.0071716309
.0076599121
-.0040130615
-.0036773682
-.0132598877
.1152038574
-.0933990479
.0148925781
.1535034180
.1432647705
.0748596191
.1622924805
-.0365905762
.0207824707
.0578460693
.1287841797
.1475830078
-.1889038086
.1655426025
.0990295410
.1863403320
-.0288696289
.2142486572
.1359710693
.1396789551
-.0695037842
.1422576904
.0275421143
.1084136963
.0785064697
-.0566558838
.1253204346
.0276641846
-.0360260010
-.2001495361
-.1408233643
-.0176544189
-.0733489990
.1297454834
.1377716064
.1155242920
.0371093750
.0554809570
.1311798096
.1000823975
.0602569580
-.0464019775
.1095428467
.1045837402
-.0739593506
.0625152588
.0348205566
.1034545898
.0797882080
.0227508545
.0538940430
-.0450134277
.0369720459
-.0315856934
.0260162354
-.0208129883
.0099334717
.0046081543
-.0043029785
.0052490234
-.0014648438
.0026092529
-.0038452148
.0035400391
-.0019836426
.0050811768
-.0036468506
.0026245117
.0073242188
.0040130615
-.0053558350
.0065460205
-.0064697266
.0059204102
-.0048370361
.0080108643
.0946044922
-.0579681396
-.0553588867
.1844940186
.1828613281
-.0697479248
.1618804932
-.0945739746
.1768798828
.1624450684
.0467987061
.0812072754
-.0535125732
-.0236968994
.1492767334
.1846771240
.1167297363
.1473693848
.0162200928
-.0306243896
.1125183105
.0441284180
.1039733887
.1007385254
.0966796875
.0383605957
.0829620361
.0159454346
.0889739990
.1041107178
.0297241211
.1146087646
.1002655029
.0974884033
-.0387725830
-.0375213623
.0109252930
-.0026550293
.0028228760
.0019683838
-.0027465820
-.0021057129
-.0106201172
-.0089416504
-.0100097656
-.0112304688
.0089874268
.0044708252
.0318450928
.0998077393
.0162811279
.1365203857
-.0073089600
.1493377686
-.2282257080
-.2380065918
-.0701599121
.0534667969
.1072082520
-.0583953857
.0509185791
-.0400848389
.1903839111
.1519165039
-.0841217041
.0066223145
.1338653564
-.1226959229
.1093902588
.0609893799
-.1378936768
-.0351104736
-.0335845947
-.0836029053
-.0938720703
-.0170288086
.1093902588
.1248168945
.1302032471
.0965423584
.0237121582
.0054931641
.0337066650
-.0734863281
-.1109466553
-.0144042969
.0260925293
-.1226806641
.1535034180
.1165618896
-.0233764648
-.0165863037
.0853271484
.0068054199
.0186309814
.1289520264
.0958557129
-.0333099365
.1623840332
-.0695800781
.0628051758
.1261596680
.0817260742
.0829315186
.1136932373
.0341796875
.0871582031
-.0329437256
.0146484375
.0092773438
-.0076293945
.0043182373
.0032958984
.0030517578
-.0034484863
.0137329102
-.0048675537
.0048065186
.0066223145
.0082244873
.0091400146
.0088195801
.0084838867
-.0115814209
-.0089721680
.0072479248
-.0037841797
.1827239990
-.1032562256
.1032104492
.1375122070
-.0138854980
.1650695801
.2118988037
.0930786133
.0871429443
-.0781555176
.1109771729
-.0829620361
.1112518311
.1122436523
.0812530518
.0797729492
-.0454711914
.0433959961
.1337432861
.0754547119
.1148529053
.0524291992
.1089172363
-.0831604004
-.0045318604
.0128784180
-.0116577148
-.0342864990
.1528320313
.0685119629
.0955810547
.0265045166
.0802764893
-.0462036133
.0724029541
.0581665039
-.0433349609
.0507049561
-.0072021484
-.0359039307
.1516265869
.1220550537
.1221313477
.0721282959
-.0632324219
.0691070557
.0076446533
.0123901367
-.0093536377
.0064849854
-.0055389404
.0044250488
-.0088043213
.0742187500
.1806030273
.1122741699
-.0241546631
.1465606689
.1667022705
.1120605469
.2163238525
.1933593750
.1815032959
-.0277862549
.0170440674
-.0055084229
.0049285889
-.0141448975
.0044860840
.0580596924
-.1380462646
-.1764373779
.2497253418
.1798553467
.0359649658
.1347351074
.0588073730
-.0179901123
.0202178955
.1287384033
-.0982360840
.1441345215
.1308593750
.1091308594
.1423950195
-.1504364014
-.1493225098
.1396331787
.1462097168
.1061859131
.0205688477
.0188751221
-.0036773682
-.0014343262
-.0011596680
.0006561279
-.0115814209
