-.0033416748
.0329284668
.0445861816
.0412902832
.0424652100
.0462493896
.0538635254
-.0485839844
-.0314331055
.0655517578
.0713195801
.0559539795
-.0163269043
-.0667419434
.0709991455
.0550842285
-.0483856201
-.0490570068
.0376281738
.0382995605
-.0648040771
.0860748291
.0939636230
.0977020264
.0804901123
.0475311279
-.0443115234
-.0424652100
-.0312347412
.0213928223
.0086364746
.0018005371
.0008544922
.0012207031
.0010223389
.0006561279
-.0005798340
-.0006866455
-.0008087158
.0011749268
.0023498535
-.0037689209
-.0044250488
.0035858154
.0025024414
-.0012512207
-.0016784668
-.0012207031
.0004730225
.0010528564
-.0007171631
-.0009002686
.0115814209
.0463714600
.0529022217
.0555419922
-.0460357666
.0288696289
.0321197510
.0526275635
.0583953857
-.0657958984
.0518035889
.0148773193
.0279235840
.0191955566
.0166625977
.0087127686
-.0067901611
-.0164794922
.0372772217
.0067596436
.0009918213
-.0148162842
.0445404053
-.0708160400
-.0496826172
.0218811035
.0028991699
.0020751953
.0141448975
.0109405518
.0091552734
.0581665039
.0687561035
.0456695557
.0528106689
.0497741699
.0495147705
.0381164551
-.0396270752
-.0561828613
.0675659180
.0989990234
.0565185547
.0198364258
.0793609619
-.0528717041
-.0398254395
.0241546631
.0531616211
.0746154785
.0849304199
.0797882080
.0748596191
.0257720947
-.0204010010
.0249176025
-.0509338379
-.0579681396
.0590972900
-.0680847168
-.0587158203
-.0440673828
-.0427856445
.0173034668
-.0014495850
-.0165405273
.0068054199
-.0558624268
-.0627136230
-.0685424805
-.0700225830
-.0707092285
-.0674438477
-.0685272217
.0607757568
.0422973633
.0294799805
-.0699920654
.0554504395
-.0236053467
.0539245605
.0504302979
.0550842285
.0420837402
.0671691895
.0441131592
.0447540283
.0485076904
.0500946045
.0797271729
.0772857666
.0665588379
.0598297119
.0467987061
.0234527588
.0113067627
.0093231201
.0036773682
-.0029296875
.0015106201
.0014343262
.0010375977
.0010223389
.0007019043
-.0010375977
.0007629395
-.0012817383
.0005950928
-.0005798340
-.0005645752
-.0006561279
.0006713867
-.0004272461
-.0006713867
-.0003814697
.0002746582
-.0003662109
-.0003509521
-.0003967285
-.0002136230
.0002593994
-.0018768311
-.0004882813
-.0002593994
.0026550293
.0094757080
-.0138854980
.0134429932
.0166320801
-.0150604248
-.0153350830
-.0133819580
-.0033874512
-.0012817383
-.0009765625
-.0005187988
-.0003356934
.0002899170
.0002288818
.0001983643
-.0001983643
-.0002288818
-.0004882813
-.0007324219
-.0006713867
-.0003662109
.0005645752
.0004119873
-.0006408691
-.0005493164
.0006103516
.0005035400
.0006256104
.0009460449
.0010681152
-.0009307861
-.0010681152
.0011291504
.0005035400
-.0003967285
-.0003051758
-.0014495850
-.0059509277
-.0017700195
-.0009613037
.0015563965
.0024719238
.0040130615
-.0088348389
.0091094971
.0079803467
-.0047607422
.0023651123
.0052337646
-.0036315918
.0062255859
.0047302246
.0068664551
.0038452148
-.0003814697
.0003814697
-.0003204346
-.0131225586
.0081481934
-.0146789551
-.0144042969
.0139007568
-.0160522461
-.0159454346
.0137023926
.0132751465
.0114135742
-.0047454834
.0045166016
.0059661865
.0067596436
.0079040527
-.0047912598
.0025939941
-.0008850098
.0004425049
.0004882813
.0003662109
-.0003814697
-.0005187988
-.0004272461
-.0003356934
.0003662109
.0003204346
.0003814697
.0004577637
-.0005340576
-.0007019043
-.0009307861
-.0012207031
.0010375977
.0014953613
.0018005371
-.0012664795
-.0010375977
-.0016937256
-.0008239746
.0005493164
.0002593994
-.0003967285
.0007629395
-.0061187744
.0106811523
.0101013184
.0081481934
.0171813965
.0176239014
.0163116455
.0244293213
.0233764648
.0271606445
.0096282959
-.0055847168
.0231933594
.0214538574
.0181121826
.0105590820
.0044860840
-.0060424805
.0081329346
.0101928711
.0055999756
.0043334961
-.0100402832
-.0125579834
.0173339844
.0174865723
.0187835693
.0187683105
.0137939453
.0049438477
-.0075378418
-.0022888184
.0023345947
-.0014038086
.0121459961
.0107727051
.0102844238
.0104217529
.0093994141
.0061187744
.0037231445
-.0090026855
.0096435547
.0089721680
.0104522705
.0099792480
.0099945068
.0096435547
.0107879639
.0116882324
.0111541748
.0116119385
.0077972412
-.0033264160
.0004577637
-.0008544922
.0046691895
.0081024170
.0084533691
-.0085906982
.0068969727
.0066528320
.0033416748
.0079040527
.0060424805
.0012969971
-.0004119873
.0003204346
-.0008697510
.0072021484
.0019073486
.0079803467
.0067749023
-.0026092529
.0038146973
.0060729980
.0047302246
.0077514648
.0080566406
-.0051422119
-.0045318604
-.0043792725
.0038909912
.0072021484
.0081024170
.0077362061
-.0056915283
.0013732910
.0003662109
.0002899170
.0001831055
-.0001220703
-.0004425049
-.0005493164
-.0004119873
.0004272461
.0006103516
.0006408691
.0008087158
-.0007476807
-.0010986328
-.0011444092
-.0013580322
-.0014495850
-.0014953613
.0010833740
-.0010986328
-.0009307861
-.0009765625
-.0004577637
-.0005950928
-.0013122559
-.0019226074
.0016937256
.0015258789
-.0048522949
.0006866455
-.0039672852
.0076141357
.0092620850
.0088806152
-.0088195801
-.0070800781
-.0080261230
-.0004425049
-.0004577637
.0005493164
.0148315430
-.0096893311
.0099334717
-.0086517334
-.0043640137
.0034484863
.0081329346
-.0047302246
-.0055999756
.0083312988
.0058593750
.0049591064
.0073089600
.0100402832
.0094146729
.0083312988
.0058898926
.0007476807
-.0004882813
-.0020294189
.0025177002
.0036163330
.0068511963
-.0054321289
-.0062408447
-.0108337402
-.0059051514
.0064544678
-.0108795166
-.0120391846
.0129241943
-.0127410889
.0084533691
.0012817383
.0004882813
-.0085754395
.0047607422
.0063476563
.0044403076
.0035247803
.0079650879
.0095062256
.0067443848
-.0038299561
-.0021057129
-.0016479492
-.0029296875
.0020446777
.0040893555
.0057525635
.0063781738
.0052337646
-.0011291504
.0004425049
.0002746582
-.0051574707
.0018310547
-.0061950684
.0064239502
.0069274902
.0058898926
.0053100586
.0041809082
-.0062103271
-.0042266846
-.0064697266
.0057220459
-.0022888184
.0012512207
-.0010833740
-.0019683838
.0003967285
-.0002136230
-.0003509521
.0043945313
-.0015563965
-.0052490234
-.0044860840
.0043487549
-.0041198730
-.0039520264
.0032806396
-.0025634766
.0032196045
.0021972656
.0016479492
.0010223389
-.0006256104
-.0004425049
.0003204346
-.0002288818
-.0002746582
-.0002899170
-.0001678467
-.0001983643
-.0001983643
-.0001831055
.0002136230
-.0002136230
-.0002441406
.0002441406
.0001831055
.0001678467
.0004119873
-.0002899170
.0004577637
.0003662109
.0006103516
.0005645752
.0035705566
.0087280273
-.0124816895
-.0153961182
-.0197143555
-.0220489502
-.0202941895
-.0057983398
.0031280518
.0043029785
-.0032958984
-.0013580322
-.0136871338
-.0357513428
-.0373382568
-.0382080078
-.0343780518
-.0313568115
-.0306396484
-.0176849365
-.0028686523
-.0053558350
.0052490234
.0097656250
.0210876465
.0159606934
-.0213928223
-.0273590088
.0172424316
-.0075988770
.0084381104
.0080871582
.0253448486
.0302886963
-.0255737305
.0254974365
-.0298309326
.0136413574
-.0041198730
-.0025177002
-.0011444092
-.0009765625
-.0014953613
-.0029754639
.0009155273
.0009002686
.0005187988
.0003051758
-.0001983643
-.0001220703
.0002593994
.0002441406
.0001678467
-.0001831055
-.0003204346
-.0002441406
-.0001373291
.0003814697
.0004272461
.0012817383
-.0032043457
.0045776367
-.0043640137
-.0035400391
-.0024108887
.0010223389
.0013732910
.0041046143
.0017395020
.0073852539
-.0034637451
-.0029296875
-.0036773682
-.0046081543
-.0050659180
.0035552979
.0030670166
.0026702881
-.0018310547
-.0011749268
-.0010681152
-.0009918213
-.0006256104
-.0004577637
-.0002899170
.0002593994
-.0003509521
-.0003051758
-.0003967285
-.0003051758
.0002746582
-.0002899170
.0002288818
.0002288818
.0003356934
-.0002746582
-.0002593994
-.0002593994
-.0002136230
.0001831055
.0002593994
.0001983643
.0001678467
-.0002899170
.0015106201
.0016479492
-.0171051025
.0054473877
.0614776611
-.0738830566
-.0803833008
-.0794219971
.0717010498
-.0696411133
-.0673980713
-.0361633301
-.0747070313
-.0767211914
-.0752258301
-.0705871582
-.0591735840
-.0606994629
-.0661621094
.0253601074
-.0195312500
-.0702362061
-.0671234131
-.0481414795
.0291900635
.0304107666
.0529327393
-.0491485596
-.0146789551
-.0136413574
.0245666504
.0194854736
-.0286865234
-.0130615234
.0199279785
.0504913330
-.0509185791
-.0697631836
-.0149993896
-.0022277832
-.0108489990
.0037231445
.0073699951
-.0078125000
.0089874268
-.0107421875
.0065155029
-.0398864746
-.0571594238
-.0353240967
.0486297607
.0514221191
-.0519866943
-.0466613770
-.0498657227
-.0530700684
-.0504302979
-.0478210449
-.0313262939
-.0361480713
-.0358886719
-.0171661377
.0046997070
.0024261475
.0008850098
.0013885498
.0011596680
.0013275146
.0015258789
.0011749268
.0014495850
.0007934570
.0009765625
-.0007019043
-.0012207031
.0006256104
.0006561279
-.0007476807
-.0011749268
-.0010986328
.0006256104
-.0010375977
-.0009765625
.0012969971
-.0012664795
-.0008239746
.0011291504
.0011444092
.0006561279
.0010223389
.0007934570
.0008850098
.0008697510
.0025634766
.0019683838
.0009613037
-.0009155273
.0024261475
.0064849854
-.0060119629
-.0101470947
-.0108489990
-.0186462402
.0197753906
-.0026550293
-.0422058105
-.0446472168
-.0460662842
-.0372009277
-.0163726807
.0128326416
-.0568847656
.0525207520
.0558013916
-.0516815186
-.0475006104
-.0446624756
-.0462646484
-.0453491211
-.0579376221
-.0604858398
-.0402832031
.0321960449
.0415496826
.0396270752
.0392303467
.0418701172
.0355834961
-.0339355469
-.0281372070
-.0092468262
-.0055541992
.0027618408
.0136718750
.0494995117
-.0452575684
-.0410461426
.0251312256
-.0080108643
-.0193939209
-.0143127441
.0404510498
-.0530395508
-.0399017334
-.0129241943
-.0023651123
-.0030059814
.0138244629
-.0195312500
-.0236663818
-.0165557861
.0121154785
.0038146973
.0424957275
.0401306152
.0438995361
.0289611816
.0031280518
.0037231445
.0072479248
.0037994385
-.0271301270
-.0235595703
.0146179199
.0117950439
-.0076446533
-.0046691895
-.0030670166
-.0019836426
.0018463135
-.0021972656
-.0014190674
-.0010070801
.0011749268
.0020446777
-.0015258789
.0014038086
.0018157959
.0024871826
.0014343262
.0024719238
.0026702881
.0016326904
-.0061187744
-.0302429199
-.0584106445
-.0517120361
-.0755157471
-.0715179443
.0764160156
-.0913696289
-.0790100098
-.0789337158
-.0725097656
-.0593872070
-.0425262451
-.0670318604
.1006469727
.1141662598
.1284179688
.0986633301
.0987701416
-.0668945313
-.0421295166
-.0305328369
-.0197448730
-.0317535400
.0251617432
-.0176544189
-.0530548096
-.0555877686
.0344543457
-.0337219238
-.0283203125
-.0451049805
.0681304932
.0771331787
.0645599365
.0675964355
.0129089355
-.0043792725
.0155181885
.0302276611
.0637512207
-.0324401855
.0128479004
-.0121154785
.0124206543
-.0073852539
.0588226318
.0595092773
.0288391113
.0273132324
-.0364532471
-.0986175537
.1025695801
.0944366455
-.0376586914
-.0059967041
.0018768311
-.0133361816
.0650024414
.0544891357
.0272521973
.0242919922
.0189971924
.0769653320
-.0908203125
.0971984863
.0956268311
.0287322998
.0676269531
.0422058105
-.0710754395
-.0327148438
.1038055420
.1406555176
.1354370117
-.1021423340
-.0574645996
.0246124268
-.0093994141
-.0399017334
-.0528717041
-.0486602783
-.0229034424
.0082397461
.0074005127
.0384521484
.0807037354
.0702819824
.0648498535
.0404205322
-.0314941406
.0575561523
-.0203247070
-.0045166016
-.0038146973
-.0084381104
.0391082764
-.0839385986
.1194305420
.1183319092
-.1126251221
-.0698242188
.0033264160
.0045928955
.0021362305
-.0202484131
-.0169067383
.0183105469
.0172271729
.0058441162
-.0658874512
-.0717620850
-.0708465576
-.0734405518
-.0759124756
-.0579681396
-.0590972900
-.0414123535
.0199432373
-.0023651123
-.0079193115
-.0104675293
-.0479431152
-.0681915283
-.0495910645
-.0269012451
-.0021209717
.0032196045
.0355072021
-.0405578613
.0512847900
-.0945129395
-.1265716553
-.1143188477
-.1003265381
.1094207764
.1038208008
.0893554688
.0950775146
.1059875488
.0691375732
.0911254883
-.0871887207
.1106262207
.1282501221
.1334381104
.1332855225
.1314544678
.1243133545
-.1302337646
-.0736389160
.0298767090
.0028839111
.0231323242
-.0793457031
.0351715088
.0334167480
.0263519287
-.1115264893
-.1202545166
-.1230468750
-.1106872559
-.1006164551
-.0434570313
-.0546569824
-.0961761475
-.0576171875
-.0178985596
-.0497894287
-.0597534180
.0481719971
-.0595397949
.0481414795
.0499572754
.0530090332
.0617218018
.0780944824
.0912628174
.0692138672
-.0153350830
-.0026092529
-.0103454590
-.0406036377
-.0399475098
-.0402374268
-.0509338379
-.0655364990
-.0881805420
-.0903472900
-.1168975830
-.1218109131
-.1346435547
-.1082611084
-.0384368896
.0086212158
-.0017242432
-.0011749268
-.0012969971
-.0014801025
.0007171631
