-.0327301025
.0463409424
-.0937957764
.0647277832
-.1140594482
.0293884277
.0524444580
-.0918731689
.1044006348
.0952606201
-.0514526367
.0256347656
.0699462891
-.0318145752
-.0103759766
.1520690918
-.1257019043
.0834655762
.0335540771
-.0656433105
-.0756835938
-.0690460205
.0782318115
-.0429534912
.0441589355
.0739898682
.0503540039
-.0316619873
-.1010894775
-.0904541016
-.0977325439
.0620269775
.0137176514
.0684967041
-.0115814209
.0984344482
.0816497803
.0246887207
.0684356689
.0471496582
-.0463409424
.0642395020
.0334625244
.0579528809
.0719757080
-.0311889648
.0184631348
.0306701660
-.0049591064
.0837860107
.0901336670
.0925750732
.0520324707
.0661926270
.0233459473
-.0032653809
-.0308837891
.0693664551
.0679321289
-.0100097656
-.0023651123
.0240325928
.1087341309
-.0870361328
.0705261230
-.0290985107
.0395660400
-.0117797852
-.0233001709
.0308074951
-.0344085693
.0156555176
-.0037536621
-.0019378662
.0020141602
.0022430420
.0078277588
-.0039825439
-.0053863525
-.0019989014
.1018218994
-.0099639893
.0844268799
-.0223999023
-.0856018066
-.0871429443
-.0796203613
.1028289795
.0962371826
.0178680420
.0640258789
.0840148926
-.0598449707
-.0068664551
.0219116211
-.1165924072
.0893859863
.0221099854
-.0155334473
.0860900879
.0554504395
-.1203460693
.0452728271
-.0247955322
.0591278076
.1008911133
-.0333404541
.0679321289
-.0275421143
-.0456085205
.0814514160
.0959777832
.0537872314
.0582275391
.0276489258
.0076446533
.0099945068
-.0145416260
.1074218750
.1282348633
.0148315430
.0227355957
.0124053955
.0793457031
-.0046386719
.0455474854
-.0305328369
-.0375213623
.0961914063
.0850067139
.0153198242
.0707702637
.0848236084
.0164642334
.0377044678
-.0150451660
-.0575561523
.0016632080
.0333251953
.0331268311
-.0149841309
.0071105957
.0367279053
-.0035552979
.0044403076
-.0023651123
.0027923584
-.0033721924
-.0032653809
-.0030212402
-.0030364990
.0024566650
-.0021820068
-.0016174316
.0008697510
-.1458435059
.1142425537
.1287536621
.0071868896
-.0414886475
.0308990479
.0247039795
.0455932617
-.0034332275
-.0881652832
-.0692291260
-.0713500977
.0596008301
-.0184173584
.0560455322
.0615539551
.0626068115
-.0217437744
-.0579528809
-.1140594482
.0807647705
-.0576324463
.0428619385
.0585021973
.0585784912
.0703735352
-.0232543945
-.0213165283
.0279388428
.0965728760
.0687255859
.0372314453
-.0446624756
.0883178711
.0542602539
.0209045410
.0653076172
.0453948975
-.0301513672
.0115966797
.0408630371
-.0225524902
.0201568604
.0917510986
-.0529937744
-.0453643799
.0389862061
-.0758514404
.0641784668
.1011657715
.0576782227
-.0146484375
.0660400391
.0818634033
-.0192260742
-.0086822510
.0247802734
-.0820617676
.0639495850
.0516357422
.0044250488
-.0182495117
-.0018463135
-.0034332275
-.0030059814
.0037078857
.0040283203
.0034179688
-.0031433105
-.0018615723
-.0011596680
.0534820557
.0686035156
-.0221557617
-.0799865723
.0619049072
-.0049591064
-.0594787598
.0509338379
.0046691895
.0942687988
.0785522461
.0538330078
.0704650879
-.0668334961
-.0292968750
.0110321045
.0886535645
.0441436768
.0160217285
.0575408936
.0577697754
-.1024017334
.0775146484
.0287017822
.0415649414
-.1067504883
-.0688476563
-.0249481201
.0087127686
.0120849609
.0615234375
-.0655364990
-.0644226074
-.0430603027
-.0027160645
-.0886230469
.0752258301
-.0119934082
.0073547363
.0285644531
.0180358887
.0173187256
-.0172271729
-.0085144043
-.0018005371
.0014801025
-.0019989014
.0026550293
-.0027313232
-.0023345947
.0022735596
.0014648438
-.0017242432
.0122528076
.1215820313
.0810699463
.0232238770
-.0243225098
.0481719971
.0719909668
.0784759521
.1049499512
.0569915771
.0394439697
.0311431885
-.0150451660
.0968780518
.0806121826
.0586090088
.0601654053
-.0093688965
.0720520020
-.0071716309
.0136108398
.0615997314
.0455017090
.0188751221
-.0697174072
.0385131836
.0438537598
.0456695557
.0429992676
-.0357055664
-.0042266846
-.0226745605
-.0888366699
.0608367920
-.0500793457
.0395050049
.0436401367
.0062866211
-.0182952881
.0522766113
-.0408325195
.0448150635
.0170440674
.0484466553
.0397186279
.0231018066
-.0153961182
-.0106811523
.0032348633
-.0178680420
-.0013732910
-.0009918213
-.0005950928
.0001373291
-.0001678467
.0001068115
.0001678467
-.0003204346
.0000915527
.0038604736
.0029602051
.0017547607
.0136718750
-.0925445557
-.1101531982
-.0908050537
-.0920257568
-.0270843506
.0887451172
.0687255859
-.0569763184
.0407104492
-.0117492676
-.1000366211
-.0717010498
.0191192627
-.0123291016
-.0759735107
.0393981934
.0031280518
-.0093841553
.0965270996
.0397644043
.0367584229
-.0075073242
-.0049896240
-.0155944824
-.0018005371
.0013122559
-.0012207031
.0205535889
-.0933990479
-.0727081299
.0728607178
-.0151977539
.0590820313
.0610809326
-.0592193604
.0682067871
.0664825439
.0820312500
.0271606445
.0695800781
.0538635254
.0538024902
-.0100555420
.0974121094
-.0176391602
-.0025634766
.0016479492
-.0281524658
.0357971191
-.0602264404
-.0105895996
-.0104522705
-.0490570068
-.0957794189
.0688781738
.0484466553
.0587005615
.0364837646
.0424652100
-.0200805664
.0631408691
.0684509277
.0437469482
-.0073699951
-.0019531250
-.0202484131
-.0727691650
.0896301270
-.0174407959
.0142059326
.0178985596
-.0068054199
.0011749268
.0001068115
-.0001678467
-.0000915527
.0001220703
.0001831055
-.0004882813
.0003814697
.0001678467
-.0135803223
-.0937500000
-.0144500732
-.0989685059
.0984497070
-.0549774170
-.0837249756
-.0540161133
-.0515441895
-.0225830078
.0555725098
.0419158936
-.0511932373
.0423278809
-.0385284424
-.0217895508
.0679168701
.0451965332
.0178070068
-.0034790039
.0793609619
.0647125244
.0422515869
.0924987793
-.0644683838
-.0494842529
.0095977783
.0817565918
.1005249023
.0676116943
-.0684051514
.0647735596
.0279846191
-.0148315430
-.0105438232
.0880889893
.0846862793
-.0235443115
.0611419678
.0367431641
.0254669189
.0296325684
.0589141846
.0650482178
-.0748748779
-.0482940674
-.0015869141
-.0061035156
-.0701141357
.0257263184
-.0176239014
.1116943359
.0858612061
.0556488037
.1071319580
-.0486145020
.0047912598
.0175018311
-.0392761230
.0743408203
-.0331726074
.0804138184
.0952758789
.0700683594
.0665893555
-.0984802246
-.0711212158
-.0545959473
-.0462188721
.0746765137
.0698089600
-.0309143066
.0189819336
.0982666016
.0189056396
-.0090026855
-.0201110840
.1254577637
-.0044250488
-.0297088623
.0264739990
-.0021514893
-.0013275146
-.0017242432
.0016784668
-.0026397705
.0036926270
-.0022583008
-.0028991699
.0025787354
-.0025939941
-.0032806396
-.0232849121
.0037078857
.0018157959
.0019531250
.1197814941
-.0551147461
-.0781707764
-.0999908447
-.1116180420
-.1055908203
-.0799255371
-.0797576904
.0683288574
.0334167480
.0260925293
.0337219238
.0281982422
-.0240173340
-.0868072510
-.0912322998
.0091400146
.0427551270
.0682830811
.0501403809
-.0300903320
.0585327148
-.0062103271
.0281829834
-.0415344238
.0061950684
-.0471801758
.0903625488
.0593719482
.0084991455
.0311279297
-.0274047852
-.0177612305
.0328369141
.0826416016
.0615234375
.0278320313
.0284118652
-.0186462402
-.0031738281
-.1031646729
-.0730133057
.0089721680
-.0020599365
-.0047912598
.0019531250
.0018463135
-.0026855469
-.0015869141
.0015411377
-.0018920898
-.0021362305
-.0028381348
-.0024719238
.0029754639
-.0018463135
.0397338867
-.0893707275
-.0530395508
-.0490112305
-.0691375732
.0686187744
-.0209655762
.0767517090
.0080413818
.0044250488
.0011749268
-.0015869141
.0015106201
-.0018768311
-.0012664795
.0502319336
.0037231445
-.0453338623
-.0193176270
.0271453857
-.0314483643
-.0548553467
-.0512084961
-.0238952637
-.0027160645
.0025634766
-.0014953613
.0297546387
-.0033874512
-.0177154541
.0728912354
.0973510742
.0839843750
-.0491180420
.0341033936
-.0215911865
.0108184814
.0408782959
.0634765625
.0438690186
-.0390167236
.0134429932
.0588989258
.0696716309
.0052795410
-.0145568848
-.0047607422
-.0025329590
-.0016937256
.0023193359
-.0022125244
-.0049285889
-.0065002441
-.0027923584
.0019989014
-.0017089844
-.1425628662
.1141815186
-.0867004395
.0443725586
-.0147247314
.1103668213
-.0365447998
.0667114258
.1110229492
.0894012451
.0570068359
-.0273284912
.0672149658
.0986328125
.0387115479
.0482482910
.0553588867
.0342712402
-.0460357666
-.0131683350
.0144805908
-.0233917236
.0020599365
.0640411377
.0827941895
.0619659424
-.0813140869
-.0100250244
.0252227783
.0528564453
.0379028320
-.0126495361
-.0323944092
-.0019226074
.0199737549
.0748596191
.0537261963
.0776672363
-.0350341797
.0758056641
.0884552002
.0873107910
-.0259246826
.1006469727
.0817108154
.0518035889
.0655670166
.0429992676
.0219726563
.0686187744
.0749359131
-.0662078857
-.0041351318
-.0619659424
-.0279388428
.0026245117
.0944366455
.0131072998
.0254974365
.0256195068
-.0178222656
-.0016479492
-.0019226074
.0030975342
.0019989014
-.0026550293
.0027618408
-.0030517578
.0032043457
-.0027770996
.0030364990
.0031890869
-.0036621094
-.0012054443
.0838928223
-.0102386475
-.0999908447
.1620483398
-.0685729980
.0587615967
.0898437500
.0310516357
.0220336914
-.0804595947
-.0268707275
-.0877838135
.0718688965
.0603942871
.1007843018
-.0237579346
-.0979156494
-.0893096924
-.0063323975
.0579528809
.0712738037
.0178833008
.0677032471
.0548858643
.0267639160
.0551300049
-.0485534668
-.0394287109
.0098724365
-.0337524414
-.0796661377
.0711975098
.0468750000
-.0257110596
.0864257813
.0516052246
-.0552825928
-.0059509277
-.0107116699
.0314941406
.1016845703
.0753784180
-.0340728760
.0229949951
.0503234863
.0539703369
-.0492858887
.0367431641
-.0771636963
-.0092620850
.0945892334
.0683441162
.0502471924
.0029754639
.0618591309
.0549774170
-.0294799805
-.0228576660
.0292816162
-.0344238281
.0235748291
-.0017852783
.0029144287
.0024719238
.0030822754
.0047607422
-.0058746338
-.0051116943
-.0031585693
.0142517090
.1139984131
-.0324096680
.0635223389
.0863189697
-.0479125977
.0800781250
-.0064544678
.1073913574
.1048431396
.0686187744
-.0238037109
.0129089355
.0987091064
-.0563507080
-.0180053711
-.0085906982
.0858459473
.0845489502
-.0804901123
.0602416992
-.0198822021
.0421142578
-.0199584961
.0388488770
.0238342285
.0962066650
.0639343262
.0404815674
-.0090942383
.0318145752
-.0321502686
.0107879639
-.0985870361
.0201873779
.0082855225
-.0876922607
.0484924316
-.0177612305
.0086669922
.0022277832
-.0023193359
-.0030364990
.0019531250
.0025482178
-.0023345947
.0027465820
-.0027618408
-.0022888184
.0019989014
.1448364258
-.0311889648
.0802459717
.0050354004
-.0023498535
.0653533936
.0710144043
.0450592041
-.0143432617
-.0411529541
-.0067901611
.0941162109
-.0158386230
-.0160980225
-.0053863525
.0301513672
.0850219727
.0636138916
.0388031006
-.0102844238
-.0024566650
.0789489746
.0770263672
.0209350586
-.0155487061
.0193328857
-.0143280029
-.0327301025
-.0185089111
-.0236968994
.0391693115
-.0028076172
-.0502624512
-.0532989502
-.0494537354
-.0103912354
-.0026550293
-.0014648438
-.0033416748
.0535583496
-.0737762451
.0134887695
.0021972656
.0492401123
.0864562988
.0457153320
.0701293945
-.0098419189
.0193176270
.0978240967
.0850982666
.0316162109
.0280303955
-.0459747314
-.0396423340
.0365905762
.0690612793
-.0874786377
.0209045410
.0477600098
.0345916748
.0468139648
.0505371094
-.0162506104
-.0156707764
-.0136566162
-.0044403076
-.0013427734
-.0029907227
-.0012969971
.0024566650
-.0021057129
-.0019531250
.0020599365
.0031738281
.0023803711
-.0033721924
-.0015869141
.0532073975
-.0906219482
-.0681304932
.0452423096
.0198211670
.0129089355
.0878143311
-.0198364258
.0024719238
-.0662078857
-.0480194092
-.0431060791
.0391082764
.0681915283
.0723876953
.0231781006
.0505065918
.0436553955
.0712585449
.0767211914
-.0111389160
.0784606934
-.0279846191
-.0348358154
-.0825958252
-.0418243408
.0517425537
.0470275879
.0036773682
-.0460815430
.0405273438
-.0649261475
.0110321045
-.0324707031
.0432434082
-.0171966553
.1116485596
-.0510711670
-.0105133057
-.0077362061
.0220336914
.0022277832
-.0016479492
-.0202941895
-.0760650635
-.0656585693
.0580749512
-.0452423096
.0383300781
.0074920654
.0031127930
-.1095886230
-.0670776367
.0540771484
-.0224456787
-.0164947510
-.0296325684
.0796203613
.0544433594
.0696563721
.0744781494
.0766754150
.0595397949
-.0207214355
.0222015381
-.0023803711
.0026092529
-.0016326904
-.0163269043
.0360412598
.0863037109
-.0105133057
-.0126190186
.0102081299
.0736999512
.0621185303
.0581207275
.0650024414
-.0307769775
.1093750000
.0763244629
-.0318756104
-.0449523926
.0258178711
-.0168304443
.0022583008
-.0189361572
.0019226074
.0019836426
-.0039978027
-.0034332275
-.0033264160
.0017547607
-.0026245117
-.0031585693
-.0037384033
.0024261475
.0023956299
-.0033721924
