-.0024871826
.0040740967
.0042114258
-.0053710938
-.0091705322
-.0106506348
.0119476318
.0117950439
-.0087280273
-.0189666748
-.0207672119
.0167999268
-.0239562988
-.0219879150
.0198211670
.0177001953
.0233306885
.0292205811
.0275878906
-.0187683105
.0377502441
-.0318756104
-.0251770020
.0235595703
-.0274353027
.0348052979
.0439910889
-.0382995605
-.0386505127
-.0251464844
.0312957764
-.0338897705
.0429229736
.0594940186
-.0334930420
.0486755371
.0411682129
.0471496582
-.0301971436
-.0323486328
-.0418395996
-.0304260254
-.0403747559
-.0427551270
-.0207366943
-.0410766602
-.0448303223
-.0314331055
-.0379333496
-.0291748047
.0340881348
-.0318145752
-.0315551758
-.0301361084
-.0276489258
.0211181641
.0309448242
.0377502441
.0391235352
.0370025635
.0320434570
-.0372009277
.0291442871
.0195465088
.0261535645
.0343627930
.0181579590
.0376586914
-.0251312256
-.0215301514
.0337524414
-.0241546631
.0269470215
-.0289916992
.0300140381
-.0238952637
.0407867432
-.0352630615
-.0338134766
-.0437316895
.0296478271
-.0414581299
.0516357422
-.0338592529
-.0224304199
.0228424072
.0211639404
.0163116455
.0182189941
.0272064209
.0168609619
.0193634033
.0206298828
.0175476074
.0225524902
-.0279235840
.0246276855
.0366668701
.0521087646
.0535278320
.0997772217
-.2662200928
-.1194000244
-.2139587402
.1472930908
-.0600738525
.0286712646
-.0565948486
.0412750244
-.0343475342
.0343780518
.0279998779
.0246887207
.0273742676
.0287170410
-.0222167969
-.0245666504
.0263214111
-.2857818604
-.1806488037
-.1734466553
-.2156219482
-.2162628174
-.0962677002
-.1650085449
-.0901641846
-.0652160645
-.0811920166
-.1946258545
-.0399627686
-.1257324219
.1493072510
.0348663330
-.1084442139
-.1614837646
-.1997528076
-.0786590576
-.0491180420
-.1051025391
-.0906829834
.0768585205
-.0279083252
.0381927490
.0279541016
-.0251770020
.0319519043
.0273895264
.0291442871
-.0374450684
-.0314941406
-.0355834961
-.0372619629
-.0230865479
-.0288696289
.0205383301
-.1617431641
-.1322021484
-.1153564453
-.1040802002
-.1062774658
-.0437927246
-.1520080566
-.1414947510
-.0838317871
-.0911102295
-.0542449951
-.1302337646
-.0721588135
.0435333252
-.1307067871
-.1401824951
-.0601501465
.0543670654
.0261688232
.0287170410
.0145263672
.0459136963
-.1635437012
.1433258057
-.0524444580
-.2676544189
-.1572723389
-.0890045166
-.0799102783
-.0312194824
-.0290985107
-.0273895264
-.0378112793
-.0508880615
-.0304870605
-.0334777832
-.0312347412
-.0524902344
.0317535400
-.0258789063
.0347595215
.0285034180
.0329132080
-.0272979736
.0298461914
.0281066895
-.0232849121
.0296478271
-.0254669189
.0228118896
.0219573975
-.1833496094
-.0286102295
-.1729125977
-.1501159668
-.0811157227
-.0431976318
.0198822021
-.0237731934
-.0187530518
-.0199890137
-.0321197510
-.0854339600
-.1818695068
.0285034180
.0252838135
-.1059112549
-.0243225098
-.1259460449
-.1427307129
-.1782226563
.0798339844
.0728759766
.0401306152
-.1062469482
-.0382843018
-.1202545166
-.1147918701
.0460815430
.0262603760
-.0574798584
-.0641632080
.0498199463
-.0294647217
.0311889648
.0354919434
.0317535400
-.0237121582
.0183105469
.0237426758
-.0203704834
-.0221557617
.0239410400
.0342102051
.0196533203
.0284423828
-.0292358398
-.0199584961
.0202636719
-.0296783447
-.0276336670
.0328826904
.0836944580
-.0569915771
-.1479949951
-.0408477783
-.2037506104
-.1276092529
.0507812500
.0721588135
.1720581055
.0268249512
-.1751403809
-.2201843262
-.0702056885
-.0529785156
.0741424561
-.2243347168
.0625915527
-.0288543701
.0304870605
.0260314941
.0209197998
.0276184082
-.0198059082
-.0149841309
-.0225677490
.0229644775
.0196228027
-.0250091553
.0265808105
-.1012573242
-.1645507813
-.1705474854
.1391143799
.1475524902
-.2887420654
-.1713867188
-.1253662109
.0341186523
-.1238250732
-.0916595459
-.0890960693
-.2555694580
-.1736602783
-.2046356201
-.0894317627
.0461578369
.0237579346
-.0207061768
.0173797607
-.0094146729
.0140991211
-.0157928467
.0179901123
.0171966553
.0196228027
-.0184173584
.0185852051
-.0223083496
.0244903564
-.0185852051
-.0407409668
-.0366210938
.0626220703
-.0263977051
-.0198516846
.0446472168
-.1334838867
-.1505584717
-.1180419922
-.0801239014
.0594940186
.0413208008
-.0466308594
-.1995239258
-.1225891113
-.1741943359
-.0199279785
.0269317627
-.0689697266
.0795898438
.0626678467
-.0282592773
-.0209655762
.0165710449
.0273284912
-.2062683105
-.1033020020
-.0240478516
.0305786133
.0758972168
.0979614258
.0570678711
.1110534668
-.1184539795
-.1145629883
-.1276702881
-.1472473145
-.1359710693
.0830841064
-.0668640137
.0408325195
-.0345001221
-.0227050781
-.0270233154
.0212402344
-.0218658447
.0279388428
-.0285339355
-.0314483643
-.0296783447
-.1819915771
-.1336364746
-.1148223877
-.2030639648
-.0387725830
-.0424499512
-.0359649658
.0809020996
.0646057129
.1891326904
.1589202881
-.2382507324
-.3258514404
.0587158203
-.1637725830
-.1821899414
-.0512695313
.0823211670
.0441589355
.1008605957
-.2246246338
-.0388641357
-.0428314209
.0260467529
.0281372070
.0299072266
-.0195312500
-.0188446045
-.0323181152
.0267639160
-.0206756592
-.0274810791
.0267944336
.0180816650
.0265350342
-.0226745605
.0208892822
-.0339202881
.0493927002
.0404357910
-.0938262939
.2075042725
-.1592407227
-.2489929199
-.0692291260
-.2089385986
-.1787414551
-.3117675781
-.2591247559
-.1384735107
.0461273193
-.1191406250
-.0671844482
-.2181854248
-.0505676270
.0300598145
-.1444396973
-.0210876465
.1508941650
.0170745850
-.2199859619
-.2319641113
-.1485443115
-.0312347412
-.0263824463
-.0927581787
-.0733337402
-.0230865479
-.0121459961
.0152587891
.0251922607
-.0170898438
-.1555786133
-.0392456055
-.2442474365
-.0913391113
-.1044311523
-.0257415771
-.0857391357
-.2378234863
-.1454467773
.1327209473
-.1228790283
-.0810852051
.0354766846
-.1686096191
.1253509521
.0405578613
-.0275726318
.0157775879
-.0155944824
-.0300750732
-.0284881592
.0166778564
-.0232849121
.0283050537
-.0194396973
.0236663818
.0168914795
-.0241851807
-.0294952393
-.0227203369
.0202941895
.0270233154
-.0190734863
-.0184478760
-.0179443359
-.2263641357
-.2890167236
-.0806884766
-.3211364746
-.0780181885
-.1053771973
.1005554199
-.2723541260
-.1482849121
.0310058594
-.2552795410
-.0735015869
.0240325928
.0196380615
-.0209197998
.0141448975
.0124816895
.0987091064
.0350646973
-.2114105225
-.1696929932
.1761627197
.0332641602
-.1910552979
-.0814971924
.0547485352
.0834045410
.0833435059
-.0162963867
.1818237305
.1520080566
.0137176514
.0743560791
-.1962280273
-.1950225830
-.2271575928
.1436767578
-.0314788818
-.1418457031
-.1122589111
.1244659424
-.0861663818
.0551605225
.0561981201
-.0378723145
.0364227295
-.0300445557
-.0311279297
.0393676758
.0384979248
-.0484008789
-.0406036377
.1484680176
.1744842529
.1572265625
.1499023438
-.2545776367
-.2188873291
.0361328125
-.0251617432
-.0231781006
-.0209655762
.0227203369
-.0382080078
.0268554688
.0875549316
-.1456909180
-.2573852539
-.1108398438
.0482940674
-.0834197998
.1241912842
-.0799713135
-.1495513916
-.1511993408
.0331420898
.1391448975
.0789489746
.0308074951
.1354370117
.0729370117
-.0495605469
-.1210174561
.0895538330
.0235595703
-.1719055176
-.1473693848
.1279449463
-.0340270996
-.1082458496
.0327911377
.0274505615
.0513153076
.1201171875
.1213073730
.1066284180
.0648498535
.0251159668
-.0991668701
.0630950928
-.0479736328
.0186767578
.0212249756
.0161743164
-.0216064453
-.0201110840
.0305023193
-.0298767090
.0308837891
.1293640137
.0930786133
-.0532989502
.1720275879
.1571960449
.0748748779
-.1092681885
.0633392334
.0393981934
.0944366455
-.0701141357
.1438140869
-.1511688232
.0413665771
.0909576416
.1151733398
.1293182373
-.0363616943
.1616210938
.0657196045
.1198883057
-.0570068359
.0341033936
.1114349365
.0590515137
.0890808105
.0370941162
-.0238647461
-.0793609619
.0651550293
-.0397796631
.0541687012
.0419311523
.0381927490
.0233764648
-.0377960205
.0426788330
-.0260772705
-.0387420654
-.0832214355
-.0274047852
-.1676177979
-.0713806152
.0523071289
.0865173340
.0777435303
.0436401367
-.2267913818
-.1556396484
.0375518799
-.0298156738
-.1396636963
-.0944976807
.0368194580
-.1137084961
-.2135009766
.1074218750
.0711364746
.0785522461
.0550384521
-.0289459229
-.2017822266
-.1577453613
.0410003662
.1191558838
-.1188659668
.0257873535
.0434722900
-.1301574707
.0815124512
.1193389893
.0559844971
.1058044434
-.1035614014
-.0253448486
.0634002686
-.1303558350
.0826110840
.0846710205
-.1010742188
.0775909424
.0447387695
-.1160888672
.0787200928
-.0550231934
.0740814209
.0428009033
.0478515625
-.0790252686
.0426788330
-.0431976318
.0467529297
-.0397491455
.0668487549
.1392669678
-.0388183594
-.1912536621
-.2195281982
.0751800537
.1152648926
-.0914306641
-.0322723389
-.1968078613
-.1431884766
.1089477539
-.1225433350
-.0300750732
.0472106934
-.0301818848
.0345916748
-.0460510254
-.0651397705
.0487060547
-.0700073242
-.1391906738
-.0995941162
-.0382232666
.1121063232
-.1142425537
-.0497741699
-.0437164307
.0769805908
.0375671387
.1333770752
.0706481934
-.0800628662
.1227874756
-.0845336914
-.0643615723
.0599212646
.0374908447
-.1380767822
-.0379028320
.1018676758
-.1110229492
-.0406494141
-.1669769287
.1093292236
-.0366668701
.0677642822
-.0985260010
-.0495452881
-.0501708984
.0599822998
.0375671387
.0392761230
-.0473022461
-.0455474854
.0284881592
-.0229034424
-.0476226807
-.0498962402
-.1259918213
-.0426330566
-.2413635254
.1392211914
-.2362670898
.1551361084
.0677032471
-.0755462646
-.1531677246
-.1452331543
-.1182556152
.0585174561
-.1368865967
-.0498199463
-.3320770264
-.1087341309
-.1332550049
-.2217407227
.0496520996
.2203674316
.1817321777
.1290588379
.1112213135
.0552368164
-.0530548096
-.0757904053
-.1725769043
-.0540313721
.2138519287
-.1010284424
.0577697754
.1290130615
-.1929473877
-.3094024658
-.2549133301
.0561523438
-.2133483887
-.2489624023
-.1499023438
-.0639190674
-.0359649658
-.0543670654
-.0368347168
-.0469512939
-.0393676758
.1420135498
.1738128662
.1087036133
.1546936035
.1243133545
.0480957031
.1095733643
-.0400390625
-.0384674072
.0327148438
-.0490570068
-.0406494141
-.0833587646
.1027374268
.1899414063
.1690063477
-.1468658447
.0379638672
.1208648682
.0782012939
-.1544952393
.1032562256
-.0966491699
.0557861328
.0496215820
-.0662689209
-.1484527588
-.0909423828
-.0431671143
-.0344848633
.0292816162
.0521850586
-.0293731689
.0244140625
.0315399170
.0252380371
.0256805420
-.0252838135
.0313415527
-.1849975586
-.0576934814
-.1017608643
-.2894592285
.2463531494
.1931152344
.1015930176
.2288360596
-.2173004150
.1146240234
.0479736328
-.1089324951
.0840148926
-.0243682861
-.1508941650
-.0464782715
-.0436553955
-.1171417236
-.1190338135
-.1317596436
-.1468048096
-.1431884766
-.0362396240
-.0713043213
.0839385986
.1164703369
.0366058350
-.1191864014
-.0728149414
-.1254272461
-.0935058594
-.0448913574
.0852355957
.0311279297
-.0460510254
.0790557861
-.1060180664
.0494537354
-.0380096436
.0746917725
-.1378936768
-.1228942871
-.0788879395
.0351257324
.0571746826
.0556335449
-.0354003906
-.0246124268
-.0384826660
-.0284729004
.0305175781
-.0389862061
-.0283050537
.0292053223
-.0280303955
-.0375976563
.0337982178
.0265808105
.0264282227
-.0493927002
.0388488770
.0456542969
-.0482025146
.0337677002
.0307006836
-.0316772461
.0354766846
-.0349884033
-.0289306641
.0354309082
.0351867676
-.0361175537
-.1131896973
.1420898438
.1675872803
.0567474365
-.3072662354
-.4604034424
-.3029937744
-.3234863281
-.1720123291
-.4006652832
-.4615173340
-.0988311768
.0557556152
-.5000000000
-.5000000000
.2644195557
.3172760010
.2411804199
.0737457275
.2296905518
-.3445587158
-.2264404297
-.2149810791
-.1619567871
-.0343933105
.0897521973
.0435180664
-.0557098389
-.0382385254
-.0433654785
-.0397186279
.0397796631
.0225982666
.0209045410
-.1720428467
.0859985352
-.1027526855
-.2504272461
.1274108887
-.0363769531
.0227355957
.0797424316
.0287322998
-.1279602051
.1151428223
.0661163330
-.1404113770
.1049652100
-.1296234131
-.1338043213
.0963439941
-.0318603516
-.0342254639
.1019744873
.0453338623
.0278015137
-.0359649658
.0411224365
-.0244598389
.0179901123
.0232391357
.0230102539
-.0195922852
-.0309295654
-.0268402100
-.0276794434
-.0252685547
.0473937988
-.0360107422
.0277862549
-.0241851807
.0265502930
-.0225219727
-.0231018066
.0254669189
-.0185699463
-.0216064453
-.0259552002
.0277862549
.0251617432
-.0225372314
.0250396729
.0154266357
.0192565918
-.0197753906
.0206146240
.0149993896
.0115051270
.0082397461
.0107421875
.0089721680
.0075378418
.0056152344
-.0100097656
.0076141357
-.0052490234
.0064239502
-.0065307617
-.0055084229
-.0038146973
.0039978027
.0041809082
.0057373047
.0034332275
-.0043792725
-.0044250488
.0043487549
-.0030212402
.0022888184
-.4006652832
