.0062408447
-.0164337158
-.0682678223
.0409240723
.0830535889
-.1624755859
-.0737762451
-.1592407227
.1221008301
.0447692871
-.0036621094
-.0023193359
.0013580322
.0015563965
-.0011901855
.0102539063
.0271453857
-.0028839111
-.0022735596
-.0048370361
.0021972656
.0028991699
-.0021057129
-.0190887451
.0111236572
-.2254333496
-.1184234619
.0973205566
-.2243499756
-.1023864746
.0603637695
-.0523071289
-.1397857666
-.0496063232
.0442047119
-.0614929199
-.0482635498
-.1484527588
.0262756348
-.0835571289
-.1047973633
-.0072631836
-.0539398193
-.1063385010
-.1638641357
-.1350250244
.0316467285
.0183868408
-.0749511719
-.0647430420
.0660400391
.0155487061
.0266265869
.0194091797
.0072326660
-.0016021729
.0009155273
-.0029144287
.0048522949
-.0077972412
-.0032958984
.0031738281
.0017547607
-.0018920898
-.0015106201
-.0022430420
-.0009307861
-.0007934570
.0482025146
-.1009368896
-.0841217041
.0368957520
-.0691680908
-.0669708252
.0238952637
-.1111907959
-.1143188477
-.0701751709
-.0767211914
-.0120086670
-.0262756348
-.0877685547
-.0638427734
.0372924805
.0198059082
-.0925598145
-.1085357666
.0335845947
.0332641602
.0133972168
-.0115966797
-.0188598633
.0242919922
-.0155181885
.0085144043
-.0026397705
.0009002686
.0008697510
-.0007171631
-.2434692383
.0927734375
-.1039886475
.0205230713
-.1928405762
-.1457672119
-.0634613037
-.0546417236
-.0307464600
.0032196045
.0017089844
.0007934570
.0008392334
-.0018768311
.0032043457
.0029449463
-.0009613037
.0009307861
.0037841797
.0039520264
-.0039215088
-.0024414063
-.0022430420
.0017852783
.0023498535
.0012512207
.0012969971
-.0007019043
-.0009307861
.1341705322
.0129547119
-.0308074951
-.1685791016
-.1070556641
.0464935303
.0232238770
-.0030822754
.0013732910
.0004425049
-.0005187988
.0004272461
-.0023803711
-.0133056641
-.1387634277
-.0353546143
.0031738281
-.0337219238
-.0634307861
-.0019836426
-.0636291504
-.0998687744
-.1480407715
-.0936431885
-.0137786865
-.0628204346
.0138854980
.0147552490
-.0012969971
-.0570831299
-.0871429443
-.0628509521
-.0176696777
-.0015258789
.0044708252
-.0465087891
.0393524170
.0332946777
.0026550293
-.0052947998
-.0179290771
-.0075225830
-.0008697510
.0013885498
-.0006713867
.0004730225
.0006103516
-.0008697510
-.0004119873
.0010681152
-.0005798340
-.0006408691
.0006103516
-.0003662109
-.0005493164
.0006408691
.0013885498
-.0006256104
.0010681152
-.0018920898
.0542907715
-.0460815430
-.0179901123
.0715026855
.0162048340
-.1959991455
-.0730285645
.0182037354
.0669708252
.1186218262
.0935974121
-.0232543945
-.1118927002
-.1482086182
-.0413208008
-.0503692627
-.0896606445
-.1303253174
-.1215362549
.0227813721
.0128021240
.0133361816
-.0118103027
-.0013885498
.0014190674
-.0009460449
-.0009002686
-.0008850098
-.0009002686
-.0008850098
.0005798340
.0008239746
.0045928955
-.0130157471
-.0462493896
-.0447845459
-.1247406006
.1032104492
.0812683105
-.1508789063
-.2093811035
-.1007690430
-.1472320557
-.0242156982
.0309143066
-.0887451172
.0479583740
-.0579071045
-.1772766113
-.0556488037
-.1543579102
-.1263580322
.0559082031
.0299072266
.0067138672
.0013275146
-.0009613037
-.0032043457
.0013732910
.0008239746
-.0010070801
-.0007324219
-.0009155273
.0006256104
.0009918213
-.0007629395
.0021057129
.0013580322
.0318756104
-.0039215088
.0371856689
.0213623047
.0347290039
-.0464172363
.0193634033
.0005950928
.0181427002
-.0895690918
-.0954437256
-.1099853516
-.0774841309
-.0656433105
-.0511016846
.0373687744
.0087127686
-.1127929688
-.1247711182
-.0828552246
-.0959777832
.0375823975
.0259704590
.0091400146
-.0529785156
.0562896729
.0433044434
.0122680664
-.0005645752
-.0009613037
.0004882813
.0646667480
.1568450928
-.0614776611
.0390930176
-.0028381348
-.0254669189
.0697021484
.0642089844
.0302124023
.0759277344
-.0780334473
-.0781097412
.0664825439
-.0781860352
-.1098175049
-.1071319580
.0485229492
.0327606201
-.0374755859
-.0107421875
.0106811523
.0074310303
-.0009918213
-.0008850098
-.0011291504
.0007629395
-.0006408691
-.0005340576
.0012817383
.0119476318
.0878753662
-.1179962158
.0512847900
-.0809020996
.0910949707
.0218963623
-.0357055664
.0027008057
.0610961914
-.0409393311
-.0435333252
.1242218018
.0832824707
-.2128143311
-.1178588867
-.2013854980
-.0140380859
-.1284637451
-.1292266846
.0158386230
-.0942382813
.0430908203
.0436553955
-.1101989746
-.1475524902
.0068206787
-.0274200439
-.0044250488
.0012512207
-.0008697510
.0008544922
-.0009002686
.0007934570
-.0009155273
-.0007324219
.0006256104
-.0010223389
-.0006256104
.0011444092
.0009460449
.0008697510
-.0017852783
-.0013732910
-.0013427734
-.0006561279
-.0011444092
-.0007629395
.0039825439
.1694183350
.1596527100
-.1256713867
-.1744079590
-.0493316650
-.1551208496
.0307006836
-.1257476807
-.2253875732
-.1518554688
.0929260254
-.0811157227
-.1022491455
-.0551757813
-.1788330078
.0373687744
-.0393371582
.0025787354
-.1206665039
.0077362061
-.0140533447
.0321502686
.0181884766
-.1546173096
-.1644134521
-.1206207275
-.0327453613
.0175781250
-.0339202881
-.0603179932
-.0431518555
.0113983154
.0023956299
-.0015563965
-.0009918213
-.0041046143
.0070495605
-.1145172119
-.0299377441
.1323089600
.1012115479
-.1298522949
-.0653076172
.0097045898
-.0580139160
-.1887969971
-.1047668457
-.0104217529
-.1195678711
-.0986633301
-.0536346436
.0529632568
.0209808350
.1171417236
-.0102844238
.0209808350
.0058593750
-.0014648438
-.0009460449
.0014343262
.0009155273
.0008087158
-.0005645752
-.0008239746
-.0009155273
-.0009155273
-.0006866455
-.0009765625
.0007476807
.0008697510
-.0007324219
.0007629395
.0006713867
.0010528564
-.0008544922
.0010833740
.0014801025
-.0021209717
-.0565032959
-.2302551270
-.1530609131
-.1476593018
-.1612243652
.0482177734
-.0794525146
.1346435547
.1187896729
-.1339111328
-.0974884033
.0471038818
-.1722717285
-.0672149658
-.0156097412
.0015563965
-.0007781982
-.0008239746
-.0006256104
-.0010681152
-.0733184814
-.0166015625
-.1275177002
-.1381378174
-.0888366699
-.1107177734
-.0025177002
-.1272430420
-.1007995605
-.0568389893
-.0939636230
.0572509766
.0557556152
-.0023651123
.1592407227
.1412048340
.0969238281
.0317840576
.0301666260
-.1483764648
-.0893859863
-.1660003662
-.0795745850
-.0151824951
-.0118713379
-.0908355713
-.0747070313
-.0791778564
-.0701446533
.0350799561
.0264587402
-.0298461914
-.0099487305
.0007629395
.0010833740
-.0013427734
-.0010070801
.0007629395
.0009765625
-.0058441162
-.0233917236
.0148162842
-.1011199951
-.0463867188
-.1159820557
.1340637207
-.1906433105
-.1787872314
.0173645020
-.0091552734
.0027160645
.0018920898
-.0013275146
.0007629395
.0099029541
-.0160522461
-.0701446533
.0675201416
-.1413574219
-.1938781738
-.1326599121
.0173950195
-.1191558838
.0513305664
.0816650391
-.0986328125
-.1048736572
-.1103363037
.0281677246
.0888671875
.0865783691
-.0496063232
-.0019378662
.1046447754
.0813140869
-.0472717285
.0854949951
.0482940674
.0582580566
.0030975342
-.0894317627
-.1163787842
-.1232604980
-.0171813965
-.0980987549
.0449981689
.0230102539
.0200805664
-.0039215088
.0705718994
.0780181885
.0908966064
.0574951172
.0376739502
.0042266846
-.0785827637
-.0567779541
.0293731689
-.0151367188
-.0018005371
.0014038086
.0043487549
-.0028228760
.0053710938
.0034332275
-.0010681152
-.0034790039
.0107727051
.0581512451
.0637207031
.0790100098
.1295471191
.1286468506
.1162719727
.0795593262
.0543365479
-.1164550781
-.0073547363
.0677795410
.0634307861
-.0528259277
.0925903320
.0966186523
.0871582031
.0296020508
.0772705078
.0772857666
.0930938721
-.0119018555
.0887451172
.1063537598
.0327453613
.0717620850
.0272369385
-.0218963623
-.0855255127
.0634155273
.0423126221
-.0648956299
-.0319976807
-.0150451660
-.0560913086
-.0456237793
.0352020264
.0215148926
.0118713379
-.0016479492
-.0007629395
-.0049133301
.0043640137
-.0029602051
-.0012969971
.0011138916
-.0118255615
.0552520752
.0041503906
.1227722168
.1355895996
-.0504608154
.0503997803
.0561676025
.0701751709
.0047302246
-.0203247070
-.1674652100
-.1132965088
-.0100097656
.0136871338
-.0487213135
.0562744141
.0755004883
-.0118103027
-.0846252441
-.1505584717
.0821685791
.0438842773
.0263366699
.0363159180
-.0632629395
-.0082702637
-.1497650146
-.1364135742
.0345306396
.0657653809
.0798797607
-.0689849854
.0032043457
.0209503174
-.1146545410
.0524902344
.0771331787
.0711059570
-.0381927490
.0681762695
-.0825347900
.0078582764
-.0574188232
.0372314453
-.0936279297
.0674743652
.0628356934
-.0805816650
.0576324463
-.0121002197
.0226135254
-.0764923096
.0455017090
-.0091552734
.0487365723
.0331115723
.0044555664
-.0012054443
-.0015258789
-.0032806396
.0040130615
-.0026397705
-.0011749268
.0017700195
.0876159668
.0885772705
.0077209473
.0894470215
-.1554260254
.1231231689
.0124053955
-.0272216797
-.0578765869
.0031433105
-.1186523438
-.1231689453
.0617065430
-.0899963379
-.0624694824
-.0028991699
-.0018157959
-.0019989014
-.0018920898
-.0009155273
-.0062866211
-.0527648926
.0171051025
.0121154785
-.1475830078
-.0415954590
-.0608215332
-.0115814209
.0614166260
-.0708618164
.0804901123
-.0036315918
.0785980225
.0058898926
.0107574463
.0726623535
.0358734131
-.0150299072
.0642395020
.0608215332
-.0392913818
-.0556488037
.0178985596
-.0107269287
-.1007080078
.0408782959
.0194854736
.0593261719
.0666198730
-.0198822021
-.1305999756
-.0834045410
.0167694092
.0318145752
.0327911377
-.0637969971
.0178070068
.0098419189
.0059356689
.0091400146
.0013580322
.0011444092
-.0014038086
.0007019043
-.0010070801
-.0008087158
.0009307861
.0064086914
-.0195617676
-.0922851563
.0063323975
-.0340423584
.1741027832
-.0919494629
-.1980133057
.1039428711
.0430297852
.0409545898
-.1055603027
-.1021118164
-.0912780762
-.0761108398
.0278930664
-.0885467529
.0055847168
.0412597656
-.1693420410
-.0335998535
-.1355285645
-.1137847900
-.0025634766
-.1378784180
-.1696319580
-.0714111328
.1016693115
.0707244873
.0263824463
.0188903809
.0207214355
-.0585632324
-.1616821289
.0380859375
-.1481323242
-.0528869629
-.0869445801
-.0766754150
-.0791320801
-.2063598633
-.2386016846
-.1802673340
-.0345001221
.0740661621
-.1589813232
-.1331939697
-.0827178955
.0271301270
-.0030059814
-.0010986328
-.0013580322
.0010681152
-.0025939941
.0099792480
.0903778076
-.1123352051
-.0544586182
.0995178223
.1133270264
.0773162842
-.0082855225
.0647583008
-.0389862061
.0063476563
.0026550293
.0032348633
-.0016479492
.0220947266
.0461883545
.0610046387
.1078338623
.1275482178
.0560150146
.1089630127
.0175476074
.0870208740
.0472106934
.0931701660
.1060638428
.0604095459
.0496520996
-.0300445557
.0300445557
.0382690430
-.0962371826
-.0813293457
-.0584564209
-.0144348145
.0098419189
.0026397705
-.0010986328
-.0009918213
-.0010070801
.0027313232
-.0016632080
-.0010681152
-.0011596680
-.0030364990
-.0009307861
.0019836426
-.1274261475
-.0360412598
-.0603485107
-.1749725342
-.2114257813
.1512756348
.0387725830
.1387481689
.1873168945
-.1353607178
.0818023682
-.0240783691
-.0472259521
-.0936279297
.0550537109
-.0015258789
-.0872039795
-.0275573730
-.0676422119
-.0702209473
-.0796661377
-.0820159912
.0898895264
-.1013793945
-.1054534912
-.0416870117
.0183258057
-.0492553711
-.0506744385
.0709533691
-.0078735352
-.0619201660
.0669708252
-.0655822754
-.0826568604
-.0582885742
-.0216522217
.0070190430
.0235748291
-.0100708008
-.0221557617
-.0601654053
-.0687561035
-.0311584473
-.0680084229
-.0039520264
-.0679168701
-.0907592773
-.0620574951
-.0375823975
-.0061645508
-.0047454834
-.0321807861
.0140533447
-.0014801025
-.0003509521
-.0005950928
.0004577637
-.0004577637
-.0004425049
-.0004425049
.0003967285
.0003662109
.0003967285
-.0003662109
-.0004119873
-.0003204346
.0005187988
-.0005798340
.0005340576
.0003356934
-.0004882813
.0004119873
-.0003662109
.0005340576
-.0003814697
-.0005340576
.0003814697
.0004882813
.0041198730
-.0042877197
-.0019531250
-.0024719238
.0098876953
-.1081542969
-.0216217041
.0812835693
.0434875488
.0288543701
-.2254028320
-.3539886475
-.2700958252
.0822753906
-.2279815674
-.1025543213
-.2953186035
-.3469543457
-.0731048584
.0623016357
.0120544434
-.3539733887
-.3539886475
.1995086670
.2238311768
-.2075805664
.0270843506
-.1638488770
.1642608643
-.2344360352
-.1840972900
-.1748657227
-.1003265381
.0235290527
.0462951660
.0656280518
.0287017822
-.0378265381
.0107269287
.0025634766
-.0016174316
.0013732910
.0016021729
.0012359619
-.0008087158
.0184020996
-.1208496094
.0059204102
.1518554688
-.1625823975
.0815429688
-.0294647217
-.0030517578
-.0128479004
.0238800049
-.0347900391
-.0794219971
.0675201416
.0291748047
-.1003417969
-.0759735107
-.0223693848
-.0994567871
-.0916442871
.0720977783
.0205535889
.0176239014
.0703125000
.0764007568
.0134429932
.0077362061
-.0016632080
-.0045318604
