.0000915527
-.0024108887
-.0091857910
-.0117492676
.0127105713
-.0116577148
-.0107116699
.0187377930
.0171356201
-.0249786377
-.0269317627
.0340728760
.0406799316
.0384368896
-.0442199707
.0473327637
-.0528564453
-.0360565186
.0531311035
-.0568695068
.2031250000
-.1125793457
-.1434173584
-.0685119629
-.0523681641
.0371398926
.0306091309
-.0385284424
.0969085693
.0427398682
-.0622863770
-.0684509277
-.0982818604
.0695800781
-.0460357666
-.1161956787
-.0362396240
-.3539733887
.0838623047
-.0438385010
.0340270996
.0400848389
.0368804932
-.0377960205
-.0331726074
-.0608062744
.0325775146
.0511322021
-.0437774658
-.0494079590
-.0723266602
.0666503906
-.0500488281
-.1007232666
-.2161254883
.1079101563
.1529388428
-.1048431396
.1042175293
.0463714600
-.0941162109
.0979003906
-.1022949219
-.0656738281
.1937255859
-.0530090332
.0330963135
.0782165527
-.1702575684
-.0795288086
-.0977630615
-.0633392334
-.2264862061
-.1726074219
-.1248168945
-.1919860840
-.2062835693
.0736236572
-.0684356689
-.1081237793
.1176757813
-.0632781982
-.0616912842
-.1535186768
.0759735107
-.1061248779
-.0893096924
-.0574340820
-.0945434570
-.1549224854
-.1810760498
.0664672852
.0623626709
.0944671631
-.0758209229
.0758666992
-.0605773926
.0669097900
-.0487976074
.0349578857
-.0383453369
-.0337066650
.0481414795
-.0871276855
-.1040344238
-.0719299316
.0691528320
.1122741699
-.2723846436
-.1620635986
-.1103057861
-.2401885986
-.2033843994
-.1026000977
.0802459717
.0707855225
-.0899047852
-.1434326172
-.1175231934
-.0663299561
-.0983123779
.0434265137
-.0735168457
-.1002807617
.0577392578
.0518646240
-.1186218262
-.1238555908
.0576934814
.0599975586
.0493164063
-.1278991699
.0934600830
.0508575439
-.0444793701
-.0422515869
-.0224914551
.0380859375
-.2427215576
.0865783691
-.1169433594
-.0558013916
-.1871337891
-.1565093994
.0744781494
.0545806885
-.0541992188
.0451354980
-.0307006836
.0423583984
-.0302276611
-.0290832520
.0349578857
-.0446166992
.0271148682
-.1766204834
.0471801758
-.0608520508
.0333251953
.0201110840
-.0209960938
.0444488525
.0583038330
.0830688477
-.0740814209
.1381835938
.0539703369
-.1449279785
-.1298828125
.0969543457
.1215515137
.0779266357
-.0599822998
-.0580291748
.1185302734
-.0487060547
.0520172119
-.1350402832
-.0544738770
-.0592193604
-.0846252441
.0981597900
.0624694824
-.1491851807
-.1527862549
-.1198577881
.0450592041
-.0748901367
-.0860290527
-.0895690918
-.1404571533
-.1263275146
-.0770721436
.0915069580
.0709075928
-.0507049561
-.0500793457
.0767059326
-.0692443848
-.0823211670
-.0776672363
.0905151367
.0671844482
.1008300781
.0944519043
-.0473480225
.0806427002
-.0763244629
-.0451354980
-.0543823242
-.0566711426
.0575561523
-.0633392334
.2274932861
.0540924072
.0628051758
.0540618896
-.0484313965
.0492858887
.0578918457
.0555267334
-.1186218262
-.0577087402
-.1778717041
.0873870850
-.0406799316
.0643615723
.1404876709
.0618591309
-.1375274658
-.1951904297
.1102752686
.1199951172
-.1414337158
-.1792602539
-.0966644287
.0439910889
.0661163330
.0694122314
.0480957031
.0588989258
.0848693848
-.1461029053
-.1774444580
-.0821533203
.0984191895
-.0483551025
-.0529632568
.0827789307
-.0788879395
-.0854034424
-.1466522217
.1387939453
.1200408936
-.2049102783
-.1595153809
-.1559753418
-.0719451904
-.1142120361
-.1443176270
.0721588135
-.1023864746
-.1598510742
-.1260223389
-.1730651855
.0858001709
.0759277344
.0587768555
-.0846252441
-.0783538818
.0567779541
.0731201172
-.0710449219
-.0574493408
.1470184326
.0704956055
-.0423278809
-.0610504150
.0559692383
.0570526123
-.0713043213
-.0673217773
.0760498047
-.0471191406
.0814361572
-.0864410400
.0458831787
-.0698394775
-.1066284180
-.1178741455
-.1369171143
-.0991973877
-.0623016357
.0759124756
-.0743560791
-.1565093994
.1226348877
.1032714844
-.1377716064
-.0977478027
.0750274658
-.0937652588
-.0778656006
-.0730895996
.0372161865
-.0418090820
.0470428467
-.0552215576
.1762542725
-.0894012451
.0471038818
.0345001221
-.0431976318
.0958251953
.0706024170
.0720367432
.1119689941
-.1084289551
.1563415527
-.1318359375
-.1748199463
.1926727295
.1897430420
.1108856201
-.1035156250
-.1373596191
-.1304626465
.0727233887
.1043090820
.1058197021
.1009216309
-.1092681885
-.0600585938
-.0359039307
.0584564209
-.1650390625
-.0723266602
.1031036377
-.0762634277
.0526123047
.0718994141
-.0911407471
.0960540771
.0749206543
.1501312256
-.0857849121
-.2346801758
-.1660766602
.1166534424
-.0735626221
-.1999511719
.0754547119
-.1294250488
.1076660156
.0634002686
.1855163574
-.1184539795
.0865173340
-.1035919189
.0900878906
.0825042725
.0848846436
.0514221191
-.0732269287
-.0644989014
.0506744385
.0602874756
-.0863494873
.0686492920
.0826263428
.1262207031
-.1674804688
-.0798492432
.0867004395
.0740203857
-.0971374512
.1099090576
-.1155242920
.1676330566
-.1427307129
-.2154083252
.1254882813
-.1761627197
-.1143951416
-.1636810303
-.2097473145
.1104583740
-.1242523193
-.1288299561
-.0911865234
-.2364349365
.1047973633
.1157379150
-.0773773193
-.0639495850
.0446929932
-.1120605469
-.1075134277
-.1741333008
-.1564025879
-.1746520996
-.0804595947
-.0946655273
-.1248474121
-.1065521240
-.0781250000
.0742492676
.0838165283
-.0546417236
-.0442962646
-.0689544678
.1605072021
-.0853424072
-.2096710205
.1212310791
-.0890808105
.0711822510
-.0736846924
-.1979827881
-.1370544434
.0716552734
-.0948181152
-.1022338867
-.0907287598
.0486145020
.1271667480
-.0513000488
.0515441895
.0589294434
-.0658264160
-.0751495361
.0766143799
.0383453369
.0508270264
.0744018555
.0848541260
.0854034424
-.0794372559
-.0369110107
-.0505523682
-.0875244141
-.0628662109
-.0477752686
.0812988281
.0756683350
.0668792725
.0558776855
-.0881958008
-.2701721191
-.1944580078
-.1284179688
-.2181091309
-.1064758301
.0832061768
-.1063537598
-.2398223877
-.1405334473
.0539398193
-.1790771484
-.0794830322
-.1074218750
.0573120117
-.0614776611
.0856475830
.0692749023
.0788726807
-.0860137939
-.1415100098
-.1637420654
-.1049804688
-.1625976563
.0462646484
.1575317383
.0920562744
-.0846099854
-.0970611572
.1909637451
-.0867004395
-.1781768799
.1531066895
.0773468018
.0588226318
-.0892944336
-.1128387451
-.1532897949
-.1430969238
.1070098877
.0659484863
.1106872559
.1337738037
.0760955811
.0752563477
-.0385742188
.0793457031
.0625915527
.0509948730
-.0337829590
-.0404357910
.0409393311
-.0414733887
-.0529632568
.0579071045
.0625152588
-.1348724365
-.0860137939
.1300354004
-.1890716553
-.2238006592
-.1519165039
.0617828369
.0552673340
-.0595703125
-.0515136719
.0454254150
.0451354980
-.0447387695
.0865936279
-.0665130615
-.2051696777
-.1710357666
-.0997161865
-.1809234619
.1071472168
.1509094238
.1030120850
-.1562957764
-.1099090576
.1215820313
.1062774658
-.0794830322
.0427856445
.1232452393
.0572814941
-.0664367676
-.1117401123
.0582580566
.0697174072
.0953979492
-.1239166260
-.1731262207
.0663757324
-.1616973877
-.0312652588
.0621948242
-.0439453125
.1053009033
.1023406982
.0935211182
-.0641632080
.0666809082
-.0470123291
.0952453613
.0581817627
.0516052246
-.0376434326
-.0429992676
.0475769043
-.0741119385
-.1031494141
.0591888428
.0465850830
.0621643066
-.0652008057
.0482940674
-.0788574219
.1498413086
.1420288086
-.1314392090
.0887908936
-.1105041504
-.0697631836
-.0559387207
-.0686950684
.0759124756
.1298370361
.1178588867
-.0812530518
.0821228027
.1535034180
-.0669708252
-.0820617676
-.0540313721
.1561889648
.0976715088
-.0853729248
-.0716552734
.0693817139
.1046142578
.0951080322
.0870819092
-.0775299072
.0640563965
.0821380615
-.0635070801
-.0580596924
-.0401458740
-.0460205078
.0609588623
.0524597168
-.0531005859
-.0459747314
.0391998291
-.0307159424
-.0844573975
.0969085693
.0666198730
-.1405487061
.0756835938
-.0431976318
.0645904541
.0937194824
-.0435028076
-.1698150635
-.1836242676
.0933380127
.0658721924
.0468597412
-.0755004883
.1060791016
.0730590820
-.1625976563
-.1555023193
-.0825042725
.0786895752
.0963439941
-.0945129395
.0591125488
-.1566925049
-.1824798584
-.0607604980
.1025085449
.2116699219
.0813140869
.0985870361
-.1246948242
.0914611816
.1111297607
-.0858764648
-.0852355957
.0959320068
-.0963592529
-.0924224854
.0579223633
-.1028900146
.0880279541
.3497314453
-.0978546143
.0655059814
-.0482330322
.1063995361
-.0570678711
.0345306396
.0858306885
.0559692383
.0472106934
.0472717285
.0360717773
.0494232178
.0765380859
-.0527496338
.0552673340
.0983428955
.1369781494
-.0760040283
-.1928253174
-.1897888184
-.1033477783
.0782775879
.1622314453
-.0999298096
.1667785645
-.1482696533
.1685638428
.1061706543
-.0582733154
-.0533599854
.1118164063
.0720214844
-.0666198730
.0547790527
-.0992431641
.0529479980
-.1180725098
.1216430664
-.1373291016
-.0329284668
.0945739746
.0670623779
-.0967712402
-.0563201904
.1004333496
.1129760742
-.0494079590
-.0740051270
.0543823242
.0662536621
-.0896453857
-.1512145996
.1249084473
-.0502166748
-.0860595703
-.1142120361
.0500183105
.0819854736
-.0826568604
.0606842041
-.1717834473
.0990447998
-.0484466553
.0782165527
-.0730438232
-.0956420898
.1143951416
.1049499512
-.0611114502
-.2184906006
-.2266693115
-.0928649902
-.1106719971
-.2394409180
.1281890869
.0476684570
-.0477447510
-.1494903564
.0751342773
.1432647705
-.1713409424
-.1899719238
-.1352996826
-.0727081299
-.0467834473
-.1170654297
-.1193847656
-.1150360107
.0897979736
-.0661315918
-.0711669922
.0505371094
-.2609558105
-.1402893066
-.1363067627
-.0891723633
.0320129395
-.1978149414
-.1273040771
.0836944580
-.0762329102
-.0576934814
-.0383911133
.0545959473
.0725708008
-.1604614258
-.1497955322
-.1566619873
-.1727905273
.0380249023
-.1099090576
-.2057800293
-.2437591553
-.1447601318
-.0528717041
-.1349029541
-.1743164063
.1762237549
.0763854980
-.0411987305
-.0372467041
.0207214355
.0261993408
-.0391387939
-.0827789307
.1692199707
.0776519775
-.0570831299
.1155853271
.1000976563
.0719909668
.1387634277
.1297912598
-.0604095459
-.0613708496
-.1024932861
.1063537598
-.0596923828
.0961303711
.1473083496
-.1379852295
.0931396484
-.0610809326
-.0912170410
.0819244385
.1047668457
-.1602325439
-.0602722168
.0487365723
.0512542725
-.0814361572
-.0693359375
.1146697998
.1012878418
-.0733337402
-.0847930908
.0706024170
.0575866699
-.0572509766
-.0739288330
.0486755371
.0740814209
-.0815734863
-.0673675537
-.0624389648
-.0786437988
-.1378326416
.0608520508
-.1186676025
-.2350769043
.1649017334
-.1269226074
.1006011963
.1793212891
.1458129883
.1965637207
-.0572357178
-.0958251953
.1050262451
-.0347595215
-.0478973389
-.0668792725
.0839996338
-.0860595703
-.1102294922
-.1281433105
-.1079711914
.1110382080
-.1074676514
.0523834229
-.0684356689
.1243133545
-.1616821289
.0799865723
.1173400879
.0833740234
.1027526855
-.0859985352
.0491943359
.0500640869
.0700225830
.0557861328
-.0584106445
-.0802764893
.1394958496
.1433410645
.0812683105
-.1216430664
-.0879669189
-.0736083984
-.0639495850
.0614013672
.0882110596
.0745391846
.1033172607
-.0733032227
.0445404053
.0879211426
-.0692291260
-.0661010742
.0862121582
.0610656738
.0673675537
-.0693817139
-.1030120850
-.0899963379
.0688323975
.0669250488
-.0723724365
-.0696411133
.0843200684
.0552062988
-.0646362305
-.0969848633
.0613708496
.0567474365
-.1274566650
-.0590362549
.0856018066
-.0566864014
-.0437469482
-.0481262207
.0628356934
.1362152100
.0955200195
.0521087646
-.3292388916
-.3154602051
.1888275146
-.1974639893
-.1961822510
-.1829528809
-.3229675293
-.1082458496
.0815277100
-.3779907227
-.3555755615
-.2821655273
-.2448730469
-.2583770752
.1088409424
-.1294555664
-.1996002197
-.2592620850
-.1862182617
.0960998535
-.0664215088
.0710754395
.0583038330
-.0746459961
.0827789307
-.0521240234
.0473022461
.0301818848
.0400848389
-.0596313477
-.0679016113
.0578918457
-.1457672119
-.0453491211
-.2036590576
.2023010254
.1156921387
-.0857696533
-.1682586670
.0911254883
.0958862305
-.1613159180
.1240386963
-.0836944580
.1067199707
.1112823486
-.1198577881
.1760406494
.1297302246
.0616760254
.0624237061
.1148223877
.0823211670
.0374908447
.0495910645
-.0508117676
.0803985596
.0931091309
.0661010742
-.0737915039
.0656738281
.0753021240
.0809478760
-.0485992432
-.0520629883
.0533752441
.0815429688
-.0738067627
-.0487060547
.0503540039
-.0538787842
.1399230957
.1008300781
.0728149414
-.1063537598
-.0684051514
.0834655762
.0656738281
.0609741211
.0573120117
-.0715637207
-.0510864258
.0740203857
.0720520020
-.1152038574
-.0921478271
-.1264343262
-.1263732910
-.0985260010
-.0828247070
.0816650391
.1139831543
.0976562500
-.0549926758
.0376281738
.0662689209
.0476226807
-.0497589111
-.0362854004
.0433349609
-.0249023438
-.0224609375
-.0328369141
.0204315186
.0117797852
-.0085601807
.0071868896
.0069885254
.0018463135
