.0003509521
.0005493164
-.0014343262
.0016632080
.0019989014
.0024871826
.0030975342
.0029296875
-.0058746338
-.0042572021
.0050048828
-.0056152344
-.0056304932
.0058593750
-.0062255859
.0059814453
.0082244873
.0076293945
.0099639893
.0083007813
-.0141143799
.0087890625
-.0093383789
.0133514404
-.0110473633
-.0117645264
.0167083740
-.0150146484
.0126190186
-.0159759521
.0206909180
-.0139923096
.0191955566
-.0157775879
-.0170135498
-.0158233643
.0183105469
-.0186004639
-.0200195313
.0150756836
.0182495117
.0161285400
.0177307129
.0169525146
-.0193786621
.0210418701
.0245056152
-.0218811035
.0244598389
.0264282227
-.0184173584
-.0250396729
-.0362243652
.0277099609
-.0252075195
-.0267181396
-.0342559814
-.0383453369
-.0326843262
.0258331299
-.0258636475
.0340270996
.0250091553
-.0331878662
.0387878418
-.0283508301
.0293121338
-.0346679688
-.0324096680
.0325012207
-.0299224854
.0219879150
.0269012451
.0218353271
-.0172119141
-.0263977051
-.0173034668
-.0277252197
.0159301758
-.0251770020
-.0129699707
.0175628662
.0162658691
-.0150604248
.0145568848
.0142211914
-.0187530518
.0122375488
.0105438232
-.0106048584
-.0123443604
.0121459961
-.0120849609
-.0108947754
-.0078277588
.0069427490
-.0081481934
.0093688965
.0072021484
-.0099792480
-.0082702637
.0085449219
-.0067291260
-.0056915283
-.0058593750
-.0061340332
.0065765381
-.0060729980
-.0050354004
-.0057830811
-.0074462891
.0047454834
-.0044708252
.0045013428
.0046539307
-.0053405762
-.0050659180
-.0042877197
.0045166016
.0033874512
.0037078857
.0033264160
.0034484863
.0028533936
.0031890869
-.0027008057
-.0022277832
.0025024414
.0026855469
.0040588379
-.0065917969
-.0075683594
-.0076904297
-.0101013184
-.0154418945
.0274353027
.0213012695
-.0162506104
-.0127716064
.0074157715
-.0050048828
.0033569336
.0042572021
.0028076172
.0019989014
-.0037841797
-.0029602051
-.0023651123
.0012817383
-.0032501221
.0026702881
.0021972656
.0026702881
.0027923584
.0025939941
.0059967041
-.0024261475
-.0026855469
-.0026092529
.0020904541
.0037384033
.0020599365
.0021057129
-.0019836426
-.0021057129
.0028991699
-.0024871826
-.0022125244
.0093688965
-.0788726807
-.0952148438
-.1037750244
.1311035156
.1185302734
.0898132324
.0985260010
.1150817871
.0491638184
-.0110778809
.0147705078
-.0070037842
-.0471649170
.0707550049
-.0685729980
.0174713135
.0105285645
.0074310303
-.0021667480
-.0027923584
.0323181152
.0790252686
.1046295166
.1039428711
-.0308532715
-.0115051270
.0082550049
-.0100402832
-.0288391113
-.0583496094
-.0581359863
-.0630035400
-.0261383057
-.0048217773
-.0032501221
-.0029144287
.0088500977
-.1015777588
.0861511230
-.0930938721
-.0899810791
-.1162109375
.0763549805
.0713348389
-.0076751709
-.0164642334
-.0263977051
.0150146484
.0096282959
-.0107269287
.0054321289
-.0040283203
.0033111572
-.0052947998
-.0064239502
.0119781494
.0068511963
.0093231201
-.0323486328
.0128021240
-.0102996826
.0121612549
.0144348145
.0098114014
.0054321289
.0096435547
-.0051422119
.0069122314
.0037536621
-.0076446533
.0058746338
-.0094146729
.0128173828
-.0519561768
.0126495361
.0155639648
-.0107269287
-.0152282715
.0093078613
-.0107727051
-.0138397217
-.0129547119
-.0375823975
.0375518799
-.0770111084
-.0801544189
-.0813446045
-.0449829102
.0258941650
-.0392303467
-.0501403809
-.0610504150
-.0625457764
-.0603027344
-.0501098633
-.0649108887
-.0380554199
.0155639648
.0259857178
.0143280029
.0058593750
-.0039215088
.0063018799
-.0031585693
.0023345947
-.0037384033
.0045623779
.0060272217
.0059967041
-.0036163330
.0027770996
.0024108887
.0020141602
-.0017547607
-.0046234131
.0030059814
-.0030517578
-.0027923584
-.0024871826
.0027618408
.0825958252
.1006011963
-.0857086182
.0594940186
-.0124816895
.0071868896
-.0111083984
-.0143585205
.0161590576
-.0303344727
.0382995605
.0338592529
.0252075195
.0103454590
.0285797119
-.0125427246
.0260314941
.0166778564
-.0175933838
.0084075928
-.0053100586
.0078125000
.0057220459
-.0099182129
-.0181884766
.0081329346
.0101165771
.0111236572
.0086975098
.0128631592
.0108795166
.0235290527
.0156402588
-.0151367188
.0161285400
-.0181427002
-.0135955811
.0152893066
.0124359131
.0054321289
-.0048828125
-.0025482178
.0029296875
.0024566650
-.0025024414
.0061035156
.0029754639
-.0027923584
.0032348633
-.0040283203
-.0028381348
.0040130615
.0037689209
.0055389404
-.0041503906
-.0035705566
-.0032806396
.0036315918
-.0025939941
.0033111572
-.0055084229
.0037078857
-.0022735596
-.0029296875
-.0025177002
.0041809082
-.0043334961
-.0043792725
.0038146973
.0045013428
-.0037536621
.0048828125
.0037994385
-.0205688477
-.0426940918
-.0494232178
-.0270538330
-.0392608643
-.0475463867
.0256652832
-.0346374512
.0283203125
-.0077056885
-.0396118164
-.0543212891
-.0639343262
-.0589141846
-.0659179688
-.0611419678
-.0268707275
.0095214844
.0076599121
.0137023926
-.0249176025
-.0187377930
.0257720947
.0442352295
-.0210266113
-.0091400146
-.0110931396
.0107574463
.0650634766
.0729827881
.1037139893
.1200103760
.0917053223
-.0853576660
-.1022644043
-.0807495117
.0269622803
-.0178222656
.0213012695
-.0383605957
.0655212402
-.0896301270
-.0906372070
-.0937957764
-.0827941895
-.0470886230
-.0137939453
.0080413818
-.0070495605
.0059204102
-.0577087402
-.0662384033
-.0636901855
.0523071289
.0188903809
-.0137481689
.0082702637
-.0078125000
-.0150909424
-.0078277588
.0101318359
-.0101776123
.0095520020
.0135650635
-.0127105713
.0102081299
.0125885010
-.0077819824
-.0127868652
.0067596436
.0081787109
-.0042266846
.0055541992
-.0286254883
-.0327606201
-.0393218994
-.0421905518
-.0633544922
-.0970611572
-.0778503418
-.0581970215
-.0640563965
-.0763702393
-.0541381836
-.0471954346
-.0272064209
-.0126647949
.0179138184
.0308532715
-.0314483643
-.0280761719
.0304565430
-.0260620117
-.0196685791
.0122222900
-.0095977783
-.0844116211
-.1108398438
-.1591186523
-.1220703125
-.1035308838
.0371856689
.0090789795
.0078277588
.0172119141
-.0153045654
-.0465850830
-.0445404053
-.0743103027
-.0660247803
-.0339508057
-.0396881104
-.0336151123
-.0869750977
-.0694122314
.0343933105
.0259246826
-.0458221436
-.0699310303
-.0703277588
-.0833740234
-.0709533691
-.0361022949
-.0413665771
-.0346832275
-.0324401855
-.0506591797
-.0317687988
-.0289459229
-.0362091064
-.0437164307
-.0376892090
-.0455169678
.0319976807
-.0340423584
-.0351257324
.0284729004
.0206298828
-.0110626221
-.0072021484
.0107879639
-.0657653809
-.1076660156
-.0547637939
.0389251709
.0180969238
.0164794922
-.0163421631
.0200500488
.0427703857
-.0562133789
-.0910034180
.0840911865
.0652770996
-.0576019287
-.0276031494
.0249633789
-.0304565430
-.0502929688
-.0471496582
-.0453796387
-.0472412109
-.0489807129
-.0500640869
-.0477600098
.0473327637
.0441589355
.0422668457
-.0447692871
-.0415496826
.0384063721
.0341949463
-.0204315186
-.0094146729
-.0129089355
-.0112457275
-.0159454346
-.0548095703
.0545349121
.0568847656
.0386657715
-.0461425781
-.0680541992
-.1007995605
-.0728149414
.0506591797
.0216064453
-.0183868408
-.0163269043
.0238189697
-.0364532471
.0236206055
-.0307006836
.0297546387
.0343475342
.0357666016
.0365753174
-.0249938965
-.0067901611
-.0062866211
-.0056915283
.0798797607
.1557312012
-.1008148193
.0475158691
-.0514984131
-.0546722412
-.0438537598
-.0299835205
-.0481414795
-.0602569580
-.0419769287
.0235290527
.0222930908
.0228729248
.0478973389
-.0425567627
.0800628662
.0308380127
.0199127197
.0193176270
.0108184814
-.0117645264
.0059204102
-.0045166016
.0054779053
-.0038299561
.0046081543
.0039978027
.0064239502
-.0047454834
.0044860840
.0060882568
-.0036773682
.0072174072
-.0050811768
-.0052032471
.0049285889
-.0038909912
.0052795410
.0043792725
-.0054473877
.0070648193
-.0042724609
.0047760010
-.0152740479
.0452117920
.0512084961
.0290222168
-.0367431641
-.0513458252
-.0495605469
-.0662078857
-.0429992676
.0109100342
.0117492676
-.0081176758
.0079956055
-.0066833496
.0135650635
.0146484375
.0314025879
-.0656890869
-.0775909424
-.0791473389
-.0513000488
-.0058135986
.0156555176
.0171661377
-.0534973145
-.0148925781
-.0328979492
-.0421905518
-.0373382568
.0211944580
-.0204162598
-.0213470459
-.0435028076
-.0394439697
.0089111328
.0646362305
.0789031982
-.0737609863
-.0704040527
.0542449951
-.0606231689
.0521087646
-.0132446289
-.0077667236
.0099639893
.0093078613
.0068359375
-.0074310303
-.0057983398
-.0068054199
-.0063018799
.0060272217
.0054931641
.0077514648
.0077667236
.0083312988
.0079345703
-.0065155029
-.0052490234
-.0042724609
-.0065307617
-.0055541992
-.0048980713
-.0058288574
.0061492920
.0063629150
-.0065917969
.0062408447
.0050811768
.0056152344
-.0064086914
-.0066986084
.0081787109
.0080261230
-.0079803467
-.0071716309
-.0090179443
.0087432861
.0135955811
-.0142517090
.0106201172
.0119628906
-.0150146484
-.0128631592
.0136871338
.0143432617
-.0187530518
.0163879395
.0158538818
-.0191802979
-.0223388672
-.0166168213
.0156860352
-.0201110840
-.0258483887
.0173797607
-.0138854980
.0190277100
-.0126495361
.0194702148
-.0174713135
.0131072998
.0180511475
.0149078369
-.0123138428
.0162963867
.0156250000
.0165100098
-.0142822266
.0151062012
-.0104980469
.0128326416
.0145263672
.0112609863
.0104980469
-.0163879395
.0170898438
-.0210723877
-.0162200928
-.0182037354
-.0170593262
.0387268066
.0435943604
.0372772217
.0307159424
.0239868164
.0337371826
.0301208496
.0312194824
.0404663086
.0111541748
.0123291016
.0090484619
.0125122070
-.0141296387
.0135192871
.0144042969
.0117492676
.0138702393
.0123443604
.0195465088
-.0548095703
-.0514831543
-.0642852783
-.0663604736
-.0670776367
.0650634766
.0659179688
-.0761566162
-.1000213623
-.0587921143
.0173034668
.0202026367
-.0117950439
.0089111328
.0228881836
.0558471680
-.0729675293
-.0798339844
-.0655975342
.0913696289
.1023864746
-.0886840820
-.0719299316
.0417785645
.0158691406
.0104675293
-.0077056885
.0286254883
-.0144195557
.0107879639
.0157318115
.0418701172
.0474090576
.0079498291
.0081024170
.0054779053
.0101623535
.0400543213
.0355377197
.0092620850
.0142974854
.0148162842
.0122375488
.0350036621
.0446929932
.0467071533
.0422058105
-.0348663330
.0439300537
.0426940918
.0465240479
.0424499512
.0379333496
.0104217529
-.0096130371
.0111389160
-.0138549805
.0094146729
.0101623535
.0128936768
-.0064849854
-.0126190186
-.0104522705
.0197753906
.0153808594
.0134582520
.0081481934
-.0096588135
-.0068359375
.0105133057
.0256195068
.0107269287
-.0065765381
.0198516846
.0326538086
.0624389648
.0558624268
.0494537354
.0528717041
.0334777832
-.0360107422
-.0505523682
-.0451507568
-.0239868164
-.0224456787
-.0179901123
-.0108795166
.0074920654
.0111236572
-.0061340332
.0059661865
.0061035156
-.0059051514
.0069580078
-.0109863281
.0073394775
.0080718994
-.0062866211
-.0134582520
.0067291260
-.0092010498
.0087738037
-.0091857910
.0086059570
-.0067291260
.0077056885
-.0059967041
.0074157715
.0078430176
-.0059661865
.0065002441
.0066070557
.0083312988
.0072937012
.0063781738
.0096282959
-.0083770752
-.0074005127
.0057067871
-.0181274414
.0095520020
.0111846924
-.0299377441
.0250244141
.0121002197
.0113677979
.0132904053
.0207061768
.0106658936
-.0111236572
-.0102844238
-.0108489990
-.0113372803
.0151672363
.0191802979
.0162658691
-.0389862061
-.0191497803
-.0211791992
.0123291016
.0173950195
.0126800537
.0126190186
-.0138397217
.0127716064
-.0093994141
.0114593506
-.0159606934
-.0189208984
-.0104980469
-.0126800537
.0099792480
-.0145568848
.0157012939
-.0149230957
.0083007813
.0247955322
-.0200958252
.0225830078
.0115203857
.0153350830
-.0094299316
-.0166625977
-.0123901367
.0104370117
.0199890137
.0158081055
-.0174407959
.0130615234
-.0097808838
.0108795166
-.0115966797
.0095367432
-.0084533691
-.0114746094
.0079345703
-.0101928711
-.0108184814
-.0095672607
.0152282715
.0097198486
-.0068664551
.0084075928
.0059509277
.0086059570
-.0100402832
-.0070648193
.0092010498
.0054626465
-.0065307617
.0084533691
.0086975098
.0074157715
-.0089569092
-.0077209473
-.0062561035
.0077514648
-.0107727051
.0056610107
.0067901611
-.0077362061
-.0091094971
.0103302002
.0080413818
-.0078125000
.0104522705
.0077209473
-.0091094971
-.0099639893
.0073852539
-.0074768066
-.0091705322
-.0087127686
-.0067138672
.0091857910
.0075378418
-.0063476563
.0114288330
.0077972412
.0083465576
-.0076751709
.0103454590
.0101623535
-.0085144043
-.0101013184
-.0074768066
.0081634521
.0073699951
.0049285889
-.0064544678
.0061798096
-.0046081543
-.0048980713
-.0042572021
.0052337646
-.0046691895
.0046234131
-.0038299561
.0039062500
-.0034332275
.0034027100
-.0026855469
-.0022125244
-.0018768311
.0027465820
.0018768311
.0013122559
-.0012969971
-.0012512207
.0009002686
.0008239746
.0005798340
-.0145568848
