.0000457764
-.0010070801
-.0038757324
-.0049743652
.0053558350
-.0049133301
-.0045166016
.0079040527
.0072326660
-.0105438232
-.0113525391
.0143585205
.0171508789
.0162048340
-.0186462402
.0199432373
-.0222930908
-.0152130127
.0223999023
-.0245819092
.0927124023
-.0533905029
-.0716400146
-.0357818604
-.0285186768
.0208740234
.0172119141
-.0216522217
.0544891357
.0240325928
-.0350341797
-.0384979248
-.0552520752
.0391387939
-.0258941650
-.0653381348
-.0203857422
.1990661621
.0471649170
-.0246429443
.0191345215
.0225372314
.0207214355
-.0212402344
-.0186462402
-.0342102051
.0183258057
.0287475586
-.0246124268
-.0277862549
-.0498657227
-.0565032959
-.0365447998
-.0830230713
-.2062530518
-.0907745361
-.1439666748
.1037139893
.0724945068
.0267639160
-.0534057617
.0549621582
-.0572509766
-.0371704102
-.1325836182
-.0299530029
.0181732178
.0454406738
-.0959472656
-.0447235107
-.0580291748
-.0356597900
-.2218170166
-.1502075195
-.1231842041
-.1932983398
-.1820526123
-.0629577637
-.0661621094
-.0965881348
.0880889893
-.0539855957
-.0459442139
-.1143951416
.0498046875
-.1018829346
-.0676574707
-.0390472412
-.0910797119
-.1522521973
-.1611633301
.0609436035
.0413360596
-.0786132813
-.0679016113
.0648651123
-.0357360840
.0476684570
-.0298004150
.0196228027
-.0217132568
-.0180511475
.0294952393
-.0488891602
-.0579223633
-.0402526855
.0379791260
.0636138916
-.1533203125
-.0908966064
-.0625762939
-.1911621094
-.1499328613
-.0899200439
-.0728912354
.0475921631
-.0561676025
-.1261291504
-.1153106689
-.0648345947
-.0907745361
.0250701904
-.0643157959
-.0925598145
.0482635498
.0358123779
-.1075744629
-.1117401123
.0331115723
.0460205078
.0326538086
-.0740966797
.0543670654
.0309600830
-.0268249512
-.0238494873
-.0125122070
.0215301514
-.2419738770
.0698242188
-.1129302979
-.0471649170
-.1833496094
-.1495819092
.0604858398
.0504455566
-.0339965820
.0252532959
-.0174713135
.0240631104
-.0178985596
-.0163879395
.0195617676
-.0252380371
.0154418945
-.0995025635
.0267791748
-.0333557129
.0185852051
.0114898682
-.0110321045
.0254669189
.0326690674
.0465087891
-.0413665771
.1229248047
.0299682617
-.1353759766
-.1192626953
.0617370605
.0677795410
.0435180664
-.0340728760
-.0327453613
.0666961670
-.0274047852
.0292358398
-.1295623779
-.0513458252
-.0331115723
-.0695495605
.0564575195
.0361938477
-.1347961426
-.1394653320
-.1168975830
.0305175781
-.0638122559
-.0487823486
-.0808868408
-.0787963867
-.1046142578
-.0684509277
.0554504395
.0397186279
-.0286254883
-.0485076904
-.0525665283
.0474243164
-.0462493896
-.0422363281
.0515136719
.0377960205
.0565948486
.0531616211
-.0267028809
.0453186035
-.0430908203
-.0253906250
-.0306243896
-.0320129395
.0323333740
-.0355529785
.1277770996
.0305480957
.0353546143
.0303039551
-.0274200439
.0288238525
.0392761230
.0351409912
-.1061401367
-.0386505127
-.1858062744
.0556945801
.0263519287
.0542907715
.1272430420
.0337829590
-.1257324219
-.1602935791
.0731048584
.0768890381
-.1176300049
-.1639709473
-.0853729248
.0247955322
.0406341553
.0427093506
.0269317627
.0332641602
.0474853516
-.0824890137
-.0992889404
-.0460968018
.0552673340
-.0271301270
-.0299987793
.0464477539
.0511627197
.0601501465
-.1354217529
.1236877441
.0956420898
-.2120513916
-.1358795166
-.1497497559
-.0474548340
-.0953369141
-.1152038574
.0531616211
-.0886688232
-.1647033691
-.1154785156
-.1584167480
.0696411133
.0561218262
.0341033936
-.0474700928
-.0442962646
.0318145752
.0412597656
-.0398101807
-.0320892334
.0827941895
.0394897461
-.0236511230
-.0343933105
.0317077637
.0322723389
-.0471038818
-.0378723145
.0442504883
.0330047607
.0588226318
-.0484771729
.0256042480
-.0394897461
-.1009674072
-.1117858887
-.1156158447
-.0764465332
-.0567474365
.0416564941
-.0419769287
-.1457061768
.1096191406
.0945434570
-.1290893555
-.0550384521
.0419616699
-.0589599609
-.0579833984
.0529327393
.0211791992
-.0236358643
.0264587402
-.0310058594
.1676177979
-.0804901123
.0434265137
.0191040039
-.0302276611
.0812683105
.0650787354
.0558776855
.0924682617
-.0933532715
.1140289307
-.1056823730
-.1477355957
.1446990967
.1070861816
.0777282715
-.0592803955
-.0783843994
-.0746917725
.0410003662
.0586853027
.0593872070
.0565490723
-.0614013672
-.0339050293
-.0212554932
-.0352783203
-.1462554932
-.0587005615
.0783386230
-.0711364746
.0356140137
-.0430908203
-.0514221191
.0847015381
.0548553467
.1316680908
.0783233643
-.2236938477
-.1839599609
-.1176757813
-.0418395996
-.1751403809
.0491333008
-.1181640625
.0820617676
.0509948730
.1526947021
-.1030883789
.0496978760
-.0587005615
.0512390137
.0461273193
.0476989746
.0289916992
-.0410003662
-.0366668701
.0282287598
.0339660645
-.0484619141
.0387268066
.0465240479
.0708465576
-.0938720703
-.0451507568
.0488281250
.0414733887
-.0545806885
.0616912842
-.1071166992
.1582489014
-.1240081787
-.1913299561
.0881195068
-.1637420654
-.1063842773
.1591491699
-.2009429932
.0915069580
-.1005096436
-.1223297119
-.0744934082
-.2223968506
.0698394775
-.0808563232
-.0474243164
-.0498046875
.0286712646
-.1009368896
-.0605316162
-.1649475098
-.1597442627
-.1481018066
-.0487670898
-.0542755127
-.0990905762
-.0612182617
-.0448608398
.0418395996
.0469207764
-.0308227539
-.0271453857
.0498352051
.1373291016
-.0634765625
-.1963653564
-.1097564697
-.0830993652
.0402526855
-.0657653809
-.1939544678
-.1212158203
-.0544738770
-.0856323242
-.0917968750
-.0697326660
.0314331055
.1169891357
-.0299987793
.0334167480
.0332489014
-.0368041992
-.0423126221
.0431823730
-.0214843750
.0285339355
.0419311523
.0474853516
.0481872559
-.0446166992
-.0207061768
-.0284881592
-.0495758057
-.0354003906
-.0269165039
.0460357666
.0423278809
.0374908447
.0316772461
-.0496215820
-.2737579346
-.1907501221
-.1312103271
-.2014923096
-.0693817139
-.0735778809
.0993804932
-.2163391113
-.1222991943
.0301208496
-.1663055420
-.0733795166
-.0604705811
.0321350098
-.0346679688
.0482177734
.0389099121
.0523529053
-.0489959717
-.1245574951
-.1548461914
-.0979003906
-.1391143799
.0260772705
-.1462097168
.0592498779
.0587463379
-.0762023926
.1317749023
-.0485229492
-.1625823975
.1390686035
.0535125732
.0337982178
-.0803222656
-.0989990234
-.1611022949
-.1183776855
.0641174316
.0382232666
.0908050537
.1053771973
-.0687255859
.0598602295
.0260314941
-.0496673584
.0354614258
.0288543701
-.0190734863
-.0228424072
.0231933594
-.0234069824
-.0298156738
.0373077393
.0369720459
-.1175689697
-.0681610107
-.1230163574
-.1896209717
-.2057647705
-.1513366699
.0388336182
.0310363770
-.0335998535
-.0285949707
.0257263184
.0292205811
-.0285949707
.0686798096
.0617828369
-.1990814209
-.1659240723
-.0547943115
-.1537780762
.0818634033
.1157379150
-.1016082764
-.1308898926
-.0888824463
.0740814209
.0972747803
-.0622100830
.0247192383
.1050720215
.0420989990
-.0446472168
-.1002044678
.0525512695
.0384674072
.0578155518
-.1188354492
-.1512145996
.0380249023
-.1452178955
-.0251617432
.0562438965
-.0247192383
.0811004639
.0894775391
.0918884277
-.0544433594
.0500335693
-.0299682617
-.0866394043
.0487213135
.0351715088
-.0213928223
-.0243682861
.0269775391
-.0409088135
-.0584106445
.0339813232
.0263519287
.0348510742
-.0400390625
.0418853760
.0720214844
.1408233643
.1291656494
.1228485107
.0675964355
-.1077423096
-.0482940674
-.0449523926
-.0585327148
.0582733154
.1051483154
.1019592285
.0657806396
.0486145020
.1220855713
.0569000244
-.0553588867
-.0327606201
.1385955811
.0657501221
-.0723266602
-.0441894531
.0589447021
.0942535400
.0634002686
.0749969482
-.0495147705
.0396118164
.0656280518
-.0500793457
-.0340728760
-.0289459229
-.0265197754
.0342864990
.0300750732
-.0299072266
-.0261230469
.0222625732
-.0171356201
-.0574493408
.0695190430
.0374603271
-.1360473633
-.0549011230
-.0297698975
.0571441650
.0778198242
-.0246276855
-.1683197021
-.1579895020
.0821990967
.0393524170
.0294036865
-.0570068359
.0892486572
.0416717529
-.1496124268
-.1357574463
-.0632934570
.0672454834
.0792236328
-.0738372803
.0332641602
-.1508026123
-.1617736816
-.0394287109
.0963745117
.1470336914
.0463714600
.0550842285
-.1233367920
.0705261230
.0983734131
-.0720977783
-.0645446777
.0832672119
-.0626525879
-.0654296875
.0480499268
-.0961608887
.0782165527
.1947937012
-.0855407715
.0607757568
-.0298614502
.0964202881
-.0517883301
-.0232849121
.0693359375
.0426635742
.0260009766
.0269012451
.0202789307
.0282440186
.0423431396
-.0298004150
.0314178467
.0863037109
.1103820801
-.0444946289
-.1711730957
-.1779022217
-.0658111572
.0732879639
.1035308838
-.0568695068
.1278839111
-.1369323730
.1147460938
.0845794678
-.0366973877
-.0307006836
.0634307861
.0400848389
-.0373687744
.0316314697
-.0832977295
.0348358154
-.1082611084
-.1082611084
-.1002960205
-.0198822021
.0805206299
-.0647888184
-.0807800293
-.0318298340
.0889587402
.0640563965
-.0314941406
-.0604553223
.0363464355
.0423126221
-.0719757080
-.1013183594
.0838165283
-.0312042236
-.0626678467
-.1054534912
.0281524658
.0746002197
-.0686492920
-.0440826416
-.1532897949
.0893402100
-.0326385498
.0552062988
-.0673675537
-.0788421631
.0688171387
.0597534180
-.0356750488
-.1232604980
-.1275177002
-.0519256592
-.0621795654
-.1348114014
.0723876953
.0267333984
-.0330810547
-.1163787842
.0418853760
.1438598633
-.1651458740
-.1900482178
-.1424865723
-.0587463379
-.0374755859
-.1107177734
-.1118011475
-.0997161865
.0636138916
-.0399169922
-.0567932129
.0281066895
-.2574005127
-.0940704346
-.1219329834
-.0978240967
.0180053711
-.1812286377
-.1260986328
.0731964111
-.0646972656
-.0443878174
.0234680176
.0365600586
.0625915527
-.1542205811
-.1396789551
-.1483917236
-.1673431396
.0252380371
-.0993347168
-.1986236572
-.2406005859
-.1486206055
-.0384216309
-.1369781494
-.1748657227
.1241912842
-.0464477539
-.0246124268
-.0209045410
.0120697021
.0144653320
-.0222320557
-.0528411865
.1431579590
.0559692383
-.0431213379
.1114044189
.0931854248
-.0419006348
.1031188965
.0773010254
-.0333862305
-.0342712402
-.0574951172
.0585632324
-.0452117920
.0784301758
.1211853027
-.1287689209
.0771179199
-.0426330566
-.0550231934
.0652008057
.1003723145
.1257019043
.0570526123
.0334320068
.0309753418
-.0524291992
-.0502014160
-.1048736572
.0765533447
-.0506896973
-.0466766357
.0401611328
.0324401855
-.0321044922
-.0415039063
.0274505615
.0416259766
-.0461425781
-.0384826660
-.0351715088
-.0449676514
-.1219940186
.0476837158
-.1042327881
-.2222900391
.1601867676
.1197509766
.0946197510
.1828155518
.1368103027
.1442871094
-.0380096436
-.0850372314
.0854034424
-.0227813721
.0469055176
-.0513763428
-.0720520020
-.0772705078
-.0958557129
-.1098327637
-.0963439941
-.1042175293
-.0949859619
-.0353546143
-.0584869385
.0873260498
-.1016845703
.0447235107
.1038055420
.0626220703
-.0923461914
-.0763549805
-.0341491699
.0292510986
.0489349365
.0314483643
-.0341949463
-.0563812256
.0959777832
.0799407959
.0457916260
-.0940856934
-.0892028809
-.0682067871
-.0495605469
.0347290039
.0599975586
.0447998047
.0582733154
-.0411834717
.0249328613
.0495910645
-.0390472412
-.0371704102
.0484924316
.0343322754
.0378570557
-.0390319824
-.0579071045
-.0507202148
.0387725830
.0374450684
-.0406188965
-.0391693115
.0473175049
.0309295654
-.0362548828
-.0545043945
.0344085693
.0319671631
-.0716400146
-.0339050293
.0495758057
-.0316925049
-.0247955322
-.0315856934
.0407257080
.1067504883
.0645294189
.0390472412
-.3320617676
-.3178253174
.1826782227
-.1997985840
-.1849212646
-.1887054443
-.3328857422
-.0915832520
.0712585449
-.3566131592
-.3548889160
-.2889862061
-.2317047119
-.2398376465
.0944671631
-.1195678711
-.1751556396
-.2513275146
-.1781158447
-.0816345215
.0526275635
.0395812988
.0610809326
-.0440368652
.0635375977
-.0292510986
.0264739990
.0170440674
.0226745605
-.0340423584
-.0386047363
.0329589844
-.1271820068
-.0275573730
-.1819152832
-.1741180420
.0773162842
-.0477752686
-.0944366455
.0726470947
.0530090332
-.1256713867
.0948944092
-.0567321777
-.1018829346
.0872344971
-.0717315674
.1269073486
.1008148193
.0601196289
.0391082764
.0942230225
.0762176514
.0223693848
.0284881592
-.0279846191
.0452117920
.0523529053
.0371704102
-.0414886475
.0369262695
.0423431396
.0455169678
-.0273284912
-.0292816162
.0300140381
.0458526611
-.0415191650
-.0273895264
.0283050537
-.0302886963
.0786895752
.0566864014
.0409393311
-.0598144531
-.0384674072
.0469207764
.0369262695
.0342864990
.0322265625
-.0391998291
-.0268096924
.0376434326
.0351867676
-.0539550781
-.0413665771
-.0542602539
-.0522460938
-.0387115479
-.0308227539
.0287628174
.0389251709
.0333251953
-.0187683105
.0128479004
.0226287842
.0162506104
-.0169830322
-.0123901367
.0148010254
-.0084991455
-.0076599121
-.0112152100
.0069732666
.0040130615
-.0028533936
.0024566650
.0023803711
.0006256104
