.0000305176
-.0005798340
-.0021972656
-.0028381348
.0030212402
-.0028076172
-.0026245117
.0045166016
.0041961670
-.0058898926
-.0066070557
.0082244873
.0100402832
.0094909668
-.0107421875
.0114440918
-.0121612549
-.0085296631
-.0128631592
-.0162048340
.0523376465
.0290527344
-.0403594971
-.0204010010
-.0162811279
.0116882324
.0100708008
.0130310059
.0306854248
.0130767822
.0162963867
-.0213928223
-.0313110352
.0182342529
.0145568848
-.0312805176
-.0119476318
-.1122131348
.0267639160
-.0136718750
-.0139160156
.0131530762
.0120697021
-.0116577148
-.0103454590
-.0193481445
.0152435303
.0166778564
.0113677979
-.0156555176
-.0373535156
.0571289063
-.0292968750
-.0742645264
-.1620330811
-.0670471191
-.1476440430
.1050567627
-.0495300293
.0144653320
.0446472168
-.0305328369
-.0382232666
-.0215606689
.0656127930
.0216064453
-.0159912109
-.0163116455
-.0539245605
-.0249023438
.0361022949
-.0169372559
-.2262725830
-.1178741455
-.1630096436
-.1082305908
-.1688385010
-.0613708496
-.0918121338
-.0901031494
-.0613861084
-.0656433105
-.0932006836
.0523834229
-.0818634033
-.1149902344
.0408325195
.0279235840
-.0895843506
-.1630401611
-.1388702393
.0298309326
-.0666503906
-.0728912354
-.0658111572
.0588378906
-.0187072754
.0178222656
-.0204315186
-.0137939453
-.0153045654
.0172424316
-.0234985352
-.0210266113
.0368347168
-.0224304199
-.0187835693
-.0707244873
-.0782775879
-.0512084961
-.0368804932
-.1637725830
-.0883789063
-.0755920410
-.0803222656
-.0871429443
-.0385131836
-.1188964844
-.1003570557
-.0635375977
-.0848541260
-.0144195557
-.0824127197
-.0734100342
.0388641357
.0278167725
-.0829467773
-.1075286865
-.0387268066
.0352935791
-.0399322510
-.0418243408
-.0330657959
-.0203857422
.0165252686
-.0150756836
-.0131072998
.0111999512
-.2411651611
.0585784912
-.1107788086
.0312194824
-.1859741211
-.1188354492
-.0637817383
.0483703613
.0160522461
-.0101623535
-.0107116699
.0137786865
-.0079193115
.0117797852
-.0119018555
-.0107269287
-.0106353760
-.0552673340
.0228271484
-.0134429932
-.0120086670
.0077667236
.0077209473
-.0121917725
-.0287780762
.0307617188
-.0944671631
-.0670471191
-.0441131592
-.1645812988
-.1132049561
.0495758057
.0363769531
-.0196533203
-.0197296143
-.0346069336
.0349731445
-.0138854980
.0197906494
-.1331024170
.0192565918
.0146789551
-.0626373291
-.0266418457
-.0272369385
-.1139221191
-.1501464844
-.0998535156
-.0221862793
-.0650634766
-.0218963623
-.0636138916
-.0323333740
-.0794067383
-.0751037598
-.0310516357
.0215759277
.0253753662
-.0468597412
-.0457305908
-.0231475830
.0252380371
.0294952393
-.0208129883
.0247955322
-.0243682861
-.0296173096
.0157012939
-.0179443359
-.0157012939
-.0151977539
.0167236328
-.0121307373
-.0134582520
-.0211334229
.0408782959
.0166320801
-.0146331787
-.0144348145
.0148315430
.0642700195
-.0508728027
-.0280456543
.0551147461
.0301666260
-.2278289795
-.0321350098
.0436096191
.1126098633
.1123199463
-.0293884277
-.1396331787
-.1604766846
.0607604980
-.0419921875
.0660247803
-.1598052979
.0555267334
.0194702148
.0233306885
-.0189056396
.0182037354
.0183563232
-.0239410400
.0472106934
.0467224121
.0276031494
-.0241394043
-.0200958252
-.0301971436
.0188140869
-.0747375488
-.1499786377
-.1317901611
.1164550781
.1241302490
-.2196197510
-.1166534424
-.1064605713
.0322418213
-.1217498779
-.0824737549
-.0296020508
-.1642608643
-.0636749268
-.1639556885
-.1277008057
-.0485534668
.0247955322
-.0227050781
-.0200042725
.0179748535
.0260467529
-.0312652588
-.0253753662
.0167999268
.0255126953
-.0144653320
-.0255889893
.0144500732
.0146789551
.0410156250
-.0208740234
.0438079834
.0273284912
.0298461914
-.0682678223
.0186004639
.0155029297
-.0866851807
-.0918884277
-.1248779297
.0810089111
-.0618591309
-.0478515625
-.0341491699
-.0285491943
-.1530456543
-.0984039307
-.1045532227
.0491333008
.0426635742
.0371398926
.0428009033
.0572509766
.0256652832
.0162200928
-.0173797607
-.0129547119
-.1133270264
-.1307067871
-.0595550537
-.0161132813
-.0242614746
.0494079590
.0724945068
.0410461426
-.0755004883
-.0835418701
.0857391357
-.0825042725
-.1168823242
-.1226043701
.0642089844
.0708007813
-.0587158203
-.0318450928
-.0529022217
-.0295257568
.0284423828
-.0520935059
.0341796875
.0310974121
-.0351409912
-.0202331543
-.0166320801
.1134643555
-.1603088379
-.0663299561
-.1304779053
-.0198974609
-.0282135010
-.0243225098
-.0606842041
-.0682373047
.0785827637
-.1148223877
-.1683654785
.1166381836
-.2282562256
-.0257568359
-.1217193604
-.1215515137
.0270385742
.0671234131
.0280761719
.1207885742
-.2026214600
-.0552215576
.0437011719
-.0286407471
-.0202636719
.0232086182
-.0318908691
-.0228576660
.0129241943
-.0181884766
-.0166931152
-.0200500488
-.0313873291
.0255432129
.0366058350
-.0295562744
-.0316009521
.0275573730
-.0258026123
-.0200347900
-.0300292969
-.0285186768
.1642150879
.1319122314
-.1543121338
-.1462554932
.0521697998
.0326690674
-.1321563721
-.2278137207
-.1541595459
.1066131592
.0542144775
-.0657806396
-.0438690186
-.1512908936
.0459442139
-.0361480713
-.1246185303
.0245971680
.0854339600
.0308990479
-.1392059326
-.1728820801
-.1216583252
-.0569305420
-.0352630615
-.0471801758
-.0813293457
.0542449951
-.0229034424
-.0204620361
.0229492188
.0203247070
-.0245513916
-.1171569824
-.0430908203
-.1882171631
.0774078369
-.1428070068
-.0464324951
-.0480804443
-.1751708984
-.1126708984
-.0369567871
-.1322174072
-.0928039551
.0473022461
-.0612487793
-.1366424561
.0376434326
.0406036377
-.0197143555
-.0152435303
.0215606689
-.0230560303
-.0174102783
-.0147857666
.0215454102
-.0239868164
-.0260009766
.0345306396
-.0167694092
-.0131835938
-.0158996582
.0221099854
.0174102783
-.0214538574
-.0185699463
-.0274810791
.0162048340
.0249633789
-.2194976807
-.1973419189
-.0539093018
-.2220458984
.0655517578
-.0916137695
.1393585205
.1272888184
-.1228637695
-.0239868164
-.1622161865
-.1416931152
.0558624268
-.0201873779
-.0246429443
.0220184326
.0196075439
.0236358643
.0236053467
.0192260742
-.1560974121
-.1193695068
.1313934326
-.0164947510
-.1269378662
-.0915069580
.0557250977
-.0971527100
-.1011505127
.0287475586
-.0622100830
.1428222656
-.0975494385
-.0392913818
.0357360840
-.1222686768
-.1810455322
-.1176300049
.1040039063
.0253601074
-.1014099121
.0819854736
.0795288086
-.0648651123
.0272369385
-.0394744873
-.0266571045
-.0146789551
.0158538818
.0099334717
-.0116424561
.0146636963
.0167999268
-.0142669678
-.0359344482
.1240844727
.0404205322
-.1220245361
.1338348389
-.1972198486
-.1619110107
.0260772705
-.0175933838
.0196380615
.0115203857
-.0173797607
.0157928467
.0258483887
-.0810852051
.0700073242
-.1940155029
-.1854400635
.0478057861
-.1034851074
.0688934326
.1067199707
-.1121215820
-.1142120361
-.1271972656
.0413208008
.1053924561
.0510711670
.0150299072
.1007690430
.0742034912
.0496063232
-.0972747803
.0425109863
-.0273132324
.0251617432
-.1234893799
-.1385803223
-.0301055908
-.1091308594
.0431365967
.0528106689
.0100402832
.0610504150
.0837860107
.0890045166
.0853881836
.0421600342
-.0173950195
-.0822601318
-.0575714111
-.0357360840
-.0217742920
.0172424316
.0157623291
-.0268249512
-.0335083008
.0196075439
.0149078369
-.0276489258
-.0269775391
.0679016113
.0734100342
-.0863952637
.1323699951
.1207122803
.0560607910
-.0597686768
.0940551758
-.0386352539
.0779418945
.0480651855
.0914001465
.1030120850
.0919036865
.0354766846
.1093750000
.0305175781
.0737609863
.0263824463
.1296081543
.0343780518
.0734558105
-.0304718018
-.0204925537
.0900878906
.0525360107
.0530700684
-.0381317139
-.0293121338
-.0658874512
.0444793701
.0352325439
.0278320313
.0166473389
-.0246276855
-.0130767822
-.0175018311
.0143585205
.0129394531
-.0154113770
.0422973633
.0609588623
.0217590332
-.1338653564
-.0464935303
-.0367279053
.0848541260
.0740203857
.0147705078
.1117401123
-.1527252197
.0912933350
.0249328613
.0198669434
.0519561768
.0819396973
.0245666504
-.1423645020
-.1342773438
.0788116455
.0612182617
.0699768066
-.0623626709
.0203094482
-.1444549561
-.1508331299
.0428009033
.0843505859
.1151733398
.0266876221
.0311279297
-.1225128174
-.0970458984
.0922393799
-.0663299561
-.0535278320
.0634613037
.0610656738
-.0504608154
.0430145264
-.0971374512
.0731506348
.1233673096
-.0794219971
.0582275391
-.0197906494
.0911865234
-.0493164063
-.0194396973
.0601806641
.0367279053
.0142211914
.0151519775
.0115814209
.0166931152
-.0197906494
-.0169830322
.0175781250
.0815887451
.0996093750
-.0272521973
-.1601257324
-.1705627441
.0464019775
.0704956055
.0699310303
-.0324401855
.1069030762
-.1309967041
.0845947266
-.0734863281
-.0318756104
-.0183563232
.0362243652
-.0225524902
-.0210418701
.0182495117
-.0753326416
.0248413086
-.1028289795
.0977783203
-.0793609619
-.0146331787
.0730133057
-.0670623779
-.0725097656
-.0184173584
.0838012695
.0372009277
.0271911621
.0583648682
-.0249023438
-.0355682373
-.0617218018
-.0737304688
-.0679016113
.0283966064
-.0777740479
-.1010131836
-.0197753906
.0721893311
.0672454834
.0292816162
-.1327514648
-.0806579590
-.0222778320
.0422210693
-.0641937256
-.0704650879
.0435333252
.0348358154
-.0200500488
-.0702667236
-.0719451904
-.0284423828
-.0343170166
-.0770111084
.0404968262
.0157318115
-.0244598389
-.1040496826
-.0322875977
-.1712036133
-.1268310547
-.1916198730
-.1463928223
-.0467224121
.0369873047
-.1071166992
-.1074676514
-.0935516357
-.0610504150
.0345458984
.0337066650
.0386199951
-.1777191162
-.0493164063
-.1338653564
-.0438690186
.0099334717
-.1647949219
-.1252746582
.0985870361
.0708770752
.0363006592
.0171966553
-.0200347900
.0495147705
-.0808258057
-.1410827637
-.1067504883
-.1639099121
.0179443359
-.0937347412
-.2079315186
-.2375183105
-.1316986084
.0292205811
-.1381530762
-.1723937988
-.1001129150
-.0431060791
.0129089355
.0091705322
-.0087890625
.0075225830
-.0126495361
.0680999756
-.1251983643
.0440979004
.0944824219
.1099853516
.0773315430
.0230255127
.0835723877
-.0312347412
-.0278930664
-.0187988281
-.0389251709
-.0370025635
.0470733643
.0689544678
.1253356934
-.1360626221
.0681152344
.0159606934
.0823516846
.0444335938
.0978240967
.1172180176
.0649719238
.0675048828
-.0283050537
.0483245850
.0287780762
-.1064910889
.0636291504
.0288696289
.0278015137
.0213317871
-.0148010254
.0173187256
.0257568359
.0153045654
.0255584717
.0245513916
-.0197601318
.0265197754
-.0710906982
-.0357055664
-.0410156250
-.1280822754
-.2336273193
.1582183838
.1043853760
.1415710449
.1475830078
-.1330566406
.0757141113
.0261993408
-.0735168457
.0670623779
.0140686035
-.0784912109
-.0267486572
-.0638732910
-.0841827393
-.0788879395
-.1117553711
-.0995788574
-.1098785400
-.0715179443
.0216369629
-.0602874756
-.0612487793
.0716857910
.0311889648
.0783538818
-.0347747803
-.0784912109
-.0621643066
-.0274963379
-.0491180420
.0213165283
-.0145568848
.0647583008
.0541534424
-.0622100830
-.0742340088
.0263671875
-.0722198486
-.0854644775
-.0488739014
.0449829102
.0240936279
-.0487518311
-.0342254639
-.0355682373
.0202178955
-.0181579590
-.0209960938
.0241394043
.0148162842
.0187683105
-.0225677490
-.0210418701
-.0160522461
.0213470459
.0197906494
.0567016602
-.0242614746
.0248870850
.0385131836
-.0204010010
-.0191650391
.0260162354
.0315551758
-.0257110596
-.0278930664
.0265960693
.0188140869
-.0183868408
-.0213928223
.0192413330
-.0991973877
.0310668945
.0937500000
.0547943115
-.0291137695
-.3638000488
-.2670440674
.1273193359
-.2461090088
-.1003723145
-.2983245850
-.3415679932
-.0697326660
.0267181396
-.3658294678
-.3590850830
.1936187744
.2276916504
.2075653076
-.0340881348
-.2069702148
.1731872559
-.2118072510
-.1777038574
.0416870117
.0334777832
.0520477295
.0538940430
.0379028320
.0412139893
-.0183868408
.0100555420
.0117187500
.0256652832
-.0150299072
.0209350586
-.0979156494
-.1082916260
-.0610046387
-.2119140625
.1201019287
-.0578308105
-.0351867676
-.0478210449
.0355377197
.0698852539
-.1026153564
-.0415954590
-.0672912598
-.0953979492
-.0664825439
.1181945801
-.1001281738
-.0637969971
-.0247650146
.0166168213
.0815887451
.0574951172
.0128936768
-.0178985596
-.0253448486
.0259094238
-.0243072510
-.0242309570
.0231018066
.0226898193
-.0163879395
.0145721436
.0226287842
.0224456787
.0177917480
-.0201721191
-.0273590088
.0193023682
.0156097412
.0155181885
.0470581055
-.0315093994
-.0378723145
-.0294494629
-.0240478516
.0250091553
-.0188446045
.0225830078
.0147094727
-.0180358887
-.0236358643
.0260314941
-.0255126953
-.0251159668
-.0363159180
.0293579102
.0222015381
.0207672119
-.0181274414
.0121307373
.0184020996
-.0132598877
-.0108032227
.0075531006
.0195922852
.0095520020
-.0104827881
.0074920654
.0068664551
-.0041503906
.0040588379
.0068817139
.0035858154
.0022277832
.0026397705
-.0027923584
.0024566650
.0002746582
-.3658294678
