.0014190674
-.0009002686
-.0027465820
.0160522461
-.0263977051
-.0682525635
.1127929688
.1406402588
.1147308350
.1091613770
.0730743408
.0379333496
.0307159424
-.0169677734
.0108184814
.0080871582
-.1878204346
-.1850891113
-.1551971436
-.1810913086
-.1642303467
-.0667877197
-.0543365479
-.0325012207
-.0099487305
-.0093688965
.0269012451
-.0316162109
.0266265869
-.0254821777
-.0193023682
-.1396942139
.1741790771
.1401519775
.0324096680
.0136413574
.0114288330
.0084533691
.0051574707
.0338287354
.0629425049
-.0444335938
-.0494995117
.0679168701
-.0845336914
-.0669097900
-.0568847656
-.0111236572
.0067596436
.0205688477
-.0079193115
-.0131835938
-.0160827637
.0084686279
.0102691650
-.0151672363
-.0111541748
-.0041961670
.0778350830
-.0803527832
-.0418395996
.0127105713
.0040740967
-.0041198730
-.0023498535
-.0017242432
-.0015258789
-.0012969971
.0288848877
-.0742797852
.1247253418
-.1102752686
-.0487823486
.0287322998
.0275268555
-.0532226563
.0295562744
-.0303802490
-.0316009521
.0275268555
.0219116211
-.0664062500
-.0924835205
.0350341797
.0403289795
-.0452270508
-.0284576416
.0207214355
.0063629150
.0258636475
.0200805664
-.0079040527
-.0048065186
-.0016021729
.0174255371
.0276336670
-.0066375732
-.1048126221
.1243896484
.1204833984
.0220184326
.0086059570
-.0061492920
-.0041351318
-.0114898682
.0140686035
.0163726807
-.0136108398
.0061187744
.0514831543
.0774078369
.0840301514
.0402526855
-.0487823486
.0629730225
.0541839600
-.0444641113
.0131378174
-.0335388184
-.0065917969
-.0032958984
.0043487549
.0126495361
.0283966064
-.0348358154
-.0400085449
.0418853760
.0726470947
-.0840911865
.0780334473
-.0639801025
-.0564880371
.0578002930
.0429382324
.0351715088
-.0247955322
-.0846557617
.0382843018
-.0849304199
.0666503906
.0873260498
.0450439453
.0710449219
.0660552979
.0291595459
-.0083770752
.0097808838
-.0074768066
-.0076446533
-.0032043457
-.0026092529
-.0014801025
-.0007781982
.0011901855
-.0010070801
-.0010681152
.0009918213
.0004882813
.0007171631
.0006561279
.0006256104
.0005798340
.0005493164
-.0004119873
-.0004425049
.0004119873
.0007476807
-.0007019043
.0003356934
.0004730225
.0003356934
-.0007476807
-.0011291504
-.0024719238
-.0118103027
-.0092163086
.0095977783
-.0139923096
.0013580322
.0009613037
.0011901855
-.0009307861
.0055389404
.0082855225
-.0078887939
.0023803711
.0084686279
.0053253174
-.0239562988
.0142517090
.0111541748
-.0139923096
.0194244385
.0160980225
-.0119018555
-.0136871338
-.0120697021
.0105133057
-.0108184814
-.0036926270
.0030212402
-.0059051514
.0050201416
-.0021820068
-.0123748779
-.0164794922
-.0149230957
-.0124206543
.0060424805
.0087432861
-.0020294189
-.0020599365
-.0032958984
.0069732666
.0114746094
.0089874268
.0115661621
-.0196228027
-.0133666992
-.0081787109
.0059356689
-.0116729736
-.0119628906
-.0119781494
-.0111999512
-.0099792480
-.0116882324
-.0093078613
-.0086364746
.0110015869
.0086669922
-.0046691895
-.0152587891
-.0194549561
.0098266602
-.0040130615
-.0034942627
-.0031280518
.0015106201
.0026397705
.0024719238
.0134582520
.0119781494
.0100555420
.0072326660
-.0042114258
-.0011291504
.0019073486
.0016174316
.0132598877
-.0034790039
-.0102539063
.0158386230
.0097656250
.0073242188
-.0090789795
-.0073089600
-.0038757324
-.0035247803
-.0019836426
-.0012054443
.0004425049
.0007324219
-.0005187988
.0006103516
.0005645752
-.0007324219
-.0009613037
.0007019043
-.0009307861
-.0007629395
.0009460449
.0026092529
.0084075928
.0105285645
.0078582764
-.0032043457
.0075836182
.0062866211
-.0087127686
-.0110015869
-.0154571533
.0135650635
.0175323486
-.0127105713
.0088958740
-.0076293945
-.0084228516
.0040130615
-.0047454834
-.0064544678
.0117187500
-.0050506592
-.0015716553
-.0042114258
.0069885254
-.0095367432
.0056610107
.0140991211
.0151214600
.0088348389
.0111999512
.0088806152
.0108489990
.0080871582
.0090332031
.0055389404
-.0044555664
.0058746338
.0018463135
-.0008392334
.0069732666
.0093994141
.0073699951
.0086669922
.0097198486
-.0026092529
-.0097961426
-.0056457520
.0036773682
.0047302246
-.0078125000
.0061645508
-.0094909668
.0141754150
.0094451904
.0028076172
.0005493164
-.0005645752
.0004882813
.0063476563
-.0150604248
-.0132751465
.0150756836
-.0166931152
-.0135192871
.0069274902
-.0087280273
-.0047302246
-.0070648193
-.0107269287
-.0030670166
.0086822510
.0057373047
-.0097503662
-.0077209473
.0064392090
.0077972412
-.0057067871
-.0063323975
-.0074615479
.0089111328
-.0104827881
.0075225830
.0031127930
-.0081024170
-.0117950439
-.0108184814
-.0077362061
.0113830566
.0107879639
-.0138702393
.0152282715
-.0115661621
.0030822754
-.0011444092
.0039672852
-.0022125244
-.0023345947
-.0055999756
.0124969482
-.0126037598
.0107116699
-.0089263916
.0057525635
.0066833496
.0042419434
.0042266846
-.0020751953
-.0012664795
.0009155273
-.0013427734
-.0021667480
.0075225830
.0182189941
.0140533447
.0145416260
.0109100342
-.0093841553
-.0087280273
.0085144043
.0034179688
.0040283203
-.0046691895
-.0030517578
-.0052185059
-.0146636963
.0076446533
-.0147094727
-.0111846924
.0140380859
.0098266602
.0104675293
.0144348145
.0134124756
-.0196380615
-.0061035156
-.0031127930
.0113220215
.0094909668
.0075073242
.0066680908
-.0091705322
.0119934082
.0126190186
.0137023926
-.0046539307
.0024566650
.0008697510
-.0071716309
-.0031890869
.0093078613
-.0137786865
.0193328857
.0111999512
.0034942627
.0031433105
.0052032471
.0033569336
.0013885498
-.0048217773
.0087280273
-.0039978027
-.0029449463
.0011749268
.0020599365
.0041198730
-.0137023926
-.0125274658
-.0142822266
.0069732666
-.0039978027
.0023498535
-.0025177002
.0033569336
-.0018157959
-.0021972656
-.0053863525
.0086822510
-.0095520020
-.0110168457
-.0045471191
.0027160645
-.0079193115
.0019073486
-.0103759766
-.0126953125
.0149383545
.0138244629
.0127410889
-.0100860596
-.0066223145
-.0022888184
.0044555664
.0021362305
.0010070801
-.0010833740
-.0026855469
.0037689209
-.0051574707
-.0170593262
-.0155334473
.0047607422
.0018615723
-.0026397705
-.0008392334
.0059051514
-.0038909912
.0086517334
.0191497803
.0100097656
.0107574463
.0075683594
-.0027465820
.0020141602
.0077972412
-.0029907227
.0021514893
.0055236816
.0037231445
-.0038299561
-.0034637451
.0043029785
-.0045166016
.0030670166
.0023651123
.0012512207
-.0009307861
-.0006103516
-.0008087158
-.0014190674
-.0009002686
.0010070801
.0009307861
.0010528564
.0009155273
-.0006561279
-.0011138916
-.0012969971
-.0007781982
-.0011596680
.0012359619
.0014495850
.0008392334
-.0007934570
.0010070801
.0009765625
-.0012207031
.0010375977
-.0007324219
-.0010833740
.0008850098
.0008544922
-.0010223389
-.0010833740
.0007781982
.0007781982
-.0005950928
-.0004730225
-.0015563965
.0039825439
-.0136108398
-.0083465576
.0032043457
.0105438232
.0043945313
-.0010986328
-.0021667480
.0031738281
.0061492920
-.0135040283
.0181579590
.0179748535
-.0200653076
-.0140533447
-.0124053955
.0141601563
-.0190124512
.0135650635
-.0138854980
-.0107574463
-.0031280518
-.0044403076
.0034179688
.0180664063
-.0181884766
.0207519531
.0189514160
-.0144653320
-.0101165771
-.0071868896
-.0037384033
.0024414063
.0018310547
-.0080261230
.0129699707
.0042724609
-.0134277344
.0160369873
-.0133972168
.0086669922
-.0110778809
.0043945313
.0016479492
-.0027923584
.0021667480
.0109710693
-.0111083984
.0119171143
.0094299316
.0072784424
-.0062561035
.0095520020
.0207366943
-.0110168457
-.0221862793
.0174255371
.0077819824
.0033416748
-.0267333984
.0205230713
.0198974609
.0172119141
-.0056152344
-.0139617920
-.0103149414
-.0093841553
-.0076751709
.0040130615
.0010986328
.0014953613
-.0015411377
-.0017395020
.0141906738
.0175628662
.0194091797
.0213775635
.0135498047
.0166931152
.0201416016
.0220642090
.0200347900
-.0200805664
.0089569092
-.0214843750
-.0180969238
.0184020996
-.0158233643
.0086364746
.0097045898
-.0161743164
-.0115203857
.0054168701
-.0064544678
-.0043640137
.0021820068
-.0009002686
.0007629395
-.0005035400
.0006561279
.0014648438
-.0007934570
-.0006866455
-.0007629395
-.0003814697
-.0005493164
.0004272461
.0003814697
-.0003662109
.0006713867
.0003967285
-.0005035400
-.0005950928
.0004272461
-.0006408691
.0038604736
.0005340576
-.0004272461
-.0004882813
.0005187988
.0017395020
-.0007019043
-.0008544922
.0011444092
-.0009155273
-.0010528564
-.2754669189
-.3502502441
-.3661041260
-.3770751953
-.3655548096
-.3099060059
-.2821350098
-.2761535645
-.3283081055
-.3467102051
-.3285217285
-.2687988281
-.2321472168
-.2105255127
.1308746338
.1690826416
.1729888916
.1419525146
.1527557373
.1595611572
.1642456055
.1668395996
.1667480469
.1761932373
.1765289307
.1976165771
.2165679932
.2357940674
-.2265625000
-.4059143066
-.4221038818
-.3925323486
-.3957824707
.2974548340
-.3312988281
-.2400054932
-.2742309570
-.2625427246
.2697906494
.2871093750
.3101654053
.2338714600
-.1774291992
.1447753906
.1510009766
.1654663086
.0500640869
.0463714600
-.0310211182
.0385131836
-.0832061768
.3194427490
-.3768310547
-.3811187744
.3134307861
.2818145752
.1665802002
-.1413574219
.1613464355
.1511535645
.2719726563
.2429504395
-.2181243896
.0761108398
.0577850342
.0131225586
-.0068817139
.0262298584
.0783386230
.1546173096
.1179962158
-.0987548828
-.1192779541
-.0845031738
-.1462860107
.2603607178
.2247619629
-.1919097900
.0505218506
.0130767822
-.0034179688
.0296630859
-.0182952881
.0550231934
.1262512207
.1072235107
.1527862549
-.0970458984
.0894470215
.1514892578
.0728607178
-.0813903809
.2043304443
.2750091553
.2725067139
-.2311859131
.1279449463
-.1712646484
-.1833038330
.1523895264
-.1075134277
.0595092773
.0592193604
.0797576904
.1824798584
-.2437744141
-.2738342285
.1358795166
-.1863403320
.1977844238
-.2379455566
-.2140350342
-.2081909180
-.1725006104
-.0852203369
-.0226135254
.0503082275
-.0731201172
-.0344543457
.0450744629
-.0349426270
-.1829681396
.2320251465
-.0868835449
-.0384826660
-.0097503662
-.0071105957
-.0057525635
.0037384033
.0314941406
-.1181945801
-.2762603760
-.3128204346
-.2962341309
-.2621917725
-.3125000000
-.3144531250
-.2605285645
-.2734832764
-.2503662109
-.1364288330
.1383972168
.1247558594
-.0551147461
-.0125579834
.0063323975
-.0056304932
.0120391846
.0093231201
-.0101318359
-.0373077393
.1087036133
.1184692383
.0458831787
.0139617920
.0049743652
-.0302429199
-.1286010742
-.2845153809
-.2508697510
-.2121887207
-.0517578125
-.0281982422
-.0082855225
-.0238800049
.1497955322
.1837768555
-.1855468750
-.2791442871
-.2849884033
-.2829589844
-.3047637939
.0588684082
.0332031250
-.0091400146
-.0350952148
.0164184570
-.0260009766
-.0021820068
-.1346588135
.1571197510
-.2614898682
-.3289489746
-.3148345947
-.3159179688
-.2924194336
-.3095855713
-.1570434570
-.1744232178
-.1557006836
.1233367920
-.0991516113
.1650695801
-.2386779785
-.2864074707
-.2993469238
-.2629852295
-.2723083496
-.2091064453
-.1883239746
.1817016602
.2287597656
.2151794434
-.2033691406
.0398254395
.0597839355
.0790100098
.2105102539
.1928558350
-.2446441650
-.2660827637
-.2922058105
-.2711486816
-.2588195801
.1052093506
.1032409668
.0882720947
.0822601318
-.0604553223
-.0952301025
.1479644775
.0898742676
.0815429688
-.0473480225
-.0443267822
-.0378570557
-.0837707520
-.2049255371
-.2243041992
-.2704467773
-.2247009277
-.2106170654
-.1844940186
-.0508117676
-.0443572998
-.0364837646
-.0148468018
.0151824951
.0263977051
-.0557098389
.0982360840
.0562896729
-.0256347656
-.0105895996
-.0151367188
.0578155518
-.1813964844
-.1210174561
.1296386719
.0588836670
-.0292816162
-.0104522705
.0050659180
-.0065002441
-.0180511475
-.0190734863
.0256958008
-.0111846924
-.1070709229
.1402282715
.1358489990
.0617675781
-.0567169189
.0491027832
-.0500030518
.0261535645
.0121765137
.0031280518
-.0024871826
-.0257873535
-.2902679443
-.2327880859
-.2326812744
-.2217712402
-.0740203857
.0383911133
.0105438232
-.0209045410
-.0317382813
-.1799316406
.1179351807
-.0182952881
-.0173492432
.0144042969
.0133209229
-.0566101074
-.0225982666
-.0288696289
.0419158936
.1127014160
.1316070557
.1352539063
.1327056885
.1626281738
-.0765228271
.0449066162
.1554412842
-.1189575195
-.0412292480
.0135040283
.0055694580
.0032958984
-.0019073486
.0890045166
-.1312561035
-.1581268311
-.0379486084
-.0480957031
-.0933074951
-.1543273926
-.2561798096
-.2937927246
-.3010101318
-.3065795898
-.2594909668
-.2193756104
-.1883697510
-.1945495605
-.2103881836
-.0682830811
-.0616760254
-.0545654297
-.0494384766
.0442199707
-.0438842773
-.0194702148
-.0232391357
.0576782227
-.0393371582
-.0710449219
-.0597991943
.0603790283
-.0200958252
-.0370788574
.0342407227
-.0426025391
-.0449676514
-.0370635986
-.0332336426
-.0188140869
-.0101776123
.0056915283
.0008087158
-.0010528564
-.0034637451
