-.0016632080
-.0018463135
.0027008057
.0027465820
.0039672852
-.0045471191
.0070953369
-.0057373047
.0060882568
-.0056610107
-.0240478516
.0357818604
.0453033447
.0502929688
.0406799316
.0465850830
.0174255371
-.0085601807
-.0063934326
.0060729980
.0079193115
-.0067443848
-.0071411133
.0142059326
.0495300293
.0613098145
.0737304688
.0733184814
.0705871582
.0677642822
.0600128174
.0226898193
.0195312500
.0306091309
.0310974121
.0284881592
.0224609375
-.0097198486
.0055084229
-.0038909912
-.0049438477
-.0048828125
.0044250488
-.0209045410
-.0211486816
-.0198059082
.0178527832
.0084228516
-.0043945313
.0005493164
.0054016113
.0088653564
.0179138184
.0066986084
-.0018615723
-.0014648438
.0022583008
-.0022735596
.0024566650
-.0050048828
-.0036315918
-.0053710938
.0147857666
.0188446045
-.0190582275
-.0138244629
.0150299072
.0146331787
.0133666992
.0122375488
-.0026092529
.0006408691
-.0002593994
-.0004119873
-.0002136230
.0002441406
.0002441406
.0002441406
.0002899170
.0002899170
-.0129852295
.0300445557
.0835723877
.0722503662
-.0687255859
-.0507507324
-.0196228027
-.0135345459
.0110168457
.0138549805
.0166320801
-.0220489502
.0295410156
.0325012207
.0264587402
.0180511475
-.0039672852
.0005035400
.0056152344
.0127716064
.0144500732
.0137329102
.0113067627
.0107116699
.0112304688
.0074920654
-.0047760010
-.0083923340
.0125427246
.0123596191
-.0083007813
-.0100860596
.0115661621
.0076141357
.0078582764
-.0064697266
.0031738281
.0016784668
-.0002136230
.0002136230
.0003204346
-.0004882813
.0010375977
.0009460449
-.0010375977
.0011444092
-.0009155273
-.0006103516
-.0006561279
.0004730225
.0006408691
.0004882813
.0005645752
.0007629395
-.0002136230
-.0003662109
-.0002288818
.0002593994
.0002136230
.0025177002
-.0137023926
-.0145721436
-.0138244629
-.0152435303
.0114593506
.0112152100
.0046844482
.0048522949
.0060577393
-.0102691650
-.0291442871
-.0289154053
-.0245361328
-.0222167969
-.0290374756
.0177001953
.0183258057
.0158538818
.0079040527
.0036163330
-.0072784424
.0045318604
-.0153503418
-.0111541748
-.0180358887
.0234680176
.0236511230
.0187377930
-.0125885010
.0084838867
-.0093994141
.0176086426
.0069427490
.0013732910
-.0116424561
.0064544678
-.0221557617
-.0170745850
-.0024108887
-.0031585693
-.0025787354
-.0099945068
-.0010223389
.0002899170
.0002899170
.0002441406
.0002136230
-.0003051758
-.0002746582
-.0002136230
-.0003051758
-.0002593994
.0001983643
-.0300140381
.0678558350
.0918273926
-.0869445801
-.0858001709
-.0850372314
-.0712280273
-.0191650391
.0182495117
.0404052734
.0384063721
.0319976807
.0292510986
.0248107910
-.0197296143
-.0192108154
-.0203094482
.0206909180
.0213012695
.0231475830
.0268402100
.0226440430
.0219268799
.0204772949
.0193786621
-.0133972168
-.0129241943
.0152587891
.0078430176
.0061035156
-.0059661865
-.0056152344
-.0063171387
-.0017242432
-.0012207031
-.0062255859
-.0037689209
-.0068054199
.0045623779
-.0035400391
-.0033569336
.0025634766
-.0169525146
.0234222412
.0203399658
.0173492432
.0139465332
.0130157471
-.0080108643
.0086364746
.0077514648
.0093231201
-.0019226074
-.0006866455
.0014801025
.0052795410
-.0043945313
-.0017395020
.0002593994
-.0002593994
-.0003967285
.0005950928
.0008087158
-.0010223389
-.0010986328
-.0012512207
-.0010375977
-.0009155273
-.0012054443
-.0010070801
-.0008392334
-.0008850098
-.0007171631
.0008087158
-.0007171631
-.0006713867
-.0007781982
-.0004119873
-.0003814697
-.0019836426
.0008239746
.0007781982
.0105285645
.0122985840
.0125427246
.0138702393
.0149536133
.0161437988
.0191955566
.0185699463
.0119171143
.0088195801
.0052185059
.0037231445
-.0014343262
-.0067901611
-.0189514160
.0364685059
.0578460693
.0575561523
-.0531005859
.0375823975
-.0163421631
.0086822510
.0069885254
-.0158538818
-.0204467773
-.0172119141
-.0088958740
-.0023803711
-.0078430176
-.0062408447
-.0115356445
.0152130127
.0106048584
-.0098571777
.0060272217
-.0132598877
.0153808594
-.0229949951
.0117340088
-.0124511719
.0079803467
-.0180969238
-.0142517090
-.0378723145
-.0405273438
.0401153564
.0470886230
.0396881104
.0327148438
-.0153961182
-.0145721436
-.0141906738
.0138244629
.0366821289
.0389099121
-.0137939453
.0090789795
.0090484619
-.0092468262
.0045928955
.0048828125
.0086212158
-.0054473877
-.0125274658
-.0146331787
-.0100708008
.0072784424
.0087890625
.0133209229
.0077514648
.0062255859
.0046539307
.0044555664
.0037078857
-.0030059814
-.0014190674
-.0006256104
.0060272217
-.0090637207
.0202636719
-.0278320313
-.0327606201
-.0308227539
-.0291900635
-.0367126465
-.0440826416
-.0368957520
-.0317687988
-.0251922607
.0121765137
.0127258301
.0133361816
-.0193481445
-.0242767334
-.0294647217
-.0266265869
-.0267486572
-.0245208740
-.0222625732
-.0229187012
-.0216217041
.0146331787
.0073547363
.0059051514
-.0088653564
.0085601807
.0078735352
.0054779053
-.0014648438
.0004882813
-.0005950928
-.0003509521
.0001831055
-.0002288818
-.0003509521
-.0004882813
-.0004425049
-.0004272461
-.0005187988
-.0003967285
.0004119873
.0005645752
-.0004577637
.0003509521
-.0006103516
-.0005950928
-.0006713867
.0005493164
-.0004882813
-.0004730225
.0004425049
.0004425049
.0004577637
.0004425049
.0003509521
-.0003967285
-.0004730225
-.0006713867
-.0006408691
-.0010070801
-.0015258789
-.0040435791
.0071563721
.0129241943
-.0198516846
-.0147705078
.0013122559
-.0010833740
-.0009307861
-.0055541992
-.0026855469
-.0014495850
.0020141602
-.0059967041
.0069427490
.0091552734
.0097198486
.0087280273
-.0073089600
.0093383789
-.0119628906
-.0135650635
-.0140533447
-.0109710693
-.0075988770
.0131225586
-.0184478760
.0233917236
-.0274658203
.0220947266
.0139312744
.0058135986
.0111236572
-.0217285156
.0185699463
.0173034668
-.0161590576
-.0176696777
-.0180053711
.0171966553
-.0129241943
-.0138092041
.0135345459
.0147094727
.0135192871
.0064392090
-.0057525635
-.0138092041
-.0194244385
-.0099639893
.0046997070
-.0018310547
.0018005371
-.0048828125
-.0023803711
-.0238189697
-.0213165283
-.0131683350
-.0119781494
-.0029296875
.0011901855
-.0017089844
-.0101776123
-.0136108398
.0177917480
-.0148468018
-.0122070313
-.0130004883
-.0095977783
.0071411133
.0043792725
.0099945068
.0070800781
-.0075531006
-.0082550049
-.0074615479
-.0087890625
-.0084686279
-.0075683594
-.0013732910
.0008239746
.0011291504
-.0005035400
-.0005340576
.0003051758
.0035247803
-.0075988770
-.0080261230
-.0095520020
-.0076904297
.0018463135
.0011444092
-.0077362061
-.0050048828
-.0029144287
-.0016021729
.0012664795
-.0009613037
-.0016784668
-.0021667480
-.0055389404
.0104675293
-.0072937012
-.0085906982
-.0065307617
-.0056304932
-.0051422119
-.0049285889
.0069427490
-.0103149414
.0136566162
-.0083007813
.0023498535
-.0003662109
.0045928955
.0097961426
-.0097045898
-.0108337402
-.0152587891
-.0106506348
-.0027008057
-.0007019043
.0006713867
.0006103516
.0003967285
.0100555420
-.0166015625
-.0135345459
-.0138854980
-.0113830566
-.0097961426
-.0078277588
-.0081176758
-.0061645508
-.0069580078
-.0088195801
-.0082244873
.0076293945
.0090026855
.0089874268
.0098571777
.0091552734
.0079956055
.0071716309
-.0050659180
-.0023345947
.0007781982
.0004119873
.0006866455
.0009765625
.0007476807
-.0009918213
-.0010986328
-.0010528564
-.0011749268
.0013427734
-.0010833740
-.0018463135
-.0013580322
-.0012207031
.0010375977
-.0013427734
-.0010833740
.0008850098
-.0010681152
.0012512207
.0011444092
.0006103516
-.0003814697
-.0005645752
-.0004119873
-.0018157959
-.0012054443
.0102386475
.0099487305
.0108032227
.0083312988
.0061645508
.0048828125
-.0040130615
-.0039520264
-.0031433105
-.0025024414
-.0029907227
-.0027008057
-.0030364990
-.0027008057
-.0037994385
.0023651123
-.0036468506
-.0029602051
-.0039825439
-.0032196045
-.0046234131
-.0053558350
-.0048980713
-.0052490234
-.0053253174
-.0055084229
-.0048065186
-.0060119629
-.0050201416
.0063629150
-.0073089600
-.0119934082
-.0093078613
-.0094299316
.0082397461
.0072479248
-.0041503906
-.0010833740
.0014038086
.0040588379
-.0118713379
-.0163421631
.0120544434
.0050201416
-.0100250244
-.0082855225
-.0074768066
-.0077667236
-.0067291260
.0062561035
-.0052795410
.0020599365
.0004730225
-.0004577637
.0004730225
-.0006256104
.0005798340
-.0008697510
-.0009918213
-.0010681152
-.0009765625
-.0009460449
-.0008544922
.0010833740
.0009765625
.0008850098
-.0007476807
-.0006866455
-.0006866455
-.0008697510
-.0016479492
.0007019043
.0011444092
.0008087158
.0009613037
.0029907227
.0034484863
-.0021362305
-.0009918213
-.0008392334
-.0011138916
.0069274902
.0035705566
.0024871826
.0015106201
.0019226074
.0022430420
-.0034179688
.0052185059
.0049438477
.0036468506
-.0013580322
.0011901855
.0013885498
.0013122559
.0012817383
-.0042266846
-.0038146973
.0025024414
.0038757324
-.0039672852
-.0028228760
-.0030670166
.0036163330
-.0037078857
.0072021484
.0048370361
-.0050964355
-.0021209717
-.0029754639
.0025482178
-.0029754639
-.0045318604
-.0059967041
-.0059967041
-.0056762695
.0054168701
-.0033111572
.0025634766
-.0028533936
.0045166016
.0074005127
.0092620850
.0056915283
.0110778809
-.0132293701
.0051422119
.0059509277
.0135498047
.0022277832
.0025177002
.0015106201
-.0005340576
-.0005035400
-.0004882813
-.0006103516
-.0042266846
.0045166016
.0046386719
.0033569336
.0041503906
.0030670166
.0030059814
-.0016784668
.0010223389
.0011596680
.0012054443
.0034179688
-.0019989014
.0036163330
-.0025177002
-.0016937256
-.0016326904
.0017242432
-.0023193359
.0045928955
-.0072631836
.0078125000
.0095367432
-.0108184814
-.0102539063
-.0040740967
-.0014648438
-.0016784668
.0009155273
.0035858154
-.0005950928
-.0007781982
-.0057983398
-.0047607422
-.0009918213
.0015869141
-.0021820068
.0017700195
-.0012664795
-.0009460449
-.0014343262
-.0010223389
-.0025634766
.0027770996
-.0027465820
-.0030670166
-.0028991699
-.0031738281
.0056762695
-.0038146973
-.0042114258
-.0022888184
-.0029602051
.0026245117
-.0013427734
-.0014801025
.0055084229
-.0076904297
-.0078430176
.0069732666
.0041046143
.0015106201
.0006256104
.0004882813
-.0003814697
.0016021729
-.0024566650
-.0018310547
-.0015716553
-.0054626465
-.0020751953
.0004577637
.0005798340
.0005493164
-.0158386230
.0014648438
-.0014495850
.0011138916
.0010528564
-.0009155273
-.0007629395
-.0005950928
-.0036621094
.0091247559
-.0075683594
-.0033111572
.0018768311
.0023193359
-.0028533936
.0023040771
-.0021057129
.0039978027
-.0082244873
.0130004883
.0115356445
-.0115509033
.0106964111
.0089874268
.0073699951
-.0066833496
-.0031890869
-.0019531250
-.0007171631
-.0007629395
.0007476807
-.0014648438
.0008087158
.0006103516
-.0005645752
-.0005493164
-.0008392334
-.0006256104
.0005187988
.0004882813
-.0005187988
-.0004425049
.0003204346
-.0005187988
-.0005950928
-.0004577637
-.0004577637
-.0005493164
-.0005493164
-.0005035400
.0004425049
-.0005187988
.0007629395
.0009613037
-.0230865479
-.0300598145
-.0389709473
.0445098877
-.0538482666
-.0538482666
-.0485534668
-.0561981201
-.0537719727
-.0477142334
-.0494537354
-.0520935059
-.0528717041
-.0549011230
-.0542297363
-.0556030273
-.0565185547
-.0577850342
-.0576019287
-.0595092773
-.0607757568
-.0590972900
-.0569915771
-.0522918701
-.0411834717
-.0334014893
-.0353088379
-.0350646973
-.0366363525
-.0376434326
-.0378112793
-.0380859375
-.0382537842
-.0396881104
-.0423431396
-.0448913574
-.0457611084
-.0467224121
-.0477600098
-.0464172363
-.0444030762
-.0446014404
-.0464172363
-.0490570068
-.0500335693
-.0528106689
-.0567779541
-.0604705811
-.0620269775
-.0579681396
-.0555877686
-.0537872314
-.0521087646
-.0479888916
.0506439209
.0503540039
.0484161377
.0476531982
.0463104248
.0423583984
.0475616455
.0401916504
-.0407104492
-.0402984619
-.0414733887
.0356445313
-.0247192383
.0163421631
.0117340088
.0111694336
.0113525391
.0054016113
.0051269531
.0048675537
-.0041656494
-.0028381348
.0263061523
-.0398559570
-.0485687256
-.0496826172
-.0613098145
-.1096649170
-.1298675537
-.1643218994
.1490478516
.0884094238
.0813751221
-.0503540039
.0342407227
.0395050049
.0631408691
.0654907227
-.0523376465
.0593719482
-.0444641113
-.0076446533
.0017547607
.0004119873
-.0007019043
-.0006713867
-.0011444092
.0265655518
.0859985352
.1089172363
.1079254150
.0927124023
.0335693359
-.0189514160
-.0229187012
-.0477142334
-.0442962646
.0373535156
.0343627930
.0178985596
.0141448975
-.0259246826
.0335845947
.0440368652
.0447235107
.0446624756
-.0586700439
-.0731811523
-.0682220459
-.0496826172
-.0422210693
-.0229187012
-.0110015869
-.0042266846
-.0021362305
.0146179199
-.0119018555
.0076599121
.0352172852
.0441894531
.0503997803
.0451965332
.0330352783
.0221862793
-.0162353516
-.0098724365
.0075073242
.0053100586
-.0051727295
.0041503906
.0021057129
.0015106201
.0011138916
-.0008697510
-.0008239746
