-.0005187988
-.0002288818
-.0003967285
.0011596680
-.0029296875
-.0084381104
.0095672607
.0133819580
.0019226074
-.0052490234
-.0190734863
-.0065612793
.0088195801
-.0029296875
.0059967041
.0184478760
-.0038757324
-.0034027100
.0020446777
.0061187744
-.0249328613
.0578613281
-.0239715576
.0283050537
-.0151672363
.0286560059
.0154571533
.0319824219
-.0142669678
.0141601563
-.0650177002
-.0224609375
-.0089569092
-.0075073242
.0266571045
-.0278320313
.0078582764
.0070648193
-.0043945313
-.0036926270
-.0039825439
.0076904297
-.0088806152
.0114898682
-.0034027100
-.0031433105
-.0027923584
.0036163330
-.0023040771
.0024871826
.0043945313
-.0015106201
-.0102233887
.0034332275
-.0031433105
-.0035400391
.1021423340
-.0184326172
-.0109100342
.0160522461
-.0171966553
-.0398559570
-.1359405518
-.0348510742
.0221405029
-.0173492432
-.0097656250
.0209808350
-.0430297852
-.0186157227
.0355377197
.0248260498
.0307159424
-.0057983398
.0054168701
.0036621094
-.0024414063
.0023956299
.0032196045
-.0180511475
-.0208435059
.0179443359
.0084381104
.1486358643
-.1061248779
.0412445068
-.0112457275
-.0158843994
.0061645508
.0102844238
.0380096436
-.0776977539
-.0406341553
-.0402374268
.0145416260
-.0101776123
-.0042266846
-.0044860840
-.0081481934
.0129699707
-.0093078613
.0103607178
-.0052947998
.0040740967
.0200653076
.0112304688
.0040740967
-.0022277832
-.0058288574
.0028533936
.0071258545
-.0015563965
-.0009307861
-.0005950928
-.0005798340
-.0017547607
-.0005950928
-.0156402588
-.0187225342
-.0371704102
-.0265045166
.1278686523
.1163024902
-.1156616211
.0304718018
-.0354614258
.0209960938
.0231323242
.0207824707
.0311279297
-.0095214844
-.0081481934
.0069580078
-.0059356689
-.0041503906
.0033416748
.0153961182
.0446777344
.0433959961
-.0574951172
-.0580596924
-.0495605469
.0520172119
-.0218048096
-.0130310059
-.0067138672
-.0048522949
.0054016113
.0025939941
-.0241851807
-.0219726563
.0186004639
-.0417938232
.0419769287
-.0730895996
.0410461426
-.0505676270
.0611572266
.1183319092
.0947570801
.0769500732
.0540161133
.0333251953
.0141448975
.0216064453
-.0186920166
.0172729492
.0125122070
.0080108643
.0089263916
-.0078277588
.0053710938
-.0035705566
.0032653809
.0033416748
-.0065155029
-.0030212402
.0021209717
.0018768311
-.0020904541
-.0029907227
-.0034332275
.0039062500
.0036926270
-.0028228760
-.0051116943
-.0067138672
.0039672852
.0064239502
-.0150909424
-.0162353516
-.0050964355
.0027923584
-.0025634766
.0022277832
-.0018310547
-.0016021729
-.0018005371
.0020599365
-.0027160645
.0020446777
-.0023345947
.0031280518
-.0032043457
-.0042724609
-.0120849609
.0079345703
-.0011901855
.0056915283
.0316467285
.0411987305
.0299377441
.0047149658
-.0307006836
-.0342559814
.0163574219
.0078430176
.0237884521
.0088958740
.0065612793
.0015258789
-.0010375977
-.0024566650
-.0043640137
-.0034790039
.0019989014
-.0022430420
-.0018920898
.0015869141
-.0042114258
-.0037231445
.0123138428
.0168151855
-.0243530273
-.0417633057
.0207519531
.0381164551
-.0200958252
-.0260772705
-.0179138184
-.0355987549
.0820922852
-.1023712158
-.0228576660
.0106964111
-.0110321045
-.0097351074
-.0138092041
-.0190582275
.0210418701
.0065307617
-.0023345947
.0039825439
-.0153961182
-.0116424561
-.0166015625
.0054016113
-.0075683594
.0073699951
-.0079345703
-.1042938232
-.1409454346
-.1049957275
-.0212402344
-.0207977295
-.1921081543
.1374206543
-.0682525635
.0579528809
.0596618652
-.0898437500
.0348052979
-.0106201172
-.0141448975
-.0435028076
-.0815429688
-.0262451172
-.0234527588
-.0278472900
.0397796631
-.1669616699
-.2552490234
-.1047668457
.0938568115
.0923309326
-.0781860352
-.0877532959
-.0209808350
-.0185699463
.0056304932
-.0308074951
-.0689849854
-.1078338623
.0500030518
-.0234069824
-.0440979004
.0556793213
.0725708008
.1030731201
.1578674316
-.1714019775
-.1134796143
-.0102691650
.0091552734
.0109710693
-.0148315430
-.0143127441
.0137634277
.0077819824
.0066070557
.0063476563
-.0100860596
.0039367676
.0603027344
-.0253753662
-.0590515137
-.1948852539
-.0947113037
-.2181854248
.1728210449
-.0218658447
-.0360260010
.2715759277
.0575103760
-.0732116699
.0702667236
-.0999603271
.2212524414
.3011932373
.2334899902
.2611694336
.1745147705
.1553497314
.2706909180
-.1927795410
.0333251953
.1779479980
.2056274414
.0113525391
.0522308350
.0874023438
.3222961426
-.2444000244
-.2185974121
.1738586426
.1473846436
-.0940399170
.0291595459
.0382843018
-.1017608643
-.1317138672
-.1462097168
-.2216491699
-.0627288818
-.0261230469
-.0024719238
-.0037689209
-.0053710938
.0059204102
.0050201416
-.0049285889
-.0156402588
-.1465911865
.3226318359
.1025390625
-.0247650146
.0461425781
.0537261963
-.0346069336
-.1420135498
-.1126251221
-.1552886963
-.1406707764
.1937255859
-.1025238037
-.0346679688
.0213165283
-.1100921631
-.1671447754
-.1302642822
-.0149841309
-.0740051270
-.0449523926
.0571441650
-.0220336914
-.0918426514
.1123657227
-.1217041016
-.1361846924
.1371765137
.0906219482
.0531311035
.0306243896
.1128692627
.1033325195
.0500946045
-.0284576416
.0187225342
-.0129241943
-.0052032471
.0059356689
-.0057830811
.0046234131
-.0040283203
.0039062500
.0064544678
.0067443848
-.0140380859
-.0171813965
.0182800293
.0154418945
.0160980225
.0136871338
.0166473389
-.0164337158
.0149383545
.0180053711
.0191192627
-.0130767822
.0178375244
-.0136718750
.0216369629
.0194702148
-.0281677246
.0162963867
.0185394287
-.0228576660
.0146789551
-.0269775391
.0201416016
-.0153045654
.0214233398
.0162963867
-.0219421387
.0229187012
.0183105469
-.0242614746
-.0214080811
-.0223083496
-.0209655762
-.0170135498
-.0227661133
-.0193023682
.0274047852
.0222930908
-.0231323242
-.0245971680
-.0338134766
.0254974365
-.0875396729
-.0676269531
.0268707275
-.0235443115
-.1362762451
-.0887298584
.0443267822
-.0359497070
.0410003662
-.0334014893
.0298309326
-.0281372070
.0344696045
.0291137695
.0431671143
.0254669189
-.0287933350
.0434722900
-.0406341553
.0350036621
-.0261383057
-.0311431885
-.0340270996
-.0373687744
-.0266113281
-.0393218994
-.0285644531
.0545043945
-.0269775391
.0225830078
-.0374145508
.0498046875
-.0578460693
.0295562744
-.0585937500
.0372772217
-.0262603760
-.0210723877
-.0811004639
-.0432891846
-.0303955078
.0389404297
-.0308074951
-.0234069824
.0518951416
-.0288696289
.0280914307
.0444030762
.0584106445
-.0277862549
-.0481872559
.0285034180
.0199432373
-.0295867920
-.0345458984
-.0339965820
.0417785645
.0300445557
-.0269470215
.0236358643
-.0745391846
-.0294342041
-.0248413086
-.0247497559
.0435485840
.0258331299
.0185699463
-.0203552246
-.0356445313
-.0285644531
.0325012207
.0447082520
.0408172607
.0429687500
-.0349121094
-.0361328125
.0346221924
.0682373047
-.0386810303
.0361938477
-.0334777832
.0359802246
.0465850830
-.0361480713
-.1546173096
.0605621338
.0356292725
-.0643157959
.0694580078
.0487670898
-.0364074707
.1273803711
.0967864990
-.1764068604
-.1054534912
.0955047607
-.0417175293
-.1785125732
.0981140137
-.0798645020
.1516113281
-.0707702637
-.1790313721
-.2528839111
.2586822510
-.2203826904
.0708923340
-.0353240967
.0445556641
.0432434082
-.0338134766
-.0388946533
.0259094238
-.0392303467
.0350494385
-.0283355713
-.0555419922
-.0557861328
.0428466797
.0275115967
-.0554809570
.0489654541
-.0392913818
.0452575684
.0435638428
.0382080078
.0302886963
-.0289001465
-.0527801514
-.0400238037
.0597229004
-.0449523926
-.0354156494
-.0372772217
-.0250549316
.0391998291
-.0416564941
.0516815186
-.0438995361
-.0344238281
-.0384979248
-.0466003418
-.0380096436
-.0393371582
-.0474700928
.0567474365
-.0217742920
.0351104736
.0451965332
-.0269165039
-.0309295654
-.0110626221
.0068054199
-.0080108643
-.0990600586
-.1151580811
-.0664672852
-.0763702393
-.0943908691
-.0899505615
-.0622558594
-.0255126953
-.0167388916
-.0327758789
.0267944336
-.0769805908
-.0631561279
.0981750488
.0742492676
-.0826110840
-.0829925537
-.0477447510
-.0492095947
-.0586853027
-.0429534912
-.0311584473
.0295867920
.0261383057
-.0209350586
-.0216979980
-.0118255615
.0075683594
.0057067871
.0048370361
-.0375518799
.0189971924
.0133819580
.0115509033
-.0762329102
-.0911102295
-.0914306641
-.0657806396
.0462341309
.0504608154
-.0162048340
-.0130004883
-.0572967529
.0433959961
.0296783447
.0399322510
.0193939209
-.0308227539
-.0290832520
-.0348968506
-.0373840332
.0150604248
.0084533691
.0064544678
.0056457520
-.0017395020
.0087738037
.0024871826
-.0035552979
-.0018920898
-.0024719238
.0019989014
.0019378662
.0032653809
-.0026855469
-.0021362305
-.0025024414
.0018920898
.0038604736
-.0015411377
.0014038086
-.0012207031
-.0016174316
.0046234131
.0506134033
-.0071105957
-.0160217285
-.0247802734
-.0185852051
-.0160522461
-.0282592773
-.0270996094
-.0323638916
-.0236816406
-.0296325684
-.0332794189
-.0216217041
.0214538574
-.0957489014
-.0656890869
-.0287170410
-.0263214111
.0136871338
-.0222625732
-.0442657471
-.0333557129
-.0290374756
.0183868408
.0097808838
.0100860596
.0040893555
.0052795410
-.0031738281
.0016479492
.0014801025
-.0106201172
.0065155029
.0038909912
-.0031890869
-.0398254395
-.0845794678
.1222839355
.1104278564
.0668792725
.0563049316
.0756378174
-.1506805420
-.0584106445
-.0550842285
-.0657196045
-.0696868896
-.0586853027
-.0359039307
.0467529297
-.0876464844
.1076660156
.2093048096
-.2446594238
-.1387329102
-.1654205322
-.0959014893
-.0264892578
.0063018799
-.0028533936
.0027160645
-.0048370361
.0045776367
-.0022277832
.0033111572
.0018920898
.0020599365
-.0021514893
-.0024566650
-.0022583008
.0022888184
.0041656494
.0029602051
-.0039672852
.0053253174
-.0018310547
-.0017242432
.0028533936
.0078887939
.0028228760
-.0014495850
-.0017547607
.0048675537
-.0160064697
.0242919922
-.0242004395
.0236816406
-.0225067139
-.0320129395
.0303649902
-.0276184082
.0093688965
.0081787109
.0079803467
.0055389404
.0031890869
.0357513428
-.0377807617
.0383300781
-.0097808838
.0135955811
-.0258026123
-.0135650635
.0157318115
.0211486816
.0183258057
.0288085938
.0576324463
-.0470428467
.0533142090
.0207061768
-.0249786377
.0367584229
-.0530242920
.0132751465
.0224914551
-.0162506104
-.0072479248
.0100097656
-.0030822754
.0028533936
-.0406799316
.0098419189
-.0157928467
.0365753174
.0162811279
-.0217437744
.0124053955
-.0046386719
.0523376465
.0066833496
-.0066070557
.0085754395
-.0029754639
-.0017852783
-.0015563965
.0010833740
.0013885498
.0032348633
.0080108643
.0180358887
.0256500244
.0225067139
.0124206543
.0113830566
-.0039367676
.0086669922
.0073394775
-.0054626465
-.0354461670
.0125274658
-.0970458984
-.0680694580
.0293884277
-.0092773438
.0387573242
-.0500488281
.0532531738
.0147552490
-.0112609863
-.0561523438
.0322418213
-.0074462891
-.0024566650
.0029296875
.0013122559
-.0014648438
-.0010070801
.0009918213
.0011749268
.0012512207
-.0023040771
.0019226074
-.0021362305
.0039062500
-.0018310547
-.0008392334
-.0181732178
-.0202789307
-.0100708008
-.0542907715
.0059204102
-.0038909912
.1010131836
.0700073242
.0775756836
.0592193604
.0334472656
.0334167480
.0540008545
.0388641357
.0774841309
.0658416748
-.0119171143
.0222473145
.0526123047
-.0336761475
-.0153503418
.0062561035
-.0013275146
-.0010223389
-.0012054443
-.0018463135
-.0014190674
.0011291504
.0029602051
.0225677490
-.0579833984
-.0570373535
-.0323791504
.0194244385
.0435333252
.0353393555
-.0141906738
-.0179901123
-.0833587646
-.1244964600
-.1635437012
-.1711578369
-.1746826172
-.1982879639
-.1898651123
-.1432189941
-.0666198730
.0144042969
.0068511963
.0039672852
.0248260498
.0318145752
-.0063171387
-.0164031982
-.0168914795
.0085449219
-.0292968750
.0068817139
-.0092773438
.0071716309
.0140533447
.0132293701
.0142669678
.0064086914
-.0084533691
-.0040893555
-.0034484863
-.0175018311
.0612335205
-.0132751465
-.0453186035
-.0232543945
.0055389404
-.0045013428
.0061187744
-.0029144287
-.0093231201
.0103302002
.0043182373
-.0027313232
-.0034942627
-.0249481201
-.0365142822
-.0580749512
-.0653686523
-.1582946777
.0596160889
-.0613555908
-.0306091309
.0118103027
.0036163330
.0404510498
-.0977172852
.1482238770
.0699310303
-.0679626465
.0395812988
-.0515747070
.0149993896
.0272979736
-.0555114746
.1226196289
-.1274108887
.0365905762
.0098876953
-.0211486816
.0245208740
.0261383057
.0192718506
.0139465332
.0077667236
-.0022735596
-.0042877197
.0050048828
.0021514893
.0015869141
.0017852783
-.0019073486
-.0017395020
-.0014190674
.0010528564
.0006256104
-.0005950928
-.0005798340
-.0010223389
-.0006866455
.0009765625
.0009918213
-.0007171631
-.0008850098
-.0006713867
.0007019043
.0007324219
.0006408691
.0005187988
-.0006408691
-.0013122559
.0011444092
.0010986328
.0010223389
-.0006561279
-.0007476807
.0006103516
.0006256104
-.0005798340
-.0007781982
-.0006103516
