.0006713867
-.0007934570
.0005187988
-.0002746582
.0007324219
-.0011901855
.0005187988
.0010528564
-.0009307861
.0011596680
-.0013580322
.0455780029
-.0994110107
.0831909180
.0131072998
.0220489502
.0433197021
.0509185791
.0380096436
.0475616455
.0386047363
.0360565186
.0380554199
-.0447540283
-.0401611328
.0454254150
-.0458984375
.0366363525
.0962066650
-.1009979248
-.0860748291
.0970153809
.0533599854
.0342407227
-.0283813477
-.0417175293
-.0296478271
-.0369262695
-.0459289551
-.0454101563
-.0638580322
.0941467285
.0949096680
.1085357666
.1322937012
-.1005554199
.0821533203
-.0362854004
.0280914307
-.0243225098
.0272369385
.0296783447
.0771942139
.0918579102
.1042633057
.1052093506
-.0913391113
-.0810089111
.0797424316
.0393829346
-.0584106445
.0234680176
.0048980713
.0011291504
.0010375977
-.0010070801
.0006256104
-.0010681152
-.0008087158
.0010223389
-.0007781982
.0013122559
.0011596680
-.0011138916
.0013427734
-.0013885498
.0014190674
-.0014343262
-.0009307861
.0008239746
-.0009918213
.0008544922
-.0180664063
.0301361084
-.0452423096
.0606079102
.0810699463
-.0474853516
-.0350036621
.0351867676
-.0785369873
.1221618652
.1124114990
.0546875000
-.0195312500
-.0086212158
-.0026245117
.0007629395
.0237731934
-.0672760010
-.0606994629
-.0374908447
.0527038574
-.0223388672
.0415039063
.0084991455
-.0866546631
-.0923156738
-.0460510254
.0034332275
.0015563965
.0008087158
-.0005950928
.0007476807
.0006103516
-.0006713867
.0311889648
.0618286133
.1206359863
.1024017334
.0890045166
.0667114258
.0462493896
-.0532226563
-.0439758301
-.0357818604
.0399780273
-.0412597656
-.0432128906
-.0279083252
.0367126465
.0428314209
-.0790405273
-.0883483887
.0780792236
-.1308898926
-.1302490234
-.1182861328
-.1112823486
-.1067352295
-.1008911133
-.0903015137
-.0593414307
.0402526855
-.0428161621
-.0355072021
.0355072021
.0261993408
-.0294189453
-.0390319824
-.0354766846
.0318756104
.0397796631
.0239868164
.0061645508
-.0016937256
-.0089263916
-.0494689941
-.0577392578
-.0311889648
.0104522705
.0205230713
-.0164489746
-.0164947510
-.0205078125
-.0188598633
-.0217895508
-.0157623291
.0098114014
-.0161132813
.0116882324
.0104980469
-.0073394775
.0131225586
.0227050781
-.0260620117
-.0320434570
-.0315551758
-.0334014893
-.0312957764
-.0273284912
.0242919922
-.0219268799
-.0217590332
-.0237884521
-.0226287842
-.0248107910
.0216369629
.0066223145
-.0363769531
-.0526580811
-.0492858887
-.0498657227
.0447387695
.0349578857
.0252380371
-.0167694092
-.0071411133
.0016174316
-.0008697510
-.0006561279
.0006713867
-.0003356934
.0007476807
.0196685791
.0052337646
-.0438842773
.0368957520
.0688323975
.0345916748
.0254669189
-.0107269287
-.0057678223
-.0062866211
-.0067443848
.0048065186
-.0016174316
.0006561279
-.0003356934
-.0004119873
-.0639801025
-.0707244873
.0252532959
.0281524658
.0194702148
.0160064697
-.0180969238
-.0205383301
-.0116729736
-.0108795166
-.0100250244
-.0094757080
.0084991455
-.0089874268
-.0066375732
.0080566406
-.0074462891
.0077514648
-.0058746338
-.0079498291
-.0056762695
.0050506592
-.0046844482
.0043945313
-.0051574707
.0039672852
.0232543945
.0282440186
.0023040771
.0008697510
.0003662109
.0004272461
-.0004577637
-.0006256104
.0004577637
.0008544922
-.0006713867
.0007934570
-.0004882813
.0005340576
.0011291504
-.0011291504
.0006713867
-.0005798340
-.0005187988
.0004425049
-.0005187988
-.0003051758
-.0005645752
-.0008087158
.0192260742
-.0075378418
.0021972656
.0018768311
-.0016937256
.0020751953
-.0016937256
.0112609863
-.0009002686
.0004882813
-.0011901855
-.0006408691
.0008239746
-.0005340576
.0010070801
-.0005798340
.0008697510
.0005035400
-.0008087158
.0004577637
.0016479492
.0005950928
-.0003814697
-.0005645752
-.0006256104
.0005950928
.0007934570
.0003204346
-.0003662109
.0006866455
-.0011138916
.0007629395
-.0007781982
.0005645752
.0008544922
-.0006713867
.0005950928
-.0005493164
.0007629395
-.0004272461
-.0005645752
.0014801025
-.0014495850
-.0018310547
.0070343018
-.0016174316
-.0058288574
-.0136413574
-.0119476318
-.0119323730
.0054931641
.0037536621
.0021057129
-.0088348389
-.0130767822
.0356445313
.0212402344
-.0066528320
.0073089600
.0092315674
-.0095977783
-.0094757080
.0088348389
-.0048065186
-.0028533936
.0008239746
.0021057129
-.0104675293
.0083770752
-.0112609863
-.0073852539
.0047149658
.0072631836
-.0005187988
.0053710938
-.0082855225
-.0096893311
.0128631592
.0123596191
.0109100342
-.0241546631
-.0065917969
.0061950684
.0257873535
-.0062713623
.0111846924
.0101928711
-.0071258545
.0069122314
-.0036468506
.0041809082
.0050506592
.0041809082
.0065612793
-.0013580322
.0007629395
.0004577637
-.0106201172
.0109405518
.0015869141
-.0006408691
.0005798340
-.0016174316
.0014495850
.0017089844
.0021514893
-.0033111572
.0032196045
.0032348633
.0041198730
-.0049896240
.0049285889
.0059051514
.0060577393
-.0047912598
-.0050048828
-.0045166016
-.0046691895
.0051727295
-.0060119629
.0043334961
.0038146973
-.0054473877
-.0090179443
-.0027923584
-.0008544922
-.0049591064
-.0028686523
.0011291504
.0004425049
.0008850098
.0008239746
-.0009613037
.0009307861
-.0014495850
.0010375977
-.0014648438
-.0092620850
.0122070313
.0172882080
.0220947266
.0067443848
.0064544678
.0076141357
.0158996582
.0125427246
.0378265381
-.0584564209
-.0697784424
-.0686645508
.0111236572
-.0111083984
.0115509033
.0159606934
.0041351318
-.0042266846
-.0004272461
-.0006561279
-.0042266846
.0048522949
.0050354004
.0142974854
.0141448975
.0147857666
.0103302002
-.0040893555
.0008850098
-.0095977783
-.0025939941
-.0019226074
.0123748779
.0096740723
-.0285797119
.0153808594
-.0157775879
-.0158996582
-.0140228271
.0101470947
.0137634277
.0058288574
.0123138428
.0130004883
.0126953125
.0094909668
.0080108643
.0069885254
.0063323975
.0057220459
.0009307861
-.0007934570
-.0004119873
.0077819824
.0023956299
-.0024414063
.0024719238
-.0008392334
-.0194244385
.0063629150
.0138549805
.0197448730
.0184020996
.0133819580
.0174255371
.0272827148
.0221099854
.0126495361
.0026245117
-.0051422119
-.0031127930
.0009460449
-.0074310303
-.0115203857
.0191192627
.0155944824
.0102996826
.0083465576
-.0124053955
.0192108154
.0163269043
-.0146179199
.0129089355
.0094604492
.0073852539
-.0013580322
-.0007934570
-.0154418945
.0039367676
.0044860840
-.0026702881
-.0141448975
.0082092285
.0115203857
.0114135742
.0105438232
-.0310821533
-.0263977051
-.0299072266
-.0371246338
-.0331878662
.0104522705
.0086822510
-.0086517334
-.0110168457
.0333709717
-.0191192627
-.0095977783
-.0005340576
.0006561279
.0076446533
.0183105469
-.0078277588
-.0068817139
.0085296631
.0090789795
.0091857910
.0097656250
.0164947510
.0453491211
-.0335540771
-.0241088867
.0147552490
-.0046844482
.0017547607
.0074615479
-.0129852295
.0121002197
-.0124969482
.0103759766
-.0042724609
-.0025482178
.0011596680
.0006103516
-.0007476807
.0003662109
.0003204346
-.0003204346
-.0002593994
-.0002746582
-.0002899170
.0021667480
-.0004425049
-.0003814697
.0002441406
.0001831055
.0002136230
-.0003051758
-.0002899170
-.0005187988
-.0002441406
.0002441406
.0003204346
-.0006713867
.0010223389
-.0007171631
.0004272461
.0002899170
-.0021820068
.0272521973
.0379028320
-.0353393555
-.0480651855
-.0686187744
.0254211426
.0227355957
-.0567932129
.0474548340
-.0275573730
-.0293731689
-.0338439941
.0269622803
.0267181396
.0385894775
-.0166473389
.0344543457
.0422821045
.0207977295
.0092620850
-.0080413818
.0075836182
.0199890137
.0323486328
.0236206055
-.0177612305
-.0123138428
-.0256195068
.0421447754
.0215454102
-.0088500977
-.0225067139
-.0234985352
.0255889893
.0271301270
.0280914307
.0272369385
.0268249512
.0384216309
.0366668701
.0546722412
.0727081299
-.0808410645
-.0841979980
-.0812377930
-.0793457031
.0830383301
.0565338135
-.0267944336
-.0120391846
.0083770752
.0296173096
.0790100098
-.0668182373
.0543212891
-.0514526367
.0566253662
.0532989502
-.0462036133
-.0110778809
-.0129089355
-.0190124512
-.0104522705
-.0055389404
-.0054016113
.0070953369
-.0141448975
-.0198669434
.0227355957
.0314636230
.0243377686
.0242614746
.0254516602
.0250701904
.0356597900
-.0429992676
.0547180176
.0518951416
.0470733643
-.0358734131
-.0279388428
-.0086212158
.0012969971
-.0006256104
-.0006713867
-.0010681152
-.0007781982
.0012817383
.0009765625
-.0010833740
.0006866455
.0007171631
.0006256104
-.0009613037
.0005035400
-.0005950928
.0005645752
.0008239746
-.0009765625
.0010223389
-.0012817383
-.0011138916
.0015411377
-.0017700195
.0027313232
-.0016021729
-.0012969971
.0007934570
-.0155334473
-.0781555176
.0849609375
.1352691650
-.1363525391
-.0993041992
.0773162842
-.0762176514
.0673675537
-.0872955322
.0985870361
-.0880889893
.0396728516
.0172119141
.0035247803
.0008544922
-.0003967285
.0022583008
.0095520020
-.0460815430
-.0473022461
.0456848145
.0479888916
.0493621826
-.0483551025
-.0572052002
-.0649414063
-.0369567871
.0153198242
-.0023193359
-.0013122559
-.0006256104
.0108642578
.0170288086
-.0130310059
.0286254883
.0384674072
-.0409851074
.0490112305
.0590057373
.0548095703
.0449371338
-.0172729492
.0041351318
.0019683838
.0010833740
.0007019043
-.0005950928
-.0004882813
-.0005950928
.0008544922
.0006256104
-.0005493164
.0005493164
-.0004882813
.0007629395
.0005950928
-.0007934570
-.0003204346
-.0005340576
-.0002593994
.0008544922
-.0007019043
.0005340576
-.0002899170
.0003662109
-.0005187988
.0007781982
-.0008544922
.0004730225
.0004577637
-.0004425049
.0005187988
.0005035400
-.0007476807
.0007171631
.0006866455
-.0012207031
.0014038086
-.0010986328
.0012664795
-.0019989014
-.0493316650
-.1224517822
.1104431152
.0957336426
.0408172607
-.0437927246
-.0454711914
-.0761871338
.1204376221
.1022949219
-.0963897705
.1010894775
.1119079590
-.1156768799
.1201019287
-.1248626709
.0485382080
.1822662354
.1260070801
-.0624389648
-.1006317139
.2288360596
.4321289063
.3053741455
.2675018311
.2385101318
.1762390137
-.1152343750
.0753326416
-.0328521729
.0172729492
-.0138244629
.0039825439
-.0012359619
-.0008239746
-.0019531250
.0008239746
-.0007476807
-.0009002686
.0009460449
-.0004730225
.0005798340
.0007476807
-.0006713867
.0006408691
-.0006408691
-.0008392334
.0006866455
-.0004577637
.0006256104
-.0008697510
-.0061340332
.0069122314
.0103607178
.0254669189
.0242767334
-.0145874023
.0885620117
-.1025848389
-.1085357666
-.1159667969
-.1232147217
-.1065826416
-.0583496094
.0368957520
-.1243133545
-.1691436768
-.1436614990
.0534820557
-.0284576416
.0340881348
.0143280029
.0378570557
-.0983581543
-.0986633301
.1005249023
-.0906066895
.1508026123
.1584777832
.1724548340
.2023468018
.1862792969
.0521850586
.0969696045
-.0396423340
.0496978760
.0610961914
.1156768799
-.1636505127
-.0675811768
.0437164307
-.0325164795
-.0817718506
-.0938415527
.0661163330
.1354217529
-.0804901123
-.0622406006
-.1029205322
-.0250701904
.1324768066
.1201782227
.1131744385
-.0778350830
.0383148193
-.0537719727
-.0382537842
.0282135010
-.0596923828
.0499877930
.0282592773
.0166168213
.0348968506
-.0695037842
.0322265625
-.0897064209
-.0832977295
-.0473327637
.0435791016
.0401153564
-.0363464355
-.0443115234
.0826416016
.0869293213
-.0254821777
-.0821533203
-.0386657715
-.0264129639
-.0149536133
-.0092926025
-.0584411621
-.0650329590
.0598907471
-.0513610840
-.0529479980
-.0679016113
-.0622100830
-.0791931152
.0335693359
-.0380401611
-.0415802002
.0387725830
.0483093262
.0575561523
-.0808868408
-.0823669434
-.0678253174
-.0617675781
-.0717010498
.0529937744
-.0074920654
.0058593750
-.0033264160
.0227966309
.0395812988
-.0419616699
-.0213775635
-.0699462891
-.0780334473
-.0766754150
-.0776519775
-.0833435059
-.0840911865
-.0885772705
-.0953063965
.0924530029
-.0961303711
-.0945129395
-.0729675293
-.0883331299
-.0760040283
-.0403442383
-.0619201660
-.0876770020
-.0514831543
.0359954834
-.0792388916
.0869293213
.0570831299
.0474243164
.0791320801
-.0046539307
.0019531250
.0085144043
-.0199737549
-.0554199219
.0424499512
.0318756104
.0277557373
.0145416260
-.0778045654
-.0762176514
-.0718078613
-.0726776123
-.0749664307
-.0959014893
-.1104736328
.1066436768
-.0778198242
-.0380706787
-.0423278809
-.0394897461
-.0411071777
-.0322570801
.0400390625
.0286254883
-.0077514648
-.0047149658
.0033264160
.0020904541
-.0017242432
-.0008087158
-.0006256104
.0004577637
-.0003814697
.0005645752
-.0005340576
.0004577637
.0004119873
-.0006256104
.0005187988
-.0006866455
.0005340576
.0003051758
-.0005035400
.0003662109
-.0003814697
-.0001831055
.0003662109
-.0003204346
.0002593994
-.0003356934
.0002593994
.0002899170
-.0003509521
.0003814697
-.0002899170
.0001831055
.0000915527
-.0000762939
-.0000610352
.0000915527
-.0000457764
.0000305176
