-.0005187988
-.0005187988
.0005645752
-.0009307861
-.0010681152
-.0007629395
-.0025939941
.1117095947
-.1115417480
-.1436157227
-.0287017822
.0677337646
-.0196228027
.0223999023
.0724182129
.0685424805
-.0973358154
-.0647583008
-.0921325684
-.0615081787
-.0484008789
.0021820068
.0885314941
-.0953063965
-.0325317383
.0387115479
.0409851074
.0643768311
.0135955811
.0427246094
-.0423126221
-.0275726318
-.0489654541
-.0091094971
.0761108398
.0165710449
.0256347656
.0010223389
.0402221680
-.0706481934
-.0485229492
.0152130127
.0029754639
.0013122559
-.0009765625
.0007476807
.0007629395
-.0006561279
-.0009307861
-.0277709961
-.0310363770
.0607604980
.0478973389
-.0724792480
-.0647277832
-.0141143799
-.0530242920
.0610656738
.0346069336
-.0726013184
.0403442383
.0397033691
.0474700928
.0390777588
-.0560913086
.0593719482
-.0625610352
-.1000976563
-.0937957764
.0523071289
.0567016602
.0569152832
.0415039063
.0131378174
.0443572998
-.0524139404
-.0509796143
-.0523681641
.0512542725
-.0610504150
-.0107421875
-.0014038086
-.0003967285
.0003356934
.0472869873
.0428161621
.0237731934
-.0076904297
-.0438842773
-.0500488281
-.0272674561
-.0012359619
.1192321777
.0623474121
-.0429840088
-.0459899902
-.0260314941
.0405578613
-.0251922607
-.0036163330
.0132751465
.0090942383
-.0435180664
-.0750579834
-.0527343750
-.0440368652
-.0315856934
.0319519043
.0414123535
-.0471191406
-.0526580811
.0199890137
.0140533447
.0014190674
.0004272461
-.0023498535
.0111541748
.0183715820
-.0614624023
.0264892578
-.0016632080
.0331878662
.0081329346
.0004730225
-.0085449219
-.0016174316
.0877838135
.0176086426
-.0032348633
.0486907959
.0612945557
.0370788574
.0020599365
-.0005340576
.0025634766
.0013885498
.0015411377
-.0015258789
.0009918213
.0008239746
-.0128479004
.0662384033
-.0109252930
.0142517090
-.1176757813
-.1129455566
-.0518646240
.0454711914
-.0048065186
-.0713348389
.0529327393
.0133972168
.0701599121
-.0244750977
.0026245117
-.0323944092
.0875091553
.1184692383
.0786285400
.0480041504
.0336303711
.0523834229
-.0538940430
.0369873047
-.0483245850
.0354919434
.0015869141
.0004577637
.0278015137
.0242462158
.0379791260
-.0443420410
-.0557556152
-.0566101074
-.0094146729
.0006561279
.0013580322
-.0443878174
.0475311279
.1111145020
-.0630798340
.0060577393
-.0021057129
.0005187988
.0261077881
.0281066895
.0440826416
-.0497894287
.0219116211
.0667877197
-.0446929932
.0342559814
.0296936035
.0236968994
-.0221710205
.0377502441
-.0024871826
-.0484161377
.0313415527
.0355224609
-.0244140625
.0070037842
-.0011291504
.0068054199
-.0014343262
-.0008087158
-.0038909912
.0015258789
.0029754639
-.0017089844
.0016326904
-.0012054443
.0031280518
-.0016937256
-.0045776367
-.1482238770
-.1298522949
-.0899353027
.0498657227
.0087738037
.0357666016
-.0258026123
-.0161895752
.1403961182
-.1238403320
.0361328125
-.0606689453
-.0526885986
-.0703125000
.0107727051
.0809173584
-.0708312988
.0349731445
.0755004883
-.0680541992
.0964202881
.0688934326
-.0367431641
.0406188965
.0332489014
-.0526885986
.0328674316
-.1047210693
.0792694092
.0473937988
.0101318359
.0546417236
.0453643799
-.0528106689
-.0271911621
.0885925293
.0787658691
-.0353393555
.0643005371
.0586700439
.0195007324
.0497131348
-.0489807129
-.0301666260
-.0013122559
.0019073486
-.0014343262
-.0009155273
.0482025146
.0558319092
-.0209960938
-.0026397705
-.0166168213
-.0094146729
.0350799561
.0324707031
.0467376709
.0095977783
-.0274200439
.0769958496
-.0761718750
.0078887939
-.0587310791
-.0557098389
-.0632019043
.0169830322
.0086364746
-.0006561279
-.0020446777
-.0014953613
.0014648438
.0778656006
.0160522461
.0107269287
.0102386475
.0303955078
.0377807617
.0357208252
.0250549316
.0580902100
.0511932373
-.0416412354
.0078125000
-.0453491211
-.0489196777
-.0421752930
-.0452575684
-.0260467529
-.0613555908
-.0383148193
.0015258789
.0331726074
-.0511932373
.0279541016
-.0514984131
.0147399902
.0034790039
-.0010375977
.0005493164
.0006103516
-.0008392334
.0009002686
-.0007934570
-.0006713867
-.0004730225
.0004882813
.0005493164
-.0006103516
.0005493164
.0006256104
.0006408691
.0009002686
-.0011291504
-.0006713867
-.1102142334
.0667572021
.1261901855
-.0598144531
-.0719757080
-.0632781982
.0576171875
.0572509766
.0393524170
.0299530029
-.0579986572
-.0645446777
.0720672607
.0614166260
.0422973633
-.0023803711
.0450439453
.0314483643
-.0613098145
.0380859375
-.0525512695
-.0636444092
-.0872344971
-.0695800781
-.0985565186
-.0632934570
.0026702881
-.0552673340
.0173187256
-.0510559082
-.0454711914
-.0838775635
.0409698486
-.0066528320
-.0228424072
.0133514404
-.0668945313
.0999908447
.0778350830
.0468902588
.0381622314
-.0053710938
.0008087158
-.0011596680
-.0009918213
.0006256104
.0004730225
.0005340576
.0254669189
-.0440826416
-.1506652832
-.0601959229
.0519256592
-.0396728516
.0491943359
.0594482422
-.0747375488
-.0456390381
.0400390625
.0293121338
-.0097351074
.0009460449
-.0008392334
.0021820068
-.0933380127
-.0234985352
-.0021972656
-.0479888916
-.0894470215
-.0809173584
.0298767090
-.0595550537
-.0445861816
-.0067749023
-.0014648438
.0011138916
-.0010681152
-.0013122559
.0004272461
-.0002593994
.0008392334
.0003509521
.0030975342
.0264434814
.0245819092
-.1295623779
-.0201568604
-.0021514893
.0181274414
-.0534515381
.0767059326
.0462951660
-.0435028076
.0746612549
-.0040893555
.0008087158
.0083465576
.0643768311
-.0483856201
-.0240936279
.0237121582
.0301055908
-.0685424805
-.0147857666
-.0464935303
.1053161621
-.0333099365
.0259246826
.0295715332
-.0119323730
-.0149841309
.0580596924
-.0230712891
.0048828125
-.0006713867
.0010070801
.0185089111
.0018920898
-.0004272461
.0005493164
-.0008544922
.0006256104
-.0008544922
.0004577637
-.0005950928
.0006408691
.0005645752
-.0005493164
.0005187988
.0003662109
.0003051758
.0003356934
.0002746582
-.0003509521
-.0002136230
-.0005035400
.0005340576
-.0038909912
-.1203308105
-.1176452637
-.0581512451
.0550231934
.0174255371
.0646514893
.0399627686
-.1215057373
-.0815429688
-.0542755127
.0433807373
-.0086822510
.0713043213
.0757446289
-.0295104980
.0533142090
.0409698486
.0194091797
.0789794922
.0603790283
.1052551270
-.0829315186
.0031280518
.0266418457
-.0084075928
.0031433105
-.0004119873
-.0003509521
-.0003967285
-.0004730225
-.0007019043
.0008087158
-.0007171631
-.0008544922
.0007019043
-.0006713867
.0007171631
.0007019043
.0007629395
.0490417480
.0886840820
-.1015014648
.0550994873
.0559234619
.0524902344
.0284118652
.0248870850
-.0143890381
.0142974854
-.0971069336
.0687561035
.0503082275
-.0682830811
-.0738372803
.0460205078
-.0509948730
-.0600585938
-.0498352051
-.0625762939
-.0440826416
.0402221680
-.0049285889
-.0008087158
-.0195465088
.0080718994
.0366058350
.0376586914
.0380096436
.0287475586
-.0272827148
-.0020599365
.0594329834
-.0043029785
.0011291504
.0725708008
.0704498291
.0477294922
.0486450195
.0297241211
-.0034790039
.0006561279
.0009155273
-.0006866455
-.0006256104
-.0006713867
.0005493164
-.0530090332
-.0479583740
-.1018829346
.0314636230
.0063018799
.0337829590
.0274505615
.0740051270
.0775451660
.0286407471
-.0028533936
.0003204346
.0382843018
-.0633697510
-.0562744141
.0050811768
.0579681396
-.0207824707
-.0207366943
-.0467681885
.1052551270
.0496368408
.0397949219
.0163879395
-.0418701172
-.0602874756
-.0525665283
-.0343170166
-.0299987793
.0010070801
-.0005493164
-.0005798340
-.0006561279
-.0009307861
-.0673828125
.0419769287
-.1003265381
.0261993408
.0537719727
-.0698852539
-.0630798340
.0578155518
.0477752686
-.0309906006
.0478363037
.0456390381
-.0223541260
.0974273682
-.0309448242
.0185089111
.0586395264
.0552215576
.0589141846
.0466613770
.0099029541
-.0010375977
.0317993164
-.0472564697
-.0309906006
-.0243377686
.0591888428
-.0248870850
-.0025634766
.0004577637
.0162963867
-.0016784668
-.0007781982
-.0009918213
-.0007324219
-.0006561279
-.0006866455
-.0007629395
-.0006256104
.0015869141
-.0005035400
.0453643799
-.0330047607
.0204315186
.0678405762
.0448303223
-.0760040283
.0207061768
.0190277100
.0451812744
.0375976563
.0846862793
-.0743560791
-.0233764648
-.0412292480
-.0643157959
-.0313720703
-.0492401123
-.0419311523
-.1206970215
-.0166168213
-.0031280518
.0008239746
-.0005340576
.0439758301
.0686645508
-.0111999512
-.0014648438
.0021667480
-.0006866455
.0003814697
.0107116699
-.0051422119
.0128784180
-.0674438477
.0610046387
-.0745849609
-.0383300781
.0278625488
.0043640137
.0067901611
-.0336303711
-.0302429199
-.0820007324
.0427398682
.0569305420
.0556793213
-.0216217041
.0014343262
-.0102996826
-.0244903564
.0471038818
.0538940430
-.0531005859
-.0323944092
-.0017700195
-.0006561279
.0600280762
.0406799316
-.0325775146
.0521087646
.0524902344
-.0458984375
-.0095062256
-.0008239746
.0010528564
.0007171631
-.0008850098
-.0008239746
-.0006866455
-.0007171631
-.0005493164
-.0024414063
.0343170166
.0172882080
.1392822266
-.1260833740
-.0991210938
-.0745697021
-.0588531494
.0175628662
.0253753662
-.0633239746
.0385437012
.0439453125
.0324859619
-.0704193115
.0471343994
-.0904693604
-.0731048584
.0443115234
-.0477600098
-.0542449951
.0217285156
-.0616607666
.0072631836
.0402374268
-.0752258301
-.0364227295
-.0112915039
.0732421875
.0476989746
.0659179688
-.0891571045
.0711212158
-.0641021729
-.0828552246
-.0497131348
-.0023345947
.0005493164
.0096130371
.0010528564
-.0004882813
.0014038086
.0005187988
-.0005340576
-.0006256104
.0005493164
.0066528320
.0005187988
.0540466309
.0958557129
-.0835876465
.0856170654
-.1257629395
.1775817871
-.0757751465
-.0875701904
-.0907745361
-.0873107910
-.0805664063
-.0633544922
-.0520172119
.0280609131
.0014038086
.0004119873
.0020599365
.0005187988
-.0427093506
-.0793609619
-.0468902588
.0783081055
.0359039307
-.0915527344
.1034851074
-.0198516846
.0829010010
.0646209717
-.0661773682
-.0639190674
-.0434875488
.0145111084
.0025939941
.0021820068
.0003967285
.0003814697
-.0004425049
-.0003204346
-.0003356934
.0003051758
.0012207031
.0825958252
.1008758545
.1017150879
.1062622070
-.0921630859
.0735626221
-.0592193604
-.0361328125
.0479431152
-.0671386719
-.0955963135
-.0731811523
-.0956878662
-.0962371826
.0476074219
.0534057617
.0648040771
.0223846436
.0324401855
.0386657715
-.0370635986
-.0422821045
-.0514831543
-.0507812500
-.0558013916
-.0853424072
.0410766602
-.0649108887
-.0658416748
-.0437011719
.0284271240
-.0387878418
.0243682861
-.0622863770
-.0514373779
.0018310547
.0035552979
-.0024566650
.0077362061
.0842132568
.0524139404
.0384979248
-.0562286377
.0075073242
.0498046875
.0611724854
-.0534210205
.0201110840
-.0367431641
-.0124053955
.0011291504
-.0006866455
-.0006103516
.0004425049
-.0004119873
.0005187988
.0005645752
-.0004119873
.0004730225
.0003509521
-.0003356934
.0004119873
-.0003509521
.0009765625
.0004119873
.0227355957
-.0534362793
.1692504883
.0917053223
-.0421447754
.0948791504
-.1309356689
.0306549072
.0015106201
.0007629395
.0005645752
.0228576660
-.0020294189
.0444793701
-.1163330078
-.0030822754
-.0749816895
-.0538635254
.0608215332
-.0510864258
-.0133972168
-.0506591797
-.0603179932
-.0406951904
.0415191650
-.0717773438
-.0345001221
-.0013732910
.0687561035
.0780029297
.1071472168
.0462951660
.0478668213
-.0860137939
-.1062011719
.0225067139
.0036315918
-.0007934570
.0218658447
-.0541534424
-.0603485107
-.0434417725
-.0559844971
.0249023438
.0205078125
-.0046691895
.0212402344
.0440826416
.0289154053
-.0407714844
-.0350952148
.0060577393
.0008239746
.0011291504
-.0011291504
.0011901855
-.0011749268
.0009765625
.0009155273
.0009765625
-.1135253906
-.0672302246
-.0941772461
-.0063171387
-.1291046143
-.0826568604
-.0123596191
.0402679443
-.0992889404
.0560302734
-.0041198730
-.0323944092
-.0916595459
-.0497131348
.0162658691
.0283050537
.0523376465
-.0019073486
.0006408691
.0609436035
.0166625977
.0427703857
-.0231781006
.0214080811
.0111999512
-.0688018799
.0048980713
.0518035889
.0275421143
.0531921387
-.0085449219
.0466613770
.0304565430
.0697174072
.0589294434
.0317077637
-.0487365723
-.0478210449
-.0034790039
.0007476807
-.0007934570
-.0008697510
.0005493164
-.0005340576
-.0009002686
.0241699219
-.0685882568
-.0036163330
-.0651245117
-.0788726807
-.0687103271
-.0376129150
-.0085601807
.0745544434
-.0717163086
-.0620269775
.0488128662
.0216064453
-.0767059326
.0235900879
.0306854248
.0391998291
.0221557617
.0358581543
-.0401153564
-.0118103027
.0012054443
-.0008392334
-.0005950928
.0004882813
.0004577637
-.0004730225
.0005340576
.0005340576
.0005798340
-.0005187988
-.0004272461
.0003662109
-.0003204346
.0002288818
.0001831055
-.0001525879
.0001373291
-.0001678467
.0001068115
-.0000610352
.0000610352
.0440826416
