.0005340576
-.0026855469
-.0050048828
.0047149658
.0061950684
.0133972168
.0115814209
.0172882080
.0144348145
.0210571289
-.0121154785
-.0126037598
-.0137939453
.0134582520
.1236419678
-.0586700439
.0691528320
.0819244385
-.0720520020
-.0500183105
.0398254395
.0858001709
.0495452881
.0449371338
.0529022217
.0791015625
.0191040039
-.0437164307
.0229339600
-.0188903809
.0193939209
-.0161895752
-.0182342529
-.0158233643
-.0157775879
-.0131530762
.0610046387
-.0529174805
-.1431579590
-.2126159668
-.0971832275
-.0247344971
-.0390014648
.0204620361
-.0767364502
.1086883545
-.0229339600
.0357360840
-.0808258057
-.0493011475
-.0443878174
-.0687408447
.0293121338
.0140686035
-.0549774170
.1381378174
-.0756530762
.0371704102
-.0466918945
-.0248718262
.0181274414
.0222625732
-.0171051025
-.0185546875
.0129394531
-.0593261719
.0641326904
-.0158081055
-.0124206543
-.0241546631
-.0220642090
-.0257873535
.0201873779
-.0162811279
.0157470703
.0139923096
-.0110321045
.0167083740
-.0100097656
-.0124816895
.1566467285
.0317382813
.0710296631
.1908416748
.1497039795
-.1380310059
.0788116455
.0868988037
.1141662598
.1239318848
.0697326660
.0537567139
.0790100098
-.0711212158
-.0680236816
-.0403137207
-.0349578857
.0198974609
-.0200347900
-.0611267090
-.1253051758
.0784301758
.0572509766
.0660705566
.0502166748
-.0874328613
-.0223541260
-.0181732178
.0830535889
-.0742492676
.0503692627
.0432891846
.0714416504
.0245208740
.1614685059
.1035766602
.0226745605
-.0433044434
-.0162811279
.0192718506
.0141296387
.0138702393
-.0258636475
-.0150909424
-.0161132813
.0182189941
.0182952881
.0159759521
-.0188751221
.0301666260
-.0544891357
-.0221099854
-.0479736328
.0436859131
.0788116455
.0491485596
-.0246582031
.0169677734
-.0213928223
-.0123291016
.0248260498
.0346374512
-.0710906982
.0513153076
-.0427398682
.0204162598
.0177459717
.0172424316
-.0122375488
-.0121612549
-.0168914795
.0127563477
-.0136871338
-.0166778564
-.0117034912
-.0159912109
.0147705078
-.0373382568
-.0819702148
-.0249786377
-.1260528564
-.0363159180
-.1232299805
-.0962524414
-.0173797607
-.0206298828
-.0843963623
-.0664062500
-.0715179443
-.1256103516
-.0763549805
-.0836334229
.0769195557
.0145416260
-.0155029297
.0107116699
-.0180053711
-.0115051270
-.0493621826
.0337524414
-.0121459961
-.0200347900
.0119628906
.0191497803
.0106201172
-.0121154785
.0212402344
-.0157012939
.0191955566
-.0131530762
.0177917480
-.0162506104
.0136260986
-.0175323486
.0147399902
-.0180969238
.0149230957
.0146484375
-.0128936768
-.0158996582
.0131683350
.0250549316
-.0164184570
.1836395264
-.0903778076
.0170440674
-.0231933594
.0175170898
-.0217895508
.0162811279
.0197143555
.0206298828
.0130767822
-.0137023926
.0296936035
.0211334229
-.0181732178
.0191650391
.0124969482
-.0167694092
.0154876709
-.0161437988
.0272369385
.1704101563
.0176239014
.0800628662
.0476531982
-.0170898438
-.0188140869
.1320037842
.2107543945
.0736846924
.0588378906
.1421508789
.0745849609
.0643157959
.0639038086
-.0388793945
.1560211182
.0558319092
.0380706787
-.0207672119
.0614318848
-.0219726563
.1095581055
-.0424041748
.0294342041
-.0176239014
.0185394287
.0129394531
-.0656738281
-.0854187012
-.0634155273
.0872344971
.0235595703
-.0146636963
.0143432617
.0149078369
.0118713379
.0144653320
.0194091797
-.0197143555
.0170898438
-.0191497803
.0167083740
-.0155334473
.0200653076
.0379028320
.0520935059
-.0298614502
.0953369141
.0246734619
.1816101074
.0726013184
.1195373535
-.0277557373
.0619659424
-.0543518066
-.0234832764
.0263214111
.0221862793
.0148773193
.0165863037
.0156250000
-.0125579834
-.0122070313
-.0192260742
.0151824951
.0155639648
-.0235290527
.0206909180
.0272521973
.0311737061
-.0206298828
.1084899902
.0729827881
-.0501098633
-.0308685303
.0529022217
.0882568359
.0746917725
.1350555420
.1494598389
-.2084350586
.0196380615
.0292510986
-.1792755127
-.1574707031
-.0729522705
-.1847076416
-.1039123535
.0176391602
-.1859893799
-.0638122559
.0139465332
.0640869141
-.1092224121
-.0670776367
-.0240173340
.0147857666
.0159606934
.0234222412
-.0159149170
.0129852295
-.0148010254
-.0155639648
-.0118560791
-.0313873291
.0127258301
-.0190277100
.0096588135
.0113372803
-.0194854736
-.0173492432
.0155029297
-.0130004883
.0823822021
.3116455078
.2611694336
.0631866455
.0858764648
.0367889404
-.0311126709
.0324707031
.1161499023
.0599822998
.0372772217
.0784912109
-.0498962402
.0300598145
.0208740234
-.0189819336
.0239715576
.0147247314
-.0205688477
-.0155792236
-.0211639404
-.0161437988
.0137023926
.0098114014
-.0232086182
-.0199279785
-.0239105225
-.0863037109
-.0889434814
-.1169891357
-.0916900635
-.0135345459
-.0521087646
-.1108551025
.0154724121
-.0312652588
-.0839080811
-.0874633789
-.1078338623
-.1299133301
-.0994110107
-.1129760742
-.1223144531
-.0469512939
-.0372619629
.0290832520
-.0279541016
.1278381348
.0798187256
-.0236358643
.0292968750
-.0189971924
.0470733643
-.0978851318
.0291442871
-.0136413574
.0194854736
-.0154571533
.0152282715
-.0112762451
.0677947998
.0800323486
.2005920410
.0587463379
-.0237884521
-.0163116455
.0576934814
-.0260467529
.0158843994
-.0173339844
-.0147247314
.0143585205
.0161437988
.0131988525
-.0194702148
.0179901123
-.0229492188
.0717010498
-.0318298340
.0390930176
.0490264893
.0687408447
-.0339813232
.0342102051
-.0715026855
.0624237061
-.0270080566
.0305175781
.0290527344
.0198669434
.0364379883
-.0263214111
-.0497131348
.0446624756
-.0661315918
.0449829102
-.0614776611
-.0389404297
-.0394439697
.0426025391
.0187835693
-.0328216553
.0287933350
-.0142517090
.0405731201
-.0447082520
-.0724639893
-.0256347656
.0174407959
-.0148620605
.0363006592
.0424194336
-.0431365967
-.0383453369
-.0320434570
.0254058838
.0182495117
.0968170166
.0752868652
-.1527099609
-.0348663330
.0157623291
-.0144348145
.0153656006
-.0146179199
-.0175323486
-.0136566162
.0174102783
-.0158538818
-.0124969482
-.0176544189
.0131988525
-.0165100098
.0180816650
-.0206298828
.0174102783
-.1737976074
-.1446533203
-.0739746094
-.0342712402
.0296783447
-.1135864258
-.1022186279
-.0187225342
-.0117034912
-.0159759521
.0146789551
-.0179290771
.0090942383
.0150756836
-.0179748535
.0225830078
.0180816650
-.0180053711
.0186462402
.0220184326
-.0149841309
-.0137786865
.0193786621
.0158081055
-.2781372070
-.1981506348
-.1918029785
-.1489105225
-.1070709229
.1225585938
-.0891571045
-.0800781250
-.1064453125
-.1136474609
-.1654205322
-.0216674805
.0352630615
-.0168151855
-.0143737793
-.0117492676
-.0119323730
.0158233643
.0126342773
.0150146484
.0176849365
-.0136718750
.0218963623
-.0146636963
.0158691406
-.1342163086
-.0422058105
.0944976807
-.1637725830
-.2164306641
.0381011963
-.0233306885
.0230407715
.0735778809
.0410003662
-.0160980225
.0160217285
-.0138854980
.0784149170
.0736846924
-.1624908447
.0193634033
.0372467041
-.1924133301
-.0355682373
-.0341033936
.0835571289
-.0489807129
-.1143798828
-.0920867920
.0269165039
-.1219940186
.0155792236
-.0790557861
.0362091064
-.1015930176
.0463104248
.0596160889
-.1148376465
-.0678100586
-.0271759033
-.1086730957
-.0804748535
-.0636138916
-.0518341064
-.0890045166
.0728607178
-.1369781494
-.0342407227
.0379486084
-.0562133789
-.1498107910
-.0342254639
.0506439209
-.0301055908
-.0164489746
-.1624908447
.0489807129
-.1369476318
-.1129302979
-.1485443115
-.0731658936
-.1348724365
-.0951232910
-.1304626465
-.1061096191
.0802764893
-.1206207275
-.0778045654
-.0982513428
-.0304107666
-.1051940918
-.1259002686
-.0777740479
.0524749756
-.0568847656
-.0646667480
-.0612335205
-.0736541748
-.1235504150
.0635833740
-.0630950928
.0314331055
.0155181885
-.0278930664
-.1235809326
.0394592285
-.0445861816
-.0478820801
-.0371856689
-.0190582275
.0453948975
.0179748535
-.0595703125
-.0615234375
-.0393066406
-.0185546875
.0201721191
-.0740356445
-.0538635254
-.0509490967
-.0326843262
.0178222656
-.0187072754
-.2540893555
-.0497589111
.0804290771
-.1284484863
-.0276336670
.0622406006
.0782012939
.1182861328
.1415557861
.0151214600
-.0761718750
-.0885772705
-.1005859375
.0131378174
-.1116790771
-.0193481445
-.1052093506
-.0795745850
-.1376647949
-.0531311035
-.0496368408
.0513000488
-.0198059082
-.0908508301
-.0677032471
-.0736236572
.0636901855
-.0643615723
-.0717773438
-.0633392334
-.0693511963
-.0331420898
-.0846557617
-.0918731689
-.0786590576
-.0491485596
-.0526123047
.0413360596
.0350646973
-.0700531006
.0225372314
-.0585021973
-.0277709961
.0454711914
.0805511475
.0366821289
-.0495758057
.0175476074
-.0279388428
.0690917969
-.1032562256
.0499572754
.0286712646
.0242919922
.0162658691
-.0172119141
-.0298614502
-.0232696533
-.0277709961
-.0221557617
.0214080811
-.1740722656
-.1738586426
.0406188965
-.1282958984
.0347137451
-.0813598633
-.0536804199
-.0362701416
.0471343994
-.0671539307
-.0543670654
-.0553283691
-.0377197266
.0292053223
-.0609893799
-.1026000977
-.0161743164
-.0117797852
.0171966553
-.0191497803
-.0167083740
-.0236053467
-.0572052002
-.0850830078
-.0689849854
-.0816955566
-.0382385254
.0144958496
.0248260498
.0233612061
-.1417236328
-.0801544189
.0300903320
-.0228424072
-.0466461182
-.0455169678
-.0547485352
-.0177764893
.0125885010
-.0140228271
.0180511475
-.0171508789
.0239105225
.0128021240
-.0174560547
-.0863952637
-.1065368652
-.0207672119
-.0131683350
-.0210876465
-.1083374023
-.0803375244
-.1031951904
.0814666748
.0760955811
-.0803833008
.0118103027
-.1187438965
-.0134887695
.0144195557
-.0161285400
.0233001709
-.0165252686
.0131835938
-.0136718750
-.0347290039
-.0406188965
-.0414581299
-.0519561768
.0482330322
-.0399169922
-.0347290039
-.0552825928
-.0521392822
-.0157623291
-.0722198486
.0606842041
.0691986084
-.1307220459
.1435089111
.1296081543
-.0231475830
.1934204102
.2504882813
.0988159180
.0406341553
-.0925903320
-.0907440186
.0627746582
.0239105225
.0807952881
.1266784668
-.0592803955
.1151580811
-.0363922119
.0669097900
-.0698699951
.0544128418
-.0866851807
.0214233398
.0597229004
.0337066650
.0433807373
.0351104736
-.0541839600
.0223693848
-.0176696777
.0218200684
-.0173645020
.0215148926
-.0137176514
-.0204925537
-.0144195557
.0123901367
.0141754150
-.0287170410
.0201416016
-.0218048096
.0137786865
-.1361846924
.0158386230
-.0153198242
.0093383789
-.1663208008
-.1411743164
-.0716094971
.0182647705
.0662994385
-.0949707031
-.0773010254
-.0716247559
-.0548400879
-.0541839600
-.0318908691
-.0925445557
.0410003662
.0310821533
-.0503692627
-.0625457764
.0261383057
-.0391235352
.0211791992
-.0588836670
-.0152282715
.0206146240
-.0133056641
.0350036621
.1043090820
.0550384521
-.0244598389
-.0132598877
-.0235443115
.0242614746
-.0296936035
.0709075928
.1427001953
.0888671875
.0425415039
.0451965332
.0388946533
.0354003906
.0817413330
.0276184082
-.0329589844
.0438385010
.0644836426
-.0350646973
.0278625488
-.0211639404
-.0211791992
.0191497803
-.0293273926
-.1108703613
-.1288452148
.0915679932
.0577545166
.0417022705
-.0183868408
.0350494385
-.0493927002
-.0398559570
.0184631348
.0153045654
.0170135498
-.0118560791
.0195770264
-.0161590576
.0196075439
.0181579590
-.0144195557
-.0191345215
-.0150909424
.0174560547
.0169219971
-.0149841309
.0144805908
.0243072510
-.1401519775
-.1305694580
-.0912017822
-.1071777344
.1302032471
.0801849365
-.1390380859
-.0170288086
-.0183868408
-.1867980957
-.0277557373
-.0482482910
-.1139678955
-.0789642334
-.1270294189
-.1349487305
-.0708770752
-.0850372314
-.1219024658
-.0860900879
.1593780518
-.0251312256
-.0507507324
-.0697937012
-.1307220459
-.0933837891
.0494995117
-.0463256836
-.0625000000
-.0421752930
-.0751800537
.0168151855
-.0171203613
.0125274658
-.0268554688
.0135955811
-.0163269043
-.0117187500
.0115203857
.0171813965
.0139770508
.0176696777
-.0171508789
.0194091797
.0963287354
-.0386352539
-.1058654785
.0922241211
.1104583740
.1305694580
-.0161437988
.0908050537
-.0667266846
-.0559997559
.0519866943
.0367126465
.0562896729
-.0234375000
.0138397217
.0176086426
-.0186767578
.0122680664
-.0119781494
-.0198364258
-.0177307129
-.0322265625
.0761413574
.0804290771
-.0891113281
.0840148926
-.0897827148
.0140686035
-.1218872070
.1162414551
-.0182952881
-.0769500732
-.0973663330
-.0202178955
-.0328369141
-.0413970947
-.0244293213
-.0746307373
-.0490875244
-.0294494629
-.0457153320
-.0275268555
-.0135650635
-.0200347900
.0132751465
-.0160827637
-.0172882080
-.0910797119
.0341796875
-.0678253174
-.2346801758
.2770080566
.0419158936
.0129699707
-.0084686279
.0394744873
-.0176544189
.0218200684
-.0204772949
.0097656250
-.0150756836
.0156555176
-.0163116455
.0174255371
-.0231781006
-.0181427002
-.0129241943
.0143737793
-.0116577148
.0097808838
.0104370117
.0061950684
.0067901611
.0063476563
-.0042419434
.0031127930
.0023498535
-.0008544922
-.0507507324
