.0009307861
-.0047454834
-.0088043213
.0083007813
.0109100342
.0235748291
-.0249786377
-.0248718262
-.0250396729
.0353393555
-.0187988281
-.0303344727
-.0229339600
-.0263977051
-.1004943848
.0632324219
.0867156982
.0674438477
.0777740479
-.0506134033
.0366821289
.1125793457
-.0519104004
.0855712891
.0798339844
.0648345947
.0337219238
.0591583252
-.0292053223
-.0213165283
-.0350799561
-.0256347656
.0297088623
.0310516357
.0314178467
-.0323944092
.0451049805
.1338195801
-.1921844482
-.2120056152
.1014862061
.0448913574
.0770874023
-.0220489502
.0811004639
.0752105713
-.0700378418
-.0774383545
-.0907592773
-.0696105957
.0718078613
-.0608062744
-.0236053467
-.0457763672
.1018676758
-.0969390869
.0469360352
-.0442047119
-.0195922852
-.0237884521
-.0316467285
.0225524902
-.0376739502
-.0307464600
.0449066162
.0948028564
.0308227539
-.0239868164
.0446166992
.0431365967
.0408172607
.0213470459
-.0281066895
.0175933838
.0249328613
.0225219727
-.0326690674
.0242462158
.0276031494
-.0324707031
-.0676574707
.0809783936
.1676483154
.1965026855
-.1417846680
-.0707550049
.1182556152
.1165466309
.1392517090
.0789794922
.0632019043
.0778656006
.0791168213
-.0715026855
.0610351563
-.0506591797
.0275268555
.0345153809
-.0735931396
.1258850098
.0668792725
.0694580078
.0655364990
.0561218262
-.0910034180
.0480346680
.0341644287
-.0684204102
.0750427246
.0531005859
.0552673340
-.0909118652
-.0310821533
.1946411133
.1286010742
.0829772949
.0481719971
.0262603760
.0336608887
-.0382385254
.0214996338
.0268859863
.0346679688
.0214385986
.0270385742
.0329132080
-.0408477783
-.0375976563
-.0558166504
-.0598602295
-.0467376709
-.0589599609
-.0705413818
-.0479125977
-.0263061523
.0268859863
.0419921875
-.0444641113
-.0256500244
.0177917480
-.0622406006
-.0720214844
.0528106689
-.0413665771
-.0351867676
.0295562744
.0210418701
-.0235748291
-.0238952637
.0359039307
-.0286712646
-.0290374756
.0239868164
-.0262756348
.0153656006
-.0386199951
.0815124512
.0748901367
.0909881592
-.2236480713
-.1127166748
-.0832214355
-.0244140625
-.0451507568
-.0570220947
-.0764007568
.0761260986
-.1218719482
-.0765686035
.0600738525
.0783996582
-.0260925293
.0277252197
-.0223083496
.0306549072
-.0255889893
-.0509643555
.0455474854
-.0209197998
-.0345916748
-.0207519531
.0325469971
.0203399658
-.0227355957
.0361480713
-.0271148682
.0313110352
-.0239868164
.0275573730
-.0305480957
.0242309570
-.0292510986
.0252532959
.0314941406
.0253143311
.0255279541
.0195465088
-.0250549316
-.0260009766
-.0366058350
-.0305023193
.1766662598
-.0538482666
-.0304718018
.0288238525
.0205078125
.0378723145
-.0299987793
.0298309326
-.0292053223
.0254516602
-.0143280029
-.0474853516
.0359191895
.0404968262
.0291595459
.0239868164
.0276184082
.0267944336
.0163116455
.0407714844
-.0402221680
.0263366699
.1625366211
-.0250549316
-.0458221436
.0238800049
.2465820313
.0426788330
.1007232666
-.0677642822
.0891113281
.0892944336
.0721435547
-.0639038086
.1490020752
.0469055176
.0560760498
-.0295257568
.0682983398
-.0416717529
-.0492858887
-.0425262451
.0366668701
-.0303344727
.0207366943
-.0372924805
-.0501556396
-.0997772217
-.0879058838
.0771179199
.0471343994
.0194549561
-.0237731934
.0238342285
-.0293121338
.0278472900
-.0441131592
.0277404785
.0289764404
.0342254639
-.0301208496
.0312500000
.0314941406
.0764770508
.0472717285
-.0341949463
.0708007813
.0313720703
.1868133545
.0662078857
.1240386963
.0480651855
.0639190674
.0693511963
-.0429992676
.0468597412
.0364685059
.0251312256
.0290222168
.0287780762
.0218811035
-.0227508545
.0317077637
.0244293213
.0265808105
-.0375671387
.0388336182
.0601501465
-.0254974365
.0235595703
-.0434570313
.1073150635
.0578460693
-.1410217285
-.0667419434
.0873565674
.0699310303
.1242980957
.1682281494
-.2523345947
.0267639160
-.0661010742
-.1441192627
-.1548767090
-.1185913086
.1687164307
-.0993041992
-.0818328857
-.1468658447
-.0327606201
-.0267333984
.0981903076
-.1015167236
.0425720215
.0335083008
.0231475830
.0237121582
-.0352630615
-.0258636475
.0293426514
-.0270843506
.0271148682
-.0303192139
-.0230712891
.0315399170
-.0316314697
.0305633545
-.0496215820
-.0276184082
.0304718018
-.0260162354
.0463256836
.2418823242
.1963500977
.0342712402
.0957489014
-.0411987305
.0854949951
-.0292968750
.1949768066
.1454010010
.0666198730
-.0794525146
.0582733154
-.0531463623
.0220336914
-.0321960449
-.0342712402
-.0187530518
-.0378723145
-.0299987793
.0308074951
-.0283203125
.0262603760
-.0253601074
.0470428467
.0363311768
.0412750244
-.0894622803
-.0987854004
-.1213836670
-.0929870605
-.0194091797
-.0548553467
-.1111145020
.0229797363
-.0463409424
-.0946960449
-.0950469971
-.1137084961
-.1539154053
-.1047515869
-.1262664795
-.1101989746
-.0826873779
.0639801025
.0498504639
-.0410156250
.1114349365
.0453186035
-.0375518799
-.0340881348
.0380554199
-.0892791748
-.0919799805
-.0292510986
.0290527344
.0340118408
-.0262451172
-.0394744873
.0429687500
-.0703430176
.0777893066
.1798553467
.0274047852
.0257873535
.0543670654
.0494079590
.0256805420
-.0300445557
.0354766846
-.0322113037
-.0289611816
.0340576172
-.0199737549
-.0309906006
.0336608887
.0850982666
-.0429534912
.0474853516
-.0370635986
-.0409240723
.0907897949
.0778808594
-.0494689941
.0633544922
.0631103516
.0398101807
-.0509796143
.0495147705
-.0548400879
-.0581054688
-.0496368408
.0895385742
-.0689086914
.0701904297
-.0515899658
.0397949219
-.0492095947
.0446319580
-.0379486084
.2148437500
-.0310363770
.0251464844
-.0473022461
.0293731689
-.0618133545
-.0482635498
-.0247192383
.0315704346
.0509796143
-.0500793457
-.0540771484
.0432281494
-.0452423096
.0431365967
-.0278778076
.1015625000
-.0745086670
-.1684417725
-.0417938232
.0271759033
.0353698730
-.0300445557
-.0248565674
-.0298919678
-.0236816406
.0300598145
-.0240783691
.0208435059
-.0321502686
-.0251007080
-.0285797119
.0322723389
-.0331268311
-.0349884033
-.1740264893
-.1466369629
-.1048431396
-.0406188965
-.0506134033
-.1126556396
-.0830535889
-.0288391113
-.0193176270
-.0275421143
.0257110596
.0279083252
-.0290527344
.0267791748
.0243835449
-.0270233154
.0317382813
.0296783447
-.0259246826
.0596313477
-.0322875977
-.0293579102
.0251922607
-.0268096924
-.1793518066
.0380859375
-.2439727783
-.1205291748
-.0929260254
-.0381011963
-.0860595703
-.1508483887
.0443725586
-.1816864014
-.1103057861
.0243377686
.0269927979
-.0226440430
.0290679932
-.0228881836
-.0279998779
.0271301270
.0243072510
-.0319824219
-.0266723633
.0475616455
-.0350189209
.0268554688
-.0427093506
.1053466797
-.0424652100
-.1509399414
-.1738433838
.1056365967
.0458221436
.0415649414
.0465240479
.0749359131
.0510559082
-.0335998535
.0407867432
.0626525879
-.1114196777
-.1748962402
-.0448760986
-.0335083008
-.1203613281
-.0776977539
.0504913330
-.1091613770
.1017150879
-.1246795654
-.0867614746
.0266418457
-.1177673340
-.0251617432
-.0595092773
-.0697174072
.0912780762
.0385284424
.0656585693
-.0881652832
.0668640137
-.0358276367
-.1013488770
-.0945739746
-.0685729980
-.0589294434
-.0937652588
.0817108154
-.1355895996
-.0365753174
.0512237549
.0757904053
.1508483887
-.0561523438
.0725555420
-.0432128906
-.0294036865
-.1663970947
-.0632324219
-.1460571289
.1139221191
-.1480407715
-.1067352295
-.1323852539
-.0909118652
-.1641540527
-.1116638184
-.1145172119
-.1104888916
-.0969543457
-.1316375732
.0384674072
-.1087951660
-.1266174316
-.0844268799
-.0647277832
.0262603760
-.0933074951
.0466918945
.0662841797
-.1341247559
-.0615844727
-.0563049316
.0284423828
-.0249328613
-.0323181152
-.0847778320
-.0350799561
-.0728454590
-.0429229736
-.0443725586
-.0742340088
.0480194092
.0382080078
-.0524139404
-.0789184570
-.0326843262
-.0306549072
.0549621582
-.0908966064
.0623474121
-.0548858643
-.0272521973
-.0276336670
-.0906066895
.1091766357
.1183624268
-.1500701904
.0337371826
-.0725860596
.0645599365
.0745544434
.1358489990
.0309600830
-.0655212402
.0654602051
-.1161346436
-.0268859863
.0402984619
-.0632629395
.0706481934
-.0943298340
-.1280212402
.0677795410
-.0484161377
-.0670318604
-.0474700928
.0310363770
-.0781250000
-.0764160156
.0469665527
.0899353027
-.0716094971
-.0560607910
-.0736236572
-.0457458496
-.0853576660
-.0976562500
-.0799102783
-.0537109375
-.0602111816
.0484466553
-.0476531982
.0726776123
-.0628967285
-.0701599121
.0378875732
-.0995941162
-.0800018311
-.0528411865
-.0577392578
-.0333099365
.0462951660
-.0911254883
-.1128845215
.0669403076
.0423583984
.0295257568
-.0275268555
-.0353240967
.0354309082
.0312347412
-.0249786377
.0352630615
.0285644531
-.1930694580
.1469116211
-.0786132813
-.0908660889
.0343475342
-.1109619141
.0457916260
-.0411834717
-.0730590820
-.0654602051
-.0558013916
-.0306549072
.0651702881
-.0944366455
-.1159210205
-.0407867432
-.0281524658
.0346221924
-.0198364258
.0286254883
-.0351409912
.0215148926
-.0995941162
-.0867462158
-.0780639648
-.0564270020
.0315704346
-.0221862793
-.0359191895
-.0544128418
.1329193115
-.0490264893
-.0443878174
-.0863037109
-.0632629395
-.1229705811
.0278778076
.0325927734
-.0235290527
-.0294952393
-.0194396973
.0312957764
-.0224761963
.0354461670
-.0885772705
-.0932769775
.0560913086
-.0335540771
.0366821289
.0543212891
-.0996246338
-.1098175049
.0997619629
.0858001709
.0825500488
.0196990967
-.1227874756
.0218353271
.0209960938
-.0290985107
.0412292480
-.0288543701
.0222473145
-.0225982666
-.0356140137
-.0451354980
-.0513153076
-.0580291748
.0568237305
-.0497589111
-.0595397949
-.0610961914
.0555114746
.0232849121
.0700836182
-.0725097656
.0903167725
.1262054443
.1528167725
-.1212768555
.0292205811
.1951904297
.2554779053
.0979309082
.0486755371
-.1012268066
-.0896453857
-.0478515625
.0240936279
.0337829590
.1142425537
.0772247314
.1198883057
-.0493316650
-.0737304688
-.0694274902
-.0552062988
.0370788574
.0435028076
.0841064453
.0522918701
.0644073486
.0484313965
.0336608887
-.0216522217
.0356597900
.0323944092
-.0380859375
-.0284271240
-.0308227539
.0277404785
-.0181427002
.0231628418
.0496978760
.0397033691
-.0319061279
.0228881836
-.0548858643
-.0529632568
-.0240020752
-.0174407959
-.0662078857
-.1859588623
-.1218872070
-.0303344727
.0342559814
-.0878753662
-.0532073975
-.0805053711
.0471343994
.0717773438
-.0347900391
-.1169891357
-.0930175781
.0473175049
.0722808838
-.0671691895
-.0599822998
-.0606231689
.0519561768
-.0733642578
.0374908447
-.0302886963
.0268859863
-.0370788574
.1155395508
.0818634033
.0323791504
-.0239105225
.0363464355
.0404205322
-.0349884033
-.0352478027
.1318206787
-.0758514404
.0431823730
-.0544586182
.0476531982
.0469512939
.0877838135
.0385284424
-.0434112549
.0505981445
.0686950684
.0499420166
.0302276611
-.0346069336
-.0316314697
.0317535400
-.0484771729
.0959930420
-.1201171875
.1033020020
-.0574645996
.0610198975
-.0279541016
.0514373779
-.0567779541
.0370635986
-.0262908936
-.0258483887
-.0296936035
.0281219482
.0305023193
.0283660889
-.0297393799
.0243072510
.0319976807
.0345458984
.0253906250
.0274963379
.0290374756
.0217437744
.1596832275
.0602722168
-.2418212891
-.0958099365
-.0688171387
-.1284179688
.1126708984
-.0854949951
.0958099365
.0348052979
-.1224060059
-.0752105713
-.0359649658
-.1339263916
-.1273651123
.0771026611
-.1351013184
-.1335601807
.0324249268
-.1240081787
-.0935516357
-.2021484375
-.1372375488
.0512390137
-.1025543213
-.1090850830
-.1311340332
-.0260620117
-.0473480225
-.0727386475
.0529022217
-.0895690918
-.0310974121
.0323333740
.0242462158
.0492095947
-.0200042725
-.0280914307
-.0276184082
.0211791992
-.0253601074
.0257263184
-.0277557373
-.0186462402
.0196228027
.1449279785
-.0535583496
.0693817139
-.0989837646
.1272583008
.0901489258
.0229034424
.0686035156
-.0760650635
-.0651397705
.0492401123
.0382385254
.0638885498
-.0338439941
.0253906250
.0310211182
-.0263977051
-.0205688477
-.0335540771
-.0335083008
.0250244141
-.0886993408
.0802307129
.1110992432
-.0782165527
-.0974273682
-.0950927734
-.0237579346
.1673583984
-.1004333496
.0322265625
-.0844268799
-.1094360352
-.0259246826
-.0637359619
-.0463714600
-.0947265625
.0565490723
.0739593506
-.0449523926
.0521850586
.0426330566
-.0224151611
.0314025879
-.0416870117
.0314483643
-.0448608398
-.0956420898
.1143341064
-.1387634277
.3418273926
-.0827484131
.0235137939
-.0186157227
.0345916748
.0360107422
.0301055908
.0313720703
-.0395660400
.0200347900
.0233154297
-.0265045166
.0228729248
-.0304718018
-.0282745361
.0251922607
.0251312256
-.0199737549
.0303344727
-.0278167725
-.0314941406
-.0200653076
.0139312744
.0182647705
.0187835693
-.0172119141
.0137023926
-.0136108398
.0166320801
.0132446289
-.0098724365
-.0149078369
-.0137939453
.0052337646
-.0036163330
-.0034637451
.0021057129
-.0010833740
.0231018066
