-.0001525879
-.0013427734
-.0019073486
.0067749023
.0073699951
-.0112152100
.0106658936
.0133361816
.0086975098
.0103759766
.0103302002
.0112304688
-.0077209473
-.0075683594
.0075683594
-.0135498047
-.0162811279
-.0318450928
.1167907715
-.0185394287
-.0756835938
.1156921387
.3285827637
.2809906006
.2868957520
.1605529785
.2707672119
.1756134033
.1800689697
.0262298584
-.0446624756
.1379394531
.1918945313
.2281188965
-.0928802490
-.1276245117
-.1221466064
.1342468262
.2030792236
.1265869141
.1511993408
.1028900146
.1077575684
.0556945801
.0307769775
-.0432891846
-.0473785400
-.0301208496
-.0384521484
-.0420684814
-.0305786133
-.0247650146
-.0514831543
.0992431641
.1739654541
.1619415283
.1760559082
.1745452881
.0140991211
-.0330200195
.0128173828
-.1054382324
.1241302490
.1329040527
-.1999206543
.2323303223
.1616363525
-.0132598877
-.0142517090
-.0386810303
.2021942139
.1118774414
-.0430755615
.0332946777
-.0311279297
-.0273284912
-.0211486816
.0110778809
.1110076904
-.1596527100
-.1180877686
-.1163177490
-.1110076904
-.1213836670
-.1311187744
.0790100098
.0514831543
.0221557617
.0209197998
.0157318115
.0190582275
.0923919678
.1460876465
.1047668457
-.0266723633
-.0238952637
.1008911133
.0248565674
-.0139312744
.0982513428
.1076202393
-.1186828613
-.1213073730
-.0253601074
-.0201110840
-.1047058105
.0432586670
.0220336914
.0116729736
.0306396484
-.0334625244
.1264801025
.1016235352
.1863403320
.1127319336
.1743316650
.1241760254
.1032409668
.1421966553
.1237640381
-.0336303711
.1374053955
.0730895996
.0446472168
.0269317627
.0825042725
.0588684082
.1262817383
.0929260254
.0852813721
.0778503418
.0995483398
.0345916748
.0956268311
.0689697266
-.0373992920
-.0786895752
.1225128174
.1716613770
.1114959717
.0940704346
.1479339600
.0657501221
-.0141601563
.0904083252
.1732330322
.1111297607
.2074127197
-.0786285400
.1007537842
.1531677246
.0998687744
.1372070313
.1590576172
-.0956420898
.1895446777
.0835876465
.0572662354
-.0153350830
.0329132080
.0822448730
-.1310119629
-.1782836914
.1118011475
.1337890625
.0992889404
.0132141113
-.0409698486
.0698394775
.0734100342
.0993499756
.0688934326
.0394744873
.0661010742
.0629577637
.0804901123
.0324401855
.0629882813
.0757446289
-.0385589600
-.0290222168
.0538482666
-.0875854492
.0595550537
.0891723633
.0687713623
-.0260772705
.0746917725
.1452026367
.0140838623
.0112304688
-.0450439453
.0135650635
.0115356445
.0119628906
.0117645264
.0207519531
-.0155181885
-.0194854736
-.0096130371
-.0113830566
.0097961426
-.0107727051
-.0127868652
-.0126037598
.0140533447
.0173645020
.0126495361
-.0100708008
.0117187500
-.0128326416
-.0114440918
-.0049285889
-.0077056885
-.0083312988
.0095062256
-.0090637207
.0999755859
.1835632324
.0688323975
.0217895508
.0244598389
.0165557861
.0265197754
.0166778564
-.0247497559
-.0569610596
-.0447387695
-.0516510010
-.0277862549
-.0254058838
.1084899902
.1780700684
.0771942139
.1340484619
.0412750244
.0489349365
.1427001953
.1324005127
.1336364746
.1161804199
-.0404510498
.0682067871
.1150054932
.0903472900
.1285400391
.1014556885
.1195220947
.1117401123
.1045227051
.1193542480
.0910949707
-.0401306152
-.0272521973
.0086212158
.0087890625
.0748443604
-.0130767822
.0124359131
.0411071777
.1110839844
.1254577637
.1074676514
.0585174561
-.0655364990
-.1209259033
.0573577881
.0960693359
.1531829834
.1250915527
.0778198242
.0324707031
.0279083252
.0639801025
.1075286865
.0828552246
.0485992432
-.0258026123
-.0266265869
.0811614990
-.0490112305
-.0517730713
-.0412292480
-.0487976074
.0511169434
-.0334930420
-.0124816895
.0095214844
-.0415344238
-.0174102783
.0636749268
.1087951660
-.0647125244
-.0097961426
.0403137207
.0546417236
.0070037842
.0469818115
-.0182342529
.0888671875
.0530242920
-.0291137695
.0298767090
.1703338623
.0403442383
.0280609131
.0911407471
-.0285949707
.0534515381
.0619354248
.0935974121
-.0969848633
.0327758789
-.0171661377
.0775299072
-.0099945068
-.0080261230
-.0333557129
.0673217773
-.0374908447
.0894775391
.0612640381
.0128936768
.0110473633
.0147247314
.0735778809
.0936737061
.0780334473
.0294189453
.0202026367
.0489807129
.0295715332
.0200958252
-.0278015137
-.0242156982
.0135803223
.0172729492
.0605468750
-.0190277100
-.0117492676
.0393066406
.0364685059
.0320587158
-.0095367432
-.0085601807
-.0168914795
-.0088348389
.0075836182
.0102691650
.0209960938
.0160369873
.0126647949
.0071258545
-.0205383301
-.0170898438
-.0155944824
-.0106048584
-.0467529297
-.0598602295
.1006469727
.1167144775
.1393737793
.1492767334
.1727142334
.1540069580
-.0206756592
.0228729248
-.0635223389
.0957489014
.1262054443
.0768585205
.0135803223
-.0248107910
.1560974121
.0820922852
.1202392578
-.0199279785
.0615997314
.1038818359
-.1430053711
.0202331543
.0796203613
.1488494873
-.0181274414
.0181427002
.0289459229
.0854187012
.0756988525
.0873413086
.1316375732
.0809936523
-.0702819824
.1133575439
.0926208496
.0888519287
.1027679443
.1330871582
.1123352051
-.0381469727
.1159515381
.0996704102
.0915832520
.1211700439
.1266632080
.0799865723
-.0297851563
-.0985870361
-.0321807861
.0894165039
-.0612792969
-.0855712891
.0227813721
.1021575928
.0795745850
.0842132568
.0850982666
.0362091064
.0113220215
-.0249481201
.0160217285
.0986938477
.0477294922
.0780487061
-.0806121826
.0407257080
-.0108642578
.0111694336
-.0078887939
-.0140228271
-.0242462158
-.0276489258
-.0333404541
-.0261840820
.0177612305
.0244445801
.0145263672
.0179901123
-.0187072754
-.0185852051
.0576171875
.1983947754
.0822906494
-.0178375244
.0322723389
.0242767334
.0148620605
-.0134582520
.0109405518
.0141296387
.0211029053
-.0204010010
.0315551758
.0199432373
-.0284271240
-.0231933594
-.0201263428
-.0158691406
-.0144348145
-.0162506104
-.0125732422
-.0141754150
-.0269927979
-.0653076172
.0261535645
-.1024627686
-.1061248779
.0608215332
.0816192627
.0454864502
.0420379639
-.0183868408
.0103759766
.0197143555
-.0168457031
.0092315674
.0187683105
-.0142211914
.0137634277
-.0140686035
-.0167388916
-.0167083740
.0153961182
.0142059326
.0119171143
-.0240020752
-.0261535645
-.0199127197
.0148162842
-.0129241943
.0101928711
.0212402344
-.0159301758
-.0118103027
.0137786865
-.1371002197
-.1382904053
.0456542969
-.1237640381
-.1039428711
.0526885986
-.1001892090
-.1624450684
.1500549316
-.0139007568
-.0310974121
-.0877838135
-.0484008789
-.1520538330
-.0583190918
-.0835571289
-.0578308105
-.0111236572
-.0106506348
-.0545654297
-.0771026611
.1254882813
.0953826904
-.0280914307
-.0465087891
-.2005920410
.1084747314
-.0605163574
-.0256347656
.0126037598
-.0341186523
-.0464630127
-.0218048096
.0299224854
-.0851898193
.0126037598
.0395507813
-.1040344238
-.0653381348
.1381835938
-.2025604248
.1488647461
-.1988220215
-.0673828125
.0639038086
-.0728759766
-.0901641846
-.0808410645
.0261230469
-.0190124512
.0113372803
.0118408203
-.0176696777
.0168914795
.0236206055
.0219726563
.0455780029
.0460815430
-.0761566162
-.1127777100
-.1020050049
-.0349426270
.0352020264
-.0104370117
.0235595703
.0264282227
-.0724792480
-.0578002930
-.0263519287
.0287017822
-.0426940918
-.0940856934
.0230407715
-.0528564453
-.1055450439
-.0574645996
-.0271453857
-.1169738770
-.0598907471
-.0364990234
-.0829162598
-.0694274902
-.0280761719
-.0174407959
-.1414489746
-.0689086914
-.0320281982
.0340270996
.0326080322
.0172729492
.0386352539
-.0286254883
-.0157012939
-.0256652832
-.0215301514
-.0293121338
.0307006836
.0241546631
.0218658447
.0233612061
.0174713135
-.0345001221
.0206451416
.0246429443
.0214385986
.0837707520
.0610046387
.0466461182
.0284118652
-.0135345459
-.0183563232
-.0179748535
-.0152435303
-.0101623535
.0160827637
.0132293701
-.0283355713
-.0838470459
.0702819824
.0212860107
.0222320557
.0233001709
.0498504639
.0856933594
.0359649658
-.0556793213
.0271148682
.1264190674
.0695495605
.0392303467
.0623779297
.0584716797
.0640716553
-.0313110352
.0955047607
.1241455078
-.1421966553
.0232543945
.0445404053
.0380249023
.2763519287
.0718078613
.0730743408
.0954742432
.0519561768
.0831298828
.0933990479
.1688232422
.0538940430
.0507812500
.1019592285
.0462493896
-.0560760498
.0387115479
-.0168914795
.0472869873
.0535583496
-.0135040283
-.0176696777
.1171417236
.0447692871
-.0129394531
-.0202636719
.0986328125
.0946197510
.0909729004
.0984344482
.0931701660
.0878753662
.0902709961
.0766448975
.0478668213
.0521087646
.0534973145
-.0915832520
-.0149230957
-.0214691162
-.0372161865
.0837097168
-.0860443115
-.0765991211
-.0446777344
-.0202331543
-.0126495361
-.0114288330
.0165252686
.1025848389
.0527954102
.0249176025
-.0540161133
.0382995605
.0443267822
.0226745605
-.0144042969
.0240936279
.0344085693
.0392608643
-.0247955322
-.0136413574
.0127410889
-.0087127686
-.0093383789
.0121459961
.0110321045
-.0141601563
-.0249176025
-.0184478760
.0190277100
-.0162353516
-.0121917725
-.0104217529
-.0129241943
.0090332031
.0122833252
.0249938965
.0245361328
.0291137695
.0212402344
.0157928467
.0164947510
.0160064697
.0167236328
.0232086182
-.0159606934
-.0171508789
-.0232238770
-.0212097168
-.0224456787
-.0153656006
-.0194091797
.0148773193
-.0152893066
-.0182189941
-.0128784180
-.0111846924
-.0078125000
-.0142059326
.0140991211
.0136718750
.0105590820
-.0174865723
-.0639343262
-.2428283691
.1161651611
.0624847412
-.1214141846
.4494018555
-.0365142822
.0100402832
.2240905762
-.1033630371
.1645812988
-.1207275391
.0703582764
.2343444824
.0839691162
.2277374268
.0591278076
-.0153350830
.1588134766
.0988311768
-.2203063965
.0341949463
.3105468750
.0617218018
-.0444335938
-.0193481445
.0138244629
-.0166473389
.0120391846
.0201721191
.0177307129
.0125579834
.0095062256
-.0102386475
.0166625977
.0161437988
.0138092041
.0203857422
.0187683105
-.0226135254
-.0230560303
-.0156402588
.0092315674
-.0107116699
.0150146484
.0122375488
.0185089111
-.0115203857
.0177307129
.0118560791
-.0167083740
-.0180511475
-.0134277344
-.0191040039
-.0128021240
.0502166748
.0169982910
-.0243530273
.0885314941
.0422363281
.0326538086
.0891113281
.1235961914
-.0666503906
.1257171631
.1292877197
-.0838012695
.0995788574
.0903930664
.0707550049
.0466156006
-.0500793457
-.0238342285
-.0083923340
.1557617188
.1219482422
.0763702393
.0453796387
.0316009521
.0852050781
.0622558594
.0606689453
.0650787354
.0617065430
.0663757324
.0556182861
.0530853271
.0717315674
.0926666260
.0977325439
.0334014893
.1031341553
.0841827393
.0636901855
.0404815674
.0102539063
.0484619141
.0767364502
.0371551514
.0811157227
.0672760010
-.0314483643
-.0323333740
-.0265502930
-.0119781494
-.0421752930
-.0227813721
.0803222656
.0481567383
.0143737793
-.0152587891
.0257415771
.0564880371
.0460052490
.0609130859
.0358581543
-.0097198486
.0366668701
.0466003418
.0579376221
-.0449829102
-.0322265625
-.0140533447
-.0274658203
-.0357055664
-.0195922852
-.0319824219
.0178833008
-.0117034912
.0143890381
.0270690918
-.0494537354
.1482238770
.1542816162
-.0948638916
.1202545166
-.1565856934
.1248321533
.0169677734
.0061187744
.1052856445
.0612487793
.0572052002
.1088867188
.1806182861
.0488739014
.0146942139
.0134887695
.0790405273
.0867156982
.0411682129
.0539398193
.0976257324
-.0498352051
-.0513153076
.0545196533
.0851287842
.0501403809
.0403289795
.0177307129
.1159820557
-.0514221191
.0515747070
.0286712646
.0144042969
.0062103271
.0131530762
.0092926025
-.0113830566
-.0101013184
-.0069732666
.0081634521
.0106658936
-.0080718994
.0065460205
.0062561035
-.0075378418
-.0097503662
.0352172852
.0224151611
.0178222656
.0223693848
-.0165100098
-.0461730957
-.0338592529
-.0270690918
-.0159759521
-.0171051025
-.0138702393
-.0143585205
.0240325928
-.0126495361
-.0098419189
-.0134277344
.1712341309
.2250518799
.1244506836
-.0652618408
-.0724182129
-.1156921387
.1109313965
.2335510254
-.1210174561
-.0146789551
-.0185241699
-.1577911377
.3933258057
.1815338135
-.1466369629
.0536956787
-.0336914063
.0142822266
.0121612549
-.0106353760
.0165100098
.0074920654
.1083679199
-.2586975098
-.1682586670
.1102600098
-.0677642822
-.1006164551
.0338745117
.1777191162
-.1343688965
.2131805420
.0982055664
.1430816650
.0676269531
-.0227813721
.0168304443
-.0104827881
-.0123443604
-.0123901367
-.0081176758
-.0107421875
-.0102996826
-.0105133057
-.0086975098
-.0088500977
-.0172729492
-.0179901123
-.0153808594
.0133056641
-.0084228516
.0089111328
.0173950195
.0150756836
.0115661621
.0099029541
-.0053558350
-.0088653564
.0072631836
-.0088348389
-.0091247559
.0092468262
.0090179443
-.0081176758
-.0048065186
.0051116943
.0031127930
-.0017089844
-.0019989014
.0011749268
.0005798340
.0062103271
