-.0000610352
-.0000610352
.0001831055
-.0001983643
-.0003662109
.0004577637
-.0005035400
.0007324219
-.0013580322
.0011138916
-.0018920898
.0016632080
.0018768311
-.0019378662
.0015869141
-.0022583008
.0026855469
.0039215088
-.0032043457
.0038146973
.0050506592
.0051574707
-.0054931641
-.0051269531
-.0051727295
-.0070648193
-.0061187744
-.0076751709
-.0082092285
-.0088348389
.0086059570
.0106506348
.0079498291
.0093536377
-.0103759766
-.0086059570
-.0093078613
.0164642334
-.0131988525
.0125122070
.0132446289
.0102996826
-.0148162842
.0140228271
.0111541748
-.0179595947
.0149536133
.0165405273
-.0160369873
.0122985840
-.0203552246
-.0181427002
-.0150909424
.0138092041
.0216064453
.0151367188
.0185241699
-.0102233887
.0122070313
-.0229644775
-.0242004395
-.0238647461
-.0139007568
-.0218658447
.0138397217
.0145416260
-.0105438232
.0134124756
-.0115203857
-.0099487305
.0128173828
-.0092773438
-.0079345703
.0094909668
.0114135742
-.0077514648
.0072631836
-.0081024170
.0063171387
.0082550049
.0094757080
-.0077514648
-.0072784424
.0056304932
.0065765381
.0058898926
-.0066375732
-.0070953369
-.0047760010
-.0064239502
.0054931641
.0063018799
.0047912598
.0045928955
-.0038757324
-.0079498291
.0036315918
.0048675537
.0063934326
-.0042572021
.0049285889
-.0034332275
-.0063934326
.0043182373
.0031585693
.0028228760
.0031433105
-.0028686523
-.0029602051
-.0022277832
-.0025634766
.0029449463
.0020751953
.0014953613
.0016479492
-.0022125244
.0034637451
-.0028686523
-.0040283203
.0054931641
-.0112457275
.0069885254
.0103149414
-.0071563721
-.0061187744
-.0026550293
.0047912598
.0037384033
.0017547607
-.0036163330
-.0013275146
-.0019683838
.0012207031
-.0021972656
.0011138916
-.0015716553
-.0017852783
-.0017700195
-.0012512207
.0017852783
-.0021362305
.0015258789
-.0017089844
.0019989014
.0015563965
.0013580322
-.0013885498
-.0015106201
-.0018920898
.0019683838
.0016632080
-.0023956299
.0012054443
.0017242432
-.0015563965
-.0015258789
-.0017700195
-.0017547607
-.0013885498
-.0014953613
-.0016784668
-.0017395020
.0012359619
.0012969971
.0011901855
.0018615723
.0016326904
-.0014343262
.0020599365
.0025939941
-.0026550293
.0038909912
-.0039062500
-.0058441162
-.0546264648
-.0244903564
-.0054168701
.0045166016
-.0042724609
.0113677979
.0611114502
-.0747680664
-.0856475830
-.1009979248
-.1018371582
-.0713653564
.0361633301
.0051422119
.0062408447
-.0032501221
.0041198730
-.0037689209
.0044555664
.0052032471
-.0073089600
-.0045928955
.0032958984
-.0024871826
.0021667480
-.0028381348
.0033569336
.0047149658
-.0039978027
.0044860840
-.0069580078
-.0053558350
-.0051574707
.0060272217
-.0049438477
.0036163330
-.0058441162
.0079650879
.0027465820
.0029449463
.0042877197
.0050964355
-.0041351318
.0134429932
.0055389404
-.0066070557
-.0050048828
.0070343018
-.0038452148
-.0033874512
.0035705566
-.0039825439
.0052032471
-.0035858154
.0033721924
-.0029144287
.0025482178
-.0033569336
.0035095215
.0043792725
.0039672852
.0039215088
-.0026092529
-.0110778809
-.0302581787
.0552215576
-.0258178711
.0252990723
.0811462402
-.0748291016
-.0769042969
-.0709686279
-.0973205566
-.0845184326
.0765533447
-.0755310059
.0333404541
-.0053253174
.0064239502
.0927886963
.0935974121
-.1521606445
-.1186981201
-.0396270752
-.0040740967
-.0032501221
-.0118408203
-.0551605225
-.0279998779
.0066528320
.0077972412
-.0077209473
-.0057220459
-.1602478027
-.1773681641
-.1377258301
-.1322784424
-.0615997314
.0065460205
-.0059814453
-.0048065186
.0040740967
-.0026550293
-.0033264160
.0026550293
-.0025177002
.0022125244
-.0040588379
.0023040771
.0025939941
.0025024414
.0029602051
-.0030517578
-.0029296875
.0054931641
-.0042419434
-.0041809082
.0036773682
.0035552979
-.0034942627
.0023498535
.0021667480
-.0022583008
-.0025329590
-.0022583008
-.0020294189
-.0026702881
-.0030212402
-.0028228760
.0029602051
-.0030670166
.0035705566
-.0042266846
.0040435791
.0031433105
-.0033874512
.0029907227
-.0040435791
.0046386719
-.0029907227
.0043640137
-.0038909912
.0037994385
-.0037841797
.0034637451
-.0031585693
.0032348633
.0058441162
-.0328826904
.0707092285
-.0634002686
.0777740479
.0710906982
-.0420989990
-.0347900391
.0240936279
-.0081329346
.0100097656
.0067291260
.0061492920
.0044555664
.0065460205
-.0053558350
.0049133301
-.0048370361
.0041656494
.0038299561
-.0097961426
.0060119629
-.0080718994
.0047149658
-.0050506592
.0039825439
-.0050048828
.0122680664
-.0274200439
-.0302734375
-.0291900635
.0508575439
-.0739288330
-.0645599365
-.0341644287
.0104217529
-.0144805908
.0072937012
.0037078857
.0160827637
.0059967041
-.0188140869
.0097045898
.0059051514
.0051422119
-.0052337646
.0056304932
-.0058593750
.0055847168
-.0057678223
.0089263916
-.0183258057
-.0143127441
.0076446533
.0075836182
.0064849854
-.0072021484
.0080566406
-.0068206787
.0068817139
-.0079345703
-.0098876953
-.0073852539
.0075225830
-.0084533691
.0064086914
-.0136413574
.0069122314
-.0051574707
-.0040588379
-.0056152344
.0045166016
.0034179688
.0043792725
.0045318604
-.0058898926
-.0042724609
-.0054473877
.0047760010
.0039367676
.0057220459
-.0055541992
.0063018799
-.0051727295
.0052947998
-.0057983398
.0045166016
-.0060729980
.0042114258
.0054016113
.0042572021
-.0058135986
-.0051727295
.0050201416
.0048980713
-.0053100586
-.0076446533
.0048522949
.0051269531
-.0051116943
.0043029785
.0051879883
-.0048675537
.0051879883
.0063323975
-.0062255859
-.0054321289
-.0044708252
.0053558350
-.0057373047
-.0073394775
-.0061492920
-.0068511963
.0045318604
.0055389404
-.0054321289
.0069732666
-.0062255859
.0048217773
-.0065765381
.0062408447
-.0045471191
-.0061187744
-.0127716064
-.0263824463
.0662231445
-.0234069824
.0049285889
.0555877686
-.1036224365
-.1362152100
.0688476563
-.1173248291
-.1108703613
-.0933990479
.0262756348
.0760498047
.0980377197
.0729370117
.0410308838
-.0224914551
.0469512939
.0367889404
-.0084075928
.0312957764
-.0890350342
-.0791320801
-.0815124512
.0219421387
.0428466797
-.0723266602
-.0988769531
-.1062316895
-.1063842773
-.0762786865
.0395050049
.0143127441
-.0672760010
-.0484008789
-.0437774658
-.0321807861
-.0406188965
.0157470703
-.0094146729
-.0084686279
-.0057830811
.0072784424
.0080871582
.0075531006
-.0062561035
.0068664551
-.0050811768
-.0058288574
.0065460205
-.0046081543
.0054016113
.0049438477
-.0046081543
.0050659180
.0056915283
.0041961670
-.0046691895
.0036468506
.0040588379
-.0038604736
.0039215088
-.0030975342
.0035247803
-.0044860840
-.0039978027
-.0062103271
.0056457520
.0056457520
-.0045623779
-.0049133301
.0057678223
-.0055847168
-.0037994385
.0042877197
-.0057220459
.0063171387
-.0056762695
.0050659180
-.0045928955
.0053863525
-.0045318604
.0035400391
-.0051727295
-.0149993896
-.0203857422
.0371704102
-.0488281250
-.0657348633
-.0663604736
-.0647583008
-.0710906982
-.0648956299
-.0664367676
-.0580749512
.0421447754
.0404052734
.0222167969
-.0257263184
.0334320068
-.0894470215
.0975646973
.0741882324
-.0561370850
.0460205078
.0307464600
.0424652100
.0749206543
.0642395020
-.0500793457
.0485839844
-.0306854248
-.0570526123
.0570220947
.0613861084
.0525817871
.0708465576
.0585021973
.0467224121
-.0350646973
.0478820801
.0485992432
.0482635498
.0404052734
.0411224365
-.0417480469
.0367889404
.0381317139
.0326080322
-.0244140625
.0341186523
.0257568359
.0086975098
.0041809082
-.0249328613
-.0283050537
-.0474548340
.0435333252
-.0364990234
.0367431641
-.0399780273
-.0457458496
.0405120850
-.0302581787
.0290222168
-.0291900635
.0351562500
-.0435791016
-.0387725830
-.0059814453
.0039672852
.0055236816
.0042419434
.0111541748
-.0309906006
.0621185303
.0480651855
-.0087432861
.0070953369
-.0064392090
.0053100586
-.0261383057
.0072937012
-.0464935303
.0414276123
.0129394531
.0134735107
.0267791748
.0248260498
.0345458984
.0305786133
.0302886963
.0282287598
.0283966064
.0232696533
.0239105225
-.0239410400
.0142669678
.0203857422
.0209503174
.0372467041
.0483398438
.0652313232
.0715332031
-.0498657227
-.0316772461
-.0498809814
.0503845215
.0435180664
.0469207764
.0426483154
.0501708984
.0440216064
-.0500183105
.0489501953
-.0488739014
.0478973389
-.0380859375
-.0110321045
-.0107421875
-.0157623291
.0153045654
.0329589844
-.0139617920
-.0179138184
.0086212158
.0092773438
-.0096740723
.0428619385
-.0302124023
-.0408782959
.0290374756
.0427703857
-.0472412109
-.0487670898
-.0286560059
-.0104217529
-.0069274902
.0079956055
-.0089721680
.0066223145
.0069732666
.0345611572
-.0334930420
.0300292969
-.0196380615
.0079040527
.0074768066
-.0079193115
.0073699951
.0073089600
-.0048370361
.0058288574
-.0043792725
.0063476563
.0068054199
.0047302246
-.0052490234
-.0051422119
-.0087432861
.0069122314
.0058441162
.0065307617
-.0049896240
.0067138672
.0080871582
-.0071868896
.0159759521
-.0108337402
.0070037842
.0068664551
-.0080261230
-.0074920654
.0054931641
-.0064239502
.0063629150
-.0055999756
.0060424805
.0057678223
.0051574707
-.0042266846
-.0070495605
.0054321289
-.0068206787
.0051727295
-.0049438477
.0053558350
-.0074768066
.0630950928
-.0684967041
-.0566253662
.0515747070
.0541076660
.0964965820
-.1408691406
.0976867676
.0935516357
-.0820007324
.0525970459
-.0509185791
-.0250549316
-.0079193115
-.0065917969
.0068664551
.0046539307
-.0053405762
-.0030364990
-.0044708252
-.0032806396
.0034027100
-.0043792725
-.0039215088
-.0032043457
-.0042877197
.0035705566
-.0057678223
.0044250488
-.0062103271
.0052947998
-.0093841553
-.0811309814
.0791473389
.0075531006
.0647125244
-.0105285645
.0122985840
.0316772461
.0297088623
.0681152344
-.0413818359
-.0135498047
-.0648345947
-.1074218750
-.1204223633
-.0819854736
.0588226318
-.0110931396
-.0063781738
-.0064849854
.0361633301
.0081176758
.0066375732
.0060424805
.0046691895
-.0065765381
.0061340332
-.0046386719
-.0050659180
-.0058135986
.0069274902
.0053253174
.0038146973
-.0050354004
-.0065917969
-.0058593750
.0049743652
-.0067749023
-.0064849854
.0067138672
.0073699951
.0070343018
.0055694580
.0062866211
.0068969727
-.0072937012
-.0066833496
-.0074157715
.0051116943
.0061340332
-.0086364746
.0078887939
-.0079345703
.0172576904
-.0095825195
-.0118713379
-.0061492920
.0083160400
-.0069732666
-.0102233887
-.0094757080
-.0057067871
-.0064544678
.0095367432
-.0072174072
-.0071258545
-.0109100342
-.0056457520
-.0067291260
-.0092926025
.0055541992
-.0119171143
.0109710693
.0080413818
-.0052337646
-.0067443848
.0121154785
-.0063476563
-.0078887939
-.0102233887
.0095520020
.0083770752
.0102996826
.0116577148
.0098571777
.0133514404
-.0072937012
-.0235595703
-.0308990479
-.0352630615
-.0312347412
-.0349884033
-.0373840332
-.0140380859
.0053558350
.0047302246
-.0401458740
-.0336608887
.0216522217
.0119323730
.0214233398
-.0174713135
.0065002441
.0044708252
.0046844482
.0077362061
-.0051879883
.0055084229
-.0060272217
-.0540008545
-.0699005127
.0656280518
-.0592193604
-.0650177002
-.0464935303
-.0139923096
-.0056762695
-.0050506592
-.0044403076
.0048675537
-.0043029785
.0057678223
-.0039825439
-.0048675537
-.0143890381
.0138702393
.0158386230
.0124053955
.0092926025
-.0078430176
-.0067443848
.0079650879
.0048217773
.0103607178
-.0373992920
-.0201416016
-.0517730713
-.0642547607
.0595703125
.0642852783
.0509643555
-.0478515625
-.0531158447
.0472869873
.0316314697
.0232238770
-.0151214600
-.0072326660
-.0081329346
.0051574707
-.0224151611
-.0318298340
-.0532531738
.0549011230
.0427398682
.0394592285
.0457763672
.0396728516
.0198516846
.0088653564
-.0056610107
-.0042572021
.0059204102
.0054931641
-.0041503906
.0053253174
.0044860840
-.0034484863
-.0053863525
.0063018799
-.0050506592
.0035705566
-.0038452148
-.0055541992
-.0048980713
-.0041656494
.0043182373
-.0046386719
.0049896240
.0056762695
.0051269531
.0041809082
.0055541992
.0043640137
-.0051879883
.0054016113
-.0034790039
-.0050201416
-.0052947998
-.0053405762
-.0048828125
-.0052337646
-.0063323975
-.0057678223
-.0038452148
-.0051879883
.0045776367
.0046386719
-.0052032471
.0048675537
-.0072784424
-.0086059570
.0069122314
-.0102081299
-.0062408447
-.0071105957
-.0069885254
.0083465576
.0078125000
.0073089600
.0083618164
.0079650879
.0071105957
.0055389404
.0065307617
.0080108643
-.0089874268
.0065155029
.0064544678
-.0062561035
-.0079193115
.0049591064
-.0065002441
-.0048675537
-.0041656494
.0049591064
-.0030975342
-.0065917969
.0030975342
-.0043487549
.0039672852
-.0035095215
.0038299561
.0037689209
.0027465820
-.0025329590
.0024108887
.0034484863
-.0022430420
-.0017089844
-.0022125244
-.0016021729
-.0014343262
.0018157959
-.0013885498
-.0010986328
.0008544922
.0007324219
-.0006713867
.0005645752
.0005493164
-.0003509521
.0003204346
-.0002746582
.0001831055
.0001373291
.0000762939
