.0000915527
.0000915527
-.0000915527
.0001525879
-.0000915527
.0001068115
.0000915527
-.0038909912
.0046844482
.0067291260
-.0064544678
-.0044403076
-.0034027100
.0035400391
.1472015381
.1751556396
.1184082031
.1046295166
.1320648193
.0843658447
.0656585693
.0550994873
.0780334473
.0326690674
.1136627197
.1054687500
-.0229034424
.0059356689
-.0449218750
.0201568604
.0030364990
.0063323975
-.0055236816
.0075073242
.0054168701
-.0027160645
-.0261077881
-.0544586182
-.1473236084
.1423950195
-.2494201660
.0994873047
-.0381927490
-.0780487061
.0240478516
.0996246338
.0468597412
-.0702209473
-.0851745605
.0886688232
-.0528106689
-.0734710693
.0590057373
-.0072021484
.0395660400
.1003112793
-.1049041748
.0442047119
.0312957764
-.0230865479
.0114288330
-.0054473877
-.0030059814
.0048522949
-.0061035156
-.0188140869
-.1021270752
.0362091064
.0097656250
.0069580078
.0065917969
-.0055236816
-.0043334961
.0083923340
-.0058593750
.0032043457
.0041961670
-.0031280518
-.0032196045
-.0066528320
-.0035552979
.2739257813
.0394744873
.1178436279
.1997375488
.1318206787
-.1405944824
.1181182861
.0394134521
.1535644531
.1173706055
.0726165771
.0647430420
.0837707520
-.0792999268
.0860900879
-.0569000244
.0255584717
.0088806152
-.0078887939
.0840301514
-.1432800293
-.0741729736
-.0531311035
.0716857910
-.0535888672
-.1033325195
.0121459961
-.0038299561
.0933685303
-.0779571533
.0582122803
.0524597168
.0873107910
.0383911133
.1992492676
.1025695801
.0339660645
.0420074463
-.0168914795
-.0068054199
.0075073242
-.0054168701
.0065307617
-.0088500977
-.0023193359
-.0036315918
-.0034179688
.0187072754
-.0430297852
.0101470947
-.0432739258
-.0144805908
-.0635681152
-.0203247070
.1026763916
-.0240631104
.0244293213
-.0044708252
.0638122559
.0387573242
.0389404297
.0086822510
-.0731353760
.0652923584
.0521240234
.0274810791
.0075073242
.0052947998
.0034637451
.0018463135
-.0040130615
.0033264160
.0047760010
-.0050811768
-.0046539307
.0052642822
.0030670166
-.0377044678
-.1145172119
.0832366943
-.1083374023
-.4210662842
-.1239471436
-.0927276611
.0360412598
.0515289307
.0049591064
.0789184570
-.0873260498
-.1117553711
-.1276397705
-.0464324951
-.1744689941
-.1479339600
.0745391846
.0058746338
-.0043640137
.0076293945
-.0340423584
.0600891113
-.0100708008
.0081176758
.0037231445
.0041656494
-.0044708252
.0056762695
-.0052032471
-.0073547363
.0039978027
-.0058288574
.0046234131
-.0025024414
.0026855469
-.0117645264
.0052032471
-.0041351318
.0054473877
-.0047912598
.0026092529
-.0030975342
-.0075683594
-.0044403076
.0020294189
.0157012939
.2059326172
-.0942230225
.0075988770
-.0051879883
.0057220459
.0042724609
.0074615479
.0060424805
.0167999268
.0096282959
-.0067596436
.0054016113
-.0052185059
-.0034027100
.0066375732
-.0033416748
-.0070037842
.0033416748
-.0052032471
.0298156738
.2341003418
.0102996826
.0403442383
.0778045654
-.0115051270
-.0112457275
.0060882568
.4133453369
.0799713135
.0966796875
.1633148193
.0648345947
.0734252930
.0535125732
-.0253601074
.2024383545
-.0522003174
.0558471680
.0163879395
.0833129883
.0267791748
.0807647705
-.0493011475
-.0245513916
.0135650635
.0069885254
-.0045928955
-.0647125244
-.0773315430
-.0833587646
.0567474365
.0706634521
.0060119629
-.0034637451
-.0036315918
.0134735107
-.0076599121
.0063018799
.0037841797
.0075531006
-.0040588379
.0026092529
-.0055999756
-.0042877197
.0193939209
.0345458984
-.0507965088
.0686035156
.0959167480
.1273498535
.0429992676
.0925445557
.1301727295
.0143890381
-.0521545410
-.0306091309
-.0068054199
.0034027100
.0040740967
-.0057067871
.0027923584
.0036773682
.0043945313
.0034332275
.0179443359
.0130920410
.0030059814
.0084686279
-.0447845459
-.1113586426
.0097045898
-.0029602051
-.0328826904
.1131591797
.0491180420
-.1688690186
.0729370117
.0903625488
-.0704345703
.1424713135
.1945190430
-.2509155273
.0209655762
.0754699707
-.1892242432
-.1829223633
-.1057128906
.2118682861
-.1352691650
.0706634521
-.2161560059
.0372009277
.0055084229
.0809783936
-.1279602051
-.0696411133
-.0179443359
-.0056457520
.0045318604
.0097961426
.0029754639
-.0042419434
-.0032958984
.0039978027
-.0026397705
-.0060577393
-.0057678223
-.0040283203
.0056762695
.0063018799
.0026855469
-.0059967041
.0055389404
.0055389404
-.0206451416
.3661193848
.3091735840
-.0359344482
.1095581055
-.0129394531
-.0702056885
-.0234527588
.1849975586
.1732177734
-.0765838623
.0738677979
.0606689453
-.0480346680
.0052795410
.0040283203
-.0031127930
-.0042877197
-.0048370361
.0046844482
.0056457520
-.0053558350
.0029144287
-.0038452148
.0022277832
-.0016784668
-.0033874512
-.0582580566
-.1062164307
-.1331939697
-.1209411621
-.0505828857
.0672607422
-.0697479248
-.0901031494
-.0275421143
-.1097259521
-.0622406006
-.0900268555
-.1273651123
-.1092681885
.1327972412
.1146850586
-.0685577393
.0072937012
.0079193115
.0070037842
.0665435791
.1285705566
.0241699219
.0096282959
-.0061187744
-.0160980225
-.1023712158
-.1051788330
-.0081176758
-.0059051514
.0048065186
.0049285889
-.0058898926
.0745849609
.0774841309
.0882415771
.2138824463
-.0215759277
-.0077667236
-.0646972656
.0571289063
-.0144500732
-.0073242188
-.0040435791
.0070343018
-.0021057129
.0048828125
-.0048522949
.0074157715
.0030212402
.0459594727
-.0633697510
-.0317230225
.0200500488
.0581512451
.0740661621
-.0347747803
.0354919434
-.0926971436
.0554962158
.0251464844
.0067901611
.0057373047
-.0138549805
.0370483398
.0255889893
.0488281250
-.0600585938
.0787506104
.0543060303
-.0786590576
-.0432739258
-.0345611572
.0457916260
.0042877197
.0958404541
.0182189941
.0069427490
.0485534668
-.0141296387
-.0806427002
-.0205535889
.0061492920
.0071563721
.0462188721
.0453491211
-.0487060547
.0479736328
-.0284118652
-.0146026611
-.0071105957
.1102294922
-.0710601807
.2025756836
.0453948975
.0080871582
.0029907227
-.0079345703
-.0054779053
.0047454834
.0051879883
.0059204102
-.0079345703
.0052642822
.0041351318
-.0031280518
.0053558350
.0034637451
.0053863525
.0059509277
-.1452026367
-.1424865723
.1577606201
-.2112426758
.0991668701
-.0994567871
-.1906890869
-.1047668457
-.0039978027
.0039520264
.0070190430
.0047302246
-.0054626465
.0101470947
-.0136260986
-.0130920410
-.0121154785
-.0091247559
.0063018799
.0048370361
.0045013428
.0057830811
-.0133361816
-.0038604736
.0066070557
-.2106323242
.0227508545
-.2579040527
-.1260528564
-.1027679443
-.0152587891
-.0938415527
-.1681518555
.0572357178
-.2119293213
-.1433258057
.0042724609
-.0203399658
-.0040893555
-.0038452148
.0033874512
.0051879883
-.0186157227
.0049285889
-.0058746338
-.0029907227
-.0047607422
.0066528320
.0065917969
-.0046691895
-.1871490479
.0339202881
-.0734405518
-.1552276611
-.2583770752
.0205841064
-.0111694336
.0188598633
.0911560059
.0324401855
.0076293945
.0054016113
-.0042114258
.0870513916
.0782165527
-.1871185303
.0190277100
.0439300537
-.2165985107
.0385284424
-.0175628662
.1205139160
.0649719238
-.1270294189
-.1050720215
.0362701416
-.1381988525
.0077667236
-.0750579834
-.0544738770
.1038818359
-.0275726318
.0793304443
-.0988159180
-.0830078125
.0302429199
-.1436462402
-.0969085693
-.0847015381
-.1209564209
.0191955566
-.0904541016
-.1650848389
-.0253143311
.0175933838
-.0337982178
-.1680603027
.0482635498
-.0294799805
.0164031982
-.0148315430
.1295471191
.0864868164
-.1437835693
-.1193847656
-.1292724609
-.1000518799
-.1574096680
-.1370239258
-.0785064697
-.1351165771
.0715637207
-.1477050781
-.1221313477
-.1176910400
-.1356048584
-.0846710205
-.1175842285
-.1290893555
-.0785675049
-.0570068359
-.0208435059
-.0928039551
.0690612793
.0402374268
-.1268920898
.0832214355
-.0565948486
-.0123291016
-.0093841553
-.0322418213
.1081848145
-.0379180908
-.0703277588
-.0438232422
.0298309326
-.0622406006
-.0456542969
.0088653564
-.0388488770
-.0644378662
-.0109252930
.0056152344
-.0407714844
-.0975036621
.0545349121
-.0541839600
.0176239014
.0066833496
-.0034484863
-.2398071289
-.0347900391
.0931091309
-.1270294189
.0498504639
-.0851440430
-.0857696533
-.1275329590
.1640930176
-.0852813721
-.1254119873
-.1311035156
-.0946502686
-.0078735352
-.1256103516
-.0104980469
-.1151275635
-.0708770752
-.1541900635
-.0483398438
-.0534362793
.0569305420
-.0173187256
-.1162261963
-.0836944580
-.0825653076
-.0590209961
-.0849304199
-.0764617920
-.0643157959
-.0847473145
-.0223541260
-.0968627930
-.1103820801
-.0880279541
.0590667725
-.0510864258
.0484008789
.0374450684
-.0813446045
.0504913330
-.0742645264
-.0569305420
-.0597229004
.1136779785
-.0418701172
.0466918945
-.0045013428
-.0045471191
.0601348877
-.1046142578
.0833129883
.0195312500
.0126647949
-.0059509277
.0038604736
-.0058135986
.0100402832
.0073699951
.0076141357
-.0055389404
-.1073913574
-.0735626221
-.1139984131
-.1292724609
.0272369385
-.1023864746
-.1036224365
-.0074920654
-.0392913818
-.0858764648
-.0581207275
-.0532989502
-.0235748291
.0529479980
-.0950164795
-.1290435791
.0149383545
-.0022277832
-.0046234131
-.0036621094
.0031280518
.0058746338
.0115356445
-.1178741455
-.0781555176
-.0815124512
-.0613555908
-.0186157227
-.0033416748
-.0044555664
-.0198059082
-.1938323975
-.0831756592
-.0092620850
-.0920867920
.0321960449
-.0957031250
-.0202789307
-.0044708252
-.0038757324
.0085144043
.0043334961
.0053405762
-.0065155029
.0068511963
-.0050811768
-.0903930664
-.1157073975
.0113372803
-.0088043213
-.0138702393
-.1590576172
-.0891265869
-.1190032959
-.1065063477
.0775299072
-.0802764893
.0216522217
-.1137084961
-.0084686279
-.0071563721
.0066528320
.0080108643
-.0099182129
-.0104827881
.0065307617
-.0333099365
-.0489044189
-.0470733643
-.0576019287
-.0455627441
-.0364532471
-.0334167480
-.0562744141
-.0640258789
-.0104675293
.0688934326
.0685119629
.0896606445
-.1561279297
-.1468048096
.1522979736
.0249786377
.2158813477
.2946929932
.1384277344
.0443115234
-.1146545410
-.1085968018
-.0959625244
-.0215911865
.0666656494
.1374206543
.0414276123
.1021728516
.0619812012
-.0896606445
-.0694427490
.0605010986
-.0794830322
.0179595947
.0366516113
-.0314025879
.0528106689
.0389556885
-.0595397949
-.0218505859
.0032043457
.0054321289
-.0060119629
.0046997070
.0055694580
-.0027465820
-.0058288574
-.0022583008
.0054321289
.0100402832
-.0074920654
.0049591064
.0033111572
-.0523376465
-.0545043945
.0041961670
-.0066375732
-.0343170166
-.2312622070
-.1476287842
.0193939209
.0053710938
-.0787353516
-.0959625244
-.0909576416
-.0460052490
.0875396729
-.0106201172
-.0608673096
-.0787200928
-.0074920654
-.0514068604
.0193939209
-.0726928711
.0193939209
.0345916748
-.0682678223
.0237274170
.0088195801
-.0034637451
.0674591064
.0411224365
.1367950439
.0438079834
-.0188751221
.0089263916
-.0080108643
-.0045013428
-.0105743408
.0921020508
.1723480225
.1337585449
.0483856201
.0579376221
.0283508301
.0496368408
-.0370178223
.0271453857
.0350189209
.0455322266
.0779724121
-.0397796631
-.0240631104
-.0079956055
.0135192871
.0098571777
.0413360596
-.1033630371
-.1535797119
.0910797119
-.0523681641
.0298614502
-.0063018799
.0343322754
-.0485076904
-.0523223877
-.0116882324
-.0074462891
.0056610107
.0083160400
-.0092620850
-.0090637207
-.0093383789
-.0107879639
.0071563721
-.0084533691
.0068054199
.0066223145
.0053100586
-.0066986084
.0056762695
-.0428924561
-.1187438965
-.1977844238
.0519561768
-.0942382813
-.1603240967
.1024475098
-.1349792480
.0317840576
.0478973389
-.2098846436
.0147552490
-.0058135986
-.1343841553
-.1439514160
-.0914611816
-.1500244141
-.1283111572
.0538177490
-.1405944824
-.1100006104
-.2362976074
-.1535491943
.0440673828
-.1153106689
-.1328582764
-.1652221680
.0199279785
-.0445861816
-.0569915771
.0248107910
-.0841369629
-.0119628906
.0093994141
-.0089569092
.0088195801
-.0078125000
-.0142974854
.0075073242
-.0066528320
-.0135803223
.0048217773
.0054016113
-.0061798096
-.0029296875
.2257843018
-.0745086670
.0339508057
-.1613922119
-.1351470947
.0956420898
.0680541992
.0113372803
.1080322266
.0723114014
-.0345764160
.0780181885
.0287322998
.0490112305
.0142211914
-.0063476563
-.0077056885
.0064239502
-.0074768066
-.0032043457
.0028381348
-.0044250488
-.1650085449
.0409088135
-.1336517334
.0477447510
.1046295166
-.0883331299
.0075378418
.1879730225
.1196136475
.0152740479
-.0765838623
-.1199798584
.0087280273
-.0415649414
-.0445709229
-.0541839600
-.0766143799
-.0088348389
-.0056610107
.0081939697
-.0060577393
.0027618408
-.0059051514
.0063018799
-.0050659180
-.0052490234
.1099243164
-.0180511475
-.0603485107
-.2616577148
.3358154297
.0433044434
.0046997070
-.0055236816
-.0039520264
.0029754639
-.0054931641
-.0041503906
-.0046844482
.0072937012
.0054473877
.0027770996
-.0036010742
.0019683838
.0010986328
-.0004119873
.0001525879
-.0001068115
-.0914611816
