-.0003662109
-.0032348633
-.0046386719
.0158843994
.0108184814
-.0278778076
.0247497559
.0313720703
.0243835449
.0310668945
.0315704346
.0278472900
.0282745361
-.0220642090
.0267486572
-.0373992920
-.0545349121
-.0502319336
.0930023193
-.0580902100
-.0798950195
-.0767517090
.3438110352
.2696380615
.3071594238
-.1377258301
.2704467773
.2023925781
.3042297363
.0674438477
-.1240997314
.1419982910
.1952362061
.2332611084
-.1093902588
-.1486968994
-.1411132813
.1374664307
.2241668701
.1837615967
.1603088379
.1034851074
-.1018524170
.0623931885
.0348052979
-.0460662842
.0584716797
.0779724121
-.0541229248
-.0658111572
-.0543975830
-.0370483398
-.0616302490
-.0961303711
.1387634277
.1841278076
.0838775635
.1716003418
.0328674316
-.0587615967
.0405731201
-.0823059082
-.1181182861
-.1360015869
.1660461426
.2519531250
-.2093658447
.0254516602
-.0268707275
.0443115234
-.0984039307
-.1794281006
.0703735352
.0452270508
.0500183105
-.0407562256
.0470886230
.0433807373
-.0330657959
-.2410430908
.1373596191
.1091766357
.1304016113
.1252899170
-.1137084961
.1161041260
-.0603942871
-.0365447998
.0379791260
-.0424041748
-.0395965576
.0523376465
.0768890381
.1587524414
.0788421631
.0605163574
.0997314453
.0809478760
.0364227295
.0400543213
.0667419434
.1224365234
-.1267852783
.1335449219
.0306091309
.0593261719
-.0802459717
-.0384826660
-.0312194824
-.0455322266
.1515197754
.1101226807
.1096649170
.1154327393
.1133728027
.1134796143
.1470489502
.1188049316
.0893554688
.1327514648
.0594024658
.0630340576
.1302337646
-.0495452881
-.0438537598
-.0746002197
.1187438965
.1291961670
.1033020020
.0978851318
.0883941650
.1098480225
.1015625000
.1092224121
.1134185791
.0527496338
.0959167480
-.1359710693
.1054840088
.1619415283
.0983276367
.1534118652
-.0854949951
-.0559997559
-.0422668457
.1590270996
.1165771484
-.1876373291
.1785888672
.0992126465
.1699523926
.1911926270
.1860504150
.1528015137
.1855926514
.2061004639
.1758422852
.0889587402
.0410156250
-.1052856445
.0935668945
.1422424316
.2134246826
-.1165161133
.1148071289
.1148071289
.0520019531
.0369873047
-.0395965576
.0663452148
-.0822906494
.0825347900
.0445098877
.0761108398
-.0920257568
-.0668334961
-.0561523438
-.0322418213
-.0807342529
.0722351074
-.0526580811
.0346374512
.0485229492
.0946960449
.1127166748
.0943603516
.0585327148
.0909423828
.1644439697
.1084899902
-.0271911621
-.0322875977
-.0354766846
-.0364227295
-.0379486084
-.0302124023
-.0387268066
-.0830841064
-.0536956787
-.0525665283
-.0324554443
-.0289001465
-.0358581543
.0410308838
.0359649658
.0349884033
.0357666016
-.0383148193
-.0417327881
-.0243225098
.0226287842
-.0283966064
-.0258483887
-.0230255127
.0390930176
-.0257568359
-.0241851807
.0411529541
.1857604980
.1792907715
.0619506836
.0577087402
.0764465332
.0437927246
.0588226318
.0371093750
-.0435638428
-.1638183594
-.1415252686
-.1334228516
-.1172790527
-.0742950439
.1139984131
.1676330566
-.2393646240
-.2114562988
-.0734863281
.0969696045
.1633758545
.1321563721
.1438903809
.1231384277
-.0530395508
.0668029785
.0722656250
.0745239258
-.1318359375
.1147155762
.1287078857
.1134490967
.1022033691
.1270599365
.1018524170
.0647277832
.0376892090
.0252838135
-.0174865723
.0852966309
-.0293273926
.0402221680
-.0460052490
.1080627441
.1319580078
.1158447266
.0942687988
-.0684661865
-.1615142822
.0803070068
.0994415283
.1040039063
.1272125244
.0749816895
.0407714844
.0435333252
.0760192871
.1053466797
.0915374756
.0540008545
-.0258483887
.0561676025
.0981750488
.0857543945
.0937957764
.0789337158
.0699157715
-.0372772217
-.0465698242
-.0351867676
-.0322113037
.0578460693
.0368041992
.0459136963
.1098022461
-.0646514893
-.0202941895
.0350341797
.0582122803
.0492248535
.0540161133
.0567626953
.0895538330
.0778045654
-.0205383301
.0334777832
.1704101563
.0756988525
.0383148193
-.1171417236
-.0868835449
.0595855713
.0724182129
.0817565918
-.1068115234
-.0472869873
.0220794678
.0626373291
.0177459717
.0294952393
-.0295867920
-.0854034424
-.0656433105
.1053619385
.0402069092
-.0396728516
.0306549072
.0261688232
.0567016602
.0839691162
.0633087158
.0305023193
.0704803467
.0938873291
.0859375000
.0516510010
.0527343750
.0459899902
-.0439910889
.0378723145
.0586395264
.0652770996
.0431671143
.0583953857
-.0586090088
-.0326385498
.0492858887
.0230712891
-.0395050049
-.0410919189
-.0243072510
.0246887207
-.0232238770
-.0557708740
.0474548340
.0333709717
.0331573486
.0623321533
.0447998047
.0274200439
-.0349121094
.0646514893
.0667877197
.1128082275
.1391143799
.1535644531
.1461791992
.1831817627
.1158294678
-.0585479736
-.0520782471
-.0692901611
.1674346924
.1139831543
.0507049561
.0650939941
.1853179932
.0719299316
.1074829102
-.0645599365
.0640106201
.1267547607
.0934295654
.0576629639
.0711669922
.1632080078
.0991516113
.0417785645
-.0688476563
.0997009277
.1236267090
.1149902344
.1104736328
.1300354004
.1018829346
-.1034088135
.1036071777
.0935211182
.0995941162
.1102752686
.1167144775
.0978240967
.0841369629
.1011657715
-.1204833984
.1267242432
.2233123779
.1195068359
.0940704346
.0542297363
.0588378906
.1074829102
.1146545410
.0732727051
.0841522217
.0483398438
.1149597168
.0938873291
.0819702148
.0576477051
-.0486602783
-.0363464355
-.0711364746
.1087188721
-.0652465820
.0740661621
.0778045654
-.0843048096
-.0308380127
.0282745361
-.0327148438
.0464019775
.0477752686
.0808258057
.0754241943
.1361236572
.0764160156
-.0686492920
-.0608215332
-.0666809082
-.0444793701
-.0533142090
.0462188721
-.0902557373
.1942443848
.0445098877
.0429077148
-.1047973633
-.0494384766
.0414428711
-.0308990479
.0366516113
-.0447235107
-.0510711670
-.1011199951
-.0903930664
-.1250762939
.0746154785
.0574340820
-.0489959717
.0442504883
.0358886719
.0413055420
-.0324401855
.0660705566
.0428161621
.0721740723
.0465240479
.1204223633
.1126861572
-.0801239014
-.0619201660
.0812072754
-.0665740967
-.0449829102
-.0319061279
.0559844971
.0402526855
-.0457458496
-.0413970947
.0389556885
-.0359344482
-.0427093506
-.0542144775
-.0457458496
-.0321655273
-.0395050049
-.0362091064
-.0774078369
-.0697479248
-.0450744629
.0431213379
-.0386352539
.0372619629
.0652770996
-.0257263184
.0370330811
.0854034424
-.1480255127
-.1368713379
.0910797119
-.1340179443
.1281890869
-.0797424316
.1049957275
-.1616058350
-.1445465088
-.0445709229
-.0833282471
-.1150207520
-.0839080811
-.1615905762
-.0549163818
-.1061248779
-.0815429688
.0282745361
-.0337066650
-.0708160400
-.0864105225
-.1522674561
.1206970215
.0395660400
.0565795898
-.2199859619
.1126861572
-.0674591064
.0574493408
.0392303467
.0493927002
-.0573120117
.0401611328
.0447998047
-.0841369629
.0377502441
.0601959229
-.1048889160
-.0729217529
.1389160156
.1594390869
-.1677246094
-.1942291260
.1082916260
-.0909576416
-.0968627930
-.1186065674
-.1047821045
-.0559997559
-.0470123291
-.0339813232
-.0409851074
-.0592956543
-.0721740723
.0686035156
.0582580566
.0790252686
.0638275146
.0794677734
-.1202239990
-.0999755859
.0524444580
.0675048828
-.0305328369
-.0293273926
.0402526855
-.0865783691
.0738372803
.0504608154
.0417938232
-.0462799072
-.0990600586
.0424194336
.0394287109
-.1177368164
.0690460205
.0534667969
-.1229553223
-.0916442871
-.0580139160
-.0647888184
-.0867919922
-.0392913818
-.0367279053
-.1213226318
.1019134521
-.0788726807
.0657348633
.0718994141
.0537109375
.1363525391
.0776062012
.0550384521
.0511169434
-.0768432617
-.1013336182
-.1059417725
-.0559234619
.0444793701
.0680389404
.0796203613
-.1128082275
-.0496826172
-.0718841553
-.0703277588
-.0724334717
-.0828094482
.0799407959
.0783081055
.0273437500
.0543518066
.0427856445
-.0325469971
.0419616699
.0421142578
-.0421295166
.0308990479
.0928344727
.0986938477
-.0427246094
-.0477294922
.0466613770
.0485992432
.0778045654
.0974273682
.0747222900
.0570068359
.1308288574
.0834045410
.0628662109
-.0539703369
-.0564575195
.0584411621
.0643463135
-.0687561035
.0930786133
-.1291046143
-.0483398438
-.0488739014
-.0536804199
.1739959717
.1026611328
-.0653533936
.0848236084
.0841369629
-.0922393799
.1169738770
.1879882813
-.0634307861
.0513153076
.1031341553
.1370849609
.0779113770
.0704956055
.0455169678
.0591888428
-.0727539063
.0326843262
.0574035645
.1117858887
.0818328857
.0354614258
.0377349854
-.0451660156
.1141510010
-.0903625488
.1257019043
-.0666198730
.1085052490
-.1052856445
-.1034393311
.0748596191
-.1210632324
-.0783691406
-.1090393066
.0797424316
.0398406982
.0630645752
.1187744141
.1164703369
-.0862121582
.0980377197
.0578460693
.0450592041
.0360565186
.0843811035
.0995483398
.0847015381
.0451507568
-.0593719482
-.0761413574
.0654602051
-.0495300293
-.0565948486
-.0355987549
-.0421447754
-.0579986572
.0547637939
.0614013672
.0471649170
.0377655029
.0365753174
.0379791260
-.0288238525
-.0370788574
-.0587615967
-.0592041016
-.0704040527
.0658111572
.0551910400
.0430297852
.0242767334
.0321502686
.0292663574
.0645904541
.0728149414
.1091613770
.0787506104
.0706024170
-.0473022461
.0588073730
-.0558471680
-.0559844971
-.0685882568
-.0669403076
-.0695495605
.0704956055
-.0805816650
.0706176758
-.0510406494
.0420074463
-.0446777344
.0586700439
.0331573486
.0341796875
.0433959961
.0422973633
.0441131592
.0505981445
.0459747314
.0431518555
-.0499725342
.2223815918
.2342681885
.1163024902
-.0583496094
.1791839600
.4844055176
-.0460662842
-.0512237549
.2365112305
-.1092834473
.1141815186
-.1609954834
.0569305420
.2383728027
.0925598145
.2158966064
-.0479278564
-.0681915283
.1647644043
.1712493896
-.1910247803
-.0321044922
.3018798828
.0745849609
-.0524139404
-.0424652100
.0409698486
.0432128906
.0454254150
.0602874756
.0468292236
.0387420654
-.0276947021
-.0321655273
.0488739014
.0481262207
.0448608398
.0616760254
.0540466309
-.0680236816
-.0689239502
-.0477600098
.0240783691
-.0307769775
.0495300293
.0340881348
.0524139404
-.0326995850
.0389251709
.0335845947
-.0508728027
-.0737609863
.0419006348
-.0595703125
-.0403747559
.0522766113
.0526428223
-.0617980957
-.1087646484
.0704650879
.0501861572
.1038970947
.1409301758
.0954742432
.1464691162
.1659393311
.1099853516
.1060180664
.0880432129
.0757141113
.0544738770
.0712280273
-.0532836914
-.0397949219
.1623382568
.1384124756
-.0838623047
.0612030029
.0813140869
.1075744629
-.0500183105
-.0614013672
.0854034424
-.0775604248
-.0782165527
.0672149658
.1429290771
.0544128418
.0923461914
.1093597412
.0523071289
.1170349121
.1493377686
.0848846436
.0421752930
.0431976318
.0374908447
.0775909424
.0809020996
.0837554932
.0771026611
-.0795593262
-.0522003174
-.0605316162
-.0377502441
-.0425720215
-.0844116211
.0783233643
-.0815429688
-.0498809814
-.0494384766
.0711822510
.0503387451
.0991668701
.0763092041
.0693511963
.0346374512
.0427551270
.0463256836
.0729217529
-.0529479980
.0557250977
.0667419434
.0703735352
-.0729980469
.0334777832
-.0869445801
-.0658111572
-.0616455078
.0329437256
.0337677002
-.0492401123
.0972595215
.1533813477
-.1329803467
-.1213836670
-.1540222168
-.1423492432
-.0831604004
-.0238647461
-.0517425537
.0865020752
-.0565338135
-.0928039551
.2003479004
.1020660400
.0419158936
.0262451172
.0490417480
.0954742432
.0815887451
.0724182129
.1201629639
-.0635223389
.0467529297
.0325775146
.0874328613
-.0707550049
-.0432128906
-.0421295166
-.0756988525
-.0867004395
-.0809326172
-.0582580566
-.0498046875
-.0263977051
.0339355469
.0408477783
.0248565674
.0338745117
.0224609375
.0274047852
-.0344696045
.0376739502
-.0281677246
-.0172729492
.0269012451
.0281219482
-.0750427246
-.0719757080
-.0640411377
-.0554809570
.0559082031
.0670013428
.0799560547
.0811462402
.0762176514
.0447998047
.0447387695
.0600433350
.0270690918
.0757446289
.0434265137
.0348052979
.0326080322
.2111206055
-.2424163818
-.1121520996
-.0876617432
.0916137695
-.1403045654
.1799926758
.2514343262
.0375823975
.0257568359
-.1349945068
.3811187744
.2972259521
-.2024383545
-.1132507324
.0366973877
.0566711426
-.0362548828
.0541229248
.0306091309
-.0347747803
-.0174865723
-.2505950928
.2413787842
.1898040771
.0637359619
.0794372559
-.0539093018
-.0446929932
-.1273498535
-.1392364502
.2404479980
-.1329956055
.1266632080
.0679473877
-.0425720215
-.0492401123
-.0350952148
-.0300598145
-.0377197266
.0352478027
.0265960693
.0348663330
.0548858643
.0338439941
.0223846436
-.0389404297
.0706024170
.0484313965
.0397796631
.0330047607
.0281524658
.0330352783
-.0235595703
-.0295257568
-.0201873779
-.0142822266
-.0152282715
.0108642578
.0182037354
-.0179290771
.0186462402
.0123901367
.0092010498
-.0061798096
-.0051269531
.0013427734
-.0809326172
