-.0001831055
-.0015258789
-.0021820068
.0074310303
.0081634521
-.0130767822
.0116119385
.0147094727
.0114135742
.0145416260
.0157623291
.0208435059
.0119171143
-.0123901367
.0139617920
-.0218658447
-.0296783447
-.0365600586
.1081542969
-.0371398926
.0698089600
-.0949401855
.3333740234
.2765350342
.2939605713
.1614074707
.2707214355
.1899414063
.2719268799
.0416717529
.0658264160
.1384124756
.1931610107
.2368469238
-.0987091064
-.1276855469
-.1245574951
.1350097656
.2104644775
.1284637451
.1539611816
.1032562256
.1031799316
.0585327148
.0339355469
-.0458679199
.0320281982
.0435791016
-.0458374023
-.0480346680
-.0361175537
-.0301666260
-.0554199219
.0895690918
.1382446289
.1817016602
.1733398438
.1759948730
.0205078125
-.0287628174
.0238037109
-.1021728516
-.0991973877
.1022796631
-.1692962646
.2380065918
.1857604980
.0156860352
-.0244598389
-.0485687256
.1679229736
-.1348876953
.0426177979
.0357513428
-.0301513672
-.0330657959
-.0262603760
.0242767334
.0769348145
-.1798248291
-.1176757813
-.1182861328
-.1054840088
-.1285400391
-.1273803711
.0998229980
.0481109619
.0275878906
.0238342285
.0158843994
-.0238647461
.0960998535
.1324920654
.1763153076
.0454559326
.0330047607
.0960845947
.0230865479
-.0224151611
.0216674805
.0932922363
.1168212891
-.1229248047
.0410919189
.0237121582
-.0909271240
-.0527343750
-.0282287598
.0166015625
.0213623047
.0479125977
.0822906494
.1035308838
.1658935547
.0990600586
.1404266357
.1379241943
.1240692139
.1284637451
.1318817139
.0400238037
.1244659424
.0972595215
.0545654297
-.0358428955
-.0626983643
.1126861572
.1215515137
.1072387695
.0993499756
.0737609863
.0999450684
.0629577637
.0935363770
.0830841064
.0358276367
-.0904846191
.1389312744
.1518402100
.1242218018
-.0917053223
.1553192139
.0627746582
-.0256347656
.0899505615
.1710662842
.1049957275
-.1908569336
-.1320495605
.0652008057
.1570587158
.1557617188
.1524353027
.1565399170
.1486663818
.1489562988
.1276702881
-.0583190918
-.0184173584
-.0667724609
.0938262939
.1128082275
-.2133026123
.0424346924
.1367034912
.1168212891
-.0293884277
.0169525146
.0802001953
-.0793457031
.0993194580
.0794372559
.0418395996
-.1048736572
.1184997559
.1009063721
.0546875000
.0664367676
.0877075195
.0516967773
-.0449523926
-.0373382568
.0528259277
.0845184326
.1097869873
.0834808350
-.0649719238
-.0358734131
.1612854004
-.0265960693
-.0206298828
-.0549011230
-.0241088867
.0172424316
.0206298828
-.0192413330
.0209655762
.0415039063
.0406799316
.0275878906
.0231323242
.0156860352
.0192260742
-.0185394287
-.0168609619
.0171051025
-.0270690918
.0158538818
-.0182800293
-.0122985840
.0222778320
.0267028809
.0122680664
.0132293701
-.0182647705
.0179290771
-.0209960938
.0497741699
.1828765869
.1046752930
-.0358428955
-.0244293213
-.0351409912
-.0290985107
-.0369110107
.0283660889
-.0434875488
.0861968994
-.0976257324
.0539093018
.0371704102
.0973052979
-.2236633301
-.1764831543
.1344909668
.1145935059
-.0341033936
.1150207520
.1502990723
.0910797119
-.1120605469
-.0557098389
.0422821045
.1042633057
.0835876465
.1613006592
.1247406006
-.0952758789
.1158142090
.1222076416
.0823974609
.1107940674
.1197967529
.0398406982
-.0195770264
-.0120239258
-.0527954102
.0517425537
.0241241455
-.0176696777
.0919036865
.1257934570
.1036224365
.0664367676
.0431365967
-.0743713379
.0918579102
.0483398438
.1212310791
.1317138672
-.0711822510
-.0199890137
-.0381011963
-.0298156738
-.0593261719
-.0435943604
.0439300537
-.0328826904
.0594787598
.0594940186
.0706939697
.0812530518
.0725708008
.0778045654
.0841217041
.0685882568
.0560607910
-.0156555176
.0140228271
.0696563721
.0365753174
.0987701416
.0739135742
.0357513428
-.0178375244
-.0374603271
.0537261963
-.0167083740
.0497131348
.0767059326
.1070709229
.0339050293
.0213012695
.0793457031
.1088867188
.0310974121
-.0376434326
.0815734863
.0548553467
-.0311584473
.0740356445
.1104278564
-.0326385498
.0145111084
.0194549561
.0471801758
-.0165863037
.0141601563
.1019744873
.0805206299
.0389099121
.0671997070
.0293121338
-.0205535889
-.0243988037
.0347900391
.0673217773
.0879974365
-.0286560059
-.0324707031
.0646667480
-.0477142334
-.0337677002
.0323486328
.0506591797
.0363616943
-.0207519531
.0647277832
.0503387451
.0190887451
-.0187072754
-.0519256592
-.0389404297
-.0168457031
.0150299072
.0148468018
-.0242156982
.0165100098
.0120391846
-.0140686035
.0263366699
-.0364074707
-.0267944336
-.0203704834
-.0271148682
-.0406188965
.0214843750
.0208435059
.0600585938
-.0740814209
.1124572754
.1359558105
.1496887207
.1559600830
.1765441895
.1534423828
.0315399170
-.0301666260
.0722656250
.1395111084
-.0847625732
-.0716857910
-.0308990479
.1310729980
.1169433594
-.1178436279
-.0803222656
-.0539550781
.1152343750
.0613098145
.0979309082
.0344696045
.1154937744
.1179809570
.0271148682
-.1207275391
-.0226287842
.0876617432
.0956878662
.1001129150
.1336822510
.0828857422
.0803680420
.1020355225
.1039733887
.0931396484
.1196746826
.1369934082
.1111755371
-.0514526367
.1100463867
-.1055603027
.1217193604
.1241149902
-.0988616943
.0784149170
-.0277252197
-.0596771240
.0839538574
.1166076660
-.0596618652
.0996398926
.0384368896
.1138305664
.0932464600
.0887603760
.0831298828
.0444641113
-.0107727051
-.0395355225
.0623931885
.0739440918
-.0583343506
-.0765228271
-.0872039795
.0341644287
-.0167083740
-.0189971924
-.0185699463
-.0258331299
.0469360352
.0440063477
.0533142090
.0302124023
-.0375671387
.0438385010
-.0384979248
.0317382813
-.0315856934
-.0304260254
.0548095703
.1808929443
.0293884277
.0228729248
-.0912628174
.0286102295
.0253753662
.0193481445
.0239257813
.0215759277
.0367736816
-.0326995850
-.0510711670
-.0687103271
-.0472564697
-.0363006592
-.0341033936
-.0285491943
-.0208892822
-.0231933594
-.0218811035
-.0280303955
.0350799561
.0760803223
.0462493896
.1024932861
.1021270752
.0682373047
.0649871826
.0767822266
-.0431976318
-.0265350342
-.0187225342
.0334167480
-.0286560059
.0211029053
.0231781006
-.0222320557
.0243988037
-.0240631104
-.0303649902
-.0259704590
.0206604004
.0253906250
-.0204467773
-.0428314209
-.0416259766
-.0353851318
.0249938965
-.0220947266
.0209808350
.0367431641
-.0190887451
.0205383301
.0301666260
-.1365051270
-.1369476318
.0515899658
.1161651611
.1022186279
.0571594238
.0933532715
-.1585388184
.1543884277
-.0256347656
-.0480804443
-.0954742432
-.0839996338
-.1551513672
-.0471191406
-.0908813477
-.0647735596
-.0162963867
-.0190734863
-.0596771240
-.0807342529
.1299591064
.1039276123
.0296020508
-.0470275879
-.2077789307
.1082153320
-.0628356934
.0347900391
.0220336914
.0339202881
-.0498046875
.0278778076
.0350036621
-.0844421387
.0218353271
.0403289795
-.1042633057
-.0676574707
.1386260986
.1572265625
-.1548309326
-.1855926514
.0932922363
-.0688476563
-.0813598633
-.1003417969
-.0893096924
-.0318756104
-.0290069580
-.0192413330
-.0220642090
-.0330963135
-.0359191895
.0384521484
.0339965820
.0558471680
.0520019531
.0587768555
-.1122283936
-.1011505127
.0416870117
.0470886230
-.0176696777
-.0165710449
.0311431885
-.0772247314
.0639801025
-.0297393799
.0336914063
-.0407562256
-.0955963135
.0352020264
-.0414886475
-.1098632813
.0565643311
-.0331726074
-.1153869629
-.0689239502
-.0440826416
-.0863037109
-.0684204102
-.0322265625
-.0253753662
-.1275482178
.0742950439
-.0472717285
.0369110107
.0517425537
.0307922363
.0767517090
-.0448455811
-.0273742676
-.0434112549
-.0430450439
-.0569610596
.0505371094
.0307159424
.0376739502
.0394439697
.0448760986
-.0627899170
.0255584717
-.0361633301
-.0464324951
.0854492188
.0801086426
.0818939209
.0682373047
.0191192627
.0309448242
.0209808350
-.0241241455
.0244750977
.0222015381
.0167694092
-.0270233154
.0835418701
.0821685791
.0291595459
.0346832275
.0348663330
.0589294434
.0923156738
.0904693604
.0631408691
.0320739746
.1283721924
.0743713379
.0363616943
.0638122559
.0577545166
.0661773682
.0621185303
.0708923340
-.1082000732
.1437072754
.0272979736
.0358734131
-.0270843506
.2887420654
.0685119629
.0740051270
.0812377930
.0320281982
.0703735352
.0904693604
.1752471924
.0300750732
.0445861816
-.0959930420
.0897521973
.0840148926
.0478668213
-.0273742676
.0539550781
.0806274414
.0283813477
.0293121338
.1021118164
.0507812500
-.0284729004
.0545501709
.0536956787
.1262054443
.0799407959
-.0736236572
.0988311768
.0932617188
.0908203125
-.0738983154
.0597229004
.0695343018
.1491851807
.1049804688
.0392608643
.0319061279
.0442199707
-.1018676758
.0753173828
.0774688721
.0543975830
-.0325164795
-.0280609131
-.0244293213
-.0368652344
-.0792999268
.0785217285
.0268859863
.0303344727
.0476074219
.0414581299
.0473785400
.0262756348
-.0517578125
-.0325622559
.0357666016
-.0416259766
.0352325439
.0213165283
-.0287628174
.0221099854
.0176086426
.0253906250
-.0246429443
.0326690674
.0365600586
.0513305664
.0353851318
.0285797119
-.0147247314
.0270538330
-.0197906494
-.0157775879
-.0316772461
-.0443725586
-.0389251709
-.0459899902
-.0287780762
-.0287628174
-.0265350342
.0240936279
.0297546387
.0301971436
-.0318145752
.0516662598
.0376434326
.0299377441
.0483245850
.0306091309
.0204925537
.0246887207
.0318756104
.0322265625
.0207977295
-.0138092041
.0216674805
.0224761963
-.0299377441
.0249023438
.0283508301
.0379180908
-.2353668213
-.1764526367
-.0823516846
-.0803985596
.3383178711
.3484497070
.0297393799
-.0364074707
.2316436768
.1613769531
-.0983886719
-.1813964844
.1818389893
.1837463379
.2073211670
.1286926270
.0191040039
.0369873047
.1511840820
-.1898193359
-.1051483154
.0180969238
.1622467041
.0410461426
.0488586426
.0236053467
-.0213470459
-.0367279053
-.0378723145
-.0353851318
-.0273437500
-.0223388672
-.0157012939
-.0151062012
.0202636719
.0265655518
-.0274353027
-.0292968750
-.0267333984
.0367889404
.0302886963
-.0219879150
.0167999268
.0160522461
-.0277557373
-.0379486084
-.0237426758
.0227966309
-.0201873779
-.0190734863
.0328369141
.0281372070
.0208740234
.0294494629
.1195373535
.0247802734
.0380554199
.1192016602
.1008453369
.0436553955
.0521850586
.0862579346
-.1029205322
-.1121368408
.1009368896
.1238555908
.1084747314
-.0658264160
.0918884277
.0719299316
-.0375823975
-.0926818848
.0155181885
.0210571289
.1879577637
.0673675537
.0350036621
.0416564941
-.0409851074
.0507049561
.0643310547
.0730895996
.0606994629
.0769042969
.0650482178
.0948791504
.0733337402
.0753021240
.0884094238
-.0503997803
.0402679443
.1044769287
.0814514160
.0632629395
-.0198974609
-.0210418701
.0557708740
.0951538086
.0691070557
.0652770996
.0911712646
.0415344238
.0538330078
.0273437500
.0255126953
.0614929199
.0646667480
.0783538818
.0287322998
.0272674561
.0372619629
-.0335388184
.0585937500
.0572204590
-.0452117920
-.0322265625
.0214538574
.0243377686
-.0399932861
-.0427551270
.0649261475
.0424652100
-.0226287842
.0752105713
.0450286865
.0149536133
.0462646484
.0293579102
.0236053467
-.0173950195
-.0340270996
-.0562591553
.1769409180
-.1488037109
.1096038818
-.1407775879
-.1413574219
.1181182861
.0214538574
-.0589294434
-.0854644775
.0893859863
.0711212158
-.1377868652
.1214752197
-.0326080322
-.0180206299
-.0461273193
-.0861206055
.0810394287
.0529785156
.0943603516
.1132812500
.0590820313
.0413360596
.0915527344
.0780487061
.0485382080
.0258789063
.0213317871
-.0462036133
-.0570373535
.0381011963
-.0289001465
-.0178527832
-.0229797363
-.0298614502
-.0164337158
.0146179199
-.0149383545
-.0165405273
.0127868652
.0253448486
.0115203857
-.0162811279
.0076751709
.0191192627
.0278167725
-.0405426025
-.0279235840
-.0410919189
-.0406799316
-.0387420654
.0520935059
.0386962891
.0324859619
.0355072021
.0285339355
.0288238525
.0214843750
.0522155762
.0297851563
.0195159912
.0255279541
.2832794189
.2314147949
.1128387451
-.0773162842
-.0724487305
-.1293487549
-.1101074219
.2497406006
-.0981292725
.0190582275
.0474395752
.2704010010
.3603363037
.1926879883
-.1044006348
.0310211182
.0318145752
.0263824463
.0341644287
.0175933838
-.0198974609
-.0104370117
-.1612548828
-.2389831543
.1694488525
.0995025635
.0650634766
.0622253418
.0287933350
.1689147949
.1335754395
.2423553467
.1032867432
.1332550049
.0619659424
-.0239410400
.0179290771
-.0275421143
-.0222167969
-.0213012695
-.0157012939
-.0142822266
.0194854736
-.0148620605
.0130920410
-.0151977539
-.0315551758
.0357666016
-.0250549316
.0224304199
.0189514160
.0164947510
.0252380371
.0121459961
.0160980225
-.0115661621
.0065307617
-.0104827881
.0053863525
.0114135742
-.0116119385
.0090026855
.0091400146
-.0085754395
-.0052185059
-.0051422119
.0021972656
-.0012969971
-.0007781982
-.0289001465
