.0001373291
-.0001220703
.0001068115
.0001068115
.0001220703
.0001220703
.0001220703
.0001068115
.0001373291
-.0001220703
.0001220703
-.0001525879
.0001068115
-.0001068115
-.0001220703
-.0001220703
.0001373291
.0001068115
.0001220703
-.0001525879
.0036468506
.0007324219
.0007476807
.0001983643
-.0003662109
-.0005187988
.0002288818
-.0001983643
-.0059814453
.0024719238
.0003967285
.0003051758
.0002441406
-.0001831055
-.0002288818
.0002288818
.0004730225
.0007629395
.0004425049
-.0002441406
.0002441406
-.0001983643
-.0003509521
.0008087158
.0001983643
-.0002746582
-.0001983643
.0022888184
-.0026397705
.0146026611
-.0173492432
-.0233306885
.0134124756
.0059051514
.0094299316
.0014038086
-.0016479492
-.0004730225
-.0005798340
-.0005035400
.0004425049
.0005035400
-.0005035400
-.0005493164
-.0006256104
.0007019043
-.0014495850
-.0011291504
.0010833740
.0010375977
-.0027313232
-.0012207031
-.0027923584
.0029449463
-.0032043457
-.0019226074
.0058898926
.0026245117
-.0012207031
-.0017547607
-.0012969971
.0010681152
-.0009307861
.0011901855
-.0052947998
-.0026397705
.0015563965
-.0012664795
-.0239868164
.0180969238
-.0079345703
.0141601563
-.0204010010
.0100708008
.0044860840
.0039367676
-.0032348633
-.0028228760
.0022888184
-.0013580322
-.0011596680
-.0015411377
.0007171631
.0011749268
-.0007934570
-.0008850098
.0008850098
-.0008850098
.0014190674
-.0008544922
-.0011138916
-.0010070801
.0014495850
.0018615723
-.0015258789
.0017547607
-.0008087158
-.0010375977
.0015258789
.0009307861
.0019073486
.0009460449
-.0009307861
-.0010223389
-.0093231201
-.0008850098
-.0024261475
-.0010070801
.0009155273
.0010833740
.0011444092
.0011749268
-.0007934570
-.0011138916
-.0009765625
.0009155273
-.0008392334
.0009918213
.0010528564
-.0028076172
.0026092529
-.0023651123
-.0043182373
.0029754639
.0040893555
.0037231445
-.0036468506
.0048370361
.0040283203
.0038604736
-.0030822754
-.0015106201
-.0009765625
.0010375977
-.0009307861
-.0009613037
-.0158386230
-.0017852783
.0012512207
-.0016021729
.0012359619
.0010070801
.0010986328
.0013732910
-.0010528564
-.0013580322
-.0014343262
.0007934570
.0009460449
.0011901855
.0011291504
.0009918213
-.0009155273
.0009765625
.0010833740
.0008697510
.0010833740
.0028076172
.0013122559
-.0139465332
-.0018310547
.0010375977
.0011749268
.0009155273
-.0010528564
.0016937256
.0026702881
-.0012054443
-.0027465820
-.0010070801
.0010833740
-.0009155273
-.0010223389
-.0009460449
-.0008087158
.0009307861
.0008239746
-.0009613037
.0013275146
.0011138916
.0012054443
.0012207031
-.0013732910
.0019226074
.0035705566
.0044403076
.0041503906
.0022735596
.0016174316
.0016784668
.0039825439
.0010986328
.0018615723
-.0018615723
-.0015716553
-.0030364990
.0012969971
.0010223389
-.0016479492
-.0037536621
.0030364990
-.0019226074
-.0010833740
-.0013427734
-.0035705566
.0049896240
-.0025787354
-.0070343018
.0015411377
.0011291504
.0011596680
.0033111572
-.0044097900
.0042724609
-.0064697266
-.0026550293
.0017089844
-.0023040771
.0048980713
.0077362061
.0041503906
-.0065612793
.0056457520
.0102081299
.0019073486
.0010528564
.0012207031
-.0009765625
.0114593506
.0012359619
.0016937256
-.0013732910
-.0008697510
.0024566650
.0014190674
.0009460449
.0014953613
.0022125244
.0015411377
.0010681152
-.0014953613
.0012207031
.0019531250
-.0014953613
-.0010223389
.0012054443
.0011138916
.0012207031
-.0009002686
-.0023040771
.0016479492
.0009918213
-.0008850098
.0022430420
.0008087158
.0018463135
.0033569336
-.0061035156
.0014801025
.0010833740
.0010375977
-.0014343262
.0008239746
-.0031433105
-.0106811523
-.0021514893
.0012969971
.0020599365
-.0016174316
-.0032501221
.0124206543
.0014038086
-.0043182373
.0012207031
.0014953613
-.0012817383
.0200958252
.0026702881
-.0043945313
-.0052642822
.0017242432
.0018615723
.0202636719
.0048980713
-.0030670166
-.0011596680
.0008392334
.0015716553
.0013732910
.0055084229
.0110168457
.0101928711
-.0014343262
.0022430420
.0018157959
.0029144287
-.0108795166
-.0019683838
-.0030212402
.0052795410
.0018310547
-.0043792725
.0019531250
-.0014648438
.0030212402
-.0024261475
.0050048828
-.0016632080
-.0060119629
.0030822754
.0017852783
.0016632080
-.0019683838
.0037536621
-.0014190674
.0053863525
.0044097900
.0047912598
-.0017395020
.0040893555
.0100402832
.0089263916
-.0012359619
-.0012054443
.0033416748
.0027313232
-.0010833740
.0080871582
-.0016326904
.0025482178
-.0016937256
.0039215088
.0023345947
.0016174316
.0045928955
-.0024719238
.0053710938
.0021057129
.0033111572
.0028839111
-.0029449463
.0019073486
.0032958984
.0131988525
.0045013428
.0020599365
.0034942627
-.0035400391
-.0418090820
-.1030426025
-.0409393311
-.0573120117
-.0218048096
-.0190734863
-.0366821289
-.0569610596
-.0509796143
-.0473937988
-.0705871582
-.0458068848
.0245666504
.0589294434
.0710296631
-.0574798584
-.0584869385
-.0612335205
.0577392578
-.0650634766
-.0523071289
-.0256805420
.1102752686
-.0662841797
.1220855713
.0640258789
.0048065186
.0122680664
-.0390777588
.1550140381
.1479034424
-.0678863525
-.0714721680
-.0473937988
-.0201110840
.0133056641
.0076751709
.0048828125
-.0053863525
.0030822754
-.0027770996
.0029144287
.0026702881
-.0021820068
-.0019073486
.0024566650
.0018463135
.0032501221
-.0032501221
.0016021729
.0025939941
-.0031890869
-.0018157959
.0042724609
-.0042877197
.0038757324
-.0017395020
.0027465820
.0077514648
.0021667480
.0015106201
-.0026550293
.0042877197
.0041503906
.0076904297
.0024108887
.0024108887
.0022583008
.0036163330
.0028686523
.0031890869
.0038452148
.0039367676
-.0045928955
-.0033111572
.0036926270
-.0092926025
.0066223145
-.0715179443
.0675354004
.0482330322
.0301666260
-.0135498047
-.0382843018
-.0221099854
-.0277099609
-.0599212646
.0566558838
.0431671143
.0315856934
-.0028686523
-.0044403076
.0029296875
.0083160400
-.0055847168
.0032196045
-.0021514893
-.0021057129
.0016784668
-.0020904541
.0019226074
.0019073486
-.0029907227
.0020904541
-.0024566650
-.0036315918
.0015411377
.0052185059
.0042266846
.0197143555
-.0300445557
-.0360412598
-.0387573242
-.0388641357
-.0381622314
-.0381774902
-.0339965820
-.0306549072
-.0330200195
-.0292053223
-.0264587402
-.0254974365
-.0266113281
-.0275421143
-.0270690918
-.0268859863
-.0277099609
.0471191406
-.0537567139
-.0502471924
-.0361328125
-.0363159180
-.0424499512
.0411529541
.0406494141
-.0281066895
-.0178833008
-.0258026123
.0230407715
.0066070557
-.0226745605
.0314941406
-.0290985107
.0264129639
.0026397705
-.0020599365
.0019836426
-.0014190674
.0015258789
.0022125244
-.0012817383
.0014038086
-.0011596680
-.0011138916
.0020446777
-.0016937256
.0018463135
-.0010833740
-.0012054443
.0013122559
-.0014343262
-.0011444092
.0012359619
-.0013275146
.0014038086
.0019073486
.0023193359
-.0018157959
-.0036010742
.0034027100
.0012817383
-.0016632080
.0016632080
.0014801025
-.0020599365
.0017242432
.0022583008
-.0020141602
.0023803711
-.0013580322
.0015563965
.0012359619
-.0023040771
.0021514893
.0013275146
.0014190674
.0012207031
-.0165100098
-.0219421387
-.0342712402
-.0297851563
.0487365723
-.0724487305
-.0392456055
-.0464324951
-.0447082520
-.0539093018
-.0543212891
-.0366210938
-.0529174805
-.0956115723
-.0709991455
.0781250000
.0427093506
-.0176086426
-.0110626221
-.0489501953
-.0918273926
-.0732116699
.0318298340
.0108795166
.0062103271
-.0059204102
-.0031433105
.0035247803
-.0022583008
.0027465820
-.0022888184
-.0014190674
.0015106201
-.0013732910
.0016021729
.0012359619
-.0021972656
.0012969971
-.0017700195
.0011596680
.0017700195
-.0011596680
.0014953613
.0013580322
.0011901855
.0010375977
-.0013580322
.0017547607
-.0013275146
.0013122559
.0012359619
-.0016784668
.0014343262
.0014953613
.0014801025
-.0016479492
-.0018768311
-.0013732910
.0017852783
.0013885498
.0012207031
-.0016021729
.0013580322
.0011138916
-.0013732910
.0012359619
-.0010070801
.0013427734
.0013580322
-.0012969971
-.0014343262
-.0018463135
.0012054443
.0014343262
-.0017700195
.0011749268
-.0011291504
-.0012969971
.0014343262
-.0016021729
.0015106201
.0014801025
-.0010833740
.0011749268
-.0013275146
.0014190674
-.0013122559
.0017395020
-.0010833740
-.0121917725
-.0569763184
.1102600098
.0964050293
.0539093018
-.0234832764
.0140380859
-.0301666260
.0348968506
-.0319366455
.0312042236
.0283203125
.0257873535
-.0178527832
.0202484131
.0340881348
-.0423583984
-.0372467041
.0662841797
.0440063477
-.0101623535
-.0020904541
-.0020141602
.0012359619
.0014495850
.0016937256
-.0011444092
.0012207031
-.0012969971
.0013122559
-.0012359619
-.0016784668
.0012359619
.0018463135
.0011901855
-.0014343262
.0014648438
-.0013275146
-.0013122559
.0012817383
.0017089844
-.0010528564
.0046844482
.0201110840
.0247955322
-.0306854248
-.0237884521
-.0043640137
.0173492432
-.0266876221
-.0617675781
-.0749206543
.0589904785
-.0532379150
-.0558776855
-.0739288330
-.0569610596
-.0697174072
-.0593414307
-.0442047119
.0214080811
-.0211181641
-.0173492432
-.0077819824
.0066528320
.0045166016
-.0038757324
.0030975342
-.0031127930
-.0018920898
.0015411377
-.0011749268
.0017395020
-.0012664795
-.0013427734
-.0011291504
-.0012512207
.0014801025
.0010681152
.0011749268
-.0014343262
.0012207031
.0010528564
.0029907227
-.0368652344
-.0536956787
-.0792846680
-.0574645996
.0050964355
-.0033111572
-.0018005371
.0036468506
-.0124816895
.0307922363
-.0299530029
.0330505371
-.0079803467
.0084533691
-.0171966553
.0296783447
-.0204010010
.0124206543
.0238342285
.0099639893
-.0168914795
-.0276947021
-.0351257324
-.0332489014
-.0320281982
-.0242614746
.0089416504
.0134429932
.0247192383
-.0199279785
.0258178711
-.0193634033
.0179443359
-.0241088867
-.0097808838
-.0164031982
.0129547119
-.0133514404
.0192871094
-.0305328369
-.0608367920
-.0473022461
-.0163269043
-.0223388672
.0045623779
-.0020141602
-.0064544678
-.0111541748
.0360565186
.0149841309
-.0082855225
.0030212402
-.0030364990
.0033569336
-.0019836426
-.0013580322
-.0012817383
.0014190674
-.0020751953
-.0020904541
.0018005371
-.0026092529
.0016632080
-.0021667480
-.0013732910
-.0013580322
.0012054443
-.0010375977
-.0015411377
-.0011749268
.0013580322
-.0014495850
.0015869141
-.0013427734
.0013122559
.0012512207
.0016021729
.0014801025
-.0016632080
-.0018768311
.0025939941
.0010833740
.0014343262
-.0012359619
-.0012817383
.0018005371
-.0017242432
.0012359619
.0014190674
-.0011749268
-.0016021729
-.0019531250
.0045471191
.0027313232
-.0058593750
-.0073394775
-.0022888184
-.0020751953
-.0020599365
-.0011291504
.0012359619
-.0012054443
-.0013275146
.0015106201
-.0014038086
-.0012359619
-.0010070801
-.0014190674
.0081024170
.0225830078
.0363006592
.0308532715
.0243682861
-.0251617432
.0361175537
-.0371551514
-.0381164551
.0241088867
-.0033721924
-.0029907227
.0089721680
.0040130615
.0046539307
.0207519531
-.0554504395
-.0437774658
.0430145264
.0156097412
-.0428314209
.0144195557
.0022735596
.0012359619
-.0224761963
.0055694580
.0088348389
-.0021820068
.0015411377
-.0079803467
-.0211639404
-.0262756348
.0033416748
.0021514893
.0017852783
-.0159912109
-.0327301025
-.0221405029
-.0140533447
-.0118560791
.0053710938
.0028686523
-.0016632080
.0012512207
.0014953613
.0012664795
.0014495850
-.0020141602
.0015411377
-.0026397705
.0012664795
-.0021362305
-.0011901855
-.0012969971
-.0016632080
-.0015716553
.0021209717
-.0019531250
-.0028076172
-.0020446777
.0026855469
-.0015106201
.0015258789
-.0024566650
.0026092529
-.0529327393
-.0565948486
-.0402984619
-.0048065186
-.0023345947
-.0020904541
.0018920898
-.0021362305
.0016937256
.0013732910
.0019226074
-.0027618408
.0036621094
-.0051727295
-.0058746338
-.0458679199
.0417938232
.0127410889
-.0192413330
-.0193176270
.0154113770
.0189971924
.0249938965
.0270233154
.0261688232
-.0275878906
.0362854004
.0476684570
-.0236358643
.0164337158
-.0372009277
-.0266265869
-.0198364258
.0119476318
.0027313232
.0156555176
-.0472717285
-.0193786621
-.0087280273
-.0023956299
-.0016326904
.0022888184
-.0086975098
-.0071105957
.0048217773
-.0020751953
.0018768311
-.0020599365
-.0011749268
.0015258789
-.0018157959
.0021667480
.0014953613
-.0022583008
.0012817383
.0014953613
.0018463135
-.0015563965
-.0020141602
-.0016937256
-.0011749268
.0011596680
.0016784668
-.0021820068
.0019989014
.0015869141
.0016021729
.0014801025
.0014648438
.0012664795
.0012817383
-.0009918213
-.0012054443
.0010528564
.0012054443
-.0011444092
.0011444092
.0014648438
.0012969971
.0014801025
.0012817383
.0013580322
.0019683838
.0016174316
.0012359619
-.0014648438
.0013275146
.0010528564
.0014038086
.0013275146
.0013885498
.0014801025
.0014953613
.0017089844
-.0011596680
-.0010833740
.0010833740
.0014038086
.0014190674
.0012664795
