-.0001525879
-.0001525879
-.0001831055
.0003814697
-.0006408691
-.0007629395
.0012817383
.0015106201
.0033416748
-.0029907227
-.0029754639
.0027465820
-.0048522949
.0025787354
.0048828125
.0082702637
-.0066986084
.0081787109
.0093536377
.0092010498
.0092163086
.0088806152
-.0087890625
-.0078735352
-.0074768066
-.0111694336
-.0098114014
.0079498291
.0093536377
.0085144043
-.0074462891
-.0084533691
-.0133666992
.0301055908
.0178222656
-.0109558105
-.0109405518
-.0139923096
.0094299316
-.0097656250
.0138854980
-.0091400146
.0101470947
.0144195557
-.0139160156
-.0117492676
.0163574219
-.0110778809
-.0089263916
-.0103302002
-.0150451660
.0105743408
-.0126037598
-.0161285400
.0178375244
.0107574463
.0080871582
-.0063934326
-.0070953369
.0132141113
-.0108184814
-.0086364746
.0086822510
.0106964111
-.0083465576
.0089874268
.0074462891
.0075683594
-.0064697266
.0187530518
-.0091705322
.0106353760
.0067291260
.0059051514
-.0054321289
-.0072784424
.0066680908
-.0061645508
.0070800781
.0091705322
-.0114746094
-.0115966797
-.0115356445
-.0088195801
.0158081055
.0175476074
.0186462402
.0139312744
-.0108032227
.0103302002
-.0074615479
-.0177459717
.0055694580
.0050811768
-.0041656494
-.0028228760
-.0039062500
.0038299561
-.0027465820
.0037536621
.0158691406
.0175323486
-.0248870850
.0142364502
.0173797607
.0158386230
-.0176696777
.0281219482
.0178527832
.0150299072
-.0106811523
-.0199737549
.0252532959
-.0145416260
.0202331543
.0180816650
.0190734863
-.0101165771
-.0104827881
.0314636230
-.0152282715
-.0132904053
-.0109710693
.0091094971
.0055084229
.0051422119
.0051727295
.0082244873
.0071105957
.0157623291
-.0067901611
.0072021484
-.0064239502
-.0043334961
-.0084381104
.0158538818
-.0193176270
-.0168457031
-.0217742920
-.0177154541
.0275726318
.0270538330
.0175933838
-.0194702148
-.0167694092
.0195159912
.0293579102
-.0143890381
.0111694336
.0083770752
.0082855225
.0056762695
-.0039825439
-.0067901611
.0046844482
-.0134277344
.0156097412
-.0366668701
.0206756592
-.0142211914
-.0103454590
.0097808838
-.0110168457
.0140838623
.0191802979
.0119323730
.0140075684
.0117950439
.0184478760
.0129699707
.0086212158
.0097656250
.0074157715
-.0078887939
.0042114258
-.0049896240
.0051422119
.0043029785
.0034484863
-.0051727295
-.0064849854
-.0228576660
.0255432129
-.0311431885
.0371398926
.0249176025
-.0158996582
.0355224609
-.0235748291
-.0132293701
.0312957764
.0262603760
.0172882080
.0317382813
.0213775635
.0263824463
.0364837646
-.0322723389
-.0153350830
-.0104980469
-.0073394775
-.0055236816
-.0193939209
.0213623047
.0142822266
.0097045898
.0187683105
.0250396729
-.0160369873
-.0095062256
.0114898682
.0107269287
.0103759766
-.0155334473
.0098266602
-.0073547363
.0069580078
.0073852539
-.0057983398
-.0047149658
-.0136871338
.0096435547
.0114135742
.0103912354
.0103607178
-.0091705322
-.0075531006
.0073699951
.0057983398
-.0037536621
-.0056762695
.0104980469
-.0072784424
-.0111236572
-.0292358398
-.0235748291
.0268554688
-.0208129883
.0206604004
.0219116211
-.0124969482
-.0139007568
.0141143799
.0104980469
-.0115509033
.0170745850
.0131988525
-.0106201172
-.0101318359
.0109863281
-.0215606689
-.0200653076
-.0130767822
.0483551025
-.0937042236
-.0540161133
.0497131348
.0313415527
-.0243530273
-.0899963379
-.1365509033
-.0721740723
-.0586700439
-.0385894775
-.0353851318
-.0402374268
-.1069030762
.0919494629
.0809631348
.1936187744
-.1297760010
-.1731567383
-.2173309326
-.1758422852
-.1125030518
-.2898864746
-.3276367188
-.2807312012
-.2780761719
.1581573486
-.1391601563
-.0629730225
.1541442871
.2902221680
-.4199066162
-.4862365723
-.2985534668
.2510681152
-.1342468262
.0573577881
-.0525817871
.0255584717
-.0189361572
-.0128631592
.0107879639
-.0065612793
.0166931152
-.0089569092
.0135498047
-.1687774658
-.2435302734
.2178802490
-.2491455078
.1941223145
.1002655029
.0505065918
.0439910889
.0285797119
.0628204346
.1187286377
.1136932373
.0683441162
.0356292725
.1158142090
.0788421631
.0479278564
-.0329895020
.1282196045
.1282043457
.0932006836
-.0921478271
-.0660247803
.0290527344
-.0247955322
.0182800293
.0107879639
.0055389404
.0061798096
-.0047912598
-.0066680908
-.0148468018
-.1542663574
.1047210693
-.1356506348
.0942993164
-.3089904785
-.2508850098
-.1790771484
-.1597137451
-.1455993652
-.2341308594
.1431274414
.1034393311
.0808258057
.0495910645
.0315093994
-.0864868164
.0716247559
.0613708496
.0519714355
-.0449218750
.0449371338
-.1045227051
.0927734375
-.0655822754
-.1622619629
.0946502686
-.0716857910
-.0446472168
-.0243225098
.0147094727
-.0101928711
.0103607178
.0347442627
-.1083526611
-.0306243896
.0293731689
.0231170654
-.0744323730
-.0409393311
.0241241455
-.0636749268
-.0503234863
-.0337982178
.1012878418
.0628509521
-.0641326904
.0710296631
-.0600585938
-.0371704102
.0262451172
-.0134277344
-.0104675293
-.0072021484
-.0046386719
-.0037841797
-.0034179688
.0040893555
.0039215088
-.0032653809
.0040283203
.0038452148
.0036315918
.0036315918
.0039215088
.0045166016
.0040740967
-.0046234131
-.0039062500
.0043487549
-.0047149658
-.0273895264
.0128021240
-.0089111328
.0096588135
-.0066986084
-.0123901367
-.0073089600
-.0074005127
-.0078277588
.0256805420
.0190277100
-.0179290771
.0101776123
.0085906982
.0110473633
.0085906982
.0078582764
.0079803467
.0063323975
-.0066833496
.0073699951
-.0064239502
-.0076751709
-.0123596191
.0162506104
-.0172882080
.0124664307
.0161132813
-.0176849365
-.0180358887
-.0131225586
-.0175170898
-.0151977539
-.0101623535
.0086669922
.0075988770
.0054931641
.0077514648
.0059967041
-.0046386719
.0053863525
.0038909912
.0129241943
.0102386475
.0176696777
.0115509033
.0155487061
.0106811523
-.0163116455
.0110015869
-.0100402832
-.0117645264
.0098724365
-.0101776123
-.0071258545
-.0067749023
-.0074920654
-.0076293945
-.0071105957
-.0057373047
-.0068969727
-.0051422119
-.0054321289
.0044403076
-.0061340332
-.0060119629
.0046539307
-.0089874268
.0051727295
.0041809082
.0053100586
.0086822510
.0080108643
.0168304443
.0102233887
.0078277588
.0083923340
.0066528320
-.0109558105
-.0152587891
-.0102844238
.0079803467
-.0076599121
-.0061950684
-.0053253174
-.0108032227
-.0074920654
-.0043487549
-.0064849854
.0072631836
.0053100586
.0057678223
.0058593750
.0073242188
.0052947998
-.0131988525
.0213623047
.0195465088
.0129394531
.0183715820
.0148468018
.0156555176
.0171203613
-.0097656250
-.0102386475
-.0103759766
-.0065155029
-.0187988281
-.0231018066
-.0114898682
.0124053955
.0209503174
.0082702637
-.0122528076
-.0073242188
.0056610107
-.0036163330
-.0040893555
.0043945313
-.0040283203
-.0055694580
-.0081024170
-.0085144043
.0069580078
.0053710938
.0106506348
-.0157165527
-.0093841553
.0068206787
.0084228516
-.0100708008
.0092773438
.0086669922
.0108795166
-.0092773438
.0134582520
-.0156097412
.0125427246
-.0160675049
-.0122833252
.0278625488
-.0226287842
-.0077667236
-.0154266357
.0075988770
-.0083465576
.0063629150
.0071716309
-.0085296631
.0072479248
.0089569092
.0112304688
.0106201172
.0058898926
-.0125732422
.0064849854
-.0054016113
-.0092773438
.0073394775
-.0050506592
-.0092315674
-.0063171387
-.0065460205
.0085449219
.0163421631
-.0126953125
-.0144195557
-.0076904297
-.0059356689
.0121154785
.0159301758
.0137176514
.0153350830
.0140228271
.0112152100
.0066986084
.0071411133
.0062561035
.0045623779
-.0040740967
.0059814453
-.0061340332
-.0043945313
-.0040588379
-.0034637451
-.0046844482
-.0065612793
-.0043640137
.0062713623
-.0068817139
.0200500488
.0136718750
.0118255615
-.0245208740
.0203247070
-.0134277344
.0113677979
-.0103759766
-.0094299316
-.0064544678
-.0085144043
.0092773438
-.0104522705
-.0090484619
-.0110931396
.0096588135
.0149688721
.0079650879
-.0117645264
-.0116424561
-.0074920654
.0047607422
.0052795410
.0199890137
-.0099334717
.0073852539
.0056152344
.0054473877
-.0063476563
-.0051116943
.0050964355
.0049896240
-.0053863525
.0048370361
.0040130615
-.0058288574
-.0049591064
-.0050048828
-.0034332275
-.0125885010
-.0165252686
-.0112915039
-.0072479248
.0171813965
.0092926025
.0249481201
-.0207519531
-.0551452637
-.0165863037
.0240936279
.0303955078
.0561065674
.0328674316
.0177307129
.0135650635
.0078277588
.0086975098
-.0061645508
.0046386719
-.0060424805
.0039825439
-.0038146973
-.0057373047
-.0048675537
-.0049896240
-.0039825439
-.0056915283
-.0039367676
-.0065155029
.0055541992
.0054779053
.0037841797
.0034332275
.0039062500
.0144195557
.0151824951
.0124053955
.0123443604
.0106964111
-.0150909424
-.0153503418
.0511932373
.0524902344
-.0371093750
-.0306396484
-.0399627686
.0202178955
-.0224609375
.0222167969
-.0397949219
.0373840332
-.0398254395
.0369110107
.0208892822
.0233917236
.0173339844
.0100555420
.0098266602
.0074310303
.0059509277
.0070343018
-.0056304932
-.0052795410
-.0055084229
-.0054626465
-.0051574707
-.0080108643
-.0055694580
-.0045776367
-.0042266846
-.0278778076
-.0234832764
-.0156555176
.0130462646
.0143737793
.0091705322
.0094757080
.0095367432
-.0119934082
-.0121917725
.0126800537
.0074310303
.0078125000
-.0058441162
-.0063018799
-.0051422119
-.0111236572
-.0107574463
.0079040527
-.0073394775
-.0075073242
-.0098724365
.0123748779
-.0127716064
-.0110931396
.0213928223
-.0755920410
.1244964600
-.1242523193
.1619415283
.1095428467
-.0931549072
.0471649170
-.0388793945
.1074981689
-.0758514404
-.1919403076
-.2510681152
.1296997070
-.1297607422
-.0634918213
-.1736755371
-.1707611084
.2939758301
.1482391357
-.1042633057
.1257781982
.0491027832
.0730133057
-.0873565674
-.0601348877
-.0651702881
-.0739898682
-.0826263428
-.0520629883
-.0363616943
-.0341644287
.0445404053
-.0560913086
.0661773682
-.0438079834
-.0919342041
-.2071990967
-.1639251709
.1453704834
.0610046387
.0789184570
-.0894165039
-.1361389160
-.2517547607
-.2585144043
.2621002197
.3116455078
.1622314453
.0785217285
-.1335296631
.2495574951
-.1888427734
.1772918701
.1125030518
.1812896729
.1086578369
.3138427734
.2788085938
.2268829346
.1298522949
-.0772705078
.0747070313
.2530822754
.2493286133
-.2134552002
-.0861968994
-.0505371094
-.0485076904
-.1504211426
-.1363525391
-.1857452393
-.1927032471
-.1770019531
-.1847381592
-.1934967041
-.1893310547
-.1845550537
-.2159576416
-.2054443359
-.1165008545
-.0606689453
.0542602539
.1222076416
.1578063965
.1486663818
-.1503295898
-.1727142334
.2256317139
.2356567383
.2347412109
.2430419922
.2445983887
.1065063477
.0679626465
.0499572754
-.2295837402
-.2938385010
.2753601074
.2802276611
-.2619018555
.1571655273
-.1244201660
-.1462249756
-.1611633301
-.2179107666
.2032775879
.1499938965
-.1355133057
.1879272461
-.2251739502
-.1771240234
-.2193450928
-.1456909180
.1819458008
-.1411743164
.1286010742
-.1444396973
.1665344238
.2270660400
.1992340088
-.1066741943
-.0984191895
.0790100098
-.1495056152
-.2154693604
-.2912597656
-.1881561279
.1739501953
.1636962891
-.1349639893
-.2542877197
.2289276123
.2017822266
-.1942138672
.2850036621
.2233581543
.2000885010
.1539306641
.1659393311
.1582641602
.2050628662
-.1588287354
.1781005859
.2066955566
.1666717529
.0980987549
-.0603790283
-.0491333008
.0340118408
.2231140137
.2426605225
-.1954956055
-.2169189453
-.1892547607
.1507873535
.1430358887
-.1458892822
-.1631622314
.1618499756
.1574401855
.1940155029
-.1965789795
-.2247467041
-.2514343262
-.1884002686
-.1631164551
.1738433838
.2092437744
-.2083129883
-.1836242676
-.1804809570
.1890258789
-.1876525879
.2217864990
-.1671905518
.2561187744
-.2487792969
.2178039551
.2256164551
-.2266082764
.2120361328
-.1819305420
-.1912231445
-.1927642822
.1126251221
-.0812530518
.0923919678
-.1986541748
-.2192535400
.1935729980
-.1497497559
.2412261963
.2696838379
.1599426270
.1768493652
-.2831115723
.2553710938
-.1911163330
-.1570434570
-.2234191895
.1889343262
-.1983489990
.1860961914
.2097778320
-.1579132080
.1493530273
.1636810303
.2322998047
.1989440918
-.2142181396
.2195434570
-.2663116455
-.2361450195
-.1789855957
-.1808166504
.1763305664
-.1844177246
-.1961669922
-.2148895264
.2084197998
-.2117767334
.2330474854
-.2361755371
.1979980469
.1334838867
.1603698730
.1758270264
.1980438232
.2010345459
-.1793975830
-.1910095215
-.2298431396
.2420806885
-.2271118164
-.2066192627
.2488250732
.1931610107
.2115936279
.1580505371
.1824035645
-.1955718994
.2304229736
.1676025391
.1523895264
.1344909668
-.1555633545
.0937652588
.0707550049
.0543212891
-.0387420654
.0399475098
.0232391357
.0217437744
-.0141754150
-.0066986084
-.0064239502
.0055541992
.0037689209
.0023345947
-.0013275146
.0010833740
.0010681152
-.0001831055
-.0001525879
-.0001373291
-.0001220703
-.0001525879
-.0001525879
-.0001373291
-.0001525879
-.0001373291
-.0001373291
-.0001373291
.1487884521
