-.0002136230
-.0002136230
.0002441406
-.0002136230
-.0001983643
.0001678467
-.0002136230
-.0002136230
-.0007476807
.0255584717
-.0355224609
-.0298614502
-.0262451172
-.0232238770
-.0218505859
-.0227966309
-.0285034180
-.0409393311
-.0412902832
-.0429992676
-.0335998535
-.0335998535
-.0347900391
-.0254516602
-.0261840820
-.0244140625
-.0226135254
-.0244140625
-.0218963623
-.0177001953
-.0181274414
-.0167846680
-.0219116211
-.0017089844
-.0004119873
.0001831055
-.0001525879
.0001068115
-.0001220703
-.0000762939
-.0000915527
-.0000915527
.0000915527
-.0449218750
-.0402221680
.0360717773
.0234375000
.0181274414
.0215148926
.0195465088
.0177001953
.0167846680
.0155029297
.0143737793
-.0152282715
-.0079650879
.0209960938
-.0281677246
.0309143066
.0244750977
-.0147705078
-.0257568359
.0170288086
-.0119323730
-.0036621094
.0003662109
.0002288818
.0001525879
.0270233154
-.0206451416
.0243225098
-.0100555420
-.0208740234
-.0269165039
-.0247344971
-.0181884766
.0193176270
-.0135498047
-.0141601563
-.0038299561
.0005798340
.0002746582
.0002593994
-.0001525879
.0166015625
-.0325012207
-.0331115723
-.0191955566
.0303802490
-.0322265625
-.0363464355
.0312500000
-.0089721680
.0030212402
.0053100586
.0041503906
.0046997070
-.0014190674
.0202331543
.0144348145
.0107727051
.0039520264
-.0061645508
-.0007629395
.0002746582
-.0001831055
.0001373291
.0004272461
.0029907227
-.0003356934
-.0002593994
.0001831055
.0001525879
.0099945068
.0681457520
.0959472656
.1188964844
.1188201904
.0731201172
.0675659180
.0430145264
.0360412598
.0025024414
.0022583008
-.0017395020
-.0012664795
-.0019531250
-.0010528564
-.0003662109
-.0001831055
-.0001525879
-.0001220703
.0001220703
-.0001525879
.0001068115
-.0001525879
.0001220703
-.0001373291
-.0001525879
.0001220703
-.0001525879
.0001220703
.0001220703
-.0001831055
.0001831055
-.0001525879
.0001831055
-.0001831055
-.0001373291
.0001525879
-.0001220703
-.0001373291
.0001068115
.0001068115
.0191345215
.0458679199
-.0448608398
-.0201721191
-.0112762451
-.0142517090
-.0523681641
-.0795593262
-.0554046631
-.0335388184
-.0216827393
-.0133209229
-.0107727051
.0058288574
-.0028686523
-.0018310547
-.0002441406
.0036010742
.0082397461
-.0164031982
-.0178527832
-.0350646973
-.0423278809
-.0474548340
-.0513000488
-.0675659180
-.0521240234
-.0528411865
-.0474853516
-.0426940918
-.0251770020
-.0177001953
-.0193939209
-.0165710449
-.0219726563
-.0158691406
.0053100586
-.0007629395
.0003051758
.0003967285
-.0002288818
.0128936768
.0231933594
-.0320129395
-.0356903076
-.0439605713
-.0245361328
.0155334473
.0016784668
.0016174316
-.0002746582
-.0002288818
.0001525879
.0126037598
.0548095703
.0487670898
.0387878418
.0254974365
-.0245056152
-.0200195313
-.0172271729
-.0159912109
-.0200500488
-.0267333984
-.0453796387
-.0594482422
-.0668945313
-.0251922607
-.0221557617
-.0216369629
-.0201721191
.0234527588
-.0502014160
-.0266113281
.0093383789
.0061950684
.0128936768
.0285339355
.0253906250
.0086975098
.0005645752
-.0003051758
-.0007629395
-.0039825439
.0013732910
-.0140075684
.0154113770
-.0151672363
-.0279846191
-.0374145508
-.0369720459
-.0312500000
-.0131988525
.0123901367
-.0092926025
-.0004577637
-.0001983643
-.0001220703
.0001220703
.0098571777
-.0228576660
-.0260925293
-.0249481201
.0151214600
.0204010010
.0242919922
-.0214233398
.0051574707
.0043945313
-.0043945313
-.0038757324
-.0022735596
-.0010986328
-.0120544434
-.0114898682
-.0046691895
-.0004577637
-.0002746582
-.0002136230
-.0002746582
.0017395020
-.0002746582
.0001983643
.0001831055
.0002441406
-.0629577637
.1293640137
.1335449219
.0843505859
.0709228516
.0431213379
.0239257813
-.0030517578
.0015563965
.0007629395
-.0004425049
.0002441406
-.0001220703
.0002746582
-.0002136230
-.0003814697
.0002746582
-.0003662109
.0003662109
-.0003051758
-.0002136230
-.0003356934
.0003662109
-.0002746582
-.0003051758
.0003967285
-.0003051758
-.0002899170
.0003051758
.0003051758
.0002441406
-.0002746582
-.0003051758
.0002136230
-.0001983643
-.0002136230
.0001831055
.0000915527
-.0001220703
.0001983643
.0001220703
-.0001068115
.0001068115
-.0176391602
.0204162598
.0152282715
-.0053710938
.0015869141
-.0002441406
-.0001678467
.0020141602
.0187072754
.0215759277
-.0115051270
-.0098876953
-.0068664551
-.0472106934
.0718994141
.0868835449
.0759277344
-.0729064941
-.1177062988
.0424652100
-.0461425781
.0436248779
.0392150879
.0339660645
-.0271453857
.0267333984
.0266265869
.0232086182
.0361938477
.0342712402
.0351257324
-.0500488281
-.0832214355
-.0635986328
-.0425720215
-.0178070068
.0020751953
.0005798340
-.0002441406
-.0001220703
.0000915527
-.0000915527
.0071563721
-.0223999023
.0146789551
-.0101318359
-.0087585449
-.0086822510
-.0122070313
-.0143432617
-.0054931641
-.0052185059
-.0050048828
-.0078125000
-.0086364746
-.0052795410
.0058135986
-.0080261230
-.0101928711
.0083923340
.0101928711
-.0677795410
.0805053711
.0699768066
-.0902252197
.0255126953
-.0139465332
-.0084533691
-.0018005371
.0007629395
.0008239746
.0004577637
-.0001220703
-.0001220703
.0001220703
-.0001525879
.0001220703
-.0000762939
.0001525879
-.0000915527
-.0001373291
-.0001220703
-.0001525879
.0001220703
-.0001220703
.0001373291
-.0001983643
.0001525879
.0001373291
-.0001983643
.0001525879
-.0001831055
-.0001831055
.0001678467
.0001525879
-.0001831055
.0001220703
-.0001678467
.0001220703
-.0001220703
-.0001220703
.0001220703
.0001220703
-.0001220703
.0001831055
.0002136230
-.0001525879
-.0001831055
-.0001525879
.0010528564
.0001220703
-.0000915527
.0001525879
-.0001220703
-.0001068115
-.0001831055
-.0032043457
.0031280518
-.0048522949
-.0077209473
-.0093383789
-.0089721680
-.0106201172
.0097656250
.0087890625
.0108337402
.0084381104
.0155944824
.0225830078
-.0292968750
-.0187377930
-.0141448975
-.0162811279
.0188903809
.0006561279
-.0003814697
-.0002136230
.0002746582
.0552673340
.0129699707
-.0091552734
.0105743408
.0086212158
-.0112152100
-.0113220215
-.0134582520
-.0143432617
.0175781250
.0109405518
.0090637207
-.0030212402
.0019531250
.0017395020
-.0012969971
-.0044403076
-.0071411133
-.0072631836
-.0051269531
-.0041198730
-.0010986328
-.0008544922
.0005493164
-.0005493164
.0004577637
-.0003051758
-.0002136230
-.0001831055
.0062103271
.0048828125
.0194702148
-.0137634277
-.0065307617
.0083007813
-.0005035400
.0002136230
-.0001831055
-.0001525879
-.0001983643
-.0001831055
.0001678467
.0003814697
.0087738037
.0049438477
.0096130371
.0017700195
.0003051758
.0005798340
-.0002899170
.0109558105
.0109252930
-.0117797852
-.0089111328
-.0073242188
-.0063476563
.0012969971
.0010986328
.0015258789
.0006408691
-.0001525879
-.0001525879
-.0001525879
.0001220703
-.0001525879
.0079498291
.0036010742
.0053710938
.0010375977
-.0011444092
.0032348633
-.0051879883
.0114288330
-.0098266602
.0088195801
.0058593750
-.0032653809
.0008239746
-.0001525879
.0001525879
.0001220703
-.0001678467
-.0001678467
.0001831055
-.0001525879
-.0001525879
.0001983643
-.0002136230
-.0002136230
.0002136230
.0003967285
.0005493164
.0005798340
-.0007019043
-.0006408691
-.0010375977
.0010528564
.0010528564
-.0012207031
-.0011596680
-.0013122559
-.0019836426
.0013427734
.0010986328
-.0009765625
-.0004882813
.0002746582
-.0001525879
.0004577637
-.0018768311
-.0074768066
.0196838379
.0178222656
-.0120086670
-.0088958740
-.0068054199
.0090026855
.0067291260
-.0056762695
.0070037842
.0004577637
-.0001220703
-.0004577637
.0136413574
.0031738281
.0032958984
-.0088500977
-.0029907227
-.0015869141
.0011901855
-.0015258789
.0003967285
.0004577637
.0004425049
.0073547363
-.0056152344
.0099182129
.0074462891
-.0039825439
.0027465820
-.0025177002
.0015563965
.0018920898
.0024414063
.0036621094
-.0034484863
.0051879883
.0036163330
.0006103516
.0001220703
.0001220703
.0001220703
-.0022888184
-.0041198730
-.0114440918
-.0072174072
.0081481934
-.0204772949
-.0104675293
.0072631836
-.0009002686
-.0002136230
-.0001678467
.0070800781
.0032806396
-.0018005371
-.0022583008
.0065155029
-.0051116943
.0065307617
.0035705566
-.0012207031
-.0009155273
.0007934570
.0015258789
-.0024414063
.0020446777
-.0026550293
-.0025024414
.0023803711
-.0014495850
.0009765625
.0037078857
.0019226074
.0021514893
-.0020751953
.0025939941
.0023498535
.0028991699
.0017395020
.0025329590
-.0124816895
.0108184814
.0075225830
.0021057129
-.0003051758
.0015411377
.0012207031
.0026245117
.0029907227
.0025939941
-.0051574707
.0064697266
-.0068054199
.0056457520
-.0020446777
.0012512207
-.0001220703
-.0001525879
.0011444092
-.0007171631
.0020141602
.0019378662
.0039062500
.0090637207
.0025634766
-.0031127930
.0035552979
-.0046997070
.0108337402
.0133666992
.0162658691
-.0181579590
-.0105590820
-.0117187500
.0075988770
-.0066986084
-.0043640137
.0041351318
-.0019531250
.0007324219
-.0002746582
.0006866455
-.0046997070
.0057983398
.0023193359
-.0030059814
.0078430176
-.0094604492
.0098571777
.0011901855
.0002441406
-.0001831055
.0102844238
-.0035705566
.0035705566
.0037231445
.0032653809
-.0013732910
-.0001525879
-.0001525879
-.0001525879
.0034484863
.0025024414
-.0028686523
-.0003967285
-.0001831055
-.0001525879
.0056457520
-.0025634766
.0034332275
.0018310547
-.0015258789
.0002899170
-.0002288818
.0002441406
.0002136230
-.0002136230
.0003051758
.0065612793
.0019836426
-.0020141602
-.0018310547
.0007781982
.0003204346
.0002746582
.0002136230
.0002136230
-.0002136230
-.0002746582
.0003662109
-.0003967285
.0004882813
.0005950928
.0007629395
.0006408691
-.0012054443
-.0010070801
.0007629395
-.0008697510
-.0008087158
.0008239746
.0007171631
-.0010986328
-.0007171631
.0009002686
.0007019043
.0007934570
.0010070801
-.0010070801
-.0010070801
-.0010986328
-.0010681152
.0014953613
-.0028686523
.0018920898
.0017395020
-.0013732910
.0013427734
-.0017089844
-.0013122559
-.0009765625
-.0009460449
.0002746582
.0006103516
-.0002593994
-.0002441406
-.0002441406
-.0002441406
.0003967285
.0001831055
.0008239746
-.0289459229
-.0643310547
-.1023864746
-.1136474609
-.1090850830
-.1029357910
-.0967559814
-.1058197021
-.1025695801
-.1010284424
-.1025085449
-.0905456543
-.0870971680
-.1031188965
-.0898590088
-.0905151367
-.0878601074
-.0843811035
-.0896453857
-.0932312012
-.0820465088
-.0530090332
.0509338379
.0421600342
.0439147949
.0352783203
.0304260254
.0305633545
.0179595947
.0182952881
.0141906738
-.0108489990
-.0104675293
-.0082397461
-.0009765625
.0004882813
-.0003051758
.0002136230
-.0002136230
.0002441406
-.0002136230
-.0002288818
-.0734252930
-.0751495361
-.1199798584
-.1171264648
-.1129150391
-.1056518555
-.0915374756
-.0813903809
-.0912475586
-.0964660645
-.0573730469
-.0459289551
-.0570373535
-.0585021973
-.0575256348
-.0568389893
-.0577697754
-.0486145020
-.0417785645
.0461425781
.0503540039
-.0628356934
-.0696563721
-.0684509277
-.0724639893
-.0763854980
.0647277832
.0464477539
.0464324951
.0358581543
.0294189453
.0278778076
.0264282227
.0233764648
.0204772949
.0134582520
-.0058441162
.0040740967
-.0028381348
-.0021362305
-.0003662109
.0003051758
.0002593994
-.0003356934
-.0003967285
-.0005798340
.0004882813
.0005187988
-.0006408691
.0005493164
-.0003356934
-.0002288818
-.0001373291
-.0003051758
.0001373291
-.0043640137
.0009155273
.0072784424
-.0555725098
-.0807800293
-.1640319824
-.0823822021
.0241088867
.0022277832
.0011291504
-.0002441406
-.0000915527
-.0001525879
.0154724121
-.1566772461
-.1943969727
-.1542053223
.1393127441
.1528472900
.1614074707
.1757354736
.1806030273
.1912536621
.2308349609
.2178649902
.1621704102
.1370239258
.0904693604
-.0593109131
.0282592773
-.0236206055
.0287170410
.0317382813
.0253906250
.0187072754
-.0210266113
.0268707275
.0236663818
.0252380371
.0207519531
-.0157318115
-.0058135986
-.0914764404
.0794067383
.0782165527
.0634613037
.0714416504
.0825805664
.0855407715
.0846252441
.0895690918
.1030273438
.1062774658
.1021118164
.0751342773
.0339965820
-.0111999512
.0054626465
-.0017089844
.0001678467
-.0373229980
-.1339721680
.1220245361
.1654357910
.1879272461
.2181396484
.1788940430
.1161499023
.0290222168
.0134887695
-.0108947754
.0182037354
-.0019683838
-.0003051758
-.0002136230
.0001831055
.0001220703
-.0001220703
.0001373291
.0001220703
.0001373291
-.0001220703
-.0110778809
-.0204772949
.0232543945
.0307312012
.0151062012
.0108642578
.0104675293
-.0045013428
.0021057129
-.0007324219
.0002441406
-.0002136230
.0002136230
.0002136230
-.0003662109
-.0001831055
-.0001831055
-.0001831055
-.0001525879
.0001983643
.0001678467
-.0001220703
-.0001678467
-.0001831055
.0001525879
.0000915527
.0001525879
-.0001220703
-.0000610352
-.0000915527
-.0000915527
-.0000915527
-.0000762939
-.0000610352
-.0000610352
-.0000610352
-.0000610352
-.0000457764
-.0000305176
-.0000305176
