-.0001068115
-.0001068115
-.0000915527
-.0000915527
-.0001068115
-.0006866455
.0004882813
.0006713867
-.0005493164
.0014343262
-.0012817383
.0013275146
-.0008850098
.0021820068
.0041351318
-.0022125244
-.0020599365
.0015869141
.0022277832
.0016174316
.0016479492
.0014801025
.0015106201
-.0010833740
-.0011138916
-.0161437988
.0147247314
-.0111236572
.0111541748
.0297241211
-.0343627930
.0487365723
.0587768555
.0418395996
-.0272216797
.0109405518
-.0085754395
.0064544678
.0057830811
-.0032348633
.0028381348
.0019378662
-.0034179688
.0708007813
.0272827148
.0338897705
-.0289001465
-.0299530029
.0202178955
.0354461670
.0344238281
.0188293457
.0229339600
-.0316314697
-.0136413574
-.0155639648
.0077819824
-.0074768066
.0042877197
.0052032471
.0057220459
.0031890869
.0029754639
-.0018463135
-.0023803711
.0018768311
-.0020141602
-.0015563965
-.0923919678
.0403594971
.0326385498
.0642089844
.0432128906
-.0541992188
-.0212860107
.1010131836
.0600585938
-.0340270996
.0253601074
.0835113525
-.1312713623
.0618438721
.0283508301
.0200653076
.0329284668
.0826721191
-.1320800781
.0572204590
-.0485076904
-.0368194580
-.0654449463
-.1353912354
.1144409180
.1356506348
-.1588592529
.1358795166
.1570587158
.1583251953
-.0853271484
-.0513458252
-.0388488770
-.0408172607
.0669555664
-.1625671387
-.1926422119
.0497589111
.0564270020
.1401977539
.1095275879
-.0778503418
.0372161865
.0621032715
.1105041504
.0903320313
-.0674285889
.0840606689
-.0748291016
.0849609375
.0792236328
-.0354156494
-.0211029053
-.0189056396
.0133056641
-.1105194092
-.1041107178
.0399017334
.0431518555
-.1111297607
-.1083984375
-.0957183838
.0653381348
-.0365753174
-.0203857422
-.0131378174
-.0083160400
-.0071105957
.0040130615
-.0025634766
.0028533936
-.0019683838
-.0024719238
.0075225830
-.0019531250
.0066223145
-.0085449219
.0020751953
.0021667480
-.0016784668
.0019531250
.0093841553
-.0018920898
.0012664795
.0018157959
-.0016632080
-.0015869141
-.0017700195
.0014495850
-.0011138916
-.0014495850
.0027008057
.0020294189
.0015411377
.0012207031
-.0019989014
.0021362305
.0030212402
.0029296875
.0014953613
-.0276641846
-.1369171143
-.0020904541
-.0023345947
-.0012512207
-.0022583008
-.0019531250
.0021820068
.0018463135
-.0013885498
.0015869141
.0019073486
.0014648438
.0015869141
-.0011138916
-.0008850098
.0023498535
.0083923340
.0085296631
.0100860596
-.1474761963
-.0028381348
-.0020599365
-.0018310547
-.0016632080
.0013122559
.0023956299
.0009918213
-.0020141602
.0013275146
.0013275146
.0014495850
.0020141602
.0020446777
-.0022583008
.0019683838
-.0043945313
-.0105438232
-.1411895752
.0031738281
-.0011901855
.0019683838
.0033569336
.0017395020
-.0010986328
-.0013580322
-.0019073486
-.0012969971
-.0014953613
.0011444092
-.0010375977
.0021209717
-.0026550293
-.0021057129
.0019378662
.0208740234
-.1172637939
-.0023345947
.0011749268
.0022125244
.0022125244
.0015258789
.0023498535
.0022735596
-.0294342041
-.0529327393
-.0532684326
.0443878174
-.0340423584
-.0527191162
-.0697479248
-.0824737549
-.0819702148
-.0918731689
-.0732574463
-.0993652344
-.1125488281
.0581054688
.0279846191
.0435180664
-.0244293213
.0357666016
.0457305908
.0415802002
.0780181885
.0428771973
-.0161590576
-.0106201172
.0416717529
.0277862549
-.0170135498
-.0559997559
-.0746765137
-.0539703369
.0460815430
-.0239562988
-.0639038086
-.0619659424
.0601348877
.0259246826
.0066375732
.0069274902
.0049743652
.0056915283
.0031890869
-.0032958984
-.0024566650
-.0016632080
-.0022125244
-.0018310547
-.0018157959
.0010223389
-.0101013184
-.0343933105
.0299377441
.0412597656
.0221405029
.0254364014
.0134124756
-.0103759766
-.0064392090
.0213470459
.0293579102
.0684814453
.1632843018
.1015319824
-.0715789795
.0356445313
-.0187683105
.0130462646
.0079498291
-.0087585449
-.0077209473
.0033416748
.0029296875
-.0018157959
.0020446777
-.0017089844
-.0017852783
.0014953613
-.0011749268
-.0013122559
-.0009307861
.0012054443
.0010681152
-.0013580322
.0013427734
-.0018463135
-.0017852783
-.0007476807
-.0014953613
-.0014953613
.0032806396
.0024261475
.0014801025
-.0010528564
.0012664795
.0010528564
.0014495850
-.0013580322
.0013275146
-.0016479492
.0022125244
.0024566650
.0014038086
.0010986328
-.0009002686
-.0024719238
-.0014343262
-.0019378662
.0017089844
-.0020751953
.0016326904
.0011138916
-.0020141602
.0010223389
-.0018005371
-.0015106201
.0010070801
-.0015869141
.0012359619
.0019683838
.0011596680
.0070648193
.0073242188
-.0113220215
-.0121612549
-.0202026367
-.0307159424
-.0227508545
-.0211486816
-.0310516357
-.0325927734
-.0193786621
.0220794678
-.0226898193
.0244445801
-.0262298584
-.0223236084
-.0236358643
.0260009766
-.0250244141
-.0280914307
.0318145752
.0311279297
.0198364258
.0309143066
.0389556885
.0391998291
-.0260925293
-.0325012207
-.0269775391
-.0313873291
-.0282287598
.0399169922
-.0330200195
-.0300292969
.0311126709
.0281066895
-.0370483398
-.0435791016
.0366210938
.0506591797
.1393127441
.1016235352
-.0391235352
-.0386962891
-.1022033691
-.0583648682
-.0465393066
.0274505615
-.0223693848
.0302124023
.0421600342
.0420074463
.0431213379
.0485382080
-.0516662598
.0527038574
-.0399627686
-.0376586914
.0347900391
.0266571045
.0222320557
.0354309082
-.0236663818
-.0264892578
-.0234375000
-.0257720947
.0266571045
-.0135345459
.0307159424
.0386657715
-.0379028320
.0420532227
-.0234680176
-.0227813721
-.0266418457
-.0688476563
-.0426788330
-.0267181396
-.0441894531
-.0401458740
-.0450592041
.0207214355
-.0187072754
.0292358398
.0306396484
.0277099609
-.0220489502
-.0200347900
-.0172119141
-.0302581787
.0269622803
-.0317535400
-.0300140381
-.0254211426
-.0133972168
.0559082031
-.0328979492
-.0407257080
.0233459473
-.0135955811
.0155639648
.0240783691
-.0417938232
.0367736816
-.0304412842
-.0277557373
-.0179595947
-.0182189941
.0228729248
-.0348510742
-.0187225342
-.0235900879
.0304565430
-.0188751221
-.0193481445
.0316467285
.0722808838
.0459136963
-.0460968018
-.0546569824
.0618438721
.0355682373
.0235748291
.0228118896
.0329742432
.0451049805
-.0395965576
-.0300598145
-.0297851563
.0258026123
.0393066406
-.0394744873
.0463256836
.0368499756
.0410766602
.0653991699
.1015472412
.1209716797
-.0954437256
-.0639038086
-.0250396729
.0302429199
.0332641602
.0195922852
.0221710205
.0168457031
-.0146179199
-.0137176514
-.0142059326
-.0118865967
-.0229492188
.0102386475
.0171966553
.0159606934
.0182952881
.0160675049
.0329895020
-.0197601318
-.0436553955
-.0348052979
.0784759521
.0791168213
.0411224365
.0287628174
.0844726563
-.0571746826
-.1238250732
-.0738067627
.0711975098
-.0495147705
.0471801758
.0528717041
-.0287780762
-.0312805176
-.0166168213
-.0121002197
.0759887695
-.0961303711
-.0791168213
-.0466918945
-.0166778564
-.0178222656
-.0093536377
-.0074615479
-.0064544678
.0073242188
.0056457520
.0055084229
.0046081543
.0045928955
-.0059509277
-.0055084229
-.0075225830
-.0099945068
.0489349365
.0097503662
.0109252930
.0122222900
.0118408203
.0119018555
-.0140228271
.0678558350
-.0159301758
.0144348145
.0162048340
.0152130127
.0140075684
-.0144195557
-.0164184570
-.0142974854
-.0161743164
.0133056641
.0131683350
.0137023926
-.0122528076
-.0120849609
-.0129089355
-.0109252930
.0096893311
-.0100250244
.0099639893
.0090484619
-.0079193115
-.0087280273
-.0086059570
-.0075836182
.0077819824
.0083618164
.0086059570
.0069274902
-.0064392090
-.0061950684
-.0057678223
-.0056152344
.0038299561
.0031585693
.0069274902
.0091400146
.0075531006
.0064086914
-.0073089600
-.0090789795
-.0093078613
-.0087280273
-.0101623535
.0105133057
.0117645264
.0131683350
.0127410889
-.0132446289
-.0190582275
-.0563507080
-.0938415527
.0617065430
.0463867188
.0393524170
-.0190734863
-.0201873779
-.0384063721
.0532989502
.0693817139
-.0590209961
-.0604095459
-.0328521729
-.0521240234
-.0762786865
-.0553436279
-.0441894531
.0422363281
.0345611572
.0396423340
.0448455811
.0545196533
-.0300750732
-.0453491211
-.0500793457
-.0606231689
-.0410156250
-.0469665527
-.0388488770
-.0374603271
-.0051116943
-.0185546875
.0159759521
.0228118896
.0139923096
.0138244629
.0125579834
.0146026611
.0147857666
.0138702393
.0236053467
.0379791260
.0240325928
-.0115203857
-.0223541260
-.0243530273
-.0185852051
-.0143280029
-.0130310059
.0121002197
.0154876709
.0124664307
.0085449219
-.0096282959
-.0136718750
-.0116882324
-.0101470947
-.0128326416
-.0049896240
-.0040893555
.0046691895
.0055694580
.0040588379
.0088806152
.0041503906
.0055541992
.0048370361
-.0048828125
-.0050811768
-.0070800781
-.0043640137
.0043334961
.0095825195
.0175170898
.0117950439
.0149078369
-.0079803467
-.0056304932
.0039672852
-.0045318604
.0029144287
-.0054016113
-.0039215088
-.0138092041
-.0210876465
.0227508545
.0245819092
-.0419158936
.0453338623
.0488128662
.0450439453
.0379333496
-.0249938965
.0153656006
.0115661621
.0095672607
-.0029296875
.0036621094
-.0030975342
-.0025482178
-.0082092285
.0170440674
-.0214233398
.0175323486
-.0305786133
.0084991455
.0062103271
.0080871582
.0077667236
-.0209350586
.0052947998
-.0082092285
.0276794434
.0374603271
.1062927246
.1432800293
.1012573242
-.0303192139
.0193786621
.0101165771
-.0074005127
-.0143432617
-.0182952881
-.0059051514
.0028381348
.0035247803
.0032806396
.0019683838
.0171966553
.0304260254
-.0119628906
.0404663086
.0459442139
-.0119323730
.0088958740
.0103912354
.0240783691
.0562438965
.0285797119
.0309906006
-.0069274902
-.0055847168
.0294342041
.0359191895
.0344390869
.0233459473
-.0229339600
.0414886475
-.0305328369
-.0186004639
-.0103149414
.0082702637
.0082397461
-.0059814453
.0302734375
.0265655518
.0214080811
.0225677490
-.0273742676
.0277404785
-.0502166748
.0729522705
.0585632324
.0358581543
.0103912354
-.0075378418
-.0090179443
.0352935791
-.0150299072
-.0066986084
-.0033874512
-.0035095215
-.0022277832
.0017089844
-.0017089844
-.0014953613
-.0016021729
.0011596680
-.0013580322
-.0011291504
.0025024414
.0024871826
-.0023651123
-.0014953613
.0021514893
.0026855469
.0024261475
.0017547607
.0020141602
-.0019683838
-.0014648438
-.0014038086
-.0017089844
-.0013122559
-.0053710938
-.0187072754
.0328521729
.0387115479
.1072387695
.1212310791
-.0448760986
.0371398926
.0867156982
.0974578857
.1480712891
.1490783691
.1186065674
.0933990479
.0886993408
.0335693359
.0213775635
-.0360717773
.0473480225
-.0162963867
-.0149383545
.0068206787
-.0067596436
.0148925781
-.0097045898
-.0065765381
-.0030975342
.0017089844
-.0015258789
.0017395020
.0013427734
.0015411377
.0021362305
.0016326904
-.0011596680
-.0012817383
-.0014953613
.0011596680
-.0016021729
.0016937256
-.0211944580
.0761413574
.0400543213
-.0214233398
-.0109100342
.0263214111
-.1299133301
-.0899963379
-.0832672119
-.0267486572
-.0220489502
.0055694580
.0068511963
.0053405762
.0050659180
-.0029602051
-.0020904541
.0102081299
.0074768066
.0146179199
-.0098876953
.0494995117
-.0303497314
.0218353271
.0421447754
-.0241546631
.0163574219
-.0227355957
.0217285156
.0160217285
.0130004883
.0116424561
.0075988770
.0059967041
-.0066986084
-.0059967041
.0065917969
-.0092010498
.0081787109
.0181884766
.0131072998
.0126495361
.0151367188
-.0067596436
-.0074615479
.0040588379
.0028839111
.0062866211
-.0065612793
.0074768066
-.0069427490
.0069427490
-.0049133301
.0035705566
-.0019989014
.0046386719
.0034637451
.0149688721
.0176086426
-.0191345215
.0170440674
.0313873291
.0680694580
-.0701293945
.0360870361
-.0190277100
-.0133819580
-.0106658936
.0069274902
.0569763184
.0785827637
.0483093262
.0221252441
.0085906982
.0096740723
.0040740967
-.0184478760
.0117034912
.0070953369
-.0046844482
-.0021972656
-.0022125244
-.0013122559
.0014038086
-.0024414063
-.0015258789
.0125122070
.0039825439
.0037689209
.0028228760
.0336761475
.0100250244
.0115509033
.0025024414
.0020141602
.0017242432
.0016632080
.0033416748
.0082244873
-.0079040527
.0070648193
-.0025329590
.0439147949
-.0235443115
.0054168701
-.0028533936
-.0017547607
-.0030822754
.0183868408
.0156555176
.0079650879
-.0135650635
-.0112304688
.0036010742
.0027618408
-.0040435791
.0042877197
.0025482178
.0098571777
.0093994141
-.0101165771
-.0110015869
.0115051270
-.0113983154
-.0052947998
-.0033721924
.0021362305
-.0046081543
-.0018005371
.0015411377
.0033721924
-.0015106201
-.0015869141
.0013122559
-.0014343262
.0019683838
.0065155029
.0067596436
.0056762695
-.0049743652
-.0033111572
.0014343262
-.0015258789
.0057830811
-.0037841797
.0019989014
.0011138916
.0009155273
-.0010681152
-.0011138916
-.0017395020
-.0023651123
-.0010681152
.0013885498
.0013732910
.0016326904
.0016937256
.0020446777
.0009613037
-.0002136230
.0001220703
.0001525879
-.0001068115
-.0001068115
-.0001373291
