-.0004425049
.0003814697
.0005035400
.0016937256
-.0005645752
.0004119873
-.0004577637
.0006103516
.0004119873
-.0003967285
-.0007019043
-.0090026855
.0290832520
-.0556945801
.0825042725
.0683441162
.0596771240
.0869140625
.0935974121
.1177825928
.1107177734
-.0534515381
-.0111541748
.0055084229
.0020599365
-.0223541260
.0781860352
.0844268799
.1269989014
.1340484619
-.1235198975
.1191864014
.0660247803
-.0184326172
.0060577393
-.0027618408
.0672302246
.0426330566
-.0361938477
-.0206146240
-.0098724365
-.0092773438
.0263061523
.0475311279
-.0448455811
.1479797363
.1680297852
.1612396240
.0855560303
-.0531463623
-.0081939697
-.0051422119
-.0224151611
.1117095947
.1167144775
.0668182373
-.0467071533
.0513000488
.0755310059
.0974426270
-.0619049072
.0932312012
.0763397217
-.0505218506
.0638122559
-.0386199951
-.0441894531
.0583801270
-.0421142578
.0939025879
-.0872344971
.1511688232
.1011810303
.1093902588
.1352233887
.1208496094
.0851898193
.0785827637
-.1001434326
.1021881104
.1191101074
.0608520508
-.0167388916
-.0100250244
.0071563721
.0015106201
.0015411377
-.0012664795
-.0009002686
.0014190674
.0012664795
-.0010375977
.0033111572
-.0017852783
-.0037078857
-.0052490234
.0284576416
.0561828613
-.0494384766
-.0470886230
.0597839355
-.0612335205
-.0628814697
-.0633850098
-.0555419922
.0724182129
.0719451904
.0475158691
.0591735840
.0698394775
-.0571289063
-.0039825439
-.0039215088
.0216064453
-.0310058594
.0732421875
.0761718750
.0185241699
-.1239624023
-.1473999023
-.0720672607
.1281890869
.1331634521
.0802459717
.0246887207
.0079040527
.0044097900
-.0034790039
.0333251953
.0599365234
.0129852295
-.0107727051
-.0085449219
.0568389893
.0613708496
.1140441895
-.0864410400
-.0666503906
.0127258301
-.0057373047
-.0042572021
-.0014801025
-.0296936035
-.0133972168
-.0249786377
.0762634277
.0305023193
-.0064392090
-.0022888184
-.0197143555
-.0454254150
-.0882873535
-.0685729980
-.0405120850
-.0029754639
.0009765625
.0008850098
.0080261230
-.0598144531
.1044921875
.1108551025
-.0862579346
.1297302246
.1078338623
-.0269317627
-.0177001953
.0608520508
.0278778076
-.0138092041
-.0028076172
.0013122559
.0010223389
.0493774414
.1010742188
.0635528564
-.0676727295
-.0098266602
.0798492432
-.0201721191
-.0156402588
.0322723389
-.0384979248
-.0464630127
-.0315399170
-.0231628418
-.0156402588
.0759429932
.1115417480
-.0874481201
.0456237793
.1244201660
.0772705078
-.0200042725
-.0978698730
-.0870361328
-.0768432617
.0204010010
-.0037841797
-.0047912598
-.0016326904
.0426025391
.0112457275
.0690765381
-.0633087158
.0564270020
-.0188751221
-.0066375732
-.0023803711
.0017242432
-.0009765625
-.0006103516
-.0008392334
-.0006866455
.0008087158
-.0011596680
.0012969971
.0011138916
.0011901855
-.0011138916
-.0009002686
-.0019836426
.0009918213
.0010375977
.0009460449
.0008850098
-.0010223389
.0008544922
-.0009765625
-.0008392334
-.0007934570
.0005645752
-.0004730225
-.0004425049
-.0004119873
-.0002746582
-.0004425049
.0009307861
-.0006408691
-.0006713867
.0005950928
.0008850098
-.0006561279
-.0007324219
-.0007476807
-.0006103516
.0007476807
.0005950928
-.0007476807
-.0009613037
.0007019043
-.0003051758
.0005340576
.0006103516
.0003967285
-.0005493164
.0129699707
-.0127868652
.0223388672
-.0097351074
.0059356689
.0063476563
.0218353271
-.0235290527
-.0191955566
.0191345215
-.0046081543
.0009918213
.0120391846
.0080413818
-.0151824951
.0214996338
-.0169830322
.0283966064
.0295562744
.0214691162
.0311889648
.0306396484
-.0238952637
-.0076751709
.0101318359
-.0060729980
.0066223145
.0049743652
-.0071105957
.0081634521
.0140533447
-.0140380859
-.0100708008
-.0128326416
-.0151824951
-.0142364502
-.0158081055
-.0137634277
.0143127441
.0187683105
.0185394287
.0264892578
.0213928223
-.0128479004
-.0076446533
-.0011444092
-.0009002686
.0035552979
.0100555420
.0192565918
-.0236206055
.0040893555
-.0014801025
.0007781982
-.0005493164
.0189361572
.0195159912
.0147094727
.0162658691
.0204010010
-.0225830078
.0154418945
.0076904297
-.0047454834
.0011444092
.0005187988
-.0005187988
-.0005340576
-.0005493164
.0007476807
-.0005493164
.0005493164
.0004882813
-.0004425049
.0005493164
-.0005340576
-.0005187988
.0005035400
-.0017852783
.0005798340
-.0004119873
.0005493164
-.0005340576
.0006103516
-.0006561279
.0004882813
-.0006408691
.0007019043
-.0010223389
.0009460449
-.0006866455
-.0005645752
.0005493164
-.0008087158
.0109100342
.0152435303
-.0139465332
-.0233764648
.0215759277
.0182800293
-.0125885010
-.0146636963
-.0103149414
-.0039520264
-.0039215088
.0201568604
.0181274414
.0278015137
-.0316467285
.0134735107
-.0163879395
.0194396973
.0236358643
.0100860596
.0105743408
.0098724365
.0112915039
-.0178222656
-.0247039795
-.0290679932
.0168762207
.0009765625
-.0004425049
.0089263916
.0077209473
.0174713135
-.0127716064
.0133666992
-.0055541992
-.0011749268
.0009155273
.0130920410
.0154876709
.0199279785
.0186004639
.0199890137
.0122833252
-.0130310059
-.0292510986
-.0279388428
-.0227203369
.0188751221
.0077819824
-.0172271729
.0277252197
-.0041809082
-.0011444092
.0230407715
-.0190582275
-.0169372559
-.0125885010
-.0158081055
-.0128631592
.0115814209
.0038146973
.0248413086
.0337219238
.0254821777
.0158386230
.0153045654
.0123596191
.0184478760
-.0135345459
.0113525391
-.0198669434
-.0195922852
.0252685547
-.0225830078
.0130767822
.0046844482
-.0175933838
.0186157227
.0269927979
-.0161743164
.0167694092
.0127258301
.0008087158
-.0007171631
.0256500244
.0023956299
.0084075928
-.0172729492
-.0219573975
-.0252075195
-.0247039795
-.0225067139
-.0172576904
.0131072998
.0177764893
.0209350586
-.0256958008
-.0236511230
-.0189666748
-.0060882568
-.0190277100
-.0186462402
-.0158538818
.0101776123
.0180053711
.0129241943
-.0118103027
.0114440918
.0108184814
-.0045166016
.0242309570
.0257110596
.0048065186
-.0098724365
.0035858154
-.0008544922
.0007324219
-.0007476807
.0023345947
.0098419189
-.0144348145
-.0155792236
-.0144042969
-.0148010254
-.0084533691
-.0070800781
.0062408447
.0086059570
-.0119781494
.0052490234
.0054931641
-.0181732178
-.0203857422
-.0216369629
-.0212860107
-.0188140869
.0165100098
-.0161132813
-.0229034424
-.0093078613
-.0065460205
-.0143737793
.0236206055
.0293121338
.0295104980
.0244903564
.0230560303
.0067901611
.0017547607
-.0011901855
.0009002686
.0004577637
.0066070557
-.0100860596
.0387268066
-.0159301758
-.0018768311
.0011291504
-.0007934570
.0014343262
.0118255615
.0313720703
.0266265869
.0286254883
.0203094482
.0022277832
.0015563965
.0005340576
.0183563232
.0207061768
-.0110168457
-.0026245117
-.0015716553
-.0005340576
.0056762695
.0367279053
.0355224609
.0358123779
.0419616699
.0166473389
-.0129547119
.0093383789
-.0133361816
.0186767578
.0165710449
-.0183258057
.0075836182
.0388946533
.0391540527
.0283050537
.0316314697
.0183258057
.0151824951
.0021820068
-.0029602051
-.0012969971
-.0010375977
.0003967285
.0005340576
.0003967285
-.0005493164
.0003814697
-.0006408691
.0005493164
-.0005645752
.0005798340
.0008697510
-.0010375977
.0011596680
-.0011749268
.0018005371
-.0016479492
.0016784668
-.0019836426
.0021057129
-.0014648438
.0013122559
.0011444092
-.0009155273
.0007629395
.0006256104
.0008697510
-.0012969971
.0007324219
-.0006103516
.0006713867
-.0211791992
.0179138184
.0192108154
-.0174865723
-.0026397705
.0005645752
-.0008544922
.0345153809
-.0742950439
.0522766113
-.0594940186
-.0407562256
-.0182342529
-.0148620605
.0104827881
-.0231170654
-.0173187256
-.0181579590
-.0198211670
-.0214080811
.0226898193
-.0065612793
-.0021362305
-.0146179199
-.0037231445
-.0178070068
.0182952881
.0201873779
.0250701904
.0288085938
.0169677734
.0089416504
.0081176758
.0099639893
.0069122314
.0077362061
-.0066833496
-.0169525146
-.0207366943
-.0141754150
-.0085906982
-.0033874512
.0230102539
-.0169830322
.0372619629
.0290222168
.0163269043
.0067291260
.0204162598
-.0157012939
.0208282471
.0117034912
.0262908936
-.0630645752
.0338439941
-.0384063721
.0378417969
.0428619385
-.0504608154
.0326690674
.0174255371
-.0179748535
.0130462646
.0035552979
-.0007934570
.0015258789
-.0263824463
-.0420074463
-.0282592773
.0274200439
-.0225067139
.0017700195
-.0009002686
.0072784424
.0060272217
.0046997070
.0196380615
.0236053467
.0200347900
.0157928467
.0148010254
.0094299316
.0177612305
-.0144042969
-.0273132324
-.0243682861
-.0360107422
-.0028686523
.0020904541
.0283203125
.0378723145
.0272521973
-.0039978027
-.0023956299
.0013885498
-.0009460449
.0005340576
-.0201873779
.0335998535
-.0359344482
.0137176514
.0030059814
-.0014801025
.0006256104
-.0005035400
.0010375977
-.0005340576
.0008392334
-.0016174316
.0006103516
-.0006103516
.0007934570
-.0005645752
.0128173828
.0987243652
-.1653442383
.2234191895
.2017364502
.2423248291
.2313995361
-.0461730957
.0397186279
.0460815430
.0442352295
.0477447510
.0446624756
.0442352295
.0467681885
.0526123047
.0654907227
.0685119629
.1620330811
.1806335449
.1481933594
.1679229736
-.2704620361
-.2450103760
-.2750244141
-.3242950439
-.3036041260
-.2840270996
-.3223724365
-.4141235352
-.4411621094
-.3799591064
-.4077758789
.2278137207
.3096618652
.2033996582
.2195281982
.2175445557
.1876220703
.1972656250
.1954650879
.2119903564
.2073822021
.2313842773
.2331390381
.2470092773
.2071685791
.2290039063
.2376861572
-.1255493164
-.0971527100
.0615539551
-.0222320557
-.0104064941
.0031890869
.0019226074
.0006866455
-.0009918213
.0005645752
-.0007781982
.0005035400
-.0004882813
.0004119873
-.0004730225
.0006408691
-.0006408691
.0002136230
.0003204346
-.0005798340
.0007324219
-.0005798340
.0013732910
.0068969727
-.0195770264
.0417480469
-.0163269043
-.0158996582
-.0193634033
.0390319824
.1524658203
.0727081299
-.0930175781
-.0904846191
-.0754547119
-.1488037109
.0705566406
-.0287322998
.0178070068
-.3706054688
-.2947540283
-.2507171631
-.2004394531
-.1515502930
-.2664337158
-.0534210205
-.0399932861
.0630340576
.0701599121
.0723266602
-.0126037598
.0088653564
.0508728027
.1232147217
.0933685303
-.0142364502
-.0162200928
.0503387451
.1368255615
.1295166016
.1247558594
.0993347168
.1088256836
.1114807129
.1070098877
.1461791992
.0552062988
-.0207672119
-.0250091553
.0278320313
.0977325439
.1707000732
.1429138184
.1529998779
.1624755859
.1893615723
.1844177246
.1947021484
.1810607910
.2531127930
-.2766113281
.3199920654
.2491912842
.3365783691
.1483306885
.1470642090
.1211090088
.0993194580
.0382843018
.0395660400
.0395050049
.0352172852
.0850982666
.1304931641
.1555175781
.0444183350
.0391998291
-.0368499756
-.0453643799
.0590209961
.1077423096
.1042480469
.1097564697
.0302124023
.0049743652
-.0016479492
-.0241394043
.0045471191
-.0029296875
.0270843506
.0637359619
.0490264893
.0550842285
.0636749268
.1292877197
.0921478271
.1040954590
.0693206787
.0512084961
.0759582520
-.0134887695
.1389465332
.1307067871
-.1168212891
.1248474121
.1199188232
.0535125732
.0695343018
.0689849854
.0601806641
.0312042236
-.0173187256
.0611419678
.0828247070
.2079010010
-.0805053711
-.1540832520
-.1558380127
-.1327209473
-.1767425537
-.1747894287
.0264739990
.0104675293
.0271148682
-.0313110352
.0349884033
.0557403564
.0330505371
.0185546875
.0308532715
.0424499512
-.0102996826
-.0101776123
-.0104980469
.0233001709
.0378723145
.0125732422
.0052490234
-.0008087158
.0006713867
-.0144042969
.0984344482
.1885986328
.0666503906
.2590637207
.2134552002
.3137359619
.3669738770
.3542633057
.2949829102
.1610107422
-.0216674805
.0093078613
.0071716309
-.0082855225
-.0207672119
-.0417785645
.0236663818
-.0226898193
.0151062012
-.0237579346
.0409240723
.0946655273
.1223449707
.0932922363
-.0162353516
-.0070495605
.0047149658
.0668640137
.0913391113
.0960083008
.0971679688
.1064300537
.0674743652
.0611419678
.0693817139
.0202789307
-.0251770020
.0596466064
.0465698242
.0320892334
-.0284271240
-.0473327637
-.0585327148
-.0160217285
-.0026245117
.0004882813
.0186920166
-.0890197754
-.1094512939
-.1136627197
-.0875091553
.0401916504
.0041351318
-.0018920898
.0010528564
-.0008544922
.0006866455
.0003356934
.0003356934
.0003356934
-.0316162109
.1207427979
-.1336975098
.2212829590
.2529602051
.1488037109
.1302947998
.0551605225
-.0075836182
-.0016326904
-.0012969971
.0005035400
-.0005950928
.0007324219
-.0005798340
.0006408691
-.0002899170
.0003814697
-.0003356934
-.0007324219
-.0001678467
.0002288818
-.0002136230
-.0002136230
-.0001831055
-.0003204346
.0004119873
-.0005950928
.0005798340
-.0004882813
.0004577637
-.0004882813
.0004882813
-.0004425049
.0004730225
-.0004882813
.0004425049
-.0004119873
.0003662109
-.0003814697
.0003662109
.0003662109
.0002899170
