.0020751953
.0021667480
-.0419464111
-.1009979248
-.0654449463
-.0895690918
.0547790527
.0630645752
-.0311889648
.0885467529
-.1031799316
-.1031341553
-.0902862549
-.0638427734
-.0584106445
.0225677490
-.0949401855
.0677642822
.0242614746
.1319580078
.0962524414
-.0697937012
-.0598754883
-.0521697998
-.0507659912
-.0492095947
-.0509033203
.0305633545
-.0499420166
-.0668945313
.0781250000
-.0537109375
.0031433105
-.0894622803
.0621490479
-.0513458252
-.0609283447
-.0481414795
-.0445556641
.0593414307
-.0511932373
.0207672119
.0430145264
.0089111328
.0096282959
-.0742492676
-.0549774170
-.0378723145
-.0499420166
.0639343262
-.0213623047
-.0495910645
.0642242432
-.0885925293
-.0691680908
-.0410766602
-.0352172852
.0049896240
.0330352783
.0473632813
.0413665771
.0325927734
-.0394287109
-.0341033936
.0071563721
.0030975342
.0032348633
.0052795410
.0035705566
-.0032806396
.0125885010
.0738220215
.0480499268
-.0809936523
-.0862731934
-.0844726563
-.0416107178
.0533294678
-.0422821045
.0439300537
.0583648682
.0145721436
-.0585632324
-.0503692627
-.0410766602
.0460662842
.0053253174
.0625305176
-.0526580811
-.0604553223
.0359344482
.0381622314
.0348205566
.0631561279
.0325012207
.0040130615
-.0022735596
.0024566650
.0045928955
.0022277832
.0018768311
-.0017395020
.0023651123
.0402526855
.0715484619
-.1294860840
-.0842285156
-.0167083740
.0894622803
.0533752441
.0399627686
-.0480041504
.0778961182
.0956726074
.0608825684
-.0433044434
.0471343994
-.0195159912
-.0567169189
-.0275115967
.0423278809
.0557556152
.0246429443
.1133575439
-.0548248291
.0132598877
.0574493408
-.0758056641
.0989074707
.0964965820
.0833587646
-.0205841064
-.0453338623
-.0451354980
-.0360870361
.0403900146
.0801696777
-.0068664551
-.0481414795
-.0598754883
-.0887451172
-.0253753662
-.0724182129
.0196075439
-.0033874512
.0530853271
-.0550231934
-.0482940674
-.0508575439
-.0761871338
-.0205383301
-.0344390869
.0650024414
-.0397186279
.0088500977
-.0034332275
.0562896729
.0450897217
-.0041656494
.0492553711
-.0348663330
-.0435943604
-.0420379639
-.0041656494
.0348205566
.0176696777
-.0402069092
-.0429687500
.0655822754
-.0275573730
-.0094909668
.0870513916
.0504150391
.0488281250
.0539093018
.0686798096
-.0113830566
-.0034790039
-.0024108887
-.0021667480
-.0016937256
.0148162842
-.0621490479
-.1187744141
-.0797729492
-.0854949951
-.0887451172
-.0522613525
-.0898590088
-.0061035156
-.0622863770
-.0434417725
.0159759521
-.0469360352
.0499877930
.0877685547
-.0672302246
-.0452423096
-.0242614746
-.0719757080
-.0345764160
-.0210723877
.0811767578
-.0544433594
-.0701904297
-.0352172852
.0449981689
.0418548584
.0112304688
.0525054932
-.0827789307
.0609893799
.0368041992
.0376281738
-.0185394287
-.0185394287
.0263519287
.0142364502
-.0032806396
.0025177002
.0028076172
-.0014953613
.0015411377
.0015869141
.0017395020
.0025634766
-.0018768311
-.0018310547
-.0018768311
.0024566650
.0639343262
-.1013793945
.0061492920
-.1275024414
-.0725555420
.0419006348
.0231933594
.0533294678
-.0504760742
-.0684356689
-.0597686768
.0108489990
-.0305175781
.0410766602
.0054626465
.0018310547
.0014953613
.0015869141
.0016937256
-.0248413086
-.0606384277
-.0079345703
.0773010254
-.0312805176
-.0052795410
-.0819549561
-.0829315186
-.0668487549
.0544433594
.0539093018
.0711517334
-.0500793457
-.0776519775
-.0558013916
.0320587158
-.0417938232
.0483398438
.0409240723
.0164642334
-.0436401367
-.0297393799
.0122985840
.0585632324
-.0348205566
-.0423736572
-.0074005127
.0276489258
-.0810394287
-.0067749023
.1020660400
.0825958252
-.0558929443
-.0318756104
-.0515289307
.0334167480
-.0099792480
.0622406006
.0115661621
-.0019836426
-.0012512207
.0018768311
-.0161743164
-.0885009766
.0899047852
.0770721436
.0619506836
-.0255279541
.0313873291
.0356903076
-.0248870850
.1273040771
-.0795898438
-.0733337402
.0708160400
.0320129395
.0503692627
-.0666046143
.0320129395
-.0043945313
-.0014953613
-.0026092529
.0032348633
-.0025634766
-.0027465820
.0016326904
.0348663330
-.0984344482
.0699920654
-.0699005127
-.0879669189
-.0603485107
-.0784301758
-.0729980469
-.0529479980
.0510101318
.0618591309
-.0798797607
-.0928039551
-.0570526123
-.0077972412
.0575408936
.0563812256
-.0418548584
-.0173339844
.0575408936
.0466918945
-.0335083008
-.0547790527
.0235900879
.0718841553
.0609893799
-.0757141113
-.0226593018
.0030975342
.0018768311
.0017395020
-.0021209717
-.0014495850
.0200500488
-.0506591797
-.0543975830
-.0279388428
.0442199707
.0296936035
-.0151062012
.0459136963
.0588989258
.0729980469
.0114746094
.0040588379
.0025177002
-.0046844482
.0031890869
.0370941162
.0624389648
.0050811768
.0623931885
.0659179688
-.0961456299
-.0820617676
.0669403076
-.0153961182
-.0028533936
-.1238098145
.0955657959
-.0097808838
.0384521484
.0339508057
-.0237274170
-.0356445313
.0421447754
-.0150146484
.0019226074
.0017395020
.0314331055
.0784301758
-.0340423584
.0716857910
.0615081787
.0207672119
.0810852051
.0658721924
.0789489746
-.0533294678
.0496520996
.0818176270
-.0741119385
.0218353271
.0608825684
-.0469818115
-.0503692627
.0514373779
.0809478760
.0525512695
-.0427703857
-.0480499268
.0674285889
.0583648682
.0352172852
.0218963623
.0370025635
-.0177764893
-.0080871582
.0021209717
.0024108887
.0028076172
-.0023193359
.0030517578
-.0050354004
-.0034332275
.0029449463
.0022277832
-.0023651123
-.0023651123
.0018310547
.0014953613
.0030517578
-.1006164551
-.0691223145
.0685882568
-.0783691406
-.0058593750
.0762481689
.0664520264
.0740661621
-.0557556152
-.0569610596
.0692138672
.0569152832
.0480499268
-.0488281250
.0398101807
-.0660705566
.0364685059
.0523071289
.0125885010
.0663146973
.0095825195
.0783233643
.0839385986
.0488739014
-.0559387207
-.0586547852
-.0617065430
.0200042725
.0314788818
-.0097351074
.0190734863
-.0551757813
-.0399627686
-.0038146973
.0645141602
-.0694122314
-.0480041504
.0697479248
-.0595245361
-.0220336914
.0666961670
.0048828125
.0480041504
.0638427734
-.0345306396
-.0083770752
.0350646973
.0190277100
-.0027465820
.0022735596
.0020751953
-.0028533936
-.0026550293
-.0021667480
-.0390319824
.0729522705
-.0609893799
.0303192139
.0661163330
.0895233154
.0052795410
.0491638184
.0609283447
-.0714416504
.0720214844
-.0692596436
.0456695557
.0676727295
-.0614624023
.0122528076
.0623931885
.0218963623
-.0687408447
-.0077972412
.0493621826
.0536651611
.0589904785
-.0281829834
.0509490967
-.0044555664
.0023651123
.0022277832
.0032806396
-.0023193359
-.0081787109
-.0769653320
.0787200928
-.0697937012
-.0440826416
.0375366211
-.0912170410
-.0881652832
-.0758972168
-.0782775879
.0386047363
.0677185059
.0703735352
-.0355987549
.0554046631
-.0468444824
-.0671844482
-.0565795898
.0122070313
.0386962891
-.0152587891
.0493011475
.0227050781
.0316314697
.0234832764
.0504150391
.0770111084
-.0404968262
-.0527038574
.0053253174
-.0710144043
.0585174561
.0597229004
.0211181641
-.0496978760
-.0738677979
-.0029907227
.0660247803
-.0612182617
-.0651550293
.0691223145
-.0203857422
.0707244873
.0705718994
.0644683838
.0774536133
-.0360412598
-.0372009277
-.0413665771
.0405883789
-.0423278809
-.0388031006
.0104522705
.0314331055
-.0345306396
-.0544891357
-.0392303467
-.0363311768
-.0392303467
-.0176239014
.0518798828
.0523071289
.0459136963
.0582275391
-.0227050781
.0490112305
-.0344390869
-.0176239014
.0394287109
.0274047852
-.0121459961
.0017395020
.0011596680
-.0019836426
-.0022735596
-.0025177002
.0039672852
.0028076172
.0028533936
.0008697510
-.0014038086
-.0019836426
-.1108245850
-.0683898926
.0655364990
.0721740723
.0523071289
-.0950317383
.0773010254
.0637512207
-.0366210938
.0318145752
.0566711426
.0079345703
.0638427734
-.0640411377
.0632171631
-.0610351563
.0074462891
.0892181396
.1047821045
-.0478057861
-.0036773682
.0408782959
.0421447754
.0150146484
-.0024108887
.0010070801
.0852966309
-.0620422363
-.0555114746
.0096282959
.0846252441
.0064392090
.0769653320
-.0494079590
-.0302276611
.0687408447
-.0263977051
.1054992676
.1177520752
-.0291595459
.0526580811
-.0196075439
.0479583740
.0881042480
-.0550689697
.0639801025
.0391387939
-.0461578369
-.0593872070
-.0610351563
-.0779418945
.0242614746
-.0411682129
-.0545349121
.0041046143
.0876770020
-.0733795166
-.0610809326
.0229492188
.0374908447
.0485382080
-.0068664551
.0273132324
-.0653839111
-.0501251221
-.0769653320
.0711517334
.0673828125
-.0650024414
-.0525054932
-.0426177979
-.0315704346
.0607452393
-.0580291748
.0108947754
.0454254150
.0477142334
.0511474609
-.0527954102
-.0486297607
-.0058593750
.0022735596
.0018310547
-.0019226074
.0018310547
-.0017852783
-.0016937256
-.0014953613
-.0019226074
-.0285797119
-.1412963867
-.0798797607
-.0850067139
-.0593872070
.0113830566
.0698547363
.0625305176
.0828857422
.0747833252
.0901031494
.0566253662
.0060424805
-.0600585938
-.0343322754
.0401000977
.0546875000
-.0463104248
-.0597229004
-.0520172119
.0135498047
-.0280914307
.0558471680
.0586547852
.0167541504
.0524597168
-.0730438232
-.0175781250
.0869903564
.0862731934
-.0071563721
.0421905518
.0217437744
.0326843262
.0188903809
-.0298309326
.0617065430
-.0479583740
-.0485839844
-.0478057861
-.0484313965
-.0191802979
-.0990142822
-.0841827393
-.0725555420
-.0359802246
.0478057861
-.0415496826
-.0502777100
-.0601043701
-.0508575439
-.0290069580
.0037689209
-.0668029785
-.0751800537
-.0491638184
-.0203857422
.0574493408
-.0384521484
-.0396728516
-.0070190430
.0025177002
-.0807037354
.0617523193
-.0395202637
.0136108398
.0328369141
-.0122528076
-.0029449463
.0016326904
-.0016326904
.0016326904
.0011138916
.0012512207
-.0011138916
.0014953613
.0019836426
.0022277832
-.0021209717
-.0017852783
-.0023651123
.0089569092
-.0563354492
-.0497436523
-.0565185547
.0671844482
-.0554656982
-.0777893066
.0947418213
-.0327453613
.0578308105
-.0107421875
.0680541992
.0598144531
.0633087158
-.0511932373
.0442657471
-.0657348633
-.0467834473
.0580749512
.0048370361
.0711059570
-.0415039063
.0463104248
-.0661621094
.0151519775
.0748901367
.0734863281
.0094909668
.0083770752
.0433959961
.0194702148
.0032348633
-.0014953613
-.0012054443
-.0017395020
.0010528564
-.0018310547
.0413665771
-.0676727295
-.0673828125
-.0478057861
-.0556030273
-.0589904785
-.0637512207
-.0580749512
-.0813293457
-.0483398438
.0554656982
.0551147461
-.0636901855
-.0619964600
-.0538177490
-.0522155762
.0041656494
.0561828613
.0807495117
-.0364685059
.0480957031
-.0107421875
.0209655762
.0776977539
.0711059570
-.0204772949
-.0580291748
.0193176270
-.0463104248
.0627746582
.0440826416
.0589447021
-.0031890869
.0527496338
-.0523529053
.0137023926
.0369110107
-.0108489990
.0512390137
.0921325684
-.0454864502
-.0570526123
-.0534210205
-.0449981689
.0057067871
.0495910645
-.0171356201
-.0856475830
.0460662842
-.0480957031
-.0453796387
-.0059051514
-.0377349854
.0513000488
-.0464935303
.0015869141
-.0013427734
.0013427734
.0018768311
-.0018768311
-.0028076172
.0033416748
.0017852783
.0046386719
.0127258301
.1087951660
-.0958557129
.0686340332
-.0903930664
-.0569610596
-.0763397217
-.0532379150
.0275573730
.0554656982
-.0665588379
-.0739593506
.0588073730
-.0505218506
-.0603027344
.0049896240
-.0869445801
-.0172882080
.0078430176
.0677642822
-.0549316406
.0244598389
-.0362701416
-.0358886719
.0742034912
-.0611724854
.0038604736
-.0526580811
.0682983398
.0875244141
.0522155762
-.0279388428
-.0458221436
.0041046143
-.0031433105
-.0030975342
.0021209717
-.0029907227
.0336608887
.0823516846
-.0081787109
.0774078369
.0081329346
.0195617676
.0644683838
-.0537719727
.0575408936
-.0635070801
-.0521697998
-.0713958740
-.0590972900
.0803070068
.0687866211
-.0520629883
-.0426788330
.0171356201
.0561828613
.0036315918
.1015777588
.0873870850
.0644683838
-.0377807617
-.0523529053
.0450897217
.0158843994
.0689697266
.0038604736
.0032806396
.0029449463
-.0248870850
-.0553588867
.0418548584
.0612182617
.0671844482
-.0642242432
-.0331726074
-.0259094238
-.0541076660
-.0513916016
-.0216522217
-.0317687988
.0425720215
-.0464477539
.0476684570
.0483398438
.0057983398
-.0788116455
.0606994629
-.0701904297
-.0416107178
-.0559387207
.0773010254
-.0721740723
-.0228118896
.0027465820
-.0040588379
.0241241455
-.0651550293
-.0038146973
-.0684967041
-.0556030273
-.0038146973
-.0012969971
.1024017334
.0898132324
-.0565795898
.0257568359
-.0331726074
-.0358886719
-.0373840332
-.0630645752
-.0435943604
.0553131104
.0567169189
.0483398438
-.0411224365
-.0372009277
-.0134124756
-.0329895020
.0842895508
-.0613708496
-.0096740723
-.0026550293
-.0544891357
.0355529785
.0233459473
.0209655762
.0283355713
.0325927734
-.0493621826
.0253295898
-.0148162842
.0029907227
.0017852783
.0026550293
-.0014953613
.0021209717
