.0012664795
-.0020751953
-.0673980713
.1213378906
.0525512695
.0646209717
-.1222686768
.0789337158
-.1272277832
.0988006592
-.1236877441
-.1071472168
-.0995788574
-.0798950195
.0205230713
.0816650391
.1253814697
.0708160400
-.0177612305
.0998840332
.0899963379
-.0672454834
.0483551025
.0503234863
-.0410614014
.0489044189
.0653533936
-.0352172852
-.0568542480
.1044158936
.0458984375
.0227966309
-.1024169922
.0576324463
.0746307373
-.0874328613
.0731964111
.0446319580
.0683593750
.0753936768
.0497894287
.0282897949
.0458679199
-.0047149658
.0708160400
.0547027588
.0172882080
.0559692383
.0551605225
.0354461670
.0661621094
.0632476807
.0715026855
.0501708984
-.0619659424
-.0094909668
.0453186035
.0831604004
.0861206055
.0465545654
.0242919922
.0264434814
-.0210571289
-.0025634766
.0251770020
.0853118896
.0459442139
-.0770111084
-.0848846436
-.0743103027
-.0521240234
-.0878448486
.0433197021
-.0408630371
.0551605225
.0453643799
-.0029907227
.0494384766
.0730133057
.0426788330
.0357818604
.0464782715
.0183258057
.0480499268
-.0375213623
.0554046631
-.0182952881
-.0285949707
-.0334014893
.0651245117
.0656585693
.0424346924
-.0075225830
.0023040771
-.0021820068
.0016479492
-.0018310547
-.0033416748
-.0024566650
.0013427734
.0638122559
.0991210938
.0913848877
-.1309204102
-.0638122559
.0289459229
-.0645446777
.0560455322
-.0734252930
-.0525512695
.0760498047
.0957336426
-.0320587158
-.0290985107
.0647430420
.0563964844
-.0171356201
-.0288696289
.0866241455
.0514068604
.0065307617
-.0875854492
-.1177978516
.0438690186
-.0160675049
-.0929260254
-.0879974365
.1092987061
.1073760986
.0222473145
.1287536621
.1064910889
.0727081299
.0556335449
.0769653320
-.0207519531
.0396728516
.1148376465
-.0533294678
-.0582427979
-.0776977539
-.0060272217
.0683593750
.0901947021
-.0823059082
-.0729675293
.0847015381
.0249786377
.0473937988
.0564422607
.0741577148
-.0080261230
.0510101318
.0480194092
-.0043792725
.0830383301
.0412902832
.0457153320
.0454711914
-.0369415283
.0160217285
.0323333740
.0109558105
-.0324401855
-.0304412842
-.0535125732
.0514068604
.0174560547
.0388336182
.0781555176
-.0677795410
-.0610961914
.0545196533
.0539398193
.0603179932
.0150604248
.0031127930
.0027618408
-.0186767578
.0787353516
.0700531006
-.0858459473
-.0614318848
-.0607452393
.0112609863
-.0815429688
-.0648956299
-.0129547119
.0904998779
-.0697021484
-.0273284912
-.0090332031
-.0533294678
-.0419006348
.0578918457
-.0760803223
-.0519714355
-.0247497559
.0605468750
-.0381774902
-.0306701660
.0632781982
.0460510254
.0450592041
.0314025879
.0404357910
-.0189819336
.0517425537
.0866241455
-.0490875244
.0310211182
.0228729248
.0207519531
-.0119476318
-.0168304443
.0327911377
.0085296631
.0014495850
.0014495850
.0018005371
-.0009155273
-.0007934570
-.0007934570
-.0007934570
-.0007629395
.0007934570
.0006408691
-.0007171631
.0141448975
.0535125732
-.0813140869
-.0044097900
.0517883301
.0550537109
.0430145264
-.0053710938
.1355590820
.0618133545
.0496368408
.0682067871
.0472869873
.0532836914
.0772705078
.0547485352
-.0041046143
-.0035247803
.0025329590
.0027923584
-.0019073486
.0743560791
-.1146087646
.0081024170
-.1195373535
-.1401062012
-.0321807861
.0165252686
-.1072998047
-.0924987793
-.0377044678
-.0845489502
.0759277344
.0460205078
-.0733184814
-.0800476074
.0084075928
-.0404052734
-.0896148682
.0473632813
-.0240631104
-.0518951416
-.0532836914
-.0136108398
.0463562012
-.0211791992
-.0142517090
.0171356201
.0365905762
-.0023040771
.0280609131
.0848083496
-.0707855225
-.0397491455
-.0449066162
.0432434082
.0025329590
-.0424041748
-.0571746826
.0108032227
-.0493621826
-.0608215332
.0765075684
.0835113525
-.0631713867
.0267944336
.0346679688
-.0327453613
-.0335235596
.0137634277
.0624389648
.0893859863
.0848846436
-.0712432861
.0495147705
.0767059326
.1033477783
.0529327393
.0032653809
-.0042266846
-.0031433105
.0025634766
.0026855469
-.0020294189
-.0008392334
.0018768311
.0723876953
-.0946960449
-.0709686279
-.0853118896
.0991973877
-.0614013672
-.0921630859
-.0830078125
-.0851593018
-.0473937988
-.0670471191
.0503234863
.1007690430
-.0798950195
-.0855102539
.0059967041
.0720520020
.0643920898
.0379028320
.0104827881
.0362091064
.0387878418
.0048370361
.0610046387
.0376739502
.0502777100
.0759277344
.0709686279
-.0508575439
.0095977783
.0021820068
.0023803711
.0019989014
.0116882324
.0329437256
.0504455566
-.0523223877
.0061492920
.0703125000
.0077667236
-.0428619385
.0650482178
.1026153564
-.0313262939
-.0056457520
-.0044860840
-.0048370361
.0043334961
.0021514893
.0806579590
.0071868896
.0710906982
-.1023101807
.0943450928
-.1165008545
-.1146087646
-.0956878662
-.0430603027
.0035705566
.1149902344
.1194152832
-.1157226563
.0054931641
.0525207520
-.0520935059
.0500488281
.0592498779
-.0672454834
.0606231689
.0598907471
-.0769348145
-.0449371338
.0746612549
.0648498535
.0595092773
.0206451416
.0913848877
.0708160400
-.0589294434
.0460205078
.0543212891
.0729370117
-.0520477295
-.0204925537
-.0667419434
-.0606689453
-.0450134277
.0441741943
.0440216064
-.0467529297
.0645446777
.0591278076
-.0244903564
-.0395965576
-.0199890137
-.0334777832
.0214080811
.0153656006
.0022277832
.0018005371
-.0018005371
.0006866455
-.0012207031
-.0009155273
.0016021729
.0006103516
-.0020751953
-.0008697510
-.0014190674
-.0010375977
.0018310547
.0311431885
.0576324463
-.0626678467
.0450134277
.0574798584
.0031890869
.0682830811
.0634002686
.0495910645
.0475921631
-.0442810059
-.0821228027
.0743560791
.0446319580
.0564422607
.0630187988
.0515136719
.0467834473
.0402832031
.0203247070
.0863189697
-.0094451904
.0570831299
.0962677002
-.0586242676
-.0483245850
-.0903472900
-.0805816650
.0221710205
.0640563965
-.0171051025
.0343322754
.0536651611
.0513610840
.0033416748
.0757751465
-.0545501709
.0577850342
.0636291504
.0377960205
.0501251221
.0354766846
-.0030364990
.1104125977
-.0659332275
.0184478760
.0159454346
.0178680420
.0072937012
.0021514893
-.0018005371
-.0018768311
.0025634766
-.0013732910
.0016021729
-.0023345947
.0175323486
.0628509521
.0735778809
-.0170593262
.0354003906
.0794677734
-.0083770752
.0168762207
.0644378662
.0591735840
-.0252990723
.0465240479
.0387878418
.0115966797
.0452880859
.0505523682
.0144805908
-.0143280029
.0314788818
-.0935363770
.0104522705
-.0452880859
.0697326660
.0850372314
-.0224456787
.0793151855
.0305633545
-.0051422119
-.0051116943
.0018310547
-.0022277832
.0131072998
-.1145782471
.0917663574
.0829315186
-.0172576904
.1192321777
-.1008148193
-.0762023926
-.0918121338
-.0781555176
-.0281066895
.0687713623
-.0265655518
-.0779724121
-.0559692383
-.0731964111
-.0767822266
.0395202637
.0392150879
-.0409851074
.0344085693
.0195312500
.0495147705
-.0434722900
.0346374512
.0130615234
.0641632080
-.0460510254
-.0773468018
.0084533691
.0309753418
.0756988525
-.0555572510
-.0252227783
.0670928955
.0548553467
.0293273926
-.0475158691
-.0610504150
-.0509796143
-.0475921631
-.0336303711
.0685119629
.0680084229
.0610961914
-.0670928955
.0544433594
.0385131836
.0453643799
-.0424804688
.0460205078
-.0521240234
-.0197906494
-.0556335449
-.0648193359
-.0538940430
.0534820557
.0437927246
.0448303223
.0291442871
.0528564453
.0527038574
.0575103760
.0617828369
-.0282592773
.0457458496
.0472869873
.0395965576
.0106811523
.0246429443
.0202178955
.0104522705
.0013427734
-.0009460449
.0012969971
.0018005371
.0015258789
-.0018005371
-.0011444092
.0014495850
.0015716553
.0017547607
-.0009918213
-.0008697510
-.0029907227
.0155334473
-.0634002686
.0980072021
.0630187988
.0684356689
.0527496338
.1256866455
.1133422852
-.0745849609
.0741271973
.0411376953
.0513153076
.0579681396
.0393218994
.0185241699
.0433959961
.0466766357
-.0642089844
-.0181427002
.0158386230
.0742034912
-.0863952637
-.0255279541
.0169067383
.0281372070
.0193328857
-.0026092529
.0028381348
.0016784668
.0018310547
-.0014190674
.0587768555
.0655517578
.0719299316
-.0302581787
-.0673522949
.0063781738
.0719299316
.0366363525
-.0367126465
.0485534668
.0172882080
.0762023926
.0782012939
.0439453125
.0361022949
-.0240936279
.0953521729
.0820007324
-.0793914795
-.0622406006
.0651245117
.0176086426
-.0170288086
.0703582764
.0946960449
.0435485840
-.0290679932
-.0657348633
-.0368347168
.0594024658
.0364074707
-.0502777100
-.0387878418
.0179138184
.0505981445
-.0281066895
-.0264129639
.0674285889
.0338287354
.0682067871
.0364074707
.0370941162
.0500946045
.0765075684
.0672454834
.0522003174
-.0546722412
-.0573272705
.0145721436
-.0677337646
-.0169067383
.0722351074
-.0650177002
-.0564727783
.0117187500
.0028381348
.0020751953
-.0023345947
.0027923584
-.0031890869
-.0028686523
-.0022583008
-.0023803711
-.0021514893
-.0220184326
.1477203369
-.0972747803
-.0805511475
.0937347412
.0152587891
-.0177917480
-.0736236572
-.0897369385
.0798950195
-.0850067139
.0507812500
.0382843018
-.0741271973
-.0516662598
-.0650177002
-.0950012207
-.0605926514
-.0395965576
-.0607757568
-.0680541992
.0057525635
.0217590332
.0457916260
.0480194092
.0630493164
.0173645020
-.0650482178
-.0537872314
.0129089355
-.0433654785
.0692443848
.0104827881
-.0400238037
.0539703369
.0648956299
-.0234069824
-.0265197754
.0482482910
.0489044189
.0571746826
.0755920410
.0702819824
-.0429077148
-.0604705811
.0152130127
.0492401123
-.0482482910
-.0447540283
.0404052734
-.0366668701
-.0441284180
.0635070801
-.0641632080
-.0327148438
-.0037536621
.0517883301
.0585174561
.0377044678
.0212554932
.0476379395
.0700531006
.0089111328
.0187530518
.0573272705
.0599365234
-.0166473389
.0186462402
.0215606689
-.0037536621
.0021057129
-.0019531250
-.0026092529
.0019073486
.0021820068
-.0009155273
-.0013427734
.0016021729
.0021514893
.0010681152
.0104064941
.0320587158
-.0539703369
.0693969727
-.0684356689
-.0535888672
-.0679321289
-.0281066895
-.0752410889
.0165252686
.0933837891
.0217895508
-.0704650879
.0577850342
.0384063721
-.0705108643
-.0367431641
.0591735840
.0194091797
.0773162842
.0675811768
.0422515869
-.0305633545
.0206451416
.0623626709
.0495147705
.0415496826
-.0053405762
.0510101318
-.0202178955
.0028381348
-.0042266846
-.0026855469
.0032653809
.0034179688
-.0129089355
.0623626709
.0608978271
.0598907471
.0689392090
.0583190918
.0503540039
.0600128174
-.0587463379
.0384368896
-.0656585693
.0555114746
.0714721680
-.0780792236
.0712738037
-.0450134277
.0480957031
.0351715088
.0488281250
-.0512084961
.0509338379
.0437927246
.0395507813
.0036010742
.0458679199
.0847778320
.0817413330
.0166778564
.0497131348
.0482025146
.0415191650
.0124816895
.0586700439
.0562896729
.0558929443
.0385894775
.0284881592
.0660552979
.0496673584
.0227966309
.0520172119
.0192565918
.0475921631
.0445556641
.0196075439
.0355987549
.0343627930
-.0149841309
.0404357910
.0399017334
-.0478668213
.0637817383
-.0558166504
.0484008789
.0264892578
.0435485840
-.0458679199
.0224151611
-.0033416748
.0021820068
-.0022583008
-.0021514893
-.0016784668
-.0014953613
-.0009918213
.0134124756
.0919189453
.1089172363
-.0678558350
.0915374756
-.0597839355
-.0237579346
.0808105469
.0615539551
.0464782715
.0538635254
.0867767334
.1035308838
-.0510864258
-.0525207520
-.0742340088
-.0059509277
.0725097656
.0654754639
-.0255584717
.0023803711
.0723876953
-.0578155518
-.0254821777
-.0500488281
-.0598907471
.0957336426
.0774688721
-.0064849854
-.0364074707
.0551605225
.0552520752
.0515899658
-.0509033203
.0047149658
.0610961914
-.0048370361
.0266723633
.0481262207
.0039978027
.0861968994
.0307922363
.0402832031
-.0860748291
.0447540283
.0566253662
.0466308594
-.0299835205
.0391693115
.0294799805
.0400238037
-.0031127930
.0889587402
.0073394775
.0101776123
.0947723389
.1046600342
-.0284423828
.0528564453
-.0153350830
-.0131072998
.0732421875
-.0187530518
-.0050659180
-.0043334961
.0019989014
-.0019531250
-.0009155273
.1039276123
.0778198242
-.0059967041
.0576324463
.1013031006
-.0784606934
-.0433654785
.0536651611
-.0636596680
-.0631256104
-.0312194824
-.0780792236
.0671234131
.0370941162
-.0543212891
-.1066131592
.0129089355
.0540924072
.0535888672
.0632019043
-.0338592529
-.0334014893
-.0390930176
-.0505218506
.0673980713
.0159912109
-.0433197021
-.0040283203
-.0130615234
.0580444336
.0045318604
-.0029602051
.0533599854
.0812683105
-.0287475586
-.0667419434
-.0772705078
-.0264129639
-.0502471924
-.0582427979
-.0511627197
-.0542907715
.0772399902
.0618896484
-.0507507324
-.0162963867
.0620880127
.0623931885
.0320587158
.0260162354
.0505981445
.0543670654
-.0341796875
-.0301818848
.0586242676
.0378723145
.0253295898
.0204162598
.0022583008
-.0012969971
-.0064849854
