-.0000152588
-.0000152588
.0000305176
.0000305176
.0000305176
.0000305176
-.0003356934
.0683441162
-.0901184082
-.0973205566
.1033325195
.1014251709
.0978546143
.1023406982
-.1195373535
-.0733337402
-.0781860352
-.0626678467
.0460052490
.0344696045
-.0401000977
-.0495910645
-.0521392822
-.0439910889
-.0376586914
-.0520019531
-.0796356201
-.0868682861
-.0871429443
-.0943298340
-.0890350342
-.0866088867
-.0883026123
-.0876922607
-.0903015137
.0862426758
-.0703735352
-.0543060303
.0525207520
.0452117920
-.0350952148
-.0643463135
.0955963135
.0889587402
-.0847320557
.1007232666
.0913391113
.1431732178
.1303558350
.1156768799
-.1261749268
.1180725098
-.1193695068
-.1056213379
-.0932617188
.0620269775
.0466461182
-.0171051025
-.0061492920
-.0075531006
-.0053253174
-.0057373047
-.0088653564
.0124816895
-.0123138428
.0155029297
-.0217742920
-.0424652100
-.0247192383
-.0402984619
-.0605010986
.0902862549
-.0869445801
-.0529479980
-.1199951172
-.0843200684
-.0934448242
-.0728149414
.0280609131
-.0060882568
-.0892028809
.0881195068
.0949554443
.0510559082
-.0501708984
-.0557556152
.0714569092
-.0424804688
-.0353393555
-.0350494385
-.0964813232
.1065216064
-.0675506592
-.0476531982
-.0603027344
.0260467529
.0260467529
-.0565185547
-.0316467285
-.0278930664
.0389251709
.0593109131
.0978546143
.0889892578
-.0479125977
.0282897949
.0293884277
.0355682373
.0347747803
-.0425567627
-.0867462158
.0846099854
-.0778503418
-.0902862549
-.0360412598
.0487670898
-.0395812988
-.0554351807
-.0312500000
-.0765838623
.0503387451
-.0807800293
-.0832214355
.0314941406
.0384979248
-.1086730957
-.1061401367
-.0729827881
-.0676116943
-.0626678467
.0483703613
-.0805664063
-.0352630615
.0502624512
-.0551757813
-.0501861572
-.0303344727
-.1038055420
-.0849456787
-.0849761963
-.0469818115
-.0576171875
-.0400238037
.0559387207
-.0613250732
-.0794067383
.0430450439
-.0525665283
-.0611267090
-.0698852539
.0440521240
-.0622406006
.0691528320
-.0576324463
.0257873535
.0298767090
.0231933594
.0430603027
-.0709991455
.0644836426
.0718383789
.0786590576
.0855712891
.0830688477
.0609893799
.0447082520
.0188140869
.0108184814
.0269165039
.0139465332
-.0208435059
-.0412750244
-.0118103027
.0008850098
.0024871826
.0013427734
.0048828125
.0106353760
-.0115509033
.0116119385
.0081481934
.0077514648
.0048980713
.0047149658
-.0028991699
.0012969971
-.0012817383
-.0009765625
-.0009460449
-.0016784668
.0030212402
-.0055236816
.1071472168
.1188659668
.0268554688
.0217590332
.0338745117
.0462341309
.0619659424
.0486297607
.0558624268
.0524597168
.0277252197
.0130615234
.0645141602
-.0746612549
.0278930664
.0166778564
.0073699951
.0025634766
.0021209717
-.0018615723
.0019683838
.0863647461
.0169677734
.0104980469
.0099334717
-.0132293701
-.0123748779
-.0108947754
-.0100555420
.0064849854
.0054779053
.0063171387
-.0489501953
-.0534210205
-.0324401855
.0049133301
.0036010742
-.0023040771
.0061035156
.0033721924
-.0036163330
.0039825439
-.0030517578
-.0008850098
-.0043945313
.0083160400
.0108795166
.0097045898
-.0076141357
-.0081939697
.0084381104
-.0067901611
.0074005127
-.0084533691
.0086212158
-.0067749023
-.0065765381
-.0046691895
-.0060424805
.0040130615
-.0026245117
-.0016937256
.0010528564
-.0036163330
-.0137023926
.0235137939
.0207366943
-.0181732178
-.0274963379
.0323486328
.0171813965
-.0151214600
.0082702637
.0193176270
-.0053253174
.0020904541
-.0069732666
.0146484375
.0122222900
-.0068511963
.0034942627
-.0023040771
.0021820068
-.0351104736
.0324249268
-.0244903564
.0303955078
-.0411529541
.0494384766
.0439605713
-.0231933594
-.0023040771
-.0023040771
.0019836426
-.0011749268
.0318603516
-.0256805420
-.0402221680
-.0381774902
-.0308837891
.0144348145
-.0049743652
.0020294189
.0031890869
-.0013427734
.0268707275
-.0164794922
.0171508789
-.0032196045
.0021209717
-.0473175049
.0209197998
-.0341644287
-.0079803467
-.0044555664
.0021057129
-.0010986328
-.0106201172
-.0386352539
-.0422363281
.0116882324
-.0065917969
.0053100586
.0453796387
.0326232910
-.0295257568
-.0264282227
-.0448913574
-.0483245850
-.0399475098
-.0362243652
-.0109863281
.0187225342
.0199737549
.0295104980
-.0292205811
-.0446166992
-.0395660400
-.0372924805
.0282287598
.0267791748
-.0224914551
.0160675049
-.0170440674
-.0121002197
.0102539063
.0120544434
-.0058593750
-.0246582031
-.0071105957
.0228118896
.0208740234
-.0216369629
.0206909180
-.0255737305
-.0244903564
-.0299987793
-.0235137939
-.0174102783
-.0210113525
-.0234985352
.0311279297
-.0203857422
-.0060729980
.0074462891
-.0038909912
.0027618408
-.0044403076
.0064239502
.0198974609
-.0090026855
.0059204102
-.0044555664
-.0016632080
-.0012969971
-.0014953613
.0037384033
-.0029144287
.0058746338
-.0036773682
.0045013428
-.0030670166
.0045928955
.0038452148
-.0042419434
-.0033111572
-.0025634766
-.0029449463
-.0030059814
-.0039825439
.0015869141
-.0007934570
-.0039978027
.0076141357
.0253295898
.0361328125
.0374450684
.0451202393
.0532836914
-.0425262451
.0462036133
-.0550842285
-.0428771973
.0522766113
.0332946777
.0283813477
.0260925293
-.0467834473
.0081634521
.0023651123
.0148010254
-.0233001709
-.0314941406
-.0174255371
-.0097656250
-.0123443604
-.0221557617
-.0507812500
-.0567626953
-.0522613525
.0333404541
.0387573242
.0446472168
-.0433807373
.0175170898
.0157318115
.0206146240
.0195922852
.0372924805
-.0551910400
.0391082764
-.0326538086
-.0370941162
.0190277100
.0282135010
.0368652344
.0142974854
.0028228760
-.0025939941
-.0013885498
.0238189697
-.0292968750
-.0339355469
-.0219879150
-.0277099609
.0190582275
.0087127686
-.0071105957
-.0303497314
-.0217742920
-.0089111328
-.0108642578
-.0224151611
.0394592285
.0315856934
.0311584473
-.0350036621
-.0406341553
.0298919678
-.0296020508
-.0261383057
.0115356445
.0037078857
-.0018157959
.0013122559
-.0005187988
-.0071105957
.0549163818
-.0260009766
.0379638672
.0533447266
.0530548096
.0381774902
.0252380371
-.0462646484
-.0288848877
-.0282897949
.0118865967
-.0168304443
-.0191650391
-.0211181641
.0206146240
.0148468018
-.0117034912
-.0207977295
-.0284576416
.0319519043
-.0184478760
-.0348968506
-.0478515625
.0245208740
-.0191192627
-.0132446289
.0173797607
.0404205322
.0414428711
.0193328857
.0083618164
-.0040283203
.0019836426
-.0021362305
-.0153656006
-.0565948486
-.0587158203
-.0534973145
.0279998779
.0392303467
-.0212860107
-.0275878906
.0157775879
.0175933838
.0130310059
-.0414886475
-.0403137207
-.0226287842
.0156250000
-.0115356445
.0192108154
-.0234222412
-.0250244141
.0174560547
.0052032471
.0022735596
.0018768311
-.0455322266
.0478973389
.0345306396
.0433502197
-.0358581543
-.0095062256
-.0029296875
-.0154418945
.0290679932
.0229797363
.0234375000
-.0177612305
-.0252227783
-.0248718262
-.0333709717
-.0150146484
.0059051514
.0021972656
-.0012207031
.0013122559
-.0123291016
-.0481109619
-.0379943848
-.0313568115
-.0430908203
-.0234985352
-.0243988037
-.0240783691
-.0194702148
-.0215759277
.0058593750
-.0357055664
.0359954834
-.0284423828
-.0063323975
.0097198486
-.0069580078
.0057220459
.0060119629
.0099487305
.0054473877
.0187835693
-.0305023193
-.0141143799
-.0138549805
-.0144042969
-.0191650391
-.0205535889
.0060882568
-.0029144287
-.0168914795
-.0271759033
.0021514893
-.0015563965
-.0012054443
.0011596680
-.0013885498
.0009613037
-.0784606934
.0825195313
-.0045776367
-.0068969727
-.0049285889
.0030822754
.0015869141
.0015411377
.0049896240
.0032348633
.0028381348
-.0005645752
-.0007781982
.0014495850
.0007019043
.0019226074
-.0024871826
-.0017089844
-.0010528564
.0008239746
.0012817383
.0017242432
.0022277832
-.0028076172
-.0057983398
-.0020141602
-.0030975342
-.0040435791
-.0555114746
-.0815582275
.0295104980
-.0267181396
.0105895996
-.0038757324
.0027160645
-.0685424805
-.0922088623
-.1333160400
-.1407623291
-.1262512207
-.0415344238
.0258178711
-.0141448975
.0689544678
-.1296997070
.1947479248
.2302246094
.1193389893
.0428466797
.0310821533
-.0432586670
-.0955352783
-.1324615479
-.1280517578
-.1027221680
-.1386260986
-.1246337891
.0385894775
.0185241699
-.0107879639
.0168609619
.0165863037
-.0151672363
-.0188293457
-.0110321045
.0031738281
-.0203094482
-.0417480469
-.0820465088
-.0626068115
-.0614776611
.0378265381
.1559753418
.1185150146
-.1703643799
.1394348145
-.0493469238
.0307922363
-.0767364502
-.1980438232
.1659088135
.1846618652
.1459045410
.1300659180
.1506042480
.1733551025
.1960906982
-.1826019287
-.0778045654
.0870819092
-.1464385986
.2171325684
.2349243164
.2462463379
.2389831543
.1911315918
.0950012207
-.0308685303
.0313720703
-.0914154053
.0897216797
-.1131439209
-.0402526855
-.0569610596
-.1038513184
-.1230163574
.1522674561
.1056518555
.0642395020
.0952453613
.0891723633
-.1009521484
-.1187133789
-.1261901855
-.1072387695
.1016998291
.0634002686
-.0250396729
.0069885254
.0037689209
-.0522460938
.0944519043
-.0802001953
-.0305480957
.0512542725
.0883941650
.0307617188
.0821685791
.0927429199
-.0844268799
-.0867462158
.0891571045
.0949554443
.0876922607
.0312652588
.0114135742
-.0125122070
.0156250000
.0151214600
.0159912109
-.0174407959
-.0140533447
-.0055389404
.0054473877
-.1481628418
.0762634277
-.1110839844
.0578765869
-.0645294189
.1436157227
-.1712493896
.1470184326
-.0624084473
.0166168213
-.0092620850
-.0077362061
.1257934570
.1215667725
.1013793945
.1080169678
-.1224670410
.0960693359
-.0536651611
.0153961182
-.0240936279
.0925598145
-.0342559814
.0068969727
-.0056152344
.0341033936
-.1454925537
-.1383361816
.1030273438
-.1080322266
.0689697266
.0545349121
.0663604736
.1288757324
.1315155029
-.1299133301
-.1267395020
.1331024170
-.1317138672
-.1053771973
-.0338897705
-.0187377930
-.0099487305
-.0047302246
.0034332275
-.0028076172
.0040588379
.0033569336
.0019073486
.0027923584
.0018310547
.0021209717
-.0013885498
-.0013122559
-.0022277832
-.0027313232
-.0026702881
.0022430420
-.0070190430
-.0034332275
.0212249756
-.0715332031
.1369934082
-.1411590576
-.1156311035
.1728973389
.1035003662
-.1186523438
-.1818237305
-.1737823486
-.2050323486
.1852874756
-.0454406738
-.0318908691
-.0164947510
-.1147460938
-.1674194336
-.2039642334
.2879028320
.4546508789
.4665069580
.3219909668
.4251708984
.2352600098
-.0616302490
-.0381164551
.0646820068
-.1889190674
-.1905059814
-.3014526367
.2099914551
-.2016601563
.2573089600
-.2500457764
.1326751709
.2155303955
.0826568604
.0582733154
.0284423828
.0086212158
-.0072479248
-.0053100586
.0051422119
-.0082092285
.0051879883
.0057373047
.0029296875
.0028839111
.0019531250
-.0378265381
-.2143707275
-.2291412354
-.2192382813
-.1904602051
-.2034301758
-.1377105713
-.1291503906
.0728759766
-.0249786377
.0752258301
-.0757751465
-.0791778564
-.1643218994
-.0595855713
-.0421447754
.0975189209
-.1728973389
-.1552886963
-.1480255127
.1083526611
-.1375732422
-.1130218506
-.0782470703
.2774963379
.3291625977
.3284912109
.2165832520
-.1430816650
-.1000213623
.1092834473
-.1355285645
-.1811218262
-.1690826416
-.1782226563
.1779174805
.1609344482
.0926513672
.0310974121
.0112762451
.0121765137
.0129699707
.0097656250
-.0097808838
.0063171387
-.0033111572
-.0020904541
-.0027313232
-.0034790039
-.0677490234
.2972259521
-.3294677734
-.3103027344
-.2996063232
-.1614990234
-.0550994873
-.0514678955
-.0248870850
.0300292969
.0550231934
-.2579193115
-.2897033691
-.2975158691
-.3125000000
-.2200469971
-.2617340088
.0877990723
-.1569976807
.1253967285
.0852203369
-.1341552734
-.1946563721
-.2480926514
-.1637420654
.0972747803
-.1175079346
-.1071777344
-.2071228027
-.2809906006
.2234802246
-.2715911865
.1960449219
-.2549133301
-.2081451416
-.2471313477
-.2647399902
-.1564941406
.0937042236
-.0264892578
.0088348389
.0597991943
-.3318634033
-.2428436279
-.3053131104
-.3316802979
-.3623199463
-.2886505127
-.0874786377
.0772399902
.0733642578
-.2201080322
-.2044219971
.0309143066
-.0285491943
.0381774902
-.2547302246
-.3654632568
.2018585205
.1850280762
-.2196960449
-.2402191162
-.2685089111
-.1429748535
.0699005127
.0964813232
.0830078125
.1045074463
-.2116394043
-.1934661865
-.0774841309
-.0184020996
-.0240020752
-.0305786133
.0591888428
-.1236419678
-.2718505859
-.4577178955
-.2562255859
-.4253845215
-.0680847168
.0995483398
.1195678711
.1222534180
-.0796813965
-.2168273926
-.2443237305
-.1499328613
-.2021026611
.0963134766
-.0846405029
-.0264739990
.0134429932
-.0750122070
.2181854248
.2716674805
.2434234619
.1201934814
-.0244750977
.0345306396
-.0133056641
.0671997070
-.1874084473
-.1756744385
.2485961914
.2489166260
-.2422485352
-.2476196289
-.2361297607
.1356658936
-.1045227051
.0518341064
.0361480713
-.0292205811
-.0090026855
.0049591064
.0023040771
-.0000152588
-.0000152588
-.0000152588
-.0000152588
-.0000152588
-.0000305176
-.0000152588
-.0000152588
