.0095367432
.0252075195
.0161285400
-.0203857422
-.0314331055
-.0393524170
.0260772705
.0296173096
.0438995361
.0448913574
.0334625244
-.0700988770
-.0420532227
-.0478057861
.0767211914
-.0766906738
.0734100342
-.0666046143
.0545501709
-.0737457275
.0927886963
-.0622863770
-.0466461182
-.1086578369
.0541992188
.0797729492
.0949554443
.0699005127
-.0626220703
-.0879058838
.0736846924
.0726928711
-.1501464844
.0935668945
-.0588684082
-.0764465332
.0823211670
.0925598145
-.1078796387
.1163787842
-.0823059082
.0935668945
.0714111328
.0708465576
-.1098327637
.2301940918
-.0666961670
.0655364990
.0643005371
-.0710296631
-.1154479980
-.1292266846
.1613769531
-.0864562988
-.1358337402
-.1354827881
-.2307586670
-.1845703125
.0975646973
.0759735107
-.1731719971
.2012634277
-.1054840088
-.0895080566
.1458892822
-.1006011963
.0748291016
-.0721740723
-.1162109375
.1629028320
-.1427459717
.0929718018
-.1562805176
.1205444336
-.0591735840
-.0884246826
.1201171875
.0890655518
.0485992432
.2595214844
-.1209106445
-.1768646240
-.1738891602
.1433563232
-.0954132080
.1234588623
.0708007813
.0924224854
.1306304932
-.1132354736
.1023254395
.0863800049
-.0909423828
.0818939209
-.0814819336
.1193084717
.0656280518
-.0640869141
-.1195068359
.0816345215
.1866455078
-.1127929688
-.1242675781
-.1938781738
-.1636962891
.1545715332
-.0962371826
-.2006378174
-.1769256592
-.1181030273
.1497955322
.2661132813
-.1353302002
.1049041748
-.0620269775
.0787963867
-.0912170410
.0803680420
.0584869385
-.0662994385
.0464172363
-.1645202637
-.0408630371
-.0442657471
.0737152100
-.0327148438
.0461883545
-.0718231201
-.0745849609
-.0749816895
-.1004028320
.1076965332
.1235198975
-.1266784668
.1175231934
-.1128540039
.0705566406
-.0438079834
-.0808563232
.0703125000
.0958862305
-.0565338135
-.0741271973
.1008300781
-.1160278320
-.0939483643
-.1714630127
.0803833008
-.2025909424
.2002716064
.0409088135
-.1237945557
.1870574951
.0842742920
-.0619354248
.0867462158
-.0918884277
-.0552825928
-.0927886963
-.0452880859
.0491333008
.0445709229
-.0526428223
-.1540985107
-.0635986328
.0790863037
-.1056213379
.0764007568
.0633850098
-.0614013672
.0656890869
-.0923309326
-.0509796143
.0824432373
-.0692749023
.0816192627
-.1542663574
-.0813598633
-.1172943115
-.0566711426
-.0540924072
.1412811279
-.1318359375
-.1003875732
-.0466918945
-.0789947510
-.0576934814
.1689147949
-.0695495605
-.0775146484
-.1277618408
-.1164550781
-.1033935547
-.0608825684
.0591125488
.1744232178
.1323394775
-.0664062500
.0643920898
.0943450928
.1154632568
-.0750427246
.0520019531
.0914001465
.0978698730
.0782775879
.0595703125
.0906982422
-.0409240723
.0688781738
.0889434814
-.0767517090
.2238769531
.1454162598
-.1023864746
-.1041717529
-.0947113037
.0558471680
.0743865967
.0740509033
-.0609130859
.0471191406
-.0460205078
.0888824463
-.1263580322
-.0867004395
.0792083740
-.1239318848
-.0995483398
.0677185059
-.0443420410
-.0548553467
-.0561065674
-.0506439209
.0580291748
-.0677795410
-.1391754150
-.0800170898
.1342010498
-.1203155518
-.0756530762
-.1467742920
-.0773620605
.1023101807
-.0773162842
.1106262207
-.0594787598
.1073303223
.0844573975
.0530090332
-.1116333008
.1152038574
.1089324951
-.0914611816
-.1741180420
-.1839447021
.1227569580
.1075897217
.0775909424
.0600585938
.0942535400
-.0693054199
-.0509796143
.0784301758
-.0769195557
-.0749816895
.0706939697
-.0747375488
-.0966339111
-.0949401855
.1040649414
.1289215088
.1151275635
.0867004395
.0633544922
.1099090576
-.0751647949
-.1423187256
-.0852966309
.0482330322
.0440979004
-.0857238770
-.1019744873
-.1261444092
-.2083129883
-.0928955078
.0854492188
.2001037598
.1420593262
.1193542480
-.1179199219
-.0913238525
.1544342041
-.1029510498
-.1135253906
-.0981597900
.0886688232
-.2524719238
-.1531677246
-.1135101318
-.1058959961
-.1641387939
-.1922912598
-.1352233887
.1613922119
.1007232666
-.1310882568
-.0597381592
-.0721588135
.0491180420
-.1324615479
.1259307861
.1070709229
.1053314209
.2505035400
-.0621490479
.0715789795
-.1255645752
-.0896606445
-.0939941406
.1512908936
-.0879364014
.0857849121
-.0868225098
-.1071014404
-.0885314941
-.0867004395
-.0525360107
.0511932373
-.0739746094
-.0686340332
-.0981597900
.1015472412
.1191406250
.0535430908
.1656951904
.1673278809
-.1590270996
-.1541900635
-.1420135498
-.1208496094
.0819396973
.0969390869
-.0816192627
-.0926361084
.1427001953
-.1153411865
.1313781738
.1620025635
.0872344971
-.1418151855
.0612335205
.1402893066
.1351928711
-.0974426270
.1016082764
.0581207275
-.0647583008
-.0915985107
.0611572266
.0700378418
.0988464355
.0713653564
-.0770111084
.0942687988
-.0821990967
-.1890258789
-.1667633057
.0818786621
-.0743713379
-.1043701172
-.0980987549
-.1206054688
.2018890381
.0954132080
.0974578857
.0795135498
-.1394653320
-.1431121826
-.0757293701
.2100219727
-.0602722168
.0777130127
.0997619629
-.0713348389
.1185455322
.1150054932
-.0774841309
.1498260498
.1385345459
-.2166137695
.0765228271
.1635894775
.2592010498
-.1002655029
.0814056396
.0849914551
-.1159973145
-.1012420654
.1427001953
-.1201477051
.1446838379
.0849456787
-.0943450928
.0843353271
.0603027344
-.0533905029
.0552215576
.0529785156
-.0601654053
.0733337402
-.0685729980
.0884246826
.0865783691
.1524200439
.0679016113
.2456970215
.1927642822
.1324920654
-.1851043701
.1326293945
-.0655364990
.0808715820
.0690765381
.0708312988
-.0539398193
.0985412598
-.0753021240
-.0597381592
-.0672912598
-.0538940430
-.0866851807
-.1192474365
.2245025635
.1081695557
-.2105712891
-.1701660156
-.0856475830
.0845947266
.1786651611
-.1215209961
-.1084594727
.1352233887
-.0877227783
.0741729736
.1243133545
-.0752716064
-.0562286377
-.0528717041
-.0619506836
-.0798797607
-.1063232422
.1085052490
-.0850677490
-.0773162842
.0881347656
-.1165466309
.0740509033
.0497283936
.1034545898
-.0537872314
.0914306641
-.0716552734
.0798492432
-.0674896240
.0906066895
.0723419189
.0627593994
-.0527648926
-.0736083984
.0632019043
-.0741119385
.0678253174
-.0652618408
-.1038818359
-.0903167725
-.0561676025
-.0992889404
.0805816650
-.0928192139
-.0975036621
-.1354522705
.1293029785
-.1500854492
-.1298217773
-.1074829102
.0853424072
.0771179199
.0670471191
-.1249084473
.1140441895
-.1249389648
.1057739258
.0878753662
.1020355225
-.0831146240
.0742034912
.0906524658
.1469726563
.0893402100
-.0951995850
.1169128418
-.0836334229
.1087036133
-.0548858643
-.1179046631
.0546112061
.1300659180
-.0875701904
.1235046387
-.1054229736
.0731506348
.0725097656
.0913085938
.0642700195
.1100463867
.0725555420
.1233367920
-.0422210693
-.0803527832
-.0819244385
-.0904998779
.0681457520
.1094055176
.1145629883
-.1403808594
.0646362305
-.0530090332
.0668029785
.0601196289
.0614624023
-.0527496338
.0861358643
-.0774993896
-.1083221436
.1041259766
-.1852416992
-.0639038086
-.1098632813
.1775970459
-.1006164551
.1054992676
-.1365356445
.1248626709
-.0765686035
-.0932922363
-.1053771973
-.0823364258
-.1055297852
.0968780518
-.1422119141
-.1669769287
-.1128082275
-.1156768799
.0481567383
.0898742676
-.0903015137
.0602722168
.0926361084
.0617065430
-.0733795166
.0839843750
.0601043701
-.0707550049
.1593780518
-.1064910889
-.0591583252
-.0959472656
-.1435394287
-.0569000244
.1378326416
-.1295776367
.1119689941
-.1416168213
-.0720062256
.0930023193
.1456756592
-.0733489990
.1584167480
-.2219848633
-.1191253662
-.1559448242
-.1311645508
.1570434570
-.1602172852
.1668395996
-.1251373291
.0957794189
.1335906982
-.1077880859
.1114807129
-.0709075928
-.0820007324
-.0626525879
-.0641784668
.0492248535
.0694274902
.0594787598
-.0835876465
.0609436035
-.0662078857
-.0371551514
-.0764617920
-.0711059570
.0797882080
-.0634460449
.0710296631
.1154937744
.1450805664
-.0990905762
-.0951385498
-.1060638428
-.0451812744
-.1346893311
.0416870117
-.0480499268
.1254577637
-.0785675049
.0606842041
-.0919036865
-.1031494141
.0781250000
-.0686492920
-.0546569824
.0955657959
-.0761108398
.0572204590
.0448913574
-.0430145264
-.0784759521
.0566406250
-.0696105957
-.0527801514
.0785675049
.2017669678
-.0814819336
.1340179443
-.1014709473
.1439208984
.0737915039
.0895690918
.1182708740
-.0945129395
.1108398438
.0877838135
-.0951385498
-.1357574463
.0818481445
.0904388428
.0915222168
.0786590576
-.0970916748
.1457977295
-.0673217773
-.0802612305
.0953826904
-.1067199707
.0939788818
.0995178223
-.0745239258
.0964965820
.0809326172
-.0997314453
.0586853027
-.0516204834
-.0597229004
.0571289063
.0653381348
.0633392334
-.0753631592
.0765533447
.0615997314
-.0558471680
.0589141846
-.0640563965
.0655822754
.0519104004
.0490722656
.0700225830
.0628814697
-.0702362061
-.0718078613
-.1584014893
-.0571136475
.0608825684
-.2292022705
-.1299133301
.1447753906
.1775970459
-.1114044189
-.1128234863
.1399993896
-.0677185059
-.0638122559
.0456848145
.0532379150
.0659790039
.0961761475
-.1513214111
.0569000244
.1165771484
.1651458740
.1339263916
-.1851806641
-.0565338135
.1308441162
.1545104980
.1943511963
-.1487884521
-.0919799805
.1004028320
-.1963043213
-.2107849121
-.0867309570
.0563812256
-.0681762695
.0552368164
.0546875000
.0503234863
-.0413818359
.0600280762
.0995178223
.0464324951
-.0738525391
-.0748596191
-.0922851563
.1062164307
.1092376709
.1478881836
-.1214904785
-.0690307617
-.0755920410
.0751800537
-.0822296143
-.1437225342
-.1196289063
-.0886840820
.0802612305
.0557250977
.0644989014
-.0695648193
.0569458008
.0511474609
-.0945739746
.1599731445
.1743011475
-.2119140625
.1684875488
-.1408386230
-.1293945313
.2113952637
.1907958984
-.1144409180
-.1018371582
-.0889129639
.0717926025
.0786895752
.1931457520
-.2043457031
.1394805908
-.0351715088
.1758117676
-.1675720215
-.0719451904
.0653076172
.2264862061
.1843872070
-.1726074219
-.1355590820
-.1254730225
.1215667725
.1243896484
-.0891571045
.0812225342
-.0593872070
-.0744628906
-.0774383545
-.0848541260
-.0696868896
.0638885498
.0500030518
-.0712280273
-.0679016113
-.0832214355
.1023406982
-.0613555908
.0536041260
-.0642242432
.0549774170
-.0677795410
-.1148986816
.0815124512
.0859527588
.0708465576
.0652008057
-.0705108643
.0683135986
-.0808715820
-.0551147461
-.0582733154
.0660552979
-.0852813721
-.0784606934
-.0927581787
.0714111328
-.0944366455
.1231842041
-.0520172119
.0847625732
-.0792999268
-.0605926514
-.0694427490
-.0743713379
-.0671997070
-.0860290527
.0913238525
.1092529297
.1022949219
-.1640777588
-.1179656982
.1110687256
.0764923096
-.0946960449
-.0617675781
.0799865723
-.1045227051
.0590515137
.0503540039
.0566101074
.0633392334
-.1179656982
.0890045166
-.0829925537
.0535888672
.0575408936
.0730438232
.0446014404
.0909881592
-.0710906982
-.1029205322
-.0923309326
-.0736389160
.0725555420
.0483703613
-.0823364258
.0773620605
.0945281982
-.0995788574
-.1111450195
-.1107025146
-.1827087402
.0750122070
-.0998687744
-.1527099609
-.0466766357
.1609954834
.1578979492
.0690460205
-.0512390137
-.0537719727
-.0556335449
-.0676116943
.1360626221
.0643920898
.1016693115
.0657348633
.0416259766
.0760803223
.0765075684
-.0669097900
-.0782165527
-.0820007324
.1415863037
.1242370605
.2068023682
-.0894775391
.0875091553
.1420135498
-.1591644287
-.0566558838
.0712127686
.2276916504
-.0595855713
-.0810546875
.0626373291
.0912933350
.1876678467
.1979980469
-.1663513184
.2041473389
-.1417999268
.2149353027
-.0680541992
-.1438751221
-.0557708740
-.1214904785
-.0481414795
-.0854339600
-.0615081787
-.0622711182
-.0703887939
.1312103271
-.0690612793
-.1044921875
-.0959014893
.1008911133
.1149597168
-.1109619141
-.1249084473
-.0690307617
-.0908050537
-.1131744385
.0883789063
-.0999450684
.1680908203
-.0947723389
.1820678711
-.0824279785
.1526336670
-.1592864990
-.1479797363
-.0673980713
.1375122070
-.0930633545
-.1638031006
-.1375427246
-.1098022461
.0846099854
-.0761413574
.0690002441
.0599975586
-.0586700439
.0650939941
-.0439453125
.0572814941
.0454864502
.0464630127
.0764923096
-.0627899170
-.0914001465
.0514526367
-.0449523926
.0589447021
.0721588135
-.0770111084
-.0700073242
.0643310547
-.0668792725
-.0530548096
-.0522155762
-.0511474609
-.0702819824
-.0496826172
-.0554046631
-.0731506348
.0968933105
-.0905151367
.0452880859
-.0560760498
.0419158936
-.0517578125
.0398101807
-.0516204834
.0413513184
-.0682525635
.0581970215
-.0586853027
-.0508880615
.1034851074
-.0345153809
-.0387268066
.0369110107
.0184020996
.0194244385
-.0125427246
.0083618164
.0046997070
.0048065186
.0048370361
.0049133301
.0046539307
.0048065186
.0049438477
.0050659180
.0048217773
.0049133301
.0048065186
.0047760010
.0049438477
.0048065186
.0049133301
.0049438477
.0048065186
.0047912598
.0049591064
.0049285889
.0048065186
.0049133301
.0048065186
.0048675537
-.0703887939
