.0030212402
.0079650879
.0051116943
.0054626465
.0095367432
.0112915039
.0111694336
.0131683350
.0130310059
.0150604248
-.0122375488
-.0144195557
.0156097412
.0148010254
.0281524658
.0297088623
.0184783936
.0176696777
.0208129883
.0189514160
-.0288696289
.0179443359
.0145263672
.0267333984
-.0294189453
.0147552490
.0297698975
-.0295104980
-.0261230469
.0258941650
-.0328063965
-.0225830078
.0328674316
-.0476379395
-.0294647217
.0167083740
-.0265502930
.0244293213
.0283355713
-.0343322754
.0401916504
-.0268554688
.0291900635
.0512847900
.1653747559
.2327880859
-.0377960205
.0447540283
-.0651855469
-.0188140869
-.1085968018
.0960998535
.1557617188
.0794525146
-.1503143311
-.1342010498
-.1544342041
.1351318359
.0661926270
.0315246582
-.1052703857
-.0969085693
.0622863770
.0884552002
-.0378417969
.0526428223
-.0267028809
.0335540771
-.0972290039
-.0426788330
-.1622009277
-.0662078857
-.1294555664
-.1188964844
.1105957031
-.1428985596
-.1135253906
-.0298614502
-.0722656250
.0632476807
.2775268555
-.1631317139
.1100311279
-.1284027100
-.0360565186
-.1011657715
-.0771179199
-.0376434326
-.1271362305
-.1205596924
.0908355713
.0303344727
.0280914307
.0248870850
-.0197906494
.0255279541
.0183410645
.0516052246
.0229492188
-.1174011230
-.0662841797
-.0500183105
-.0766448975
-.0969238281
.0328521729
.1804504395
.1744842529
.0426635742
-.1057281494
-.1372222900
-.0978546143
-.1237792969
.2171936035
.1851348877
-.0970611572
.0605163574
.1189727783
.0516052246
.0381164551
.0278015137
-.0352630615
-.0251007080
.0175018311
-.0193328857
-.0173645020
.0171508789
-.0128784180
.0211944580
-.0270233154
-.0451354980
-.0564422607
.0781097412
.0892944336
-.0829620361
.1069335938
.1013183594
.0815734863
-.0793457031
-.0182037354
.0254821777
.0127105713
.0239715576
.0559082031
.0242462158
.0474090576
-.0644531250
-.0780029297
-.1023101807
-.1192169189
-.0719757080
-.1262664795
.2041778564
.0166168213
.0409088135
.1228485107
.0336456299
-.0356292725
.1228637695
.0386962891
-.0165405273
.0292510986
-.0221405029
.0230560303
.0156250000
-.0165557861
-.0250701904
-.0996856689
-.0477600098
-.0635986328
-.0747222900
-.0538635254
.0355834961
-.0376739502
-.0408020020
-.0621643066
-.0491180420
-.0661163330
-.0396118164
-.0830841064
-.1321411133
.0329589844
-.0835723877
.0362854004
-.0246429443
.1449279785
-.0946960449
-.0911712646
-.0210113525
.0377502441
.0291137695
.1355743408
-.0355834961
-.0402374268
-.0974884033
.0981292725
.0769195557
.0195922852
-.0289611816
.0264587402
-.0378265381
.0428619385
-.0404510498
.0404205322
-.0194396973
.0368957520
-.0270843506
-.0306243896
-.0613708496
-.0529937744
-.0307922363
-.0279541016
.0733032227
-.0220489502
-.0779418945
.0325775146
.2044067383
.2591552734
.1200866699
.0927886963
.0868072510
-.0569610596
.0458374023
-.0768585205
.0789337158
-.0216827393
.0148925781
.0196228027
-.0806579590
-.1063232422
-.0618743896
.0353393555
-.1160430908
-.0977783203
-.0203552246
-.0157623291
.0218658447
.0152740479
.0195617676
-.0164337158
-.0180816650
.1266632080
-.0653991699
.0326232910
-.1039123535
.0545196533
.1103363037
.1100921631
.0282897949
-.0651550293
.1468353271
.0241394043
-.0241241455
-.0410919189
.0335998535
.1128692627
.1321105957
-.0818939209
-.0902709961
-.1921844482
.1406250000
.1381835938
-.0707550049
.1163940430
.0557403564
.0352020264
.0214233398
.0622100830
.0251312256
-.0176239014
.0355224609
.0245666504
-.0163726807
.0685577393
.0305328369
.0223236084
-.0832061768
-.0180969238
-.1025238037
-.0623931885
-.0344848633
.0849304199
.0984649658
.0788269043
.0845794678
-.0460205078
.0202789307
-.0579528809
-.0693054199
-.0838470459
-.2115631104
-.0595245361
-.1440887451
-.0299987793
.1887664795
.0545654297
-.1540985107
-.0603637695
.0274658203
.0560913086
-.0305786133
-.1408081055
-.0608673096
-.0286560059
.2113800049
-.1033325195
-.1171569824
-.1268005371
-.1350860596
-.0885009766
.0869445801
-.1182556152
-.0876922607
-.1199035645
-.0363311768
.0247650146
-.0272216797
.0432891846
-.0640106201
.0655670166
-.0477294922
.2243957520
.0315399170
.0186004639
.1136779785
.0591125488
-.0575408936
-.0738525391
.0599822998
-.0380859375
-.0833282471
-.0215148926
.0837249756
-.0320739746
-.0214996338
-.0175476074
.0187377930
-.0184936523
.0258636475
-.0983276367
-.0754394531
-.0220947266
-.0562286377
-.1342926025
-.1425933838
-.1223602295
-.1040802002
-.1089172363
-.0872192383
.0260925293
-.0498657227
-.0678558350
-.0733642578
-.1655578613
-.1287841797
-.0669708252
-.1046905518
.0331573486
-.1483306885
-.0270080566
-.0961608887
-.0735321045
-.0847320557
.0799255371
.0261688232
-.0179443359
.0208282471
-.0228729248
.0180511475
-.0249023438
.0259552002
.0233306885
.0165863037
.1053161621
-.0752258301
-.1020812988
-.1248626709
.0463104248
-.1589813232
-.0555267334
-.1363372803
-.1140136719
-.1233825684
.0471343994
.1291809082
-.0871124268
.0993347168
.0313262939
.1038360596
-.1464080811
.0414276123
-.0591735840
-.0588531494
-.0191802979
.1066284180
.0892486572
-.0637512207
-.1292572021
-.0758666992
-.1701354980
.0317993164
.1140594482
.1657257080
-.1237030029
-.0391845703
.0250244141
.0541381836
.0458679199
-.0368499756
-.0328979492
.0664520264
.0503387451
.0483551025
.0719909668
.0475769043
-.0368194580
-.0264282227
-.0192718506
-.0200653076
.0206298828
-.0153045654
-.0219879150
-.0169982910
-.0218200684
.0276947021
.0543823242
.1363983154
.1088104248
-.0832061768
-.0967864990
.0678253174
-.0521697998
-.0422973633
.0208282471
.0215606689
.0218048096
.0256347656
-.0252532959
-.0243072510
-.0181274414
-.0263214111
-.0263061523
.0316467285
.2016143799
.0900726318
-.1926574707
-.0898132324
-.0627593994
.0529479980
-.1138916016
-.0796051025
-.1142883301
-.0583953857
.1144409180
-.0400543213
.0342559814
-.0977630615
.0419616699
.0151367188
-.0165863037
-.0989990234
-.0299530029
-.0797729492
-.0235137939
-.1213073730
.0743560791
-.0695648193
-.0779418945
.0297241211
.0586242676
-.0459747314
-.0562133789
.0776672363
-.0578613281
-.0600738525
.0646667480
.0345916748
-.0471038818
-.0297393799
.0203704834
-.0356903076
-.0244598389
-.0188140869
.0209808350
.0218658447
.0270996094
-.0479888916
.0225372314
.0258941650
.0327148438
.0816040039
.0962982178
.0695648193
.0340576172
.1356964111
-.0911254883
.1074676514
-.0590209961
-.0593414307
.0176696777
.1154022217
-.0856628418
-.0840454102
.0736236572
.0488891602
.0619659424
.0713043213
.0498046875
.0336914063
.0834655762
.0999603271
.0768432617
-.0311431885
.0503540039
.0309906006
.0717468262
.0227813721
-.0501708984
.0486755371
.0438690186
.0509643555
.1316375732
.0697326660
.0275573730
.0411834717
-.0603942871
.0297393799
.0525207520
.0342407227
.1035766602
-.0241699219
.0746765137
-.0665283203
-.0327453613
-.0326995850
-.0681915283
.0593566895
.0521087646
.0402984619
.0312194824
.0135955811
.0134735107
.0232238770
.0215454102
.0245056152
.0197601318
-.0782012939
-.0864105225
.0274963379
.1420135498
-.0758361816
.0203704834
-.1281127930
-.0409088135
-.0965576172
-.0901031494
-.0716552734
.0294647217
-.1218414307
-.0694122314
.0849914551
.0377197266
-.0253448486
-.1073760986
-.0881042480
-.0870971680
-.1089782715
-.0425872803
-.0516204834
.0644226074
.0376434326
-.0414276123
-.0249481201
.0261077881
.0222015381
.0279083252
.0239410400
-.0938110352
.1118469238
.0738067627
.0536956787
.1860351563
.0408172607
.0856475830
.1073150635
-.0944366455
-.0813446045
-.0410156250
.1070404053
.1047973633
.0227203369
.0434417725
.0862579346
.0782775879
-.0751495361
-.1507263184
.0720062256
-.0440063477
.1202087402
.1033477783
.0907592773
.0823059082
-.0619964600
.0548706055
.0381774902
.0286712646
.0339660645
-.0219573975
.0180053711
.0321350098
-.0299835205
-.0210876465
.0231781006
-.0214385986
.0200653076
-.0224761963
.0119171143
.0177307129
-.0425872803
.0411224365
.0566406250
.1209106445
.0623779297
.0794982910
.0370025635
-.0211791992
.0274353027
.0879516602
-.1110382080
.0782318115
.0298614502
.0547180176
-.0287475586
.0501556396
-.0339813232
.0732116699
-.0297393799
-.0227508545
-.0224151611
-.0174865723
.0299072266
-.0228271484
.0179138184
.0135803223
-.0150909424
.0163574219
-.0222778320
.0201110840
.0409851074
.1832580566
-.0462341309
.1271362305
.0461120605
.1112365723
-.0224304199
.0831298828
.0491485596
.0469360352
-.0549163818
.0744781494
.0421295166
.1119689941
.0624542236
-.0269622803
.0787963867
-.0321655273
-.0944213867
.0714263916
.0389556885
.0925292969
-.0688171387
.0677032471
.0946807861
.0960388184
.0675506592
-.0525054932
.0759124756
.0628356934
.0226135254
-.0250091553
-.0212097168
-.0181427002
.0185699463
.0189056396
-.0180358887
.0196838379
-.0238494873
.0229034424
.0207214355
-.0195770264
-.0273895264
-.0219421387
-.0190887451
-.0211334229
-.0333557129
-.0250396729
-.0574493408
-.0541687012
-.1307373047
.0394897461
.0377655029
-.1873626709
-.1505889893
.1385955811
.1576232910
-.1161804199
.0589752197
.0715026855
-.1441192627
-.0691375732
-.0850982666
.0169830322
-.0873565674
.1063079834
-.0738372803
-.1015319824
-.0607147217
-.1705169678
-.0928955078
.2953338623
-.1122894287
-.0511474609
.1312255859
.1641693115
.1007537842
.1359405518
-.0334930420
.1056976318
-.2498321533
-.2146453857
.0518035889
-.0336151123
-.0193328857
-.0245056152
.0217437744
-.0216827393
.0186614990
.0381622314
-.0646057129
-.0233612061
-.0437316895
-.0459899902
-.0740661621
.0781707764
-.0377197266
.1219482422
-.1197509766
.0320129395
-.0266113281
.0826416016
.0291290283
.0381927490
-.0920562744
-.0606689453
.0458068848
.0334320068
-.0250244141
.0177459717
-.0242004395
.0214233398
.0206146240
.0643615723
-.1191711426
.0938873291
-.1515655518
.1345062256
.1383056641
.0969543457
.1431121826
.1345977783
.0733184814
-.0294952393
-.0338897705
-.0254516602
.0216217041
.1812896729
.1917877197
-.1221466064
.0146636963
.1538543701
-.1434478760
.0457000732
-.0390930176
.1810913086
-.1635437012
-.1204986572
.1201629639
-.0567321777
.0816345215
.0572814941
.0513153076
.0659484863
.0547790527
.0192718506
-.0232238770
-.0249786377
-.0295257568
.0229644775
.0213165283
-.0220031738
.0198059082
-.0135498047
-.0179290771
-.0266265869
-.0293884277
-.0209808350
-.0174713135
-.0205078125
-.0194702148
-.0222930908
.0699615479
-.0737762451
.0702514648
-.0464782715
.0542449951
.0473937988
.0328521729
-.0330657959
.0254974365
.0147552490
.0176696777
.0231018066
-.0294494629
.0219116211
.0375671387
.0669250488
.0315246582
.0696563721
-.0638122559
.0341491699
.0610046387
-.0371704102
.0375671387
.0448150635
-.0447235107
-.0575561523
.0596618652
-.1272125244
-.0814361572
.0867004395
-.0559844971
-.0857391357
.0782318115
-.0166625977
.0985565186
.0597076416
.0264739990
-.0173034668
.0354309082
-.0668334961
.0599365234
.0550079346
-.0484313965
.0166778564
.0162506104
-.0376739502
.0146331787
.0601196289
-.0470123291
-.0623168945
-.0660858154
-.0546722412
-.0473022461
-.0163726807
-.0712738037
-.0577239990
-.0720825195
-.0416870117
-.0832061768
.0589599609
-.1413116455
-.0483551025
-.0538940430
-.1197052002
-.0407104492
.1341094971
.1724700928
.0253753662
.0243988037
.0366058350
.0255737305
.0302581787
.0189361572
-.0193634033
.0246429443
-.0232849121
-.0270385742
-.0213165283
-.0242919922
.0275268555
-.0202331543
-.0629119873
.1340789795
.1463623047
.1295013428
.1797332764
-.0600891113
-.0674438477
.0857391357
-.1549987793
.0430603027
.1391754150
.1519012451
.0242309570
-.0381622314
.0659027100
.0803833008
.1746520996
.1918640137
-.1309051514
.1943511963
-.1715850830
.1543884277
-.0578613281
-.1171112061
-.0305938721
-.1047821045
.0601501465
-.0438995361
.0175628662
-.0285034180
.0383453369
-.0249176025
.0334625244
.0333709717
.0274963379
-.0802764893
-.0776367188
.0689849854
-.0968170166
.0239715576
.0398406982
-.1083068848
-.0771179199
-.0532989502
.0703735352
-.0910034180
-.0438842773
-.1145782471
.0267028809
.0598907471
-.1097564697
-.0797729492
.0183715820
-.0743560791
-.0691070557
-.0795745850
.0569610596
.0766448975
-.0325622559
-.0416412354
.0302734375
-.0419616699
.0221862793
-.0193939209
.0121917725
.0152587891
-.0106658936
-.0150451660
-.0106811523
.0135803223
-.0143890381
.0114898682
-.0170288086
.0137176514
-.0144042969
.0159454346
-.0150756836
.0137023926
.0093231201
.0105438232
-.0140228271
.0149383545
.0110931396
-.0129394531
-.0157318115
.0127868652
.0127563477
-.0163879395
-.0281982422
-.0202789307
.0101318359
-.0125427246
.0082397461
-.0115966797
.0107727051
.0137481689
.0098266602
-.0144805908
-.0121459961
-.0093078613
-.0094146729
.0238952637
.0088043213
.0123291016
-.0097808838
-.0078125000
.0047454834
-.0037536621
-.0019836426
.0013122559
.1391754150
