.0053558350
.0142059326
.0090637207
.0097198486
.0170135498
.0200958252
.0198364258
.0234222412
.0231781006
.0267639160
-.0217742920
-.0256805420
.0277709961
.0263519287
.0500640869
.0528259277
.0328369141
.0314483643
.0370483398
.0336608887
-.0513305664
.0319061279
.0257873535
.0475311279
-.0523529053
.0262908936
.0529479980
-.0524902344
-.0464630127
.0460510254
-.0583190918
-.0401916504
.0576324463
-.0844268799
-.0545806885
.0307159424
-.0494232178
.0443725586
.0520782471
-.0610656738
.0717163086
-.0462951660
.0528259277
.0404205322
.0408172607
-.1016387939
.2169494629
.0611114502
.0496063232
-.0339050293
-.0422668457
.0805969238
-.0880889893
.1420440674
.1404571533
.1724853516
.2255706787
-.1304931641
.1159210205
.0527343750
.0634613037
-.1096496582
-.1092987061
.1577911377
-.0737762451
.0932617188
-.0478210449
.0607757568
.0303497314
.0770568848
-.0735168457
-.1674652100
.0798187256
.0684204102
-.1302490234
.0579376221
-.1079559326
-.0955657959
.0942535400
-.0786590576
.0263977051
.3114318848
-.1184539795
-.1674499512
-.1522369385
.0889434814
-.0799865723
-.0870971680
-.0398559570
.0432739258
.1163940430
.0853576660
.0495758057
.0441589355
-.0363006592
.0466003418
.0329589844
-.0630340576
-.0473937988
-.0543823242
-.0831146240
-.0490417480
.0842895508
-.1096801758
-.1325988770
-.0667877197
-.0883941650
.2462463379
-.0442504883
.0563049316
-.1998748779
-.0885467529
-.1421508789
.1560821533
.2788543701
-.1083374023
.1191253662
.0730590820
.0696868896
.0534973145
.0403289795
-.0364074707
-.0456542969
-.0349121094
-.1706542969
.0296478271
-.0244750977
.0403594971
-.0185089111
.0253448486
-.0514068604
-.0540924072
-.0688323975
-.0875549316
.0914611816
.0905609131
.1081695557
.1190032959
.0760040283
-.0623168945
-.0225677490
-.0418243408
.0463562012
-.0925750732
.0494079590
.0310516357
-.0824737549
-.1004943848
.0885009766
-.0930786133
-.1319274902
-.1347503662
-.2196655273
-.0684814453
-.0221557617
.1001434326
.0994873047
.0350952148
.0921936035
.0570831299
.0533905029
.0228424072
.0655517578
-.0312500000
-.0276947021
.0288696289
-.0295257568
-.1344757080
-.0397796631
-.0609588623
-.0975952148
.0585174561
.0290069580
-.0439910889
-.0538482666
-.0759429932
-.0408020020
-.0584259033
-.0564880371
-.0703125000
-.0763092041
-.0708923340
-.0409545898
-.1072692871
-.0369110107
-.1385192871
-.1356048584
-.1164703369
.0499420166
-.0675048828
.0429382324
.0921478271
.1035461426
.0445861816
.1045989990
.0726776123
.0998687744
.0404205322
.0414886475
-.0468750000
.0751953125
-.0702362061
.0714721680
-.0369262695
.0676879883
-.0476074219
-.0570068359
.0385284424
.0668182373
.0631866455
.0439605713
-.0455780029
.0936737061
-.0206604004
.0580749512
-.0862426758
-.0393371582
.2160644531
.2120361328
.0957183838
.0881042480
-.0645294189
-.0767059326
.0545043945
.0878295898
.0302124023
.0353088379
.0342407227
-.0834350586
-.1188659668
-.1134643555
-.0423889160
-.1033477783
-.1233367920
-.0445098877
.0349884033
-.0256805420
.0331573486
-.0311584473
-.0343322754
-.0343475342
.1140747070
.0850524902
.0511474609
-.0991668701
-.1138458252
.0711517334
.1284027100
-.0541839600
-.0747070313
-.0508880615
.0797729492
.0462951660
.0856781006
.0492401123
.0319519043
-.1079101563
.1017913818
.0967102051
-.0514984131
-.1578216553
.1857299805
-.0637817383
.0896301270
.0798492432
-.0651855469
.0277404785
.0449523926
-.0429992676
-.0401000977
.0626831055
.0281829834
-.0317687988
.0715789795
.0370635986
.0552825928
-.0969543457
-.0555725098
.0952301025
-.0560302734
.0487518311
.0938873291
.1294708252
-.0996551514
-.0750427246
-.0598907471
-.0293579102
-.0514984131
-.0800018311
.0857391357
-.0927581787
-.1238098145
.0751495361
.0531311035
.1953887939
.1006774902
.0874633789
-.0928192139
-.0511932373
.1206054688
-.0578918457
-.0571899414
.0703582764
-.0419616699
-.2381896973
-.1271667480
.0900268555
-.0972900391
-.1672363281
-.1042175293
-.1190490723
-.1082458496
.0820159912
.1065826416
.0480499268
-.0501861572
-.0253143311
-.0763397217
-.0594329834
-.0886077881
.0535736084
.2344818115
-.0331420898
.0279846191
.1127777100
.0746154785
-.0467681885
.0879974365
-.0996856689
-.0482788086
-.0532073975
-.0522155762
-.0905914307
.0471649170
.0362243652
.0270385742
-.0297851563
-.0402069092
.0376129150
-.0958099365
-.0815582275
.0921936035
.0349731445
.1484069824
.1454620361
-.1349487305
-.1182098389
-.1221008301
-.1103210449
.0482940674
.0763549805
.0559539795
-.0996093750
-.0596923828
-.2040100098
-.0929870605
-.1294860840
-.0554351807
-.2020416260
.0405426025
-.0452575684
-.1146545410
.0987396240
-.0757598877
.0809936523
-.0393066406
-.0377044678
.0348510742
-.0430908203
.0465698242
.0407867432
.0296936035
-.0467681885
-.1061706543
-.0429077148
-.1511993408
.1342010498
.0704345703
-.0761413574
-.0792694092
-.1068725586
.0880889893
.1904296875
.0685272217
.0810089111
-.0605773926
-.1253814697
-.0878601074
.0472259521
.1708526611
.0406799316
.0767211914
-.0588378906
.0671691895
.0345001221
.0702667236
-.0536956787
-.1634216309
-.1963653564
-.0775451660
.0607604980
-.0399627686
.1766357422
.1537170410
-.0517883301
.0447082520
.0656127930
-.0997314453
.0593109131
-.0617675781
.0944976807
.0749816895
.0733184814
.0771636963
-.0643005371
.0418395996
-.0397949219
-.0366668701
.0299530029
-.0291290283
.0423431396
.0315399170
.0398712158
.0485382080
.0853881836
.0382537842
.1614227295
.1513977051
.0804901123
-.1334381104
.1016998291
.0469207764
.0556488037
.0394287109
.0438079834
.0384674072
-.0455322266
-.0410156250
-.0367584229
-.0458831787
-.0460510254
-.0468597412
-.0846405029
-.1433258057
.0671539307
.0680389404
-.1204071045
-.1271972656
.0658264160
-.0793762207
.1817932129
.0654144287
-.0777435303
.1321258545
.0382995605
.0502014160
-.1201171875
-.0421600342
-.0276947021
-.0184783936
-.0799407959
-.0645904541
-.0916748047
.0917663574
.1220703125
.0756683350
.0679473877
-.1063690186
-.0675811768
.0357818604
.0670928955
.0489501953
.0812377930
-.0579833984
.0534973145
.0309448242
-.0747222900
.0424041748
.0475616455
-.0510711670
-.0601043701
-.0362701416
.0397949219
.0374603271
.0455627441
-.0839538574
-.0449676514
.0466918945
.0407714844
-.0478363037
.0900115967
.0910644531
-.0733337402
.0463104248
.1496582031
.0946350098
.1275939941
.1066436768
-.0664520264
-.0325164795
.0417175293
.1064453125
-.0877838135
.0975952148
.0922393799
.0738677979
.0758819580
-.0546264648
-.0477142334
.0647125244
.1208953857
.0636596680
-.0579223633
.0806427002
-.0482025146
.0721740723
-.0321807861
-.0699920654
-.0413055420
-.0775909424
.0840454102
.1117553711
-.0854034424
-.0553131104
-.0377807617
.0493621826
-.0467071533
-.0647125244
-.0508117676
.0818939209
-.0835113525
-.0670928955
.0526428223
-.0712738037
.0697631836
-.0507507324
.0969238281
.0881805420
-.0531463623
.0238952637
.0262145996
.0372009277
.0363159180
.0436248779
.0380401611
.0481567383
.0487518311
-.0879516602
-.0391082764
-.2284088135
-.0998992920
-.0939483643
.1641387939
-.0834197998
.0941925049
-.1141967773
-.1349334717
-.0602111816
-.0574951172
.0596771240
.0591430664
.0669097900
.0692596436
.0380859375
-.1019744873
-.0719909668
.0357818604
-.0936737061
.0357666016
.0952301025
.0634613037
-.0703277588
.0365295410
.0372772217
.0463714600
.0426788330
-.0407104492
-.0452728271
.1648254395
.0761566162
-.0469818115
.1867218018
-.0792694092
-.0714111328
.1056060791
-.0961761475
-.1006164551
-.1358337402
-.0748596191
.0616607666
-.0836486816
.0462799072
-.1234130859
-.1565399170
-.0689392090
-.1415557861
.1155090332
.0984344482
-.1173553467
.1342163086
.1206817627
.0614166260
-.1180267334
.0824279785
-.0526123047
.0566558838
-.0411682129
.0320434570
.0561370850
-.0490875244
-.0379486084
-.0399169922
-.0378112793
.0370635986
-.0374908447
.0204162598
-.0267333984
.0285949707
.0427856445
.0489807129
-.0545196533
.0911560059
-.1224822998
.0895690918
.0605163574
.0594635010
.0862274170
.0518646240
-.1292724609
.0494079590
.0334320068
.1004638672
.0419616699
.0672912598
.0440521240
-.0876312256
-.0467681885
.0390625000
-.0311737061
.0528106689
-.0433502197
.0320587158
.0249023438
-.0237731934
.0279846191
-.0381164551
.0350952148
.0330657959
.0371398926
.1899414063
-.0643768311
.1407318115
-.0754089355
.0936431885
.0806274414
.0796051025
.0789184570
-.0383605957
.0657653809
.0912017822
.0412292480
.1192779541
.0977325439
-.0443572998
.0735778809
.0378723145
.0633544922
-.0710296631
.1110992432
.0913543701
-.0685119629
.0948333740
-.0931243896
-.0462493896
.0845489502
.0442810059
-.0732269287
.0796661377
-.0665893555
-.0305480957
.0292358398
-.0355834961
.0320739746
-.0330200195
.0357818604
-.0423126221
.0431213379
.0355529785
-.0332794189
-.0409088135
.0402526855
-.0362854004
.0383911133
.0269927979
-.0399017334
.0426788330
-.0539550781
-.0558166504
-.0458374023
-.0937347412
-.0431365967
-.1508026123
-.1962280273
.0845794678
.1531829834
.1468200684
.0894317627
-.0736083984
-.1305541992
-.0602722168
-.1418151855
.0341491699
-.0594329834
-.0642395020
.0678100586
-.1291503906
-.0830841064
-.0573577881
-.1542510986
.1792907715
-.1671447754
-.0455017090
.1150665283
.1617584229
.1827392578
.1398620605
-.0799865723
.0879364014
-.1768035889
-.1943054199
.0853118896
-.0390319824
-.0311737061
.0292510986
-.0262298584
-.0217285156
.0392761230
.0295867920
.0879974365
.0261230469
-.0967254639
-.0484771729
-.0593719482
.0804290771
.0509643555
.1130828857
-.1886444092
-.0689392090
-.0519714355
-.1177825928
.0520324707
-.0416717529
-.0971832275
-.0797271729
.0589447021
-.0518341064
.0314331055
-.0452575684
.0377044678
-.0368041992
-.0398559570
-.0843048096
.1290130615
-.1420288086
-.1753082275
.1473999023
-.1218566895
-.1194000244
.2044219971
-.1903839111
.1216125488
-.0576782227
-.0487518311
.0368652344
.0325622559
.1379089355
.1915740967
.1515655518
-.0459136963
.1444549561
.1587982178
.0260009766
.1424255371
-.0874633789
.1934509277
-.1828460693
-.1015319824
.0526275635
.1254577637
-.0723266602
-.0662994385
-.0415344238
.0855102539
.0399475098
-.0428009033
-.0532531738
.0422210693
.0375061035
-.0371704102
.0330505371
.0244903564
-.0306091309
-.0467681885
-.0511169434
.0383911133
-.0307769775
-.0361328125
-.0341339111
-.0380706787
-.0645599365
.0597076416
.0835876465
.0744171143
.0678100586
-.0545043945
.0496368408
.0519866943
.0529174805
-.0354919434
.0317535400
.0401000977
-.0505371094
.0420532227
.0635070801
.0626373291
.0825958252
.0370330811
.0457000732
.0950775146
-.0402221680
.0695190430
.0404663086
-.0576629639
-.0577239990
-.0574645996
-.0573272705
.1094360352
-.1289978027
-.1184387207
.1252593994
-.0751800537
-.0718536377
-.0924682617
-.0376281738
.1053466797
-.0634918213
-.0429534912
.0291595459
.0319671631
-.0538787842
-.0891418457
.0724029541
-.0694427490
-.0367584229
.0317840576
.0822143555
.0263671875
-.0352172852
-.0637817383
-.0704345703
-.0903320313
-.0647125244
-.0578613281
.0299682617
-.0756530762
.0709381104
-.0656127930
-.0759277344
-.0669403076
-.1103973389
-.1082153320
-.1753540039
.1023559570
-.1504364014
-.0735626221
-.1203308105
.1913299561
.1026763916
.0385742188
.0538940430
.0510864258
.0356903076
-.0336608887
.0442504883
-.0385589600
-.0497894287
.0337982178
-.0422210693
.0488433838
.0373382568
-.0374603271
-.0440216064
.0942993164
.1451110840
.1274871826
.2008056641
-.0670928955
-.0367889404
.1448974609
-.1612701416
-.0332641602
-.0315551758
.2127075195
-.0378723145
.0434722900
-.0543518066
.1465301514
.0523681641
.3506317139
-.0487213135
.0774230957
.2506866455
-.0771179199
.1193389893
-.0785064697
-.0866699219
.0660705566
.0735015869
.0537109375
-.0393524170
.0311889648
.0442047119
.0594787598
.0606689453
.0516357422
.0449523926
.0630035400
.0883026123
-.0884704590
-.0904235840
-.1006164551
.0793914795
-.1394348145
.0939025879
.0740051270
.0625915527
.1025085449
-.0452575684
.1087036133
-.0317535400
.0910949707
-.1056518555
.0952301025
-.0361022949
-.1017913818
-.0612335205
-.0740509033
.0821533203
.0575866699
-.0683593750
-.0392608643
-.0582427979
.0451965332
-.0259094238
.0243682861
-.0254974365
-.0199584961
-.0271911621
-.0166931152
.0249633789
.0265350342
.0210113525
-.0292053223
.0228424072
-.0248565674
.0261077881
-.0290679932
.0241546631
.0165863037
.0187530518
-.0249023438
.0265655518
.0197143555
-.0229949951
-.0279846191
.0227661133
.0226593018
-.0291290283
-.0500946045
-.0360260010
.0180053711
-.0223083496
.0146484375
-.0206298828
.0191650391
.0244293213
.0174560547
-.0257720947
-.0215911865
-.0165405273
-.0167541504
.0424804688
.0156555176
.0219421387
-.0173950195
-.0139007568
.0119018555
-.0093994141
-.0049285889
.0032653809
-.0325164795
