.0014953613
.0014801025
.0014190674
.0014038086
.0014190674
.0014038086
.0013885498
.0014038086
.0014343262
-.0025482178
-.0046539307
-.0035858154
-.0749664307
.1556243896
.2352294922
.0408477783
-.0396423340
-.0511322021
-.0113067627
-.0856018066
-.0855865479
.1407012939
.1446228027
.1402435303
-.2359924316
-.0677185059
.1118011475
.1354675293
-.0335998535
-.0121002197
-.0960083008
-.0973968506
-.0380401611
-.0205383301
-.0105133057
-.0070495605
.0056304932
.0067596436
-.0355224609
.0080566406
-.1408691406
.1062011719
-.0563354492
-.1288604736
-.0991516113
.1083374023
-.1202545166
-.1113433838
-.0401153564
-.0679626465
.0058441162
.3445129395
-.1174011230
-.1584777832
-.1257324219
.1105041504
-.0491790771
-.0944213867
-.0475006104
-.0084075928
-.1456146240
-.1130523682
.0923461914
-.0222930908
-.0051879883
.0041351318
.0031433105
.0034027100
.0017547607
.0318298340
.0553741455
.0138397217
-.0609436035
.0470123291
-.0468139648
.0784149170
-.0922698975
.0254974365
.1915130615
.1931762695
.0134735107
.0361785889
-.1804962158
-.0833740234
-.1281738281
.1624908447
.2806549072
.1232299805
.1266784668
-.0307617188
.0905303955
.0525360107
-.0276336670
.0237426758
-.0170288086
.0219879150
-.0063018799
-.1785430908
-.0039215088
-.0046691895
.0021209717
-.0030517578
.0028991699
-.0297698975
-.0409545898
-.0551300049
.0816650391
.0826263428
.0789947510
.0979461670
.1037750244
.0992431641
-.0655975342
-.0393829346
-.0074462891
.0030517578
-.0045013428
-.0033874512
-.0506896973
.0068359375
.0458984375
-.0503387451
-.0660858154
-.0728149414
-.1289520264
-.1315765381
-.1255493164
.2368164063
-.0713653564
-.0057220459
-.1006469727
.1321716309
-.0565643311
-.0356597900
.0855407715
.0434265137
.0039978027
-.0097045898
.0230712891
.0032043457
.0015258789
.0014953613
-.0083465576
-.1376953125
.0285339355
-.0441436768
-.1041107178
-.0584106445
-.0174407959
-.0366058350
.0346374512
-.0392761230
-.0433959961
-.0458221436
-.0606384277
-.0348663330
-.0549621582
-.0952301025
-.0548706055
-.0345458984
-.1022644043
-.0425262451
-.1093597412
.1489715576
-.0755767822
-.0756378174
-.0078125000
.0301361084
.0120849609
.1322021484
-.0428619385
-.0272369385
-.1012268066
.0737915039
.0944671631
.0107116699
.0184936523
.0237884521
-.0220184326
.0134277344
.0059204102
.0033111572
.0018157959
.0022430420
.0020904541
.0027160645
.0019989014
.0311889648
-.0506439209
-.0489807129
-.0329437256
.0780792236
.0080108643
-.1009979248
-.0870819092
-.0322265625
.1614227295
.2675781250
.1212158203
.0858001709
.0789642334
.0545501709
-.0581970215
-.0559539795
.0848236084
.0140533447
.0043792725
.0026702881
-.0516357422
-.0818328857
-.0999450684
.0457000732
-.0436096191
-.1098175049
-.1247100830
-.0155487061
-.0035247803
-.0048522949
-.0017547607
.0027008057
-.0027465820
.0019531250
.0378723145
-.1249542236
-.0575256348
.1147460938
-.0906982422
.0343475342
-.1028442383
.1140441895
.0355682373
-.0672149658
.1022338867
.0459747314
.0254974365
-.0635528564
.0171203613
-.0043334961
.1056365967
.1102447510
-.0886840820
-.0723114014
-.1945495605
.1170959473
-.1386566162
-.0574951172
.1068725586
.0554962158
-.0449218750
-.0063934326
-.0215148926
.0521545410
-.0088348389
-.0420227051
.0149536133
.0045318604
.0188293457
.0539093018
-.0296478271
.0124969482
.0751647949
-.0097808838
.0932922363
-.0474700928
-.0469970703
.0898132324
-.1002807617
-.0801544189
-.0928039551
-.0423431396
-.0313415527
-.0347137451
-.0574188232
-.0614166260
.0534515381
-.2051086426
-.0541229248
-.1113586426
-.0095825195
-.2010498047
-.0813446045
.0282440186
-.1427612305
.0195617676
.0539703369
.0197753906
.0036315918
.1248016357
-.0565490723
.0044555664
.1991424561
-.1021728516
-.0660705566
-.0672607422
-.1473388672
-.0689697266
-.0788421631
.0619354248
-.0564270020
.0486602783
-.0682220459
-.0064544678
.0025939941
-.0250549316
-.0490722656
-.0599822998
.0764923096
-.0251312256
.2255859375
-.0151062012
.0054931641
-.1120910645
-.0852355957
-.0511322021
-.0503845215
.0673828125
-.0278320313
.0517578125
-.0432128906
-.0162658691
.0829162598
.0221557617
.0129852295
.0096435547
-.0080566406
.0033111572
.0087432861
-.0758056641
-.0878753662
-.0873565674
.0556793213
-.1233673096
-.1359252930
-.0971527100
-.1092987061
-.1049957275
-.0953063965
-.0933074951
.0094604492
-.0590209961
.0422210693
-.0758514404
-.0420532227
-.1840362549
-.0551605225
-.0694427490
-.0930633545
-.1351470947
-.1151428223
-.0066833496
.0878295898
-.0665130615
-.0720977783
.0634460449
.0642547607
.0053863525
-.0038299561
-.0021362305
-.0050964355
.0039215088
.0031890869
.0021209717
-.0030517578
-.0034179688
-.1053466797
.0694274902
.1132354736
-.1109771729
-.0460968018
-.1208190918
-.0455017090
-.0889892578
.0705413818
-.2130126953
-.0569610596
-.0323944092
-.0767822266
-.0544586182
-.0567321777
-.0086975098
-.0951690674
-.1374816895
-.0095214844
-.0581512451
.0494995117
.0438385010
.0253601074
-.0592956543
-.0422668457
-.1442413330
-.1380920410
-.0401611328
-.1424407959
.0102844238
.1526947021
.1660919189
.1252136230
-.0294189453
.0103454590
.0457000732
.0447387695
-.0241394043
-.0060577393
.0480041504
.0474700928
-.0290527344
-.0393218994
-.0547485352
-.0277557373
-.0224914551
-.0160827637
-.0039825439
-.0017852783
-.0030517578
.0031280518
.0021362305
.0032653809
-.0033874512
-.0027618408
.0017242432
-.0562896729
.1240997314
-.0448608398
.0715484619
-.0880889893
.0178527832
.0173645020
.0407409668
.0029754639
-.0034790039
-.0055541992
-.0036315918
.0048217773
-.0045623779
.0038299561
.0020294189
.0025329590
.0019836426
.1228485107
-.1654815674
-.0792388916
-.1923980713
-.0767822266
-.0574645996
.0351409912
-.0955200195
-.1192474365
.0492401123
-.0556335449
.1009826660
-.0098571777
-.0461578369
-.1111755371
-.0677337646
.0365447998
.0555114746
-.0052185059
-.0950775146
.0139770508
-.0758209229
.0401306152
.1090545654
-.0709838867
.0422363281
-.0654602051
-.0802612305
-.0146636963
.0287017822
.0462951660
.0812530518
.0497283936
.0630950928
.0575103760
.0550537109
.0321197510
-.0303649902
-.0340423584
-.0046234131
.0314483643
-.0027465820
.0031890869
.0025024414
.0048980713
-.0030059814
.0023345947
-.0025329590
.0032501221
.0034332275
-.0121154785
.0737457275
.0946807861
-.0574035645
.0066070557
.1291809082
.0757141113
.0812072754
.0880584717
.0633544922
-.0165405273
.0022888184
.1121368408
-.0847778320
-.0649108887
.0667419434
.0501403809
.0498046875
.0614013672
.0318908691
-.0245056152
-.0350036621
.1009521484
.0355377197
.0404052734
.0353851318
-.0088195801
-.0147094727
.0601348877
.0131988525
-.0504150391
.0157012939
.0466003418
.0329895020
.0975341797
.0837097168
.0279235840
.0231475830
.0458984375
.0762329102
.0834197998
.0198211670
.0292663574
.1024017334
-.0116424561
.0680236816
-.0490264893
.0294647217
-.0408782959
-.0349273682
.0691528320
.0489501953
-.0291748047
-.0064544678
.0028533936
.0032043457
-.0022735596
.0026245117
-.0020294189
.0022277832
-.0023345947
-.0590667725
-.0703125000
.0080108643
-.2138366699
-.0964508057
.0816040039
-.1589355469
-.0729675293
.0382385254
-.1009063721
-.0961151123
.0341796875
-.0046997070
-.1147918701
-.0572204590
.0787353516
-.0257568359
.0393371582
-.0785980225
-.0921478271
.0454101563
-.0167999268
-.0847625732
.0072174072
.0753784180
.0717620850
.0479278564
-.0361328125
.0098724365
.0029602051
-.0058746338
-.0095672607
-.0020446777
.0238494873
.1166839600
.0727233887
.0236968994
-.0983428955
.1152801514
-.0203094482
.0924682617
-.1045837402
-.0914459229
-.0715332031
-.0208892822
.0938110352
.0650177002
-.0151214600
-.0324249268
-.0806732178
-.0787963867
.0092773438
-.1470184326
.1036376953
-.0386657715
-.0410614014
.1126251221
.1055450439
.0776977539
.0942382813
-.0436706543
-.0578155518
.0301971436
.0208435059
.0021362305
.0033264160
-.0018768311
.0016021729
.0019683838
.0035552979
.0024414063
.0011749268
.0030822754
-.0017395020
.0028991699
.0011901855
.0070953369
-.0381927490
.0334472656
.0364685059
.0727691650
-.1088562012
.0698699951
.0400390625
.0864868164
.0869140625
-.0117492676
-.0784606934
.0640106201
-.0728149414
.0285034180
.0478057861
-.0065307617
.0455169678
.0126342773
-.0758514404
.0289154053
-.0039215088
-.0025482178
.0022430420
-.0023040771
.0021820068
.0015411377
-.0019226074
.0025024414
-.0016479492
.0023040771
-.0016632080
.0029144287
-.0014801025
.1696472168
-.0412445068
.1175537109
-.0608978271
-.0894317627
.1019592285
.0062103271
.0732879639
-.0140533447
.0419158936
-.0498657227
.0688171387
-.0230560303
.1016235352
.0725860596
-.0163116455
.0678558350
-.0276031494
-.0309143066
-.0593566895
.0969543457
-.0230255127
.0537109375
.0748443604
-.0605773926
.0795440674
.0839538574
.0691375732
.0382995605
.0727844238
.0749816895
.0452270508
.0168457031
.0146636963
-.0153350830
.0023040771
.0023803711
.0017547607
-.0027770996
-.0040893555
-.0023193359
-.0040435791
-.0154113770
-.0140228271
-.0151062012
-.0191955566
.0100097656
-.0116882324
.0392608643
.0240631104
.0414581299
-.0406341553
.0153503418
-.1353149414
-.0245819092
.0498504639
-.2111816406
-.1570587158
-.1098785400
.1605834961
.1324920654
-.0776977539
-.0596618652
-.1210632324
-.0523376465
-.0733947754
-.0084686279
-.0252380371
-.0446319580
.0975494385
.0532226563
-.0784912109
-.0729827881
-.1525115967
-.1001281738
.3107910156
-.1595611572
-.0357971191
.1005096436
.1563110352
.2010040283
.1013641357
.1317749023
.0226135254
.1042785645
-.2399597168
-.2066040039
.0472259521
-.0231170654
-.0133514404
.0051269531
.0023498535
-.0033111572
.0284729004
-.0042572021
.0785369873
-.0123138428
.0208892822
-.0358428955
.0305175781
-.0809326172
.0772094727
.0392456055
.1069183350
-.1122131348
-.0413360596
-.0314788818
-.1092529297
-.0315856934
-.0140075684
-.0746765137
-.0752563477
.0278320313
-.0233001709
-.0068817139
.0013732910
.0013732910
.0013580322
.0035705566
.0027160645
-.0692596436
.0997467041
-.1164093018
.1418914795
-.1359863281
-.1023101807
.1260375977
.1661224365
.1270446777
.0912322998
.0540313721
-.0086669922
-.0122528076
-.0098571777
.0047454834
.1426239014
-.1820983887
.1228790283
-.0394439697
.1066741943
.1558837891
.0162658691
.1437530518
-.0246734619
.1624450684
-.1542205811
-.1003723145
.0978851318
-.0512542725
.0797576904
.0469360352
.0610961914
-.0213623047
.0716400146
.0079498291
.0047912598
.0022735596
.0020904541
.0014495850
.0014343262
.0014495850
.0014190674
.0013732910
.0014343262
.0014801025
.0013885498
.0014038086
.0014343262
.0014190674
.0013885498
.0014190674
-.0023193359
.0251464844
.0581207275
.0733184814
.0626525879
.0520629883
.0565338135
.0497283936
.0301055908
-.0254211426
.0176086426
.0042724609
.0061492920
.0039672852
.0055084229
.0023040771
-.0031738281
.0334472656
-.0653686523
.0052795410
-.0603027344
-.0393829346
.0275726318
.0590515137
-.0294494629
-.0284423828
.0398712158
-.0340881348
-.0376892090
.0547943115
-.1020812988
-.0948028564
-.0678405762
-.0710449219
-.0469970703
-.0751953125
-.0748138428
-.0077056885
.0881805420
-.0475311279
-.0115814209
-.0058288574
-.0033111572
-.0476684570
-.0537567139
-.0599212646
-.0476226807
-.0304412842
.0039062500
.0531311035
-.0142669678
.0038757324
.0516815186
-.0386505127
-.0547180176
.0610961914
-.0537109375
-.0469360352
-.0049743652
-.0539550781
.0387420654
.0276947021
-.0549316406
.0528717041
-.0909271240
.0576934814
-.1686401367
-.0201263428
-.0491485596
-.1086425781
-.0193634033
.1387481689
.1612243652
-.0777435303
.0053558350
-.0301818848
-.0068817139
.0030517578
-.0025939941
.0048675537
.0031738281
-.0042724609
-.0024566650
-.0024261475
-.0028686523
.0014038086
.0028381348
-.0015869141
-.0014495850
.1042633057
.1268005371
.1329956055
.1696624756
.0492095947
-.0186157227
.1546325684
.0657958984
-.1284790039
-.0407257080
.1350250244
.1784973145
.0138092041
-.0306854248
-.0377349854
.1268157959
-.0326538086
.3436126709
-.0471343994
-.0746917725
.2229461670
-.1114044189
.1929931641
-.0556030273
-.1206054688
-.0287475586
-.1056976318
-.0469207764
-.0451965332
-.0150756836
.0068054199
.0404357910
-.0236511230
-.0097808838
-.0017089844
-.0025787354
.0279541016
-.0624542236
-.0722198486
.0649719238
-.0843048096
-.0380859375
.0663452148
-.1159210205
-.0713958740
.0669860840
.0512542725
.0828399658
.0257720947
-.0856781006
-.0205993652
.0695495605
-.0553894043
-.0936737061
-.0754699707
.0036315918
-.0661163330
-.0567779541
-.0765838623
-.0715179443
.0591735840
.0512847900
-.0214538574
.0471343994
-.0487823486
.0069732666
.0141296387
.0039672852
.0021972656
-.0012359619
-.0012359619
.0016326904
.0014648438
.0014801025
.0024261475
.0013580322
.0010070801
.0010070801
-.0013732910
.0013885498
.0013885498
.0013885498
