-.0003967285
-.0003051758
-.0003662109
.0004119873
-.0004577637
-.0016326904
-.0027465820
.0031127930
.0042724609
-.0051116943
-.0045166016
-.0052185059
.0061035156
-.0086517334
.0083312988
.0075683594
-.0092773438
.0069427490
-.0075836182
-.0108947754
.0084838867
-.0118255615
-.0128326416
-.0130767822
.0113830566
-.0115051270
.0184631348
.0147247314
-.0209960938
-.0129394531
-.0152435303
-.0133819580
-.0160522461
-.0123596191
-.0162506104
-.0164184570
.0164642334
-.0123748779
-.0163574219
-.0119171143
.0164947510
-.0167388916
-.0167388916
-.0134582520
-.0170440674
.0168609619
.0156097412
-.0190582275
-.0215759277
-.0211791992
.0252075195
-.0315399170
-.0214996338
.0182800293
-.0391387939
.0219421387
-.0290222168
-.0230560303
-.0222625732
.0385284424
-.0290985107
.0237731934
.0280914307
-.0341339111
-.0190887451
-.0242767334
.0247497559
-.0366668701
-.0245056152
-.0327606201
.0306854248
.0376586914
-.0203247070
.0348358154
-.0266418457
-.0207366943
.0191040039
-.0291442871
.0164184570
.0151367188
-.0157623291
.0213928223
-.0119323730
.0159759521
-.0118408203
-.0182952881
.0168914795
-.0103759766
-.0106811523
-.0155487061
.0110626221
.0171813965
-.0120391846
-.0088653564
-.0119628906
-.0092620850
-.0111694336
.0110168457
-.0102691650
-.0119628906
-.0086517334
.0102386475
-.0077819824
.0075988770
-.0066375732
-.0065917969
-.0079803467
-.0090179443
.0075073242
-.0063629150
.0080261230
-.0102539063
-.0084381104
.0104217529
-.0198364258
-.0431060791
-.0851287842
-.0881347656
-.0272216797
.0265655518
-.0365447998
-.0208740234
-.0996246338
.0689392090
.0311737061
.0066986084
.0135803223
-.0597686768
.0547180176
.0661163330
-.0499267578
-.0488586426
.0158843994
.0242156982
-.0091094971
-.0210723877
.0762634277
.0768737793
.0718688965
.0078277588
-.0140380859
.0124664307
-.0111846924
.0101013184
.0516967773
.0608520508
.0530090332
.0704345703
.0790405273
-.0911407471
.0071258545
.0055999756
-.0036621094
.0789489746
.0727386475
-.0301055908
.0060119629
-.0031738281
-.0025329590
-.0061798096
.0832672119
.0809173584
.0863800049
.0744323730
.0578155518
-.0420227051
-.0449371338
-.0293121338
-.0180511475
-.0095520020
.0030822754
-.0036315918
.0027008057
.0033874512
-.0029602051
.0044708252
-.0023498535
-.0028381348
-.0023193359
.0020751953
-.0020141602
.0021362305
-.0113677979
-.0217590332
-.0466918945
.0612792969
.0827484131
.0566711426
-.0313110352
-.0478057861
-.0217590332
-.0121765137
-.0045318604
-.0056762695
-.0052185059
.0056457520
-.0068969727
-.0062713623
-.0064544678
.0079650879
.0071868896
-.0029296875
-.0031585693
.0027465820
-.0039520264
.0051116943
.0115356445
.0077209473
-.0048217773
.0093536377
.0045318604
-.0044555664
.0057830811
.0095672607
-.0095977783
.0098114014
.0114288330
.0069427490
-.0067291260
.0046081543
-.0032958984
.0043029785
.0047149658
.0083312988
-.0064849854
.0066986084
-.0239105225
.0100555420
-.0124664307
.0077667236
-.0082702637
-.0058593750
.0067443848
.0065002441
-.0127105713
-.0042572021
.0034637451
.0252380371
-.0487060547
.0606079102
.0481414795
-.0464782715
-.0341033936
.0298919678
-.0327301025
-.0505828857
-.0691375732
-.0839233398
.1113739014
.1198120117
-.0866546631
-.0856628418
.0813903809
-.1337585449
.0612945557
-.0700683594
-.0890655518
-.0924377441
-.0892486572
-.1065216064
-.0948638916
-.0956268311
.0951080322
.1531677246
.1771697998
.1560821533
.1225891113
.1320648193
.1186218262
.1195068359
-.0993957520
.0908813477
-.0604705811
-.0189971924
-.0112152100
.0099334717
.0120391846
-.0141906738
.0077514648
-.0032653809
.0023651123
.0154266357
.0452270508
.0692596436
.0739288330
.0406188965
.1424255371
.2145690918
.0967559814
.0510101318
-.0467376709
.0788269043
.0894165039
.1459960938
.1450805664
.1900482178
-.0893554688
-.0769042969
.0375366211
.0884094238
.1030273438
.1421203613
.1470642090
.1405029297
-.0961914063
.0556030273
-.0163269043
.0126800537
.0069274902
.0048522949
-.0123291016
.0175170898
-.0177459717
.0147857666
.0270996094
.0216522217
.0334014893
.0350646973
-.0263366699
.0213165283
.0230712891
-.0223999023
.0167999268
.0074462891
-.0070190430
.0039978027
-.0048370361
-.0032196045
-.0040283203
-.0038146973
-.0341949463
-.1148071289
-.1100921631
.0269012451
-.0039978027
-.0074615479
.0356597900
-.0174102783
.1483001709
-.1780090332
-.1415100098
.1089782715
-.1608886719
.1533508301
.1316070557
.1522216797
.1457061768
-.1248168945
-.0213623047
-.0135040283
-.0448608398
-.0909423828
-.1030120850
-.0441131592
-.0696105957
.0599212646
-.1127319336
-.0872497559
-.0386657715
-.0209197998
.0248718262
-.0488739014
-.1115722656
.0697479248
-.0222015381
.0208587646
.0228576660
-.0268554688
.0568389893
.0920715332
.1012725830
.1042938232
.0973358154
.0820770264
.0758666992
-.0637207031
.0191040039
-.0151519775
-.0200042725
.0210571289
-.0380706787
-.0317840576
-.0191040039
.0266265869
-.0252838135
.0285949707
.0415344238
-.0435028076
-.0413360596
-.0385437012
-.0372619629
-.0327758789
.0297241211
.0238037109
-.0203857422
-.0180816650
.0195465088
.0177001953
-.0175018311
-.0116729736
-.0157928467
-.0126037598
-.0097503662
.0083618164
.0062103271
-.0059509277
.0109100342
.0070190430
-.0084838867
-.0112152100
-.0077667236
-.0135040283
-.0544433594
.0974426270
.0814819336
-.0360260010
-.0567779541
.0757751465
.0351409912
-.0502319336
-.0407562256
.0556640625
.0531768799
-.0327758789
-.0737915039
-.0403594971
-.0141601563
.0142669678
-.1049194336
-.0734710693
.0747222900
.0579986572
.0153808594
-.0176849365
.0121459961
-.0101623535
.0709228516
.1033325195
.0786437988
-.0749816895
.0516204834
.0524139404
.0470123291
.0764617920
-.1328430176
-.1313781738
-.1265106201
-.1184234619
.0846099854
.0755462646
.0542297363
-.0401306152
.0265197754
.0682983398
.0776214600
.0884094238
.0947570801
.0740051270
.0809631348
.0708465576
.0402221680
-.0184478760
-.0108642578
.0076599121
.0096130371
.0269012451
.0551300049
.0332641602
-.0382843018
.0260467529
.0341644287
.0779418945
.0912322998
.0328063965
.0411834717
-.0383453369
.0114135742
-.0093994141
-.0092315674
-.0094146729
-.0164642334
.0911712646
.0862274170
-.0186462402
.0137939453
-.0137329102
.0088653564
.0209960938
.0609588623
-.0353851318
.0313262939
.0197753906
-.0240631104
-.1201324463
-.0931243896
-.0894622803
-.0752410889
.0821685791
.0711669922
.0621337891
.0725250244
-.1148681641
.1078338623
.0431823730
.0562896729
.0812072754
.0845031738
.0800170898
.0704193115
.0551605225
-.0486907959
-.0470733643
.0334777832
.0649719238
.0532379150
.0556640625
.0733795166
-.0284118652
-.0499877930
.0847320557
-.0869598389
.0705566406
.0418090820
.0249938965
.0413208008
.0320129395
.0478668213
.0870666504
.0483093262
.0507049561
.0472106934
.0459289551
.0574035645
.0606231689
.0607147217
.0274200439
.0152893066
-.0196838379
.0135955811
-.0110015869
-.0097198486
-.0176086426
.0249481201
.0356292725
-.0209350586
-.0228729248
.0213928223
.0130615234
-.0097656250
-.0118560791
-.0105590820
.0091705322
-.0121154785
-.0117950439
.0095520020
-.0085754395
-.0111083984
.0153503418
.0110168457
.0129089355
.0133666992
-.0075988770
.0158538818
.0152282715
-.0207824707
-.0102386475
-.0087432861
.0074462891
-.0076293945
-.0043640137
-.0078582764
.0066223145
.0167541504
.0288085938
-.0259399414
.0203857422
-.0167236328
-.0129699707
.0108489990
-.0093078613
.0097961426
-.0117034912
.0108337402
.0135040283
-.0156250000
-.0236358643
-.0365905762
-.0394744873
.0327301025
-.0304718018
-.0266876221
-.0270690918
-.0277099609
-.0317687988
-.0303039551
-.0086364746
.0052490234
-.0128326416
-.0074462891
.0285186768
-.0591583252
-.0487060547
-.0486297607
.0125274658
-.0398559570
-.0540313721
-.0395660400
-.0147857666
-.0294494629
.0297698975
-.0253753662
-.0269165039
-.0262145996
-.0211791992
-.0166778564
-.0146942139
-.0346069336
-.0333709717
-.0302734375
-.0326995850
-.0301971436
-.0356903076
-.0361328125
-.0391540527
-.0289764404
.0144958496
-.0141448975
-.0056610107
-.0036468506
.0061645508
-.0061492920
.0132141113
.0145263672
-.0105438232
.0065917969
.0177612305
.0190277100
-.0206298828
-.0092163086
.0099182129
-.0065765381
-.0061798096
-.0064849854
.0062103271
-.0061950684
.0079650879
.0066528320
-.0067901611
-.0081329346
.0053405762
-.0065917969
.0077667236
.0059661865
.0084381104
.0076599121
.0085906982
.0078887939
-.0054321289
.0055236816
-.0067443848
.0081939697
-.0065917969
-.0072021484
.0064544678
-.0068359375
.0073089600
-.0069427490
.0084686279
-.0091857910
-.0078735352
-.0097045898
-.0092315674
-.0091400146
.0124206543
-.0105895996
-.0083465576
.0107116699
-.0124053955
-.0110931396
-.0148773193
-.0105285645
.0159606934
.0116577148
.0189361572
-.0158996582
.0182342529
-.0153656006
.0166168213
.0159606934
.0189971924
-.0146026611
.0127868652
-.0182037354
-.0229797363
-.0293884277
-.0218811035
.0168609619
.0138702393
-.0161132813
.0205688477
.0141754150
-.0179290771
.0142974854
-.0200958252
.0184936523
-.0137176514
-.0146942139
-.0113983154
-.0103607178
.0139617920
-.0095520020
.0126342773
.0135498047
-.0112915039
.0164642334
.0117187500
-.0161132813
-.0147399902
.0169525146
.0164337158
.0139923096
-.0107727051
-.0123748779
-.0134735107
.0153198242
-.0138092041
.0104980469
-.0118713379
-.0097808838
-.0124206543
.0130767822
-.0146026611
-.0118560791
-.0124206543
.0103912354
.0118865967
-.0110473633
.0085449219
-.0104064941
-.0113830566
-.0078887939
-.0129547119
.0118713379
.0099945068
.0111389160
.0089416504
.0084533691
-.0095672607
.0092163086
-.0111541748
.0081787109
.0089721680
-.0106048584
-.0087890625
.0102539063
-.0128021240
-.0126342773
-.0301055908
.0180511475
.0117797852
-.0085449219
.0082702637
-.0089263916
.0098876953
.0110473633
-.0086822510
-.0087127686
-.0074310303
-.0078735352
.0091705322
-.0080718994
.0083770752
-.0227355957
-.0336914063
-.0414581299
.0589141846
.0554046631
-.0475463867
.0633850098
-.0536804199
.0162200928
.0103759766
-.0148468018
.0494232178
.0563049316
.0558776855
.0550689697
-.0174865723
.0117950439
-.0079803467
-.0076446533
-.0089263916
.0356140137
.0361785889
.0330047607
.0455627441
.0369873047
.0394744873
.0460357666
.0581054688
.0728454590
.0560913086
.0678253174
.0575714111
.0490417480
.0303802490
-.0161285400
.0116577148
-.0074157715
.0097961426
.0079650879
-.0084533691
-.0106658936
-.0160675049
.0299835205
.0723266602
.1073303223
-.0531463623
-.0190429688
.0124664307
.0112762451
-.0355682373
.0377807617
-.0615844727
.0432128906
-.0238494873
-.0125579834
-.0099182129
-.0098419189
-.0088348389
.0636444092
.0685119629
.0714111328
.0499725342
-.0691528320
-.0775451660
-.0647277832
.0709381104
-.0770568848
.0836791992
.0856323242
-.0764617920
-.0457153320
.0301818848
-.0259094238
-.0224456787
.0480194092
.0542297363
.0558013916
.0663604736
-.0423126221
.0291748047
.0208740234
-.0132904053
.0102233887
-.0116729736
-.0112457275
-.0119171143
.0103454590
-.0107116699
-.0112609863
-.0102081299
.0117492676
-.0170593262
.0109558105
-.0104370117
.0083923340
-.0104064941
-.0102386475
-.0135650635
.0107116699
-.0153503418
-.0200347900
-.0152893066
-.0124053955
.0152282715
-.0121002197
.0113677979
-.0106811523
-.0160064697
.0073547363
-.0110931396
-.0159301758
-.0119781494
.0135192871
-.0157012939
.0105438232
-.0127868652
.0161743164
.0127716064
-.0092620850
-.0433044434
.0127868652
.0137939453
.0148620605
.0105285645
-.0136413574
.0136108398
.0111389160
-.0139007568
.0154876709
.0243072510
.0101776123
-.0137481689
-.0137786865
.0095977783
.0104370117
.0089569092
-.0235900879
-.0104217529
.0078430176
.0110778809
.0085449219
.0105438232
-.0089874268
-.0067291260
-.0074615479
.0101776123
-.0087127686
-.0079040527
-.0069427490
.0078582764
-.0084838867
-.0080718994
.0093688965
-.0087585449
.0078887939
-.0075836182
.0074005127
.0071868896
-.0077514648
-.0094604492
.0092926025
-.0103454590
.0094451904
-.0076599121
.0089721680
-.0102233887
-.0077514648
.0093231201
.0085449219
.0064544678
-.0083770752
.0082397461
-.0070800781
-.0068664551
-.0067291260
-.0095977783
.0090789795
-.0059356689
.0074615479
-.0074310303
.0084533691
-.0103759766
-.0089111328
-.0086364746
-.0102844238
-.0070190430
.0084381104
-.0081176758
.0082244873
-.0080718994
-.0102996826
.0057220459
-.0092620850
.0046997070
-.0051879883
-.0075836182
-.0057983398
-.0048675537
.0058593750
-.0045318604
-.0040740967
.0037384033
-.0040893555
-.0031433105
-.0035095215
.0021972656
.0022430420
-.0019378662
-.0021972656
-.0015106201
-.0018005371
-.0004425049
-.0004272461
-.0002593994
-.0003509521
.0003356934
-.0002746582
-.0004577637
-.0003509521
-.0003662109
.0005035400
-.0003356934
-.0004425049
-.0003662109
.0002746582
.0005187988
-.0004882813
-.0005493164
.0002593994
