.0005187988
.0021209717
-.0035552979
.0061035156
.0103759766
.0114288330
.0105590820
-.0136871338
.0209655762
-.0170440674
.0221862793
-.0314483643
-.0171813965
.0159912109
-.0321044922
.0199737549
.0203247070
.0348205566
.0271453857
.0262908936
.0341186523
.0304565430
.0361633301
.0416107178
-.0346984863
.0515899658
.0536193848
.0636749268
-.0549621582
-.0451812744
-.0468750000
.0473480225
.0619506836
.0331573486
-.0348510742
.0502014160
.0464019775
.0464477539
-.0432891846
-.0350189209
-.0392761230
.0550384521
-.0655975342
.0388183594
-.0521087646
.0544281006
.0398101807
-.0566101074
.0534362793
.0581665039
-.0573272705
.0653533936
.0595550537
.0666351318
-.0799255371
.0445556641
.0451660156
-.0512542725
-.0807647705
-.0858764648
-.0411529541
-.0658721924
-.0873260498
.0545349121
.0532836914
.0461120605
-.0468750000
-.0672607422
.0693054199
-.0413665771
.0699462891
-.0587463379
.0616607666
.0915832520
-.1480560303
-.1479797363
.1991271973
.2196960449
-.1220703125
.1745758057
.1431274414
.1264190674
.0940551758
-.0805664063
-.0696411133
-.0579376221
.0700073242
-.1171417236
.1147003174
-.0774993896
-.0976409912
-.0660705566
-.0608215332
-.0679321289
.0803985596
-.0880279541
-.0638885498
-.0459442139
-.0399780273
-.0919342041
.1219024658
-.0884399414
-.0322570801
.0372161865
-.1582641602
-.0541381836
.2101440430
.0296325684
.1461029053
.1683959961
-.1457824707
-.2019653320
.0870361328
.0621643066
.0752716064
.0884552002
.1661071777
.1000213623
-.0772552490
-.0597534180
.0525207520
-.0653686523
.0524597168
.0847015381
.0719909668
.0509338379
.0445251465
.0415344238
.0787658691
-.0583496094
-.0539398193
.0909271240
.0470275879
.0695800781
-.0833740234
-.0490264893
.0520324707
-.0470581055
-.0451049805
.1276397705
-.1094055176
.0720214844
.0885467529
-.0426330566
-.0731048584
-.0560150146
-.0502624512
.0930480957
-.0634307861
.0632934570
.1421661377
-.0459136963
.0738220215
-.0620880127
.0564727783
.0803375244
-.1105651855
-.0715637207
.0960540771
.1157531738
.1052246094
.1300659180
.0614471436
-.0636749268
-.0539245605
.0463867188
-.0445709229
-.0603637695
.0401611328
.0654907227
.0454559326
.0912933350
-.0659332275
-.0962066650
.0508270264
.0527191162
-.1064910889
-.0496673584
-.0590667725
-.0610046387
-.1600646973
-.1033020020
-.1133728027
-.0747222900
-.0742034912
-.0601043701
-.0791015625
.0647277832
-.0717926025
.2215576172
.2624969482
.1457672119
-.0692596436
.0670013428
-.0520629883
-.0891723633
-.0607604980
-.1231536865
-.0859222412
-.0530700684
-.0652008057
-.0503082275
-.0796356201
.0970153809
.1321716309
.0935211182
-.0515747070
.1324005127
-.1217803955
.0738067627
-.1046752930
.0913391113
.0670623779
.1220703125
-.1462097168
.2039947510
.1825714111
.1167144775
-.0553436279
.0575408936
-.0733032227
-.0686035156
.1372375488
-.0750885010
-.0834503174
-.0857696533
.0623168945
-.1349029541
.0884094238
-.0873413086
-.1514739990
-.1285247803
.0659332275
-.0946044922
-.1782226563
-.2523040771
.0962524414
.0838012695
.1133270264
.1611175537
-.1308288574
.1470947266
-.0997924805
-.1515350342
.1159973145
-.0844116211
.0694427490
-.0876007080
-.1018524170
.1108703613
-.0883789063
.0740966797
-.0607910156
.0651397705
.0910339355
-.0916137695
-.0836334229
-.0710906982
-.1136474609
-.1345367432
-.0979919434
-.1003723145
-.1338958740
-.1892700195
-.0876312256
-.0598754883
-.0652160645
.1496734619
.1493377686
.1075897217
-.0848999023
-.1294555664
-.0796203613
.0721130371
-.0684204102
-.0922851563
-.1072540283
-.1145935059
-.1240386963
.0618743896
-.0738220215
-.1324157715
-.1116180420
.1243133545
-.1001892090
.0867919922
.0929565430
-.0970458984
-.0893707275
.0776367188
-.0610046387
-.1045989990
-.0766296387
.0552062988
-.0413818359
-.1234588623
.0464935303
.0516815186
-.1137237549
.1134490967
.1253967285
.1212921143
-.0842285156
-.0701141357
-.0875091553
-.1037597656
-.0905609131
.0914154053
.1427459717
.0781250000
-.2672271729
.2684020996
.0777435303
-.0651855469
.0596160889
.0630645752
-.0720214844
.0875854492
-.0515899658
.0617065430
-.0969390869
-.1215515137
-.0769958496
-.0448150635
-.0828399658
-.0563964844
.1277618408
.0704498291
-.0788726807
.0936584473
-.1370239258
-.0762634277
-.0650024414
-.0847930908
-.0606536865
-.0653228760
-.0496673584
.0475769043
.1036071777
.1124725342
.1209411621
.1367950439
-.1654663086
.2948608398
-.1861419678
-.1008300781
.1031951904
.0717926025
.1110229492
-.1089172363
.1358337402
-.0784301758
-.0747375488
-.1841278076
-.0784301758
.0575256348
.0968475342
.0878295898
.1535186768
.0739593506
.1125640869
-.1237792969
-.1492156982
-.0946807861
-.1155395508
-.0800476074
.0599517822
-.0565032959
.1276702881
.1165466309
.1338500977
.1663055420
-.1559295654
-.0912170410
-.0862884521
-.1293334961
-.0966796875
.1232910156
.0507507324
.0775909424
-.0908660889
.0931701660
-.0608520508
.0704650879
.0798645020
.0756225586
.2777709961
.3539733887
.2899322510
-.0896759033
-.1160125732
-.0646514893
-.0707702637
-.0984039307
.0809478760
.0895233154
-.0792388916
.3078155518
.1248321533
.2676391602
-.1850280762
.0886688232
-.1245117188
.1007232666
.0903472900
-.0570068359
.0677795410
.0552520752
-.0573120117
-.0605773926
-.0856475830
-.0708618164
.0624542236
.0626068115
-.0830993652
-.0697631836
-.0768127441
.0982055664
-.1049499512
.1844482422
-.1463470459
-.1160736084
-.1065826416
.0820159912
-.1271362305
.0667419434
.1139678955
-.1193542480
-.0935211182
.0801391602
-.0913848877
.0772552490
.0823822021
.0740051270
-.0805511475
.1037292480
-.0957336426
.1520996094
-.1464080811
-.1198730469
-.0794830322
-.0876922607
.0647583008
-.0690307617
-.1419830322
-.1148376465
-.0990753174
-.1215515137
-.1780242920
-.1390991211
-.1253814697
.0671539307
.0578918457
-.0473175049
-.0736846924
-.0859832764
.1082153320
-.0860137939
-.0992279053
.0610961914
-.1082153320
-.0929565430
.1166076660
-.0928649902
.1393127441
.0748596191
-.1209106445
.1921844482
.2034301758
-.1281280518
-.1171417236
-.1380004883
.1414794922
-.1531219482
.2447967529
.2117004395
.2060546875
-.1965637207
-.1115112305
-.1358947754
.1226043701
.0673522949
-.0581512451
-.0464935303
.1034088135
-.1005554199
-.0914001465
.0861816406
-.0870361328
-.0572357178
-.1021270752
.0748596191
.0538330078
.0545349121
-.1295166016
-.1439666748
-.0975952148
-.0957946777
-.0673065186
.0799713135
-.0909729004
-.0766296387
.0883483887
.1142272949
.0936126709
.0865020752
-.0683441162
.1139984131
.1242675781
.1186676025
-.1360321045
-.1244049072
-.0946960449
.0902404785
-.0813446045
.0583801270
-.0731811523
-.0342864990
-.0579833984
.0465698242
-.0403747559
-.0449066162
.0824890137
.0812072754
.0661315918
-.0859832764
-.0978240967
-.0737609863
-.0917053223
-.0805358887
-.0786437988
-.0807495117
-.1226043701
-.1052246094
-.0907135010
.0713958740
.0789184570
.0834045410
.0852355957
.0760955811
.0433959961
-.0349578857
.0480499268
-.0698699951
.0390777588
-.0407104492
-.0509948730
.0399017334
-.0488128662
.0916595459
.0911407471
.0575561523
.0612792969
-.0592498779
-.0480041504
-.0513458252
-.0438537598
-.1108093262
-.1930389404
-.2028350830
.1748199463
.1861114502
-.1693572998
.1470642090
-.1372070313
-.1631011963
-.1977844238
.0860748291
.1283874512
-.1059570313
-.0808410645
.1016387939
.1488494873
.0826263428
-.0942687988
-.0750122070
.0919494629
-.0958557129
-.0707855225
.1016540527
-.0879364014
.0852050781
-.0995025635
.1115417480
-.0617828369
-.1278991699
-.1009368896
.0610351563
.0611267090
-.1640472412
-.1007690430
-.0643463135
.0713958740
.0790100098
-.0690155029
.0825653076
-.0867156982
.0590820313
.0926818848
.0754089355
.0718078613
.0966339111
-.0606536865
.0537719727
.0577392578
.0708007813
-.0700073242
-.0557403564
.0896606445
-.0804443359
.0653991699
-.0520324707
.0482635498
-.0815582275
.0704956055
.0841674805
-.2137908936
.0934753418
-.1655426025
.1085662842
.0854644775
.0440521240
-.1247406006
-.1036987305
-.0919647217
-.0805511475
.1208190918
.1494903564
.1859588623
.0965423584
.1081237793
-.0995025635
.0688476563
-.1078186035
.1920928955
-.1110839844
-.1281738281
-.0701599121
-.0862579346
-.0547637939
.0700988770
.0912322998
-.1398162842
.1787567139
-.0586853027
-.0763549805
.1524200439
.0671234131
.0400848389
-.0655975342
.0890808105
-.0956420898
.0817413330
.1682891846
.1948699951
-.0791015625
.0683441162
.0608978271
-.1796264648
.1510772705
.1529541016
.1429901123
.2547760010
.2374572754
-.0975952148
.1060333252
.0624389648
-.0638427734
.0736846924
.1087493896
-.0907440186
.1247100830
.1369476318
.0763854980
.0942382813
-.0727844238
.0895996094
.0696411133
.1072540283
.0634002686
.0700683594
-.0960083008
.0704345703
-.0642547607
.0908203125
.0706329346
-.1385040283
-.0649261475
.2056274414
.1486053467
.0808410645
-.0733489990
.0356597900
-.0878448486
-.0856781006
.0476226807
-.0671081543
.0416259766
.0574188232
-.1000061035
-.0451965332
.0472869873
-.0367584229
.0460510254
-.0753936768
.0537261963
-.0441894531
-.0398559570
-.0568389893
-.0518493652
-.0586853027
-.2208557129
.2903442383
-.0721740723
-.0467376709
-.2311248779
-.2317810059
.1728057861
.0731964111
.0642852783
-.0727996826
.0759735107
-.0730743408
-.0735015869
-.0559387207
-.0818176270
-.0652160645
.0541534424
-.0364532471
.0589752197
.0446472168
.0410766602
.0586547852
.0982360840
-.1958618164
.2973785400
.3157653809
.2573699951
-.1246032715
.0978851318
-.1226348877
.0806884766
.0705413818
.0864868164
-.0572509766
.0492553711
-.0690917969
.0708312988
-.1726684570
-.2344360352
-.2384033203
-.0829467773
-.1704406738
-.1194458008
-.1743621826
-.1285858154
.1123962402
-.0616455078
.0869903564
.2237243652
.1861114502
-.1973724365
-.1064605713
-.1171417236
-.1251220703
.0962524414
-.0872039795
.1509094238
.1861724854
-.1419067383
-.0810699463
-.1025848389
-.0718231201
-.0635528564
.1237945557
-.1348571777
.1039123535
-.0782318115
.0407867432
-.0660095215
.0627288818
-.1110229492
-.0793457031
.0542907715
-.0838623047
.0579376221
-.0665130615
.0706024170
-.0543975830
.0613098145
-.0648803711
.0519714355
-.0371246338
-.0392303467
.0791168213
-.0590362549
.0828552246
-.0725860596
.0729217529
-.0662689209
.0690765381
-.1109771729
-.0802612305
.0791778564
-.0920410156
.1191864014
-.1197052002
.0562438965
-.0499267578
.0532684326
.0941009521
-.0898437500
.0827331543
.0977935791
-.0793304443
-.0432891846
-.0919342041
-.0590820313
-.0708465576
.1052551270
.0719909668
.0700531006
.1284484863
.0676574707
.2420349121
.1068878174
-.0731658936
.0788421631
-.0685424805
-.0768280029
.0690765381
-.0637512207
-.1139984131
.1277618408
.0769195557
-.0778656006
-.0435180664
.1280670166
-.0889282227
-.0722351074
.1308135986
.1102142334
-.0681915283
.0579528809
-.1393280029
-.1251678467
-.0944824219
.0626068115
-.0990295410
-.0966949463
.0666809082
.0879058838
-.1306915283
.0686645508
.0821075439
.0944824219
-.0627136230
.2105407715
.1855468750
.1298370361
-.0632934570
-.0899810791
.0815277100
-.0574798584
-.1424255371
.1101837158
-.0841369629
-.0498809814
-.0513458252
.0509033203
.0712280273
-.0639648438
.0764160156
-.0801696777
.0575714111
-.0553436279
-.1212158203
.0988464355
.1217041016
-.1248931885
.0874176025
.0658264160
-.0787353516
-.0762329102
-.1252441406
-.1104278564
-.0569763184
.0937347412
-.0746765137
.0803833008
.0563507080
.0914306641
-.1420440674
-.1247558594
.0836486816
-.0726013184
-.1349029541
-.1316986084
-.0540618896
-.0820465088
-.1306610107
-.0897521973
-.0925598145
.0521087646
.0766448975
.0631561279
-.1756439209
-.1458587646
-.0980529785
.0479583740
.1251068115
.1433258057
-.1118927002
-.0693664551
-.0655670166
-.1104888916
-.0720062256
.1009979248
-.0759887695
.0611877441
-.0596771240
-.0781250000
.0641937256
.0658569336
-.0376892090
.0465545654
-.0565185547
.0628204346
-.0514373779
-.0597534180
-.0759277344
-.0624389648
-.0670776367
-.0774841309
-.0898895264
-.1503143311
-.1844482422
-.2267913818
-.1466827393
-.0834503174
-.0655517578
-.0552368164
.0515594482
-.0694580078
.1385650635
-.1026916504
-.1005554199
-.1068115234
.0825347900
-.0669555664
-.0629119873
-.1166076660
-.0602416992
-.0632324219
.0570068359
.0477142334
.0623168945
.0527648926
.2014923096
.2309722900
-.1956024170
.2686614990
-.2667541504
.0503234863
-.0587005615
-.2587127686
-.2217712402
-.2131042480
.2137451172
.1922149658
.0784454346
-.1370697021
.1165924072
.0667266846
.0583343506
-.0573425293
.0462799072
.0524291992
.0555114746
.0511627197
.0427246094
.0349731445
-.0549774170
.0498657227
-.0691986084
-.0496520996
-.0516510010
.0319976807
-.0414276123
-.0344696045
-.0250854492
-.0327911377
-.0287780762
-.0268249512
.0143585205
.0122833252
-.0103912354
.0078582764
.0077209473
.0035858154
-.0009918213
