-.0010223389
.0011444092
.0010375977
.0010986328
.0011138916
.0010986328
.0014038086
-.0021209717
.0097503662
.0886383057
.1298675537
.1351928711
.1945800781
.1985168457
.1196441650
-.0340881348
-.0130615234
-.0050354004
-.0059967041
.0023345947
-.0012512207
.0023193359
-.0025177002
.0027160645
-.0033569336
.0041198730
-.0045013428
.0029296875
.0030822754
.0022430420
.0027618408
.0026092529
.0025787354
-.0016174316
.0011138916
.0035552979
.0211181641
.0971832275
.1037597656
.0575561523
.0187072754
-.0126495361
.1168518066
-.0445709229
.1591186523
-.0284881592
-.0179138184
.1458435059
-.0799407959
-.1339111328
-.1840820313
.0393676758
.0133972168
.0127410889
.0392456055
.1488037109
-.1485137939
.0742645264
.0576171875
.0182495117
-.0231018066
-.0183258057
.0441589355
.0534362793
.0414428711
-.0560302734
-.0091552734
.0059509277
-.0501556396
-.0323028564
-.0302734375
-.0191345215
.0596466064
.0209960938
.0715484619
-.0691375732
.0289764404
.0534515381
.0468597412
.0159454346
.0761413574
.1182556152
.0928344727
.1031341553
-.0524444580
-.0093231201
.0408172607
-.0198059082
-.0034027100
.0795745850
-.0134124756
-.0332031250
-.1014709473
-.0754852295
-.0471801758
.0818481445
.0246734619
-.0484771729
.0462188721
-.0058593750
-.0105133057
.0897369385
.0877227783
.0964355469
.1045989990
.0953979492
-.0244140625
-.0354614258
.0395202637
-.0085754395
.0020751953
-.0009918213
-.0027465820
-.0013427734
.0015716553
.0016937256
-.0021209717
-.0190887451
-.0800628662
-.0195312500
-.0627593994
-.0789031982
.0366363525
-.0243072510
-.0756835938
-.1305236816
-.1045532227
-.0785217285
-.0692138672
-.0700988770
-.0541992188
-.0068054199
-.0070800781
.0282135010
-.0728912354
.2561187744
.2681732178
-.1599884033
-.0559539795
.0473785400
.0488739014
-.0367126465
-.0382080078
-.0484924316
-.0815582275
-.0425262451
.0203247070
-.0194244385
-.0177154541
-.0180053711
.0744323730
.0830535889
.0627746582
-.0190429688
.0757598877
.1139831543
-.0305786133
-.0190277100
-.0636596680
.0206146240
-.0139312744
-.0492095947
-.0831451416
.1363220215
.1469421387
.1293334961
-.0797729492
-.0364227295
-.0384521484
-.0438537598
-.0247344971
-.0234069824
.0311584473
-.0276794434
.0123748779
-.0137786865
-.0829162598
-.0753479004
.0679321289
-.1072845459
-.0908966064
-.0886077881
.0351562500
-.1170501709
-.1362457275
-.1696014404
-.0855102539
.0291595459
-.0829620361
-.1106719971
-.1111450195
.0413208008
.0263671875
-.0549316406
-.0834503174
.0924072266
-.0689849854
.0173187256
-.0046234131
.0029144287
-.0010528564
.0010681152
-.0010528564
.0011138916
.0010986328
.0013427734
-.0021972656
-.0013427734
.0017242432
.0027008057
-.1030120850
-.1079406738
-.0465240479
.0126495361
-.0470581055
-.1305541992
-.1218872070
.0112762451
.0187072754
.0173645020
-.0623016357
-.0898590088
.0084838867
.0030975342
-.0864715576
-.0556030273
-.0177764893
.0359802246
-.0488739014
-.0859222412
-.1015319824
-.1342773438
-.0879974365
-.0636749268
-.0724945068
-.0601501465
.0601501465
-.0319976807
-.0322723389
-.0297393799
-.0190124512
-.0434112549
-.0711669922
-.0322113037
-.0641174316
-.0504913330
-.0723876953
-.0880889893
.0301513672
.0182342529
-.1520690918
.0618896484
.0113372803
.1505432129
.0395050049
-.0333404541
.1423950195
.1455383301
-.1016082764
.0673675537
-.0337219238
.0204925537
-.0395355225
.0289001465
.0618133545
-.0355224609
.1823425293
.2765350342
-.1757049561
-.0357666016
-.0252838135
-.0310211182
-.0226745605
.0034790039
.0074005127
.0381927490
-.0254364014
-.0241851807
.0603179932
.0988159180
.0236206055
.0437011719
.0893554688
-.0167541504
.1058959961
.0798797607
-.0504150391
-.0894165039
-.1095123291
-.0577545166
.0115966797
-.0089721680
.0158996582
.0144653320
.0054931641
.0010986328
.0026245117
-.0697479248
.0848388672
-.0840911865
-.0811614990
.1217346191
.2306823730
.2161407471
-.1102905273
-.0626220703
-.0238189697
.0121154785
-.0759124756
-.0359191895
-.0562286377
-.0274963379
.0256500244
-.1545410156
-.0775299072
.0322570801
-.0537414551
.0531616211
-.0400848389
-.0410766602
-.0805511475
.0889129639
-.0736541748
-.1271514893
-.1061096191
-.0782470703
-.0868225098
-.0813446045
-.0197448730
.0406188965
-.0695953369
-.0608062744
-.0802612305
-.1159515381
-.1090393066
-.0792694092
-.0664367676
-.0546722412
-.0581665039
-.0627899170
.0510559082
.0370330811
.0089721680
-.0010375977
.0023956299
-.0047149658
.0036926270
-.0045623779
.0055389404
-.0225219727
-.3539886475
.3372955322
.2949371338
.0528717041
-.0851440430
-.0423889160
-.0227508545
.0145111084
-.0113830566
.0069427490
-.0697937012
.2056579590
.1797180176
-.0862731934
.2295227051
.0792846680
.1089172363
.1517028809
.0687561035
-.0319976807
.0172119141
-.0110626221
.0083618164
-.0078277588
.0117034912
-.0095062256
.0059051514
.0010528564
-.0012817383
-.0012207031
-.0011901855
.0014495850
.0023040771
.0018615723
.0020904541
-.0695648193
-.0760955811
-.0552673340
.0335693359
-.0048217773
.0469360352
-.0888824463
.0167083740
-.0085144043
-.0428619385
-.0413513184
.0226440430
.0234680176
-.0743865967
-.0065765381
.0216827393
-.0754852295
-.0212860107
.0121459961
.0345001221
.0288696289
-.0952453613
-.0788421631
-.0132598877
-.0073699951
-.0437316895
.0063018799
.0288543701
-.0876922607
-.0659637451
-.0643615723
-.1452484131
-.1539459229
-.1284484863
-.1032714844
-.0336914063
.0302886963
.0229339600
.0203552246
-.0714721680
-.0770416260
-.0746917725
-.0411682129
-.0285644531
-.0192108154
-.0378112793
-.0619659424
-.0460662842
-.0323486328
-.0586090088
-.0587768555
-.0568542480
-.0767669678
-.0861511230
-.1001281738
.0238342285
-.0218963623
.0566253662
-.0758056641
-.0831298828
.1547546387
.1579132080
.1761627197
.2191925049
.1297912598
.0226287842
-.0949859619
-.0356597900
.0289764404
.0046691895
.0037994385
.0195159912
-.0606536865
-.0632781982
-.0430603027
-.0500030518
.0366210938
-.0389556885
-.0585174561
.0231170654
-.0198211670
-.0577850342
.0555877686
.0374755859
.0449371338
-.0475006104
.0163574219
.0111389160
.0110778809
-.0837249756
.0373687744
-.0371551514
-.0349273682
-.0744171143
.0445709229
.0290527344
-.0889434814
-.0750427246
.0567169189
-.0334167480
-.1058044434
-.1066589355
-.0767059326
-.0366821289
.0283355713
.0102081299
-.0055541992
-.0064849854
-.0046081543
.0186157227
-.0169982910
.0101928711
-.0373687744
-.0638275146
-.0545349121
-.0525054932
-.0657348633
-.0690307617
-.0593719482
-.0608978271
-.0492858887
-.0546264648
-.0589294434
-.0597686768
-.0572662354
-.0596771240
-.0550231934
.0553131104
.0443267822
-.0462036133
-.0551452637
.0294494629
-.0138549805
.0029602051
-.0024261475
.0032501221
.0033874512
.0034179688
-.0051422119
.0037994385
.0019073486
.0021209717
-.0043792725
-.0027923584
.0027618408
.0032348633
-.0033874512
.0015258789
.0026855469
-.0026855469
-.0031890869
-.1903533936
-.1607055664
.1600189209
-.1408233643
.1777496338
-.1339416504
-.1460876465
-.1441650391
-.2244720459
-.1730499268
-.1416015625
.0627899170
-.0543212891
-.0621948242
.0167694092
.0544891357
.1398468018
.0354003906
-.0598297119
-.0710296631
-.0533599854
-.0707397461
.0102081299
.0272674561
-.1288452148
-.0158233643
-.0129089355
-.0434417725
.0543212891
.0231475830
.1223449707
.0890808105
.0436096191
-.0450439453
-.1500549316
-.1300048828
-.0311889648
-.0559997559
-.0469818115
-.0456390381
-.0331573486
-.0446777344
.0640258789
.0543975830
.0541992188
-.0149383545
-.0108032227
.0246734619
-.0164794922
-.0059509277
.0053253174
-.0010375977
.0010528564
.0010528564
.0010986328
.0011138916
.0011138916
.0031585693
-.0022430420
-.0012664795
.0064544678
-.0033264160
-.0592651367
-.0422668457
-.1565551758
-.0439605713
-.1605834961
-.1039123535
.0745086670
.0244293213
-.0155334473
-.1813659668
.0836181641
-.0605316162
.0310363770
.0585021973
-.0127716064
.1417846680
.0501708984
-.1006927490
-.0376129150
.0371856689
.0186767578
.1634368896
-.0661163330
-.1385803223
-.0870513916
-.0561218262
-.0542297363
-.0071716309
.0155792236
.0144195557
.1388854980
.1718292236
.1259918213
-.0258331299
-.1289520264
.0848541260
.0273284912
.0300445557
-.0446319580
.0609283447
-.0716400146
.0530548096
-.1118927002
-.1647033691
.0969390869
.0102081299
-.0087738037
-.0282897949
.0674591064
.0969085693
.1390991211
.1640777588
.2293090820
.2261352539
-.0993347168
.1240539551
.0569000244
.0308837891
-.0362091064
-.0735931396
-.0857849121
.0694122314
.1075286865
-.1426391602
.0355834961
.0593109131
.0384826660
-.0043945313
-.0147094727
-.0834655762
.0281524658
-.0559082031
-.0738830566
-.0738830566
-.0479431152
-.0567626953
.0416412354
.0566558838
.1406097412
.0640716553
.1322937012
.2035827637
.0446777344
-.0144348145
.0045928955
.0209197998
-.0326690674
.0518646240
-.0246276855
-.0161743164
-.0050506592
-.0226593018
.0111541748
.0074310303
.0057830811
-.0026397705
-.0034179688
-.0025939941
-.0046386719
-.0024871826
.0043029785
.0030975342
-.0027618408
.0032653809
.0023345947
.1805572510
.2874145508
-.0468902588
-.0472717285
-.0907592773
.2142333984
-.1641082764
.1133728027
.0506286621
-.0085906982
.0031890869
-.0024871826
.0014648438
.0016174316
.0018615723
-.0015411377
.0025634766
-.0027465820
.0010528564
-.0027160645
.0011138916
.0016784668
-.0010528564
.0011291504
-.0067596436
-.1173095703
.2414398193
-.2506103516
.2505950928
.1793060303
.0797271729
.0835266113
-.0959777832
-.0809020996
.0676574707
-.0509338379
.0292663574
.0024871826
.0030822754
-.0040740967
-.0268096924
-.1100616455
-.2137451172
-.2144317627
-.0463714600
-.0435485840
.0945587158
-.1038513184
-.0945892334
-.0475616455
.0044708252
.0030517578
-.1358032227
.2505950928
.2505950928
-.1091766357
-.0342254639
-.0487670898
-.0480651855
-.0468444824
.0368194580
.0702209473
-.1842956543
-.1259918213
-.0621948242
.0337829590
.0257720947
-.0219116211
-.0337371826
.0854949951
-.0850830078
.0856781006
-.0408630371
.0210876465
-.0373077393
-.0564117432
-.0556335449
-.0231475830
-.0041961670
.0029907227
.0022277832
-.0031585693
.0016326904
.0020446777
.0023345947
-.0023345947
-.0037231445
-.0005340576
.0007629395
-.0099487305
.0092468262
.0079803467
.0075378418
.0076141357
-.0023345947
.0042572021
.0510864258
-.0592498779
-.0576629639
.0585327148
-.0396118164
.0456695557
-.0757293701
-.0814208984
.0665283203
.0046844482
.0453491211
.0278930664
-.0917205811
-.0682678223
.0521850586
.0925140381
.0522766113
.0239410400
.0255126953
-.0594177246
.0144042969
-.0297698975
-.0756072998
.0320281982
-.0298919678
.1009826660
-.0328063965
-.0375061035
.1168212891
-.0710754395
.0519866943
.0387420654
.0626983643
-.0073089600
-.0151977539
-.0504760742
.0847625732
-.0971679688
-.0523681641
-.0423278809
.0079650879
.0675201416
-.0978088379
.0472717285
-.0333099365
.1545562744
.1102905273
-.0182495117
-.0232238770
-.1046142578
.1710052490
-.0480499268
.0535430908
.0539398193
-.0432434082
-.0340423584
-.0234680176
.0647277832
-.1223144531
-.0388183594
.0705108643
-.0715179443
.0454559326
-.1593170166
.2239837646
.1399230957
.0451660156
.0237579346
.1042480469
.0341339111
-.0238037109
.0917816162
-.0817260742
.0475311279
.0147705078
.0043945313
.0024566650
.0012054443
.0026092529
.0027770996
-.0015106201
.0024566650
-.0016937256
-.0104522705
-.0883178711
-.0844726563
-.0883026123
.0987854004
.0782165527
.0780487061
-.0889587402
-.0269165039
-.0327148438
-.1057739258
.0359802246
.0327301025
.0354919434
.0341796875
-.0300903320
-.0073242188
-.0992736816
-.0870513916
-.1195678711
-.0951690674
-.0347900391
.0332336426
-.0898742676
-.1217803955
.0217895508
.0331878662
-.1033020020
.0725555420
-.0631408691
-.0373840332
.0266723633
-.0082702637
-.2016754150
-.1899871826
-.1262054443
-.0913238525
-.0308227539
-.0948486328
-.1508026123
.0667114258
.0537109375
-.0534515381
-.0740051270
-.0690917969
-.0503082275
.0540161133
-.0201568604
.0474700928
-.0259246826
.0242156982
-.0050811768
.0028686523
-.0009765625
.0010681152
-.0009765625
.0011291504
-.0009918213
.0010681152
-.0009918213
.0011138916
-.0029907227
.0022125244
-.0015563965
.0637359619
.0974578857
-.1500244141
-.2080688477
.1509857178
-.1128540039
-.0758666992
-.0278625488
.0201721191
.0096435547
.0063781738
-.1206817627
-.0811309814
.0928497314
-.0928955078
-.0977020264
-.0511779785
-.0325927734
-.0505828857
.0617218018
.0496520996
.0351715088
.0160064697
.0128784180
.0070800781
-.0029296875
.1438140869
.2136383057
-.2190856934
.2258300781
.2505950928
.0718536377
-.0243988037
.0301513672
-.2505950928
.2040863037
-.2021636963
.1829071045
.2246551514
-.0633544922
-.1108398438
.0820922852
.1031646729
-.0346832275
-.0177764893
-.0065002441
-.0075683594
.0053253174
.0032958984
.0029449463
-.0027465820
-.0019989014
-.0021362305
-.0010681152
-.0870513916
