-.0001831055
.0010528564
-.0021057129
.0033569336
.0057525635
-.0064697266
.0059051514
-.0077209473
.0117492676
-.0096282959
.0123901367
-.0177459717
-.0095977783
.0090637207
-.0180969238
.0113067627
.0114440918
.0196533203
.0153045654
.0149078369
.0192108154
.0171661377
.0203247070
.0233612061
-.0196380615
.0289459229
.0300445557
-.0358581543
-.0308380127
-.0255126953
-.0263671875
.0265197754
.0349426270
.0187377930
-.0195007324
.0283508301
.0261077881
.0262145996
-.0244598389
-.0196838379
-.0220947266
.0309143066
-.0368499756
.0219421387
-.0291900635
.0305633545
.0222320557
-.0317840576
.0299987793
.0325927734
-.0322723389
.0369873047
.0335083008
.0375823975
-.0449829102
.0247955322
.0255432129
-.0288391113
-.0452423096
-.0480194092
-.0229797363
-.0370330811
-.0493011475
.0310058594
.0302734375
.0256958008
-.0269927979
-.1026916504
-.1337127686
-.1448516846
.2692871094
.1624145508
.0522918701
-.0286712646
-.0579223633
.0279846191
-.0324096680
-.0318603516
-.0441436768
.0982513428
.0813140869
.0750885010
.0536193848
-.0459594727
-.0397491455
-.0324554443
.0392150879
-.0660400391
.0639190674
-.0436248779
-.0550842285
-.0370330811
-.0496063232
.1672821045
-.0992126465
-.0769805908
-.0351867676
.0881195068
-.0664978027
-.1805572510
-.0378417969
.0419769287
.1678619385
.0897064209
-.1685333252
.1375427246
.0223693848
-.0215606689
.0742340088
.1754760742
-.1551208496
.0826263428
.0734100342
.0359649658
.0379028320
-.0424346924
.0657653809
.0486602783
.0604248047
-.0436096191
-.0283813477
-.0728912354
-.0421752930
-.0411682129
.0407257080
.0468444824
-.0367126465
.0301666260
.0593719482
-.0328674316
.0753021240
-.0276489258
.0600433350
.1286010742
.0912170410
-.1012573242
-.0398559570
-.0275421143
-.0460510254
-.0355072021
.0562744141
.0486602783
-.0230712891
-.1206359863
.1029357910
-.0503845215
-.0836791992
-.0299377441
-.0851135254
.0357666016
-.0342559814
-.0530700684
.0410156250
.1189117432
.0994110107
.1026306152
-.0641784668
-.0449676514
-.0577697754
.0644531250
-.0272979736
-.0282440186
-.0250244141
-.0362396240
-.0298767090
.0255279541
-.0325317383
-.0985412598
.0357818604
.1102142334
.0626525879
-.0514984131
-.0332641602
-.1325988770
-.1208801270
-.0802459717
-.0771484375
-.0767364502
-.0528869629
-.0242309570
-.0339965820
.0528411865
.1071624756
.2709808350
.2176513672
-.0459899902
-.0678710938
.0795440674
-.0412597656
.0527496338
-.0609588623
-.0760192871
-.0494995117
-.0342712402
-.0383300781
-.0535736084
-.0515136719
.0782012939
.0872039795
-.0318450928
-.0993194580
.1291198730
-.0350341797
-.0430297852
-.0858459473
-.0362091064
.0316314697
-.0812225342
.1399383545
.1602783203
.1349639893
.1005706787
-.0565643311
.0846405029
-.0558319092
.0741119385
.0521392822
-.0489196777
-.0444335938
.0377655029
-.0936584473
-.0683898926
.1408843994
-.1188049316
-.0963134766
-.0664825439
.0510559082
-.1535949707
-.1764831543
-.1641540527
-.0350341797
.0902099609
.1079864502
-.1300811768
-.0811462402
.0755157471
.0572509766
-.0962219238
.1022491455
.0708007813
-.0694427490
.0761108398
-.0499877930
-.0570831299
-.0552825928
-.0445404053
.0361328125
-.0500030518
-.0561218262
.0631866455
-.0503082275
-.0684356689
-.1163024902
.0830688477
.0535278320
-.0507354736
-.1535797119
-.1414184570
-.0404815674
-.0516204834
-.0546722412
-.1009674072
-.0484161377
-.0425109863
-.0806579590
.0637817383
-.0374145508
.0849761963
.0724639893
-.1125335693
-.1372985840
-.1406555176
-.0906829834
-.0930938721
.0755920410
-.0789489746
.0358123779
.0439300537
.0555267334
.0345458984
-.0430603027
.1027679443
-.0631256104
-.0905761719
-.1141662598
-.0980224609
-.1060791016
-.0461120605
-.1512298584
.1306152344
-.0341033936
.1508789063
.0434112549
.0685424805
.1892395020
-.0556030273
.1165313721
.0373535156
.0373687744
.0634460449
.0611572266
.0637969971
-.0545196533
.1712036133
.2762756348
-.1423187256
-.0529479980
.0510559082
.0311431885
-.0376129150
-.0480651855
-.0378417969
-.0362243652
-.0408477783
-.0549621582
.1200256348
-.0428314209
-.0935363770
-.0343170166
.1026916504
-.0958709717
.0478210449
-.0892333984
.1136932373
-.0829772949
-.0324554443
.0277862549
-.0312194824
-.0335083008
.0530853271
-.0509643555
-.1308135986
-.0904083252
-.1090393066
-.0875091553
.1413116455
.2365875244
.2226715088
.0703887939
-.0537567139
-.0357818604
.0333251953
.0482635498
.0650939941
-.0466003418
.0408172607
.1451873779
-.0699920654
-.0539245605
-.0774230957
-.0746459961
.0620880127
-.0537261963
-.1254577637
-.1089782715
.1062622070
-.1204833984
.1070404053
.1104583740
-.0834808350
.0374755859
.0652618408
-.0542297363
-.0774230957
-.0965576172
-.1055145264
-.0924835205
-.0942077637
-.0712127686
-.0513153076
-.1016693115
.0702362061
.0415954590
-.0229187012
-.0431671143
-.0480194092
.0533752441
.0493469238
.0300140381
.0491485596
-.3539733887
.3440093994
.2125396729
.0726165771
-.0575866699
-.0494384766
-.0511932373
.0364227295
-.0348663330
-.0428161621
.1690063477
.1740112305
-.1031951904
.2069091797
.0663146973
.1935577393
.1049346924
-.0656280518
-.0455474854
-.0524291992
.0370635986
.0491790771
.0462646484
.0488433838
.0613250732
-.0314788818
.0374145508
.0319519043
-.0316314697
-.0334167480
-.0514678955
-.0400085449
.0357818604
-.0794982910
-.0617065430
-.0455322266
-.0438842773
.0552520752
-.1268310547
.1031951904
-.0820617676
-.0966644287
-.0618896484
.0588531494
-.0903015137
.0354003906
.0635070801
-.1152954102
-.0584259033
.0472869873
-.0585021973
.0453948975
.1049499512
-.0487060547
-.0452575684
.0622863770
.0534820557
.0854797363
-.0941009521
-.0799102783
-.0641326904
-.1416625977
-.1428222656
-.1186370850
-.0975799561
.0516204834
.0423736572
.0452270508
-.0778656006
-.0802001953
-.0815887451
-.0435791016
.0410919189
-.0333404541
.0569915771
-.0739288330
.0383605957
-.0575103760
-.0744171143
-.0784301758
-.1087188721
-.1099853516
-.0807647705
.0536041260
.0790863037
.0705413818
-.0707855225
-.1704559326
.1873779297
.1910858154
.2254791260
-.1596679688
.0797271729
-.1313476563
-.0802612305
-.0608673096
-.0355682373
-.0330963135
-.0916290283
-.0706176758
-.0608520508
-.0511779785
-.0615234375
-.0600433350
-.0749053955
.0643920898
.0582427979
-.0621032715
-.0679626465
.0526580811
-.0659179688
.0355072021
.0304107666
.0381469727
-.0729522705
-.0803833008
.0643768311
-.0575408936
-.0882263184
.0631866455
-.1073303223
.0680236816
-.0765533447
.0506744385
-.1117553711
-.1163177490
-.0631256104
.0634307861
.0696258545
.0697631836
-.0444335938
.0394897461
-.0454559326
.0602111816
-.0343933105
.0512542725
-.0707855225
-.0593109131
-.0682983398
-.0747375488
-.0692749023
-.0618896484
-.0708465576
.0558929443
-.0475463867
.0754699707
-.0687561035
-.0681457520
-.0657348633
-.0776824951
-.0431823730
.0629425049
.0468444824
-.0440063477
-.0383605957
.0338745117
.0399017334
.0359649658
.0343780518
.0366821289
.0252532959
.0194244385
.0265502930
-.0369110107
.0219421387
-.0231018066
-.0286407471
.0232543945
-.0270080566
.0482330322
.0514831543
-.1782989502
.1584930420
.1629638672
.1632385254
-.1658020020
-.1430664063
.1503601074
-.2474975586
-.1818847656
.1400451660
.0658874512
.0736083984
-.0457763672
-.0380706787
-.1587982178
-.1055145264
.0408020020
-.1058807373
-.0595397949
.0756988525
.0565185547
.0428314209
.1208648682
-.0526885986
-.0428009033
.0688171387
.0756530762
-.0942535400
.1098632813
-.0497741699
.0639953613
-.1366577148
-.1318206787
-.0484771729
-.0668487549
-.0670471191
.0619812012
.0489807129
.0871276855
.0596008301
-.0527343750
.0411376953
-.0311737061
.0402679443
.0351409912
-.0424957275
.0321350098
-.0468292236
.0422973633
.0358428955
.0408782959
-.0312347412
.0290222168
.0322418213
.0401611328
-.0389099121
-.0312194824
-.0650329590
.1061401367
-.1272735596
-.1071014404
-.1579284668
-.0679016113
-.0479736328
-.0363769531
-.2363891602
.1083068848
-.0665588379
-.0655822754
-.0345458984
-.0498504639
-.1334838867
-.1416320801
.0502624512
.0992279053
.0352325439
.1931762695
.0924987793
-.1386566162
.1008453369
-.0670928955
.0494079590
-.0516662598
.0592651367
.0818939209
.1770172119
.1560058594
.0513305664
.1646881104
.1139526367
.0680847168
-.0618743896
-.0694885254
-.0677490234
-.0625305176
.0878906250
.1937713623
-.1086425781
.0359954834
.0331878662
-.0523223877
.0733489990
.0978240967
.1494140625
.2171478271
.2687835693
-.1697692871
.1751251221
.0794219971
-.0449218750
-.0486297607
-.0913085938
-.0810852051
-.0935821533
.1362457275
-.1072540283
.0567779541
-.0566711426
.0262603760
-.0252380371
.0846099854
.0323791504
-.0815429688
-.0752258301
-.0748138428
-.0860748291
.0570526123
-.0619201660
-.1110687256
.0694427490
.1119842529
.2179107666
.0448150635
-.0384216309
.0397796631
-.0572204590
.0462646484
-.0403442383
-.0375976563
.0557098389
-.0409545898
.0258026123
.0334472656
-.0420532227
.0258026123
-.0371704102
-.0246276855
.0320129395
-.0554046631
.0251617432
.0278778076
-.0201110840
.0228424072
-.1504364014
.2945861816
.1288604736
-.0634307861
-.1575317383
.2355346680
-.1569976807
-.1096343994
.0351409912
.0280609131
-.0206146240
-.0266418457
-.0512084961
.0475463867
.0240325928
.0374145508
-.0422363281
.0433349609
-.0408020020
-.0408782959
-.0316619873
-.0468139648
-.0370941162
-.1244659424
.2534790039
.2653656006
.2578887939
.1965179443
-.0919494629
.0939025879
-.1150207520
.0743713379
.0657653809
-.0626678467
-.0358734131
-.0342102051
-.0481719971
-.0397033691
-.1042022705
-.2638549805
-.1574401855
.0401306152
.0964202881
-.1094512939
-.1378631592
-.0835418701
.0380706787
.0435638428
-.1709747314
.2828979492
.2582092285
.0930938721
.0633392334
-.0733337402
.0737457275
-.0542602539
-.0613403320
-.1672363281
-.1381225586
-.1045684814
.0590362549
.0580291748
-.0323638916
.0715637207
.1002960205
.1143951416
-.0723876953
-.0637817383
-.0550689697
-.0717010498
.0901794434
-.0482940674
.0375061035
-.0322570801
.0226287842
-.0375518799
.0354156494
-.0486297607
-.0450592041
.0308227539
-.0467834473
.0332641602
-.0389709473
.0397796631
-.0334014893
.0373992920
-.0372924805
.0316925049
.0642242432
.0705413818
.0749664307
-.0585174561
-.0625915527
-.0740509033
.0775451660
-.0883941650
.0357818604
-.0293731689
-.0294342041
.0748443604
.0852508545
-.0484466553
-.1254882813
.0403289795
-.0468292236
.0443572998
.0717315674
.0288543701
-.0384216309
-.0612030029
-.0307006836
-.0569610596
-.0520477295
-.0353240967
-.1271514893
-.0926666260
-.0548553467
.0555572510
.0580749512
.0445556641
.0399475098
.1736145020
-.1098480225
.0799407959
-.0656585693
-.0390167236
.0643463135
-.1125183105
.0653839111
-.0687103271
.1763000488
-.0699157715
.0248870850
-.0364532471
-.1623382568
-.0563964844
-.0616760254
-.0609588623
.0478210449
.0594177246
-.0388793945
.0811920166
-.1132354736
.0667114258
.0774993896
-.0870056152
.1012725830
.2309417725
.1326446533
.0653839111
-.0381011963
.1264495850
.0382843018
.0588989258
-.0945739746
.0749206543
-.0403137207
.0311584473
.0459747314
-.0328674316
-.0424041748
.0625610352
.0342559814
-.0284576416
-.0268096924
-.0627746582
-.1122131348
-.1151428223
.1289520264
.0971221924
.0970458984
-.0973510742
.0484161377
-.0520477295
-.1069793701
.0446014404
.0470886230
.0862121582
-.0522460938
.0312194824
-.0878448486
-.0850219727
-.1369476318
-.1051025391
-.0557708740
.0888671875
-.0853576660
-.0558624268
-.0297393799
.0236358643
-.0677642822
-.0875091553
-.0580596924
.0362701416
-.0342559814
-.2075958252
-.1023864746
-.1584930420
.0413818359
-.0367736816
-.1411437988
-.1044158936
-.0528106689
-.0603942871
-.0695190430
-.0717315674
-.0727844238
-.0664520264
.0342254639
-.0528717041
.0398254395
-.0256958008
.0369873047
.0342254639
-.0420684814
.0257568359
.0316162109
-.0337066650
.0368194580
.0364837646
-.0195007324
.0280761719
-.0335235596
.0446472168
.1210021973
-.1495666504
-.2233428955
.1695861816
-.1125793457
.0763397217
-.0452423096
.0396118164
.0350494385
-.1200256348
.1124877930
.0946197510
-.1147766113
-.1123046875
-.0678405762
-.0695343018
-.0634002686
.0840148926
.0702972412
-.0327911377
.0350646973
-.0411529541
-.0373840332
.1705169678
.2116699219
-.2334594727
.2392272949
.2655181885
-.0569763184
.0298767090
.0359191895
.2543182373
.2115936279
.1806640625
.2486267090
.1017150879
-.1302642822
.0966491699
.1129302979
.0676727295
-.0364532471
-.0243682861
.0278625488
-.0243835449
-.0299377441
-.0290985107
.0294189453
-.0325622559
.0260009766
.0296478271
.0303649902
.0282287598
.0242462158
.0200805664
-.0312194824
.0282745361
-.0387420654
-.0278015137
-.0291595459
.0179901123
-.0233154297
-.0194549561
-.0140380859
-.0184020996
-.0162200928
-.0150604248
.0081329346
.0069274902
-.0058593750
.0044097900
.0043182373
.0020141602
-.0005493164
