.0005187988
.0005798340
.0002593994
.0001983643
-.0001983643
.0002441406
.0399780273
.0931091309
.0814971924
.0713348389
.0601806641
-.0513153076
-.0484466553
.0681457520
.0720825195
.0742950439
-.0566711426
-.0423736572
-.0420837402
-.0312652588
.0258789063
-.0126190186
.0040130615
-.0017395020
-.0005950928
.0006713867
.0004577637
.0003662109
.0002899170
.0020751953
-.0263519287
-.0523071289
-.0520324707
-.0614013672
-.0647430420
-.0454101563
-.0470275879
-.1151428223
.0878448486
.0828704834
.0948486328
-.0699005127
-.0149078369
-.0099792480
-.0056457520
-.0030364990
-.0022735596
-.0014343262
-.0021514893
-.0020294189
-.0017700195
-.0036010742
.0078735352
.0095367432
.0090484619
.0102844238
.0190582275
.0684661865
-.0633087158
-.0852508545
-.0882263184
-.1173553467
.1460113525
.1501312256
.1419677734
-.1270599365
.1009368896
.0892791748
.0832672119
.1130065918
.1047363281
-.0730438232
-.0485382080
-.0263366699
-.0259552002
.0284729004
-.0279693604
-.0272827148
.0186920166
.0229339600
-.0235748291
-.0366821289
-.0340881348
-.0287322998
-.0159301758
.0065612793
-.0348205566
-.0574340820
.0645446777
-.0379486084
-.0197906494
-.0108184814
-.0147552490
.0125274658
.0089721680
-.0007629395
.0009002686
-.0117340088
-.0212707520
-.0262451172
.0388488770
-.0212097168
-.0146942139
-.0096740723
-.0104675293
-.0334014893
.0444793701
.0474548340
.0425872803
.0301818848
.0242004395
.0209350586
.0172424316
.0143280029
.0055847168
-.0017242432
.0009307861
-.0004272461
.0005645752
-.0002593994
-.0002136230
-.0001983643
-.0002288818
.0002136230
-.0003509521
.0001831055
.0003204346
-.0003509521
.0002441406
.0002441406
.0003051758
.0001373291
.0015106201
.0002593994
-.0001373291
.0004119873
-.0003051758
-.0265655518
.0661468506
-.0142822266
-.0176544189
-.0604705811
-.0802001953
-.0474853516
-.0157775879
-.0132293701
-.0220794678
-.0414428711
-.0404205322
-.0217437744
-.0464324951
.0425415039
.0099945068
.0479431152
.0845184326
-.0595703125
-.0099792480
-.0090942383
-.0816650391
-.0798950195
.0627593994
-.0067138672
-.0060729980
.0155792236
-.0628051758
-.0705261230
.0590362549
.0219573975
.0206604004
.0228118896
.1108856201
.1029510498
-.0695800781
-.0659179688
-.0451812744
.0245056152
-.0201873779
-.0394744873
-.0146179199
-.0082550049
-.0638580322
-.1250000000
-.1047668457
.0820922852
.0810699463
.0848236084
-.0604858398
-.0303802490
-.0136413574
-.0172119141
.0017852783
-.0011901855
.0049896240
-.0260772705
.0276489258
-.0273895264
-.0294494629
-.0353851318
.0198059082
.0050354004
-.0037689209
.0041656494
-.0216217041
.0207824707
.0132141113
-.0015258789
.0167236328
.0187072754
.0178680420
.0239868164
-.0135498047
-.0112457275
-.0094757080
-.0343170166
-.0525817871
-.0538635254
-.0527496338
.0410766602
.0300750732
.0365142822
.0322265625
.0146636963
.0071105957
.0013580322
.0012054443
-.0006103516
-.0005187988
.0002441406
-.0003814697
.0002593994
-.0002441406
-.0001373291
-.0003051758
-.0002746582
.0002593994
-.0002593994
-.0001983643
-.0003051758
-.0001678467
.0002593994
-.0001983643
.0002441406
.0001678467
.0002288818
.0001373291
.0010223389
-.0092468262
-.0374755859
-.0565795898
-.0450439453
-.0844268799
-.0927581787
-.0693054199
-.0467071533
.0248260498
-.0037384033
.0015258789
-.0231475830
.0690002441
.1629028320
-.0939636230
-.0829010010
-.0610961914
-.0564575195
-.0631408691
-.0439758301
-.0404510498
-.0385589600
-.0317840576
-.0328063965
.0209197998
-.0124969482
-.0145568848
-.1033325195
.1018981934
.0926055908
.0751647949
-.0348968506
-.0061950684
.0025024414
-.0697479248
-.0685119629
-.0636749268
-.0241851807
-.0205688477
-.0172424316
-.0318908691
.0334320068
-.0051116943
-.0013580322
-.0009460449
.0007171631
-.0121459961
.0201263428
-.0361785889
-.0457916260
-.0331878662
-.0312042236
-.0330200195
-.0515747070
-.0420684814
-.0452575684
-.0520629883
-.0420837402
-.0323791504
-.0226898193
-.0053253174
-.0020141602
.0119781494
.0228424072
.0236053467
-.0197143555
-.0425262451
-.0375823975
-.0154266357
-.0018310547
.0047454834
-.0217742920
-.0235137939
-.0211334229
-.0245513916
-.0233612061
.0236816406
-.0306701660
.0262298584
-.0023193359
.0014038086
-.0004272461
.0157012939
-.0133209229
-.0304260254
.0383148193
-.0387725830
-.0332031250
-.0276184082
-.0250396729
.0331573486
.0231475830
.0137329102
.0148925781
-.0207672119
-.0143127441
-.0204010010
-.0164642334
-.0155639648
.0175933838
.0177307129
.0129699707
.0129852295
-.0017547607
.0006103516
-.0004577637
.0004272461
.0003967285
-.0003662109
-.0001831055
.0001983643
-.0001831055
.0004577637
.0001831055
.0004577637
.0004425049
.0009613037
.0003967285
-.0008850098
-.0008239746
-.0006103516
-.0005035400
.0006408691
-.0001678467
.0008087158
-.0009002686
.0010375977
-.0006713867
.0007476807
-.0005340576
.0002593994
-.0004577637
-.0001983643
-.0216369629
-.0315551758
.0395812988
.0381317139
-.0167236328
-.0072784424
.0061492920
.0166778564
.0208435059
.0233917236
.0253143311
-.0113525391
.0158843994
-.0140075684
-.0120697021
-.0104522705
-.0061340332
.0046844482
-.0057220459
.0037994385
.0090026855
.0214538574
.0263671875
.0235137939
.0132446289
.0092010498
.0028228760
-.0012359619
.0011901855
.0164337158
.0171508789
-.0122680664
-.0006713867
.0002746582
.0057678223
-.0129089355
-.0132904053
-.0055084229
-.0013122559
.0004119873
.0004119873
.0005035400
-.0057678223
-.0099334717
.0115051270
.0153045654
-.0173187256
-.0158996582
-.0133361816
-.0084533691
-.0117797852
.0007934570
-.0010833740
.0022277832
.0056762695
-.0069732666
.0039367676
.0097503662
.0147399902
-.0131530762
.0154113770
-.0194549561
-.0120086670
.0055389404
-.0070343018
-.0076599121
.0074615479
.0073089600
-.0099792480
-.0070037842
.0050659180
-.0039825439
-.0006256104
.0005035400
-.0003051758
.0054016113
-.0031585693
.0007324219
-.0003509521
.0001983643
.0010070801
.0006713867
-.0005340576
.0005035400
-.0004272461
.0003967285
-.0005798340
.0007476807
-.0006256104
-.0006408691
-.0006713867
-.0004425049
-.0012207031
-.0009918213
-.0010681152
-.0010223389
-.0008697510
.0005493164
-.0007324219
.0030212402
.0047607422
-.0062561035
-.0193328857
-.0119323730
-.0145568848
.0314636230
-.0187683105
.0208129883
-.0348968506
.0274047852
.0205841064
.0087890625
.0052337646
.0060424805
.0138397217
-.0153808594
.0115203857
-.0022888184
.0007629395
-.0007171631
.0100555420
.0133666992
.0086364746
.0061340332
.0064697266
-.0073852539
-.0039978027
-.0180358887
.0231781006
.0186920166
-.0005035400
.0003051758
.0005493164
.0055236816
.0115814209
-.0086669922
.0046081543
-.0204315186
.0210113525
.0078125000
.0093231201
.0188751221
-.0327148438
.0080261230
-.0039367676
.0033111572
-.0038299561
.0096893311
-.0079803467
-.0129241943
-.0128021240
-.0137786865
.0151824951
-.0153045654
-.0095672607
-.0049285889
.0016479492
-.0013427734
.0008850098
-.0007781982
.0004425049
.0003356934
-.0002441406
.0002441406
-.0002899170
.0003356934
-.0006713867
.0004730225
-.0006561279
.0006103516
-.0006103516
.0005798340
-.0007629395
.0004577637
.0006866455
-.0008087158
-.0007934570
.0007629395
-.0011596680
.0012969971
.0012054443
-.0017852783
.0046844482
.0055541992
.0055236816
-.0045623779
.0036773682
.0014190674
.0012817383
.0083312988
.0204162598
-.0103149414
.0075073242
-.0045166016
.0011749268
-.0011749268
.0004119873
.0302429199
.0168457031
-.0245819092
-.0493011475
.0282135010
.0156860352
-.0061645508
.0023498535
.0047912598
.0102233887
.0083770752
-.0028228760
.0043182373
.0079040527
-.0197753906
-.0272979736
-.0086975098
.0009918213
-.0010223389
.0219879150
.0245971680
-.0275268555
-.0229034424
.0109405518
-.0657348633
-.0479888916
.0184936523
.0085601807
-.0078277588
-.0009002686
.0267791748
-.0080566406
.0083007813
.0037384033
.0017852783
-.0018768311
-.0018768311
-.0084991455
.0076751709
-.0058898926
.0024261475
-.0016174316
-.0011138916
.0158996582
-.0088806152
-.0076751709
-.0070800781
.0217895508
-.0341033936
.0427398682
.0101470947
-.0082092285
.0148315430
.0128936768
.0118408203
-.0076446533
.0125274658
.0141754150
-.0184326172
-.0123291016
.0070800781
-.0010681152
.0006713867
.0175018311
.0345764160
.0216979980
-.0161437988
.0081939697
-.0123596191
.0061645508
.0006866455
-.0005950928
.0007324219
-.0131530762
.0188293457
.0208740234
-.0127868652
-.0151977539
-.0076751709
.0035552979
-.0039978027
.0023803711
.0015258789
.0013732910
-.0024719238
-.0034637451
.0057983398
.0048980713
.0039825439
.0041809082
.0051116943
.0060424805
.0067749023
.0046234131
.0073852539
.0099029541
-.0061798096
.0029907227
-.0011138916
.0014190674
-.0022583008
-.0025482178
.0026245117
-.0030059814
-.0032348633
-.0045928955
.0052185059
-.0051269531
.0070953369
-.0069274902
.0057830811
.0040435791
-.0023345947
-.0009155273
-.0009307861
-.0024566650
-.0228881836
.0311126709
.0308227539
.0257263184
-.0105590820
.0127105713
.0054626465
-.0007629395
-.0111694336
.0130004883
.0063781738
.0110778809
.0109405518
.0055847168
.0116882324
.0175933838
-.0266113281
-.0389404297
-.0211639404
-.0142669678
.0020141602
.0066223145
-.0061645508
-.0097045898
.0096740723
-.0060424805
.0036468506
-.0094757080
.0143890381
.0133209229
.0048828125
.0012664795
.0012207031
.0010986328
.0272674561
.0286712646
.0197906494
.0164489746
-.0099182129
-.0099792480
.0090789795
-.0008239746
-.0007629395
.0100860596
-.0120697021
.0087432861
-.0037994385
.0013122559
.0044250488
-.0165863037
-.0205383301
-.0233154297
-.0272064209
-.0325012207
-.0198822021
.0071868896
.0050354004
-.0022735596
.0019836426
-.0009613037
.0021209717
-.0139465332
-.0054321289
-.0062866211
-.0074615479
-.0039367676
-.0028076172
-.0042877197
-.0086212158
-.0156555176
-.0197601318
.0226593018
.0134735107
.0159301758
-.0071716309
.0016479492
-.0024108887
.0028076172
.0101165771
-.0222473145
-.0266113281
.0055999756
-.0007324219
.0015258789
-.0021820068
.0028839111
.0031127930
-.0024414063
.0021362305
.0017089844
-.0020141602
-.0014953613
.0014648438
-.0006713867
.0007171631
-.0002593994
.0007781982
-.0111694336
-.0361328125
.0080871582
-.0121002197
-.0065612793
.0067291260
-.0120544434
-.0320281982
-.0279083252
-.0199584961
.0061645508
.0043945313
-.0043945313
.0188293457
-.0217742920
-.0162506104
-.0120544434
-.0053100586
-.0029907227
-.0016784668
-.0021362305
.0065612793
-.0085601807
-.0060577393
-.0039215088
.0024566650
-.0030822754
-.0044097900
-.0090026855
-.0090942383
-.0119018555
.0066070557
.0040283203
.0080413818
.0016784668
-.0012054443
.0009765625
.0002593994
-.0001373291
-.0001373291
-.0003204346
-.0003204346
.0004577637
-.0003509521
-.0002899170
-.0003051758
-.0004119873
-.0004425049
.0002136230
.0001373291
-.0001678467
.0002899170
.0012512207
.0004272461
.0003967285
.0003356934
.0004119873
.0004119873
.0004730225
.0005645752
.0007476807
-.0006408691
.0005035400
-.0008239746
-.0009613037
.0007629395
-.0008697510
-.0009460449
-.0012817383
.0010070801
-.0009613037
-.0003356934
-.0032653809
-.0107727051
.0287170410
.0490264893
.0609588623
.0641021729
.0721893311
.0711517334
.0730895996
.0797576904
.0814056396
.0747222900
.0672454834
.0671844482
.0697784424
.0642700195
.0631561279
.0608062744
-.0581207275
.0580902100
.0565338135
.0532836914
.0581665039
.0507812500
.0447692871
.0263061523
-.0116424561
.0029449463
-.0047302246
.0008850098
-.0055236816
-.0017700195
.0009155273
.0013427734
-.0078277588
-.0011749268
-.0556335449
-.1421966553
-.2217559814
-.2835998535
-.2874145508
-.2799987793
-.2642364502
-.2120819092
-.1597595215
-.0367431641
-.0387268066
-.0445098877
-.0530700684
-.0599060059
.0513458252
.0453491211
.0409545898
.0404052734
-.1099853516
-.1497497559
-.1749877930
-.1299285889
-.1340026855
-.1461944580
-.1758117676
-.2062530518
-.2719116211
-.2926483154
-.2856903076
.2954406738
.3208160400
.3188934326
.3198547363
.2645416260
-.2114105225
-.1698760986
-.1615753174
.3781890869
-.2467498779
-.2016143799
-.1628112793
-.1460113525
.0841674805
.0479278564
.0079498291
.0023956299
-.0026702881
-.1838378906
-.1595458984
-.1410827637
-.1305236816
-.0390319824
-.0408172607
-.0399475098
-.0425109863
-.0368499756
-.1130065918
-.2097167969
-.1782989502
-.2082977295
-.2191162109
.2100524902
.1705780029
.1657257080
.1579895020
.1507263184
.1410827637
.1169738770
.1075439453
.0916748047
.0848693848
.0932769775
.1040496826
.1020965576
.0942382813
.0726623535
-.0765991211
-.0708618164
-.0705413818
-.0513916016
-.0445251465
-.0445251465
.0380554199
.0242614746
-.0075073242
.0025939941
.0017700195
.0006103516
-.0005187988
.0004272461
-.0009307861
.0005340576
-.0006408691
.0003967285
-.0006408691
.0004425049
.0004425049
-.0003967285
.0003204346
.0003967285
-.0001525879
-.0004272461
.0003509521
-.2835998535
