-.0000152588
-.0000152588
-.0000152588
-.0000152588
-.0000305176
-.0000305176
-.0000305176
.0043945313
-.0070343018
.0038299561
-.1565704346
-.1569519043
-.1352233887
.1085205078
.0475463867
-.0986938477
-.1387481689
.0637207031
-.1171569824
-.0167083740
-.0416717529
.1581420898
.1310424805
-.0759582520
-.1196746826
-.1427001953
-.1613464355
.1059112549
.0169067383
-.0626068115
.1453857422
-.0616149902
-.0794372559
.1303100586
-.0616302490
.0434265137
.0356903076
-.0355072021
.2336578369
.1322021484
-.1046295166
.1277770996
.1326599121
.1769561768
.2202148438
.2132568359
-.0780029297
-.0291290283
.0359802246
.0495452881
-.0393371582
.1480560303
-.1419067383
-.0586853027
-.1259613037
-.1029968262
.1314697266
.0457305908
-.0190887451
-.0244445801
.0936737061
.1425476074
.1335906982
-.0118713379
-.0051116943
.1529998779
-.1679840088
.1808319092
.0417785645
-.0318298340
.0263366699
.0231018066
.0663757324
-.1607971191
-.1348266602
-.1474304199
-.1237487793
-.0331878662
-.0276031494
-.0560150146
.0987701416
-.0728607178
.1230773926
-.0547790527
.0186004639
.1877441406
.2095947266
.0502777100
.0256958008
-.0245513916
-.0804290771
.1205596924
-.1123199463
-.1441802979
-.1370391846
-.0328674316
-.0340270996
.0304107666
.1161346436
.0721740723
-.1089019775
-.1159820557
-.1307373047
-.0937042236
-.0113983154
.0077972412
.0150756836
-.1518707275
-.1366119385
-.0773620605
.0300140381
.0386657715
-.0382843018
-.0239105225
-.0792999268
-.0507965088
-.0248565674
.0093841553
-.0123748779
.0042114258
.0839080811
.0409393311
-.0663299561
.1021118164
.0728607178
-.0273132324
.0134429932
-.0048217773
.0054016113
-.0053100586
-.0036468506
-.0026855469
.0055389404
.0035705566
-.0020599365
.0040893555
.0121459961
-.0204772949
.0343475342
.0263519287
-.0113830566
-.0062103271
-.0240478516
-.1107788086
.1325378418
-.0720825195
.1114501953
.0898742676
-.0189056396
.0145416260
.0644683838
-.1403503418
.1371917725
-.1210327148
-.1160278320
.1304321289
.1255798340
.2076416016
.1641540527
.0693206787
-.0110015869
.0077514648
-.0080261230
.0835876465
.1623992920
.0489349365
.1563568115
-.1701049805
-.1482543945
-.1546936035
-.1335906982
.0464172363
-.0268707275
-.1034698486
.1223602295
-.0487213135
.0444488525
-.0396118164
-.0363922119
.1254577637
-.1019287109
-.1136474609
-.0681457520
.0343322754
-.0162048340
-.0388641357
.1194458008
.0670166016
-.0643157959
-.0978393555
.0493011475
-.1197967529
-.0902099609
.0307312012
.0666351318
.1426696777
.0356750488
.0101928711
.0040893555
.0059814453
-.0043182373
.0847930908
.2227783203
.2285919189
.2079772949
-.1209106445
-.1052093506
-.0800476074
-.0449371338
-.0872650146
-.0688629150
-.1182403564
-.1325378418
-.1228485107
.0306549072
-.1483764648
-.1374053955
-.0408325195
.0807495117
.0220947266
-.0129852295
-.0481414795
.1089324951
.1054687500
.1118927002
-.1336669922
-.1466522217
-.1520538330
-.1540679932
-.0623321533
.0104980469
.0224609375
-.0954589844
-.0866546631
-.0625915527
-.0421905518
-.1696777344
.1516876221
.1120910645
-.0358123779
.0273742676
-.1451263428
-.1368713379
-.1185913086
-.1137695313
-.0743560791
-.0694885254
-.0561676025
-.0291290283
.1981964111
.2028503418
.1899566650
-.0901336670
-.0579223633
-.0627441406
.0425415039
-.0598907471
.0913848877
.0728759766
-.0374298096
.0222167969
.0118560791
-.0098114014
.0039672852
-.0062713623
.0110321045
-.0064086914
.0037078857
-.0033721924
-.0074005127
.0056762695
.0085449219
.0053405762
-.0033569336
.0044250488
.0034790039
-.0065307617
.0050811768
-.0018005371
-.0052185059
-.0065460205
.0045776367
.0080566406
-.0094451904
.0188293457
.0141754150
.0305938721
.0230255127
.0262756348
-.0174865723
-.0112457275
-.0098724365
.0017852783
-.0018768311
.0026702881
-.0147094727
-.0162353516
.0169677734
-.0131683350
-.0190734863
-.0246887207
.0240325928
-.0196228027
-.0134124756
-.0202636719
-.0287170410
-.0086059570
-.0122375488
-.0226440430
-.0165405273
.0189971924
.0166473389
.0374450684
-.0322113037
.0338592529
-.0328369141
-.0367584229
-.0272216797
.0242767334
.0246887207
.0206451416
-.0193481445
-.0258941650
.0277099609
-.0168609619
.0366973877
-.0377349854
.0162506104
-.0053253174
.0054168701
-.0065155029
-.0172271729
.0343170166
-.0405578613
.0436248779
-.0341339111
.0428161621
.0397186279
.0421142578
-.0094604492
.0287628174
-.0219268799
-.0175628662
.0186614990
.0077209473
-.0053710938
-.0034790039
-.0050354004
.0059967041
-.0180206299
-.0331726074
.0386352539
-.0372467041
-.0350189209
.0374908447
-.0202484131
.0301666260
.0274047852
-.0136566162
-.0136566162
.0094909668
.0077972412
-.0048828125
.0043792725
.0089874268
-.0238189697
-.0250244141
-.0325622559
.0350646973
.0310363770
.0248107910
.0195007324
.0067596436
-.0171661377
-.0119934082
.0087280273
-.0062103271
.0038452148
-.0095062256
-.0340118408
-.0352783203
.0402832031
.0438079834
-.0326843262
.0290527344
-.0305328369
.0168914795
-.0062408447
-.0018463135
.0007934570
-.0011749268
.0015716553
.0023803711
-.0050048828
.0037689209
-.0051727295
-.0055694580
.0095367432
-.0089874268
.0086669922
-.0086517334
.0039215088
.0014190674
-.0045623779
-.0292816162
-.0367126465
-.0325622559
-.0334625244
-.0330352783
-.0382080078
.0205383301
.0065917969
.0081329346
.0197143555
-.0356140137
-.0333862305
.0136718750
-.0098114014
.0075531006
.0315856934
.0369567871
-.0251770020
.0246276855
.0269927979
-.0207061768
-.0265197754
-.0247802734
-.0247039795
-.0179595947
.0151367188
.0222930908
-.0188751221
-.0160522461
.0188903809
.0307769775
.0108795166
-.0015411377
-.0132446289
-.0182800293
.0164337158
-.0407714844
.0253448486
.0356903076
.0212402344
-.0334014893
.0220794678
.0171661377
.0120239258
-.0218963623
.0126647949
-.0313568115
-.0403289795
-.0178375244
.0366516113
-.0326690674
.0643768311
.0526885986
.0301055908
.0094299316
-.0055389404
.0216827393
.0341491699
.0227050781
-.0289916992
.0281372070
.0315093994
-.0280761719
.0312652588
-.0283050537
.0238952637
.0435791016
.0279083252
.0389709473
.0293731689
.0408630371
.0119171143
-.0066375732
.0040588379
.0032348633
.0171966553
.0437011719
.0399322510
.0248413086
.0409698486
.0399932861
-.0195465088
-.0211791992
.0209503174
.0127258301
.0213928223
.0235290527
-.0111694336
-.0218505859
-.0033874512
-.0017089844
.0135803223
.0263061523
.0255279541
-.0090026855
.0031738281
-.0090484619
.0028228760
-.0025024414
-.0027008057
.0300750732
-.0271911621
.0085144043
.0038757324
-.0048828125
.0053863525
-.0289001465
-.0210876465
-.0307464600
-.0052947998
-.0213775635
-.0146484375
-.0264892578
.0334014893
.0146789551
.0218505859
.0177001953
.0151062012
-.0082397461
-.0027770996
-.0024871826
-.0019226074
.0198364258
.0288391113
.0205688477
.0221710205
.0247192383
.0292663574
-.0181427002
.0091094971
-.0019683838
-.0042114258
-.0083465576
.0034332275
.0050506592
.0053100586
.0091400146
.0136871338
-.0134735107
-.0082244873
-.0018615723
-.0111389160
.0009765625
.0016937256
-.0018157959
.0021362305
-.0034790039
-.0096740723
-.0155334473
-.0149078369
-.0184478760
-.0169219971
.0140991211
.0069427490
-.0015411377
-.0160522461
-.0328063965
-.0244750977
-.0170745850
.0135650635
-.0374755859
-.0247497559
-.0295104980
-.0312652588
-.0287170410
-.0314788818
.0383300781
-.0377197266
.0059509277
.0014343262
.0341796875
-.0342559814
.0296173096
-.0303955078
.0141601563
-.0192871094
-.0254516602
-.0354309082
-.0305023193
.0238952637
-.0284881592
.0143737793
-.0054168701
.0210571289
.0278930664
-.0299530029
-.0284271240
-.0281524658
.0127258301
.0057373047
-.0089111328
.0306701660
-.0260162354
.0109710693
.0440979004
.0406799316
.0388183594
-.0569915771
.0472412109
-.0503692627
-.0302124023
.0119934082
.0181579590
.0193786621
.0130004883
.0164642334
-.0062255859
.0031433105
-.0027008057
.0202789307
-.0267028809
-.0192413330
.0380554199
-.0457611084
-.0422363281
-.0415496826
.0154724121
-.0057373047
.0182342529
-.0155487061
-.0109710693
.0027770996
.0013122559
.0012817383
-.0166778564
-.0353546143
-.0381011963
-.0315246582
-.0306091309
.0209808350
.0059814453
.0021057129
-.0370178223
.0490417480
-.0174560547
-.0207061768
-.0097198486
.0199584961
-.0156250000
.0092315674
-.0091247559
.0180664063
.0344848633
.0274810791
.0273132324
.0171508789
-.0228729248
-.0415954590
.0391387939
.0064239502
.0065307617
.0013122559
.0007171631
-.0200958252
-.0374450684
.0207824707
-.0387725830
.0134124756
-.0080871582
.0152740479
-.0253295898
-.0117187500
-.0038299561
.0028381348
.0335235596
.0150604248
-.0115661621
-.0037994385
.0022277832
.0036315918
-.0245513916
-.0207061768
.0149078369
.0126495361
.0137329102
.0168151855
-.0233306885
-.0298919678
-.0295104980
.0223236084
.0095062256
-.0030059814
-.0025329590
.0135803223
.0100402832
.0010528564
.0043945313
-.0052642822
-.0079193115
-.0088806152
.0153808594
-.0110626221
-.0049896240
-.0016021729
.0036010742
.0176849365
-.0310974121
-.0341186523
-.0289154053
.0101470947
-.0217895508
-.0226287842
.0177459717
-.0240173340
-.0241546631
-.0263824463
-.0320892334
-.0316162109
.0218200684
.0311126709
.0252380371
.0082550049
-.0042114258
.0016021729
-.0040283203
.0191345215
.0240936279
.0151977539
.0134429932
-.0112152100
.0154876709
.0168151855
.0226593018
-.0124206543
.0113677979
.0131988525
.0145111084
.0102996826
-.0210418701
.0320281982
-.0261840820
-.0151519775
-.0097198486
-.0032501221
-.0009765625
.0011444092
.0010375977
-.0011138916
.0005035400
-.0019836426
.0020446777
-.0011138916
-.0015563965
-.0025482178
.0025177002
.0059204102
-.0034179688
.0046539307
-.0059967041
-.2240142822
-.2610626221
-.2141113281
.2612304688
-.3484191895
-.3344268799
.3757324219
.4356842041
.3521575928
.4247589111
.3248291016
-.2877502441
-.1522827148
.1561737061
-.1736755371
-.2117309570
.2202148438
-.2479400635
-.2770538330
-.3182830811
-.3320922852
-.3393859863
-.3531646729
-.3798675537
-.3484191895
-.3061676025
-.3432006836
-.3735961914
.2856445313
.2183837891
.0334167480
-.0180664063
-.2469024658
.2690734863
.0286254883
-.0649414063
-.3122100830
.1948242188
-.0392150879
-.3152618408
-.4456329346
-.0745086670
.0826416016
-.3770294189
-.1114807129
-.3223724365
-.2094726563
-.2222442627
-.3260345459
-.0521697998
-.0250701904
-.2922821045
.2965545654
.2903594971
-.2845764160
-.2027893066
.2938842773
.3138427734
.2240753174
-.1840057373
.1081390381
-.1075897217
.0095367432
.0205993652
.2662200928
-.2421875000
-.3145294189
.3197937012
-.3317565918
-.3492279053
-.2464447021
-.2830047607
-.3917694092
-.2261352539
-.2191009521
.0203552246
-.0163574219
.0323028564
.2820892334
-.3170928955
.3042449951
.1971130371
.1550140381
.0887298584
-.0656585693
-.0206451416
-.0089569092
.0067291260
.0048370361
-.0037078857
-.0042877197
.0031890869
.0067291260
-.0074462891
-.0054931641
.0063476563
.0089111328
-.0033569336
-.0073242188
-.3370208740
-.3475799561
-.2547912598
.3120422363
-.1978607178
-.0293426514
.0435791016
-.3483581543
-.1912078857
-.0515136719
.0273590088
-.1226348877
.3641204834
-.3107604980
-.0588378906
-.0529327393
.0765838623
.0100097656
-.0210418701
-.2746582031
.1795196533
-.0789642334
.0298919678
.0264587402
.0323333740
.2214660645
-.2894744873
-.2574310303
-.1313018799
.0107269287
.0112762451
-.2498626709
-.2212371826
-.0924377441
-.0262145996
.0105743408
.0707550049
-.2886505127
.2530364990
-.0564575195
-.0354614258
.0292358398
.2206878662
.2248535156
-.2325439453
-.0921936035
.2730102539
.1559753418
-.1146850586
-.0942230225
-.1798400879
-.1257476807
.2815551758
.2646789551
.2218170166
.2240600586
.3117828369
.3289489746
.3523864746
.1935729980
.0178985596
-.1010589600
-.1058654785
-.2477722168
-.1395416260
.0803375244
.0180664063
.0118408203
.1822204590
.2383117676
.2553558350
.2768859863
.2515106201
.1962127686
-.0879211426
.1089782715
.2780761719
.1180267334
.0151824951
-.0085754395
-.2083740234
-.2712249756
.1057891846
-.2876434326
.0980072021
-.0765075684
.0097808838
.0262145996
.1626434326
.1204528809
.0720977783
-.1187591553
-.1339263916
.1859283447
.2505493164
-.1979217529
-.2400817871
-.2082824707
-.0423736572
.0480041504
-.2359924316
.1354217529
-.0936279297
.0604095459
-.0807952881
-.2698822021
.2051239014
.1872100830
-.2125091553
.2830200195
-.2710113525
-.2360076904
-.2972869873
-.1602478027
-.0802001953
.0692749023
.0922088623
-.0079650879
.0029602051
-.0022583008
-.2303924561
-.2898712158
-.2377014160
.2611236572
-.0429077148
-.0396270752
-.3245544434
-.2165222168
-.2395477295
.1826934814
-.1538696289
-.1579895020
-.1526184082
-.1783752441
-.1937866211
-.1858673096
.0918884277
.0327148438
-.0158843994
.0085601807
-.0051879883
.0036773682
.0054321289
-.0020141602
.0035247803
.0028686523
.0016784668
.0040893555
.0828247070
