.0000305176
.0002288818
.0023040771
-.0024414063
-.0025634766
-.0042419434
.0052337646
-.0062103271
.0081481934
-.0087890625
-.0938415527
.0474548340
-.0294647217
-.0261383057
-.0345916748
-.0291137695
.0240783691
-.0191192627
-.0378265381
-.0508117676
-.0493621826
-.0545806885
.0215759277
.0169677734
-.0294189453
-.0104675293
.0279083252
-.0170440674
.0176391602
-.0158386230
.0214233398
-.0234069824
-.0475769043
-.0297851563
.0364532471
.0195465088
.0220184326
-.0267791748
.0238037109
.0207061768
-.0642242432
-.0461578369
.1105346680
.2160644531
-.2017211914
-.3381500244
.3539733887
-.2637939453
-.1261749268
.1661224365
-.1417388916
.0812072754
-.0444335938
.0360412598
.0714874268
-.0733184814
.0348968506
.0654754639
-.0973663330
.0381927490
-.0265350342
.0431060791
.0305175781
-.0332946777
.2533264160
.1474151611
-.0583496094
.2651824951
.1890258789
.1448059082
-.1196594238
.0906677246
.0606689453
-.0491180420
.0340576172
-.0711364746
.0738220215
.1708068848
-.1268157959
-.0852966309
.0968475342
.0939331055
-.0688934326
-.0709838867
-.0660552979
-.3539733887
-.2815551758
-.3367767334
-.2333068848
-.1337127686
-.0906524658
-.0617828369
.0428009033
.0403747559
-.0410003662
.0233917236
.0189971924
-.2457733154
-.1076507568
-.0656280518
-.1143951416
-.1357727051
.3138427734
-.1480560303
.1316375732
-.0992736816
-.0973968506
-.1102142334
.0839538574
-.0480499268
-.0282897949
-.0380096436
.0274658203
.0348358154
-.0433807373
.0294342041
-.0171966553
.0213012695
.0193939209
-.0281829834
.0180053711
.0281982422
-.0852813721
.2430267334
.2879486084
-.2460327148
.2200775146
.1208648682
-.0582580566
.2433319092
-.0886230469
-.0578613281
.2073822021
.2857055664
-.3539886475
-.3539886475
-.2679595947
-.2073516846
.1402282715
-.0863647461
-.0959930420
.0597534180
-.0432128906
-.0335235596
.0224151611
-.0365295410
.0142059326
-.0207366943
.0161132813
.0238952637
.0302581787
-.0386505127
-.0350341797
-.0265350342
-.0272674561
.0365905762
-.0211639404
-.0193939209
.3539733887
.0965118408
.0863189697
-.3539886475
-.1911468506
-.2295379639
-.3539733887
-.2586364746
-.1894989014
.1179046631
-.0944824219
.0536041260
-.1124267578
-.3065338135
.0723419189
-.2697601318
-.2859954834
-.3539886475
.2573394775
-.1000976563
-.2799682617
-.2424621582
.1294097900
-.0501251221
.1338806152
.1518402100
.1301269531
-.0756835938
-.0391693115
.0214843750
-.0236968994
.0241699219
.0255584717
-.0224609375
.0222473145
-.0283203125
.0184173584
.0201263428
.0211639404
.0205383301
-.0172119141
-.0179290771
-.0229797363
.0271911621
.0205993652
-.0173339844
.0126190186
.0267791748
-.0270385742
-.0259399414
-.0151062012
-.0148773193
.0281524658
.0191497803
.0246429443
.0217742920
-.0258331299
-.0198669434
-.0291290283
.0218353271
-.0182952881
.0179138184
.0258941650
-.0223693848
-.0213317871
-.0147857666
-.0147399902
-.0261383057
-.0186157227
-.0224456787
.0166015625
-.0256500244
.0221252441
-.0183715820
-.0351104736
.0294189453
-.0258483887
.0642700195
-.0852203369
.0632476807
-.0476531982
-.0380401611
.0449066162
-.0409393311
.0489807129
.0397338867
-.0468139648
-.0326385498
-.0179901123
-.0302734375
-.0606994629
.1557769775
.1025390625
-.1281127930
.0580291748
.0357360840
-.1292877197
-.1222229004
-.0929718018
.0556335449
.1678619385
-.1832733154
.1056823730
.1812438965
.1069183350
-.0593872070
.0550689697
-.1120300293
.1598052979
.0967407227
.1010742188
-.0667724609
-.0428009033
-.0267028809
.0236358643
-.0215148926
.0133361816
-.0370483398
-.0283508301
.1030273438
-.1386566162
-.1891937256
.1278228760
-.0767211914
.0912780762
-.1104278564
-.2007751465
-.0504302979
.3539581299
.1888122559
.2156219482
.3136138916
-.2398376465
.1253662109
.0476379395
-.0385894775
.0260314941
.0293579102
.0221862793
-.0240325928
-.0185852051
-.0252990723
.0268402100
-.0204315186
-.0271759033
.0449371338
.1228179932
-.1142730713
-.0899200439
.0938873291
.1124420166
.1992950439
.1623840332
.1204528809
.2982330322
-.1369781494
-.1149749756
-.1365509033
.0587463379
-.0413055420
.0332946777
-.2160186768
-.1609191895
.2437286377
-.1809844971
.0946807861
-.0668334961
.0740509033
.0625915527
-.0707550049
.1174926758
.0647277832
-.0688323975
-.0866394043
.0640106201
.0317230225
-.0366210938
.0653839111
.0473785400
-.0419921875
-.0234680176
.0408477783
.0206604004
-.0424499512
-.0263061523
.0227355957
.0299377441
-.0302124023
-.0254364014
-.0186920166
.0147705078
.0243682861
-.0218048096
-.0115509033
-.0182342529
-.0240783691
.0449981689
.0354919434
-.0302886963
-.0380859375
-.0326843262
.0302124023
.0399475098
-.0221405029
-.0297698975
.0167083740
.0219879150
.0179595947
.0201416016
.0279846191
-.0265655518
-.0194396973
.0258483887
.0137939453
.0233917236
.0170135498
-.0294342041
.0230255127
-.0119171143
.0137176514
.0188598633
.0276184082
-.0326843262
-.0308990479
-.2500915527
.3539733887
-.3539886475
-.0837402344
-.0979614258
.1038360596
.1189880371
-.0505218506
-.0496368408
.0646362305
.0175170898
-.0588684082
-.0471954346
-.0191955566
.0337219238
.0434722900
-.0373992920
-.0248107910
.0168914795
.0307464600
.0316467285
.0326690674
-.0189971924
.0208282471
-.0220489502
.0212402344
-.0270385742
-.0110473633
-.0121612549
-.0234680176
.0319366455
-.0425872803
.0349426270
-.0583801270
.0376586914
-.0359802246
-.0218658447
-.0195007324
-.0298614502
.0888214111
.1566314697
-.1262817383
-.0787200928
.0541992188
.0273742676
.0271148682
-.0228424072
-.0408172607
.0295562744
.0266571045
-.0410919189
.1510620117
-.1025848389
.0978240967
.0506134033
-.0417175293
-.0325927734
.0214233398
.0190582275
.0174102783
-.0205841064
-.0193786621
-.0245819092
.0214233398
.0168609619
-.0158538818
.0243072510
-.0120239258
-.0278320313
.0229644775
-.0285491943
.0837097168
.1171875000
.0558319092
.2601013184
.2469329834
.1651153564
-.1823120117
.1717834473
-.1186370850
-.0633697510
.0896148682
-.1347808838
.1458282471
.1496734619
.0818328857
.0492553711
.0498657227
.1020507813
-.1188812256
-.1227111816
-.0560607910
.1163330078
.0722045898
.0576782227
.1069946289
.0399627686
.0430450439
-.0436553955
.0904235840
.1827850342
.1591796875
-.0847473145
.0510406494
.0721282959
-.1464080811
-.1056518555
.0652923584
-.0447235107
.0343322754
-.0483551025
-.1360321045
.0818023682
-.0726470947
-.0518188477
.0621185303
-.0634155273
.0391387939
.0414276123
-.0302734375
.0345916748
-.0298461914
.0193939209
-.0187072754
-.0206451416
.0346221924
-.0178680420
-.0276031494
-.0168151855
.0198974609
.0214233398
-.0159912109
-.0211791992
-.0162353516
.0202636719
.0570526123
.0482482910
.0904388428
-.1050567627
-.0428771973
-.0596771240
-.1971435547
.0832824707
.0435485840
.0248107910
-.1024932861
-.0525970459
-.0321502686
.1177673340
-.0993041992
.1119689941
-.0670013428
-.0625305176
-.0581970215
-.0344848633
-.0254516602
.0262908936
.0190429688
.0513000488
-.1153106689
-.1017303467
.0384063721
-.0434112549
.0414276123
.0407714844
.0196075439
-.0132293701
-.0173492432
.0140533447
.0150909424
-.0213775635
.0187072754
.0219726563
.0262908936
-.0179901123
-.0177612305
-.0166473389
.0187225342
.0229187012
-.0234069824
.0176696777
-.0249786377
.0489959717
-.0494232178
-.0475006104
.0467987061
-.0384368896
-.0255889893
-.0213165283
-.0269622803
-.0258026123
.0258178711
-.0119476318
-.0311889648
-.0260314941
.0668487549
.1399841309
-.0880584717
.0587768555
.0418701172
-.0275878906
.0231781006
-.0188446045
.0171813965
-.0210876465
.0126495361
-.0195770264
-.0208740234
.0523529053
-.0353088379
.0337982178
-.0283508301
.0175933838
.0578155518
-.0620727539
.0765533447
-.0717163086
.0350494385
.0324707031
.0204467773
.0161285400
-.0301361084
-.0237731934
-.0198059082
-.0599517822
-.0323181152
-.0217285156
.0202789307
-.0195770264
.0194396973
.0163574219
-.0341033936
.0255126953
.0292663574
-.0260467529
.0161437988
.0119628906
.0262603760
.0776214600
.1452331543
.2071990967
-.1175079346
-.0687866211
-.1261596680
.2329101563
.1389465332
.0765686035
.0385284424
.0484161377
-.0534973145
-.1127014160
-.0851898193
.0439758301
.0386199951
-.0220031738
.0195007324
-.0189208984
-.0126190186
-.0435485840
.0462951660
-.0560607910
-.0745849609
.0665893555
.0544738770
-.0369567871
-.0296478271
.0172576904
.0241546631
.0181274414
-.0169525146
.0160064697
-.0175323486
-.0294647217
-.0223236084
.0308685303
.0296783447
-.0117950439
-.0188293457
-.0138244629
-.0246124268
.0150909424
.0247650146
.0136566162
-.0253906250
.0234069824
.0176849365
.0086364746
.0217590332
.0163116455
.0157318115
-.0185852051
.0217895508
.0222320557
.0207977295
-.0132141113
-.0747833252
.0503082275
-.0233001709
-.0213470459
.0269775391
-.0293884277
.0283966064
.0207519531
.0342407227
-.0362548828
-.0240020752
.0218505859
.0188293457
-.0204925537
-.0217742920
.0328521729
.0219116211
-.0284423828
.0199584961
-.0150756836
-.0257873535
-.0222015381
-.0130004883
.0200042725
.0238189697
.0165863037
.0305023193
.0192871094
-.0155792236
.0323181152
.0233459473
-.0211029053
.0284881592
-.0369567871
-.0542297363
.0551910400
.0484771729
-.0428619385
-.0431365967
.0385131836
-.0309295654
-.0294342041
-.0299530029
.0352020264
.0267486572
-.0206604004
-.0270996094
-.0173492432
.0203704834
.0183410645
.0193634033
.0251922607
-.0271301270
-.3539886475
.3445129395
-.1143493652
.0863189697
-.0698242188
.0781860352
.0413208008
-.0226287842
-.0226745605
-.0255432129
.0272979736
-.0177307129
-.0173645020
.0193634033
-.0278472900
.0239868164
-.0196685791
-.0238189697
-.0247650146
-.0137023926
.0294036865
.0202484131
-.0404815674
-.0278778076
-.0158843994
-.0335998535
.0344085693
-.0619354248
.0318603516
.0268402100
.1206512451
.1416473389
-.1196441650
-.1150970459
.1193084717
.1017761230
.0782470703
.0995635986
.1047363281
-.0681457520
-.0903778076
.0574798584
-.0935668945
-.1122741699
.1146545410
.1310882568
.0652008057
-.0608520508
-.0488891602
.0390625000
.0259399414
.0293731689
-.0474243164
.0368652344
.0943603516
-.1189422607
.0801849365
-.0578155518
-.0301818848
-.0274200439
-.0311431885
-.0216674805
.0204010010
.0472106934
-.0550231934
-.0391082764
.0476379395
-.0523071289
-.1730499268
.1273956299
-.0693206787
-.0384368896
-.0397338867
-.0506134033
.0459594727
.0352783203
-.0445098877
.1271209717
-.1560211182
-.0809631348
-.0446929932
-.0551452637
.0500030518
-.0779571533
.0536804199
.0401763916
-.0608215332
-.0670166016
.0758056641
-.0904541016
-.0492553711
.0326232910
-.0250549316
.0150146484
.0246734619
-.0279541016
.0693359375
.0631713867
-.0894622803
.0839691162
.0711364746
-.0575561523
-.0886840820
.1064605713
-.0799102783
.0417327881
.0264282227
-.0261230469
-.0187225342
-.0316467285
-.0340118408
-.0363006592
-.0996246338
-.0507049561
-.0503234863
.0433349609
.0363616943
.0314788818
-.0266265869
-.0271453857
-.0254974365
.0619812012
-.1339111328
.1028594971
.1878662109
.0897369385
.0678710938
-.0579833984
.2463836670
.1454467773
.0736389160
.2712097168
.2917785645
.2512207031
-.0787506104
.1296386719
.2201080322
-.1758422852
.0829620361
-.0760803223
-.0685272217
-.0504455566
-.0428619385
.0723114014
-.0949707031
.0544891357
.0204620361
.0827941895
.0846862793
-.0472564697
-.0292510986
-.0329284668
-.0873870850
-.0318756104
-.0273895264
.0236511230
.0123443604
-.0155792236
.0235290527
.0433807373
.0216674805
.0295104980
.2817077637
-.1495513916
-.1061248779
-.0418090820
-.0443420410
-.0323638916
-.0288696289
-.0257263184
.0279083252
.1609649658
.1482849121
-.1557464600
.3401641846
.3539733887
.2207641602
.3539733887
-.3539886475
-.2884674072
-.1105651855
-.1060333252
.0639343262
-.0391540527
-.0265808105
-.0355682373
.0379333496
-.0262908936
.3108673096
-.2961883545
.1158905029
-.0704803467
.2090301514
-.1226654053
-.0677185059
.0416870117
.0363159180
-.0169830322
-.0198669434
.0110168457
-.0216827393
-.0176391602
.0262145996
.0178527832
-.0216522217
.0244445801
.0247650146
.0268859863
.0193939209
-.0165557861
-.0286865234
-.0161285400
.0171356201
.0157012939
.0160675049
-.0129394531
-.0272064209
-.0160675049
.0384216309
.0229797363
-.0260162354
-.0222473145
.0275573730
-.0413818359
-.0840759277
.0433807373
.0352935791
-.0397644043
.0361175537
.0310821533
.0340881348
-.0208740234
.0371551514
.0384826660
.0471649170
-.0222015381
-.0293121338
-.0263824463
-.0218811035
-.0194091797
.0438537598
.0131683350
.0182189941
.0157165527
-.0117492676
-.0094757080
-.0112609863
.0145874023
.0221862793
.0143890381
-.0221557617
-.0099792480
.0164337158
.0115509033
-.0111541748
-.0078887939
.0033416748
-.0147705078
-.0058441162
-.0092773438
-.0036773682
.0098266602
.0113525391
.0112609863
-.0111083984
-.0044860840
-.0032043457
.0017700195
.0009765625
-.0006103516
-.0071258545
