-.0005493164
-.0005035400
-.0003356934
-.0003662109
-.0003204346
-.0003204346
-.0004272461
-.0003356934
-.0003051758
-.0003662109
-.0002746582
-.0002746582
-.0003509521
-.0004272461
-.0003509521
-.0003051758
.0002441406
.0003356934
-.0003509521
-.0004272461
-.0003814697
-.0003204346
-.0003662109
-.0003967285
-.0003204346
-.0002899170
-.0003662109
.0025482178
.0036773682
-.0022125244
-.0010986328
-.0004425049
-.0005950928
-.0006713867
-.0008087158
-.0315856934
-.0046691895
.0011749268
-.0007476807
-.0006256104
-.0008850098
-.0005950928
-.0005187988
-.0032958984
.0011444092
-.0007781982
-.0009918213
-.0014190674
-.0007629395
-.0026550293
-.0007171631
-.0006866455
-.0009307861
-.0015106201
-.0139923096
.0450286865
.0162811279
-.0701446533
-.0399017334
-.0119476318
-.0359497070
.0028076172
.0033111572
.0086669922
-.0017547607
.0012359619
-.0011444092
-.0016937256
-.0014038086
-.0016479492
.0018920898
-.0020294189
-.0025329590
.0056915283
.0023956299
-.0154876709
.0035552979
-.0074768066
.0083312988
-.0095062256
-.0052947998
-.0171508789
-.0074462891
-.0041046143
-.0031433105
-.0033721924
-.0030517578
.0028686523
.0027618408
.0085296631
-.0047760010
.0044708252
.0620269775
.0524749756
-.0230865479
.0437469482
-.0582427979
.0285034180
.0132598877
.0095977783
.0098114014
.0070343018
.0046691895
-.0032958984
.0040435791
-.0026550293
.0038299561
-.0043334961
-.0024261475
-.0028228760
.0023956299
-.0024871826
.0022888184
-.0035095215
-.0031890869
-.0041503906
-.0053100586
-.0045471191
-.0052185059
.0033111572
-.0031433105
-.0026855469
-.0029144287
-.0033264160
.0023498535
.0036315918
.0034332275
-.0026550293
-.0030670166
.0028991699
-.0029754639
-.0027465820
-.0029602051
-.0026245117
-.0025939941
-.0034637451
-.0031433105
.0024261475
-.0026397705
-.0026855469
-.0032043457
.0103912354
.0045013428
.0149536133
.0140228271
-.0088348389
.0094909668
-.0120239258
.0111846924
.0099639893
-.0172882080
-.0104217529
.0060729980
-.0028686523
.0028686523
-.0028381348
-.0030212402
-.0493011475
.0050811768
-.0034637451
-.0033416748
-.0048065186
-.0108184814
.0032958984
-.0045776367
-.0027923584
-.0041656494
.0023498535
-.0039367676
-.0029754639
-.0039520264
-.0034179688
-.0027618408
-.0032501221
.0029449463
-.0027313232
.0029602051
-.0056152344
.0068359375
.0391693115
-.0043945313
-.0027770996
-.0025787354
.0028076172
-.0034942627
.0037078857
-.0066528320
.0054931641
-.0053710938
-.0055999756
-.0025482178
-.0032501221
-.0023193359
.0029907227
.0027465820
-.0026092529
-.0023956299
-.0032348633
-.0033264160
-.0024871826
.0033874512
-.0026245117
-.0029602051
-.0032958984
-.0031738281
.0069885254
-.0027008057
-.0047454834
-.0144958496
.0034637451
-.0046386719
.0031433105
.0159912109
-.0099182129
-.0030059814
-.0028839111
-.0049133301
-.0114593506
-.0236358643
-.0033721924
-.0113067627
-.0039825439
-.0152130127
-.0057678223
-.0589904785
.0081024170
.0030975342
.0026855469
-.0416259766
-.0110626221
.0118713379
-.0087585449
-.0080413818
-.0046539307
-.0066680908
.0142364502
.0234069824
.0097656250
-.0225830078
.0167846680
-.0108337402
.0028381348
-.0061798096
-.0050354004
.0044097900
-.0044555664
.0047760010
-.0061950684
-.0031890869
.0030212402
-.0046691895
.0025634766
.0051879883
-.0062713623
.0045013428
.0028991699
-.0042877197
.0035095215
-.0084228516
.0099945068
.0031127930
.0026702881
-.0034027100
-.0036468506
-.0078277588
.0101623535
-.0046691895
-.0028839111
.0026702881
.0023956299
-.0036163330
.0145416260
.0049133301
.0041351318
.0032501221
.0029296875
-.0046539307
-.0040588379
-.0118713379
-.0187988281
-.0041198730
-.0034790039
-.0034179688
.0100402832
-.0207977295
-.0081481934
-.0036621094
-.0035552979
.0336608887
-.0024566650
-.0075531006
.0083770752
-.0033721924
-.0171508789
.0048980713
.0052947998
.0589904785
-.0066375732
.0045928955
-.0029449463
-.0029602051
.0045623779
.0250701904
.0221557617
.0254211426
-.0211029053
.0201568604
.0506896973
-.0053863525
-.0105438232
.0355834961
-.0063018799
-.0088348389
-.0070343018
-.0125732422
.0055999756
-.0044708252
-.0116424561
-.0078887939
.0397491455
.0579833984
.0144195557
.0068359375
.0087432861
-.0044555664
.0256652832
.0123443604
-.0069885254
.0162658691
-.0068969727
.0037994385
.0085906982
.0214080811
.0124359131
-.0037384033
-.0036468506
.0082397461
.0205230713
-.0057067871
.0081939697
.0106048584
-.0043182373
.0205535889
-.0304870605
.0161285400
-.0062408447
-.0053253174
.0058898926
-.0079650879
-.0048065186
.0040283203
.0074615479
-.0046386719
-.0067596436
.0391693115
.0128173828
.0052185059
-.0045776367
.0057373047
.0811920166
-.0142974854
-.0071105957
.0061950684
-.0096740723
.0126647949
.0057220459
.0062561035
.0086669922
-.0048065186
.0127258301
-.0054931641
.0176849365
.1089172363
.0316009521
.1040802002
.0944366455
-.0601043701
.0346679688
.0213317871
.0972900391
-.1151275635
-.0943298340
-.0943756104
.0346679688
.0963287354
-.0528564453
-.0253448486
.0166931152
-.0114898682
-.0049896240
.0119323730
-.0075988770
.0062866211
-.0140686035
.0097045898
.0038299561
.0068359375
-.0072326660
.0061950684
.0085906982
.0064697266
.0063781738
-.0101318359
.0162506104
-.0347137451
-.0307312012
.0185699463
-.0211791992
.1254425049
.0595397949
-.0144958496
-.0147857666
.1193237305
.1042175293
.0567626953
.0445556641
.0457763672
.0573425293
-.0341644287
.0341949463
.1206817627
.0231781006
-.0826263428
-.0924072266
-.0688476563
.0373535156
.0220794678
-.0108184814
-.0102691650
-.0115509033
.0113372803
.0131225586
.0074920654
-.0052642822
.0103607178
.0117034912
-.0125122070
.0126342773
.0069427490
.0164337158
.0154113770
-.0078887939
-.0077209473
.0044403076
-.0036163330
.0054168701
-.0471191406
-.0895233154
-.0871734619
-.0978851318
-.0535736084
-.0328826904
-.0222167969
.0152130127
-.0093536377
-.0137634277
-.0031738281
-.0141754150
.0053558350
-.0076599121
-.0081787109
-.0038604736
-.0048217773
.0036163330
-.0053558350
-.0038146973
-.0042724609
-.0034790039
.0051879883
.0091552734
-.0080108643
-.0110778809
-.0059204102
-.1097564697
.1336822510
.0625152588
-.0874023438
-.1203765869
-.0396118164
-.0087738037
-.0097351074
.0287780762
-.0807037354
-.0955352783
-.0934143066
-.0671081543
-.0250701904
-.0283203125
.0422973633
-.0150146484
.0303192139
.0228271484
-.0377197266
-.0170288086
.0048980713
.0037689209
.0038757324
.0028076172
-.0031738281
-.0031127930
.0062255859
.0066070557
.0036163330
-.0026245117
-.0038909912
.0021820068
-.0027618408
-.0024261475
.0024871826
-.0029296875
.0028839111
.0902862549
.0077972412
.0057830811
-.0926055908
-.1585845947
.0198974609
-.0672454834
-.0882873535
-.0670318604
-.0217132568
.0236206055
-.1039428711
.0869140625
.0921020508
.0415802002
.0360870361
-.0079193115
-.1289978027
-.0922546387
-.0405273438
-.0095672607
-.0177764893
-.0726013184
-.0753021240
.0672607422
.0510406494
-.0252685547
.0222320557
-.0488128662
.0570831299
.0321960449
.0161285400
.0202026367
-.0061340332
.0066528320
-.0196685791
.0102386475
.0032958984
-.0030364990
-.0035095215
.0026855469
-.0040435791
-.0048217773
-.0050964355
-.0182952881
.0297241211
-.0127868652
-.0101013184
-.0909881592
-.0753631592
.0422668457
.0825042725
.0678100586
.0074920654
-.0118103027
.0200805664
-.0132904053
.0094757080
.0093383789
.0257720947
.0242156982
.0054016113
-.0035095215
.0034637451
.0816955566
.1731872559
.0925598145
.0664215088
-.0562286377
.0464630127
.0831604004
.1172027588
.1216735840
.0704956055
.0872650146
-.0543060303
-.0664367676
-.0457000732
-.0625610352
-.0969543457
-.1049041748
-.0693359375
-.0445709229
-.0456237793
-.0438232422
-.0932312012
-.1004486084
-.0984954834
-.0500946045
-.0747680664
-.0788574219
-.0878448486
.1366119385
.1597595215
.1455383301
-.0663909912
-.0296630859
.0157012939
.0805511475
.0840606689
-.0310668945
-.0204162598
-.0223541260
-.0158843994
-.0143585205
-.0278625488
-.0516052246
.0519866943
.0552673340
-.0231781006
.0429077148
.0506744385
.0312500000
.0107269287
-.0101318359
.0112915039
-.0104217529
.0067749023
-.0164794922
-.0107269287
.0116424561
.0070953369
-.0034637451
-.0028991699
.0051422119
-.0042572021
.0049896240
-.0041961670
-.0028381348
.0027923584
-.0527038574
.0873565674
-.0828552246
-.0865325928
-.0894622803
-.0812835693
.0795593262
.0852813721
.0910797119
-.0863952637
-.0855407715
.0727081299
-.0657806396
.0516967773
.0467529297
.0429229736
.0368347168
-.0353546143
.0229187012
-.0180816650
.0048522949
.0031585693
-.0030975342
-.0028686523
-.0032958984
.0055541992
.0031585693
-.0026855469
.0034484863
.0039825439
.0032501221
-.0928192139
.1204223633
.1102447510
-.0902709961
-.0183258057
.0096282959
.0290069580
-.1131744385
-.1093902588
.0179595947
-.0056304932
-.0256805420
-.1428985596
-.1046142578
-.0769500732
.0848541260
-.0571594238
.0647583008
-.0792999268
.0837249756
-.0408172607
.0357971191
.0412750244
-.0130767822
.0137481689
-.0224151611
-.0118865967
.0053253174
.0036468506
.0028686523
.0037384033
-.0318603516
.1738891602
.0718231201
.0810089111
-.0182952881
-.0136108398
.0139923096
.0146331787
.0056915283
-.0502929688
-.0413818359
.0380249023
.0428009033
-.0250244141
-.0467834473
-.0427398682
-.0418243408
-.0164794922
-.0094299316
-.0047149658
-.0227661133
.0338897705
-.0311279297
-.0141143799
.0300292969
.0361938477
.0572357178
.0348358154
-.0082702637
-.0045623779
.0114593506
.0453796387
-.0438385010
-.0166931152
-.0787048340
.1165466309
-.0899963379
.0893249512
.0916748047
.0755767822
-.0928192139
.0453491211
-.0926513672
-.1088714600
-.1227874756
-.0704498291
-.0628814697
-.0691223145
-.0749511719
.0099182129
.0282745361
.0342407227
-.0263977051
-.0185546875
.0123291016
.0073242188
.0037994385
.0036468506
-.0056304932
.0046386719
.0035858154
-.0030822754
-.0029144287
-.0033111572
-.0042266846
-.0038452148
.0032043457
-.0039978027
-.0030364990
.0027923584
-.1334838867
-.1304473877
-.1159973145
-.0865173340
-.0279235840
-.0142822266
-.0934295654
.1836700439
.0832519531
-.0202484131
-.0113830566
-.0052185059
-.0106658936
.0470581055
.0219421387
.0305175781
.0628204346
-.0539398193
-.0405426025
-.0425262451
-.0194091797
-.0176544189
.0305480957
-.0115356445
.0040130615
-.0045776367
.0397491455
-.0121917725
-.0077667236
.0692749023
.1058349609
-.0499572754
-.0562286377
-.1053466797
-.1059265137
-.0505676270
-.0522918701
-.0628509521
-.1058044434
-.0896148682
-.0673980713
-.0821380615
-.0592498779
-.0575103760
-.0513763428
-.0225372314
.0064239502
-.0055541992
.0041961670
.0036315918
-.0038299561
.0034332275
-.0039672852
.0029296875
-.0035095215
-.0043182373
.0035400391
-.0032653809
-.0501708984
-.1040344238
-.0844879150
-.0807037354
-.0849761963
.0256958008
-.0124511719
-.0751190186
.1197357178
.1125335693
.0193023682
-.0105743408
-.0072479248
-.0425262451
-.0297393799
-.0259704590
-.0296020508
-.1164703369
.1188964844
-.0905914307
-.0375518799
.0270080566
-.0770416260
-.0696105957
.0178375244
-.0199127197
-.0515594482
-.0512695313
-.0646667480
-.0755004883
-.0425720215
-.0408630371
-.0871124268
-.1068878174
.0508880615
-.0358734131
-.0286560059
.0110931396
.0171051025
-.0191650391
-.0128173828
.0056152344
.0050659180
-.1601867676
.1274566650
.1596527100
.1365356445
.0693817139
.1031951904
.1020355225
-.1006317139
.0365753174
.0245361328
-.0267944336
.0119628906
.0527954102
-.0171203613
-.0157470703
-.1326293945
-.0756683350
-.0871429443
-.0533294678
.0435028076
.0382232666
-.0698547363
.0634613037
-.0115203857
-.0291290283
-.0260162354
.0106353760
-.0034027100
-.0198822021
.0625610352
.0518951416
-.0540161133
-.0608978271
.0416107178
-.0155181885
.0238342285
.0308837891
.0215911865
-.0146331787
-.0047149658
.0032806396
.0038146973
-.0034790039
.0039520264
.0031738281
-.0032806396
.0053558350
.0055694580
-.1204833984
-.1318511963
.0836334229
-.1437377930
.1435241699
.1169738770
-.0220031738
-.0202331543
-.0164947510
-.1207427979
-.0833282471
-.1024780273
-.0520324707
-.1041259766
-.0914001465
-.0928192139
-.0988922119
-.0253295898
.0740509033
-.0752868652
-.0812530518
-.0829925537
.0832977295
.0167694092
-.0233612061
-.0061340332
.0039978027
.0980987549
.0902862549
-.0324401855
-.0868225098
.0482940674
.0626220703
-.0919494629
.0806579590
-.0693511963
-.0215301514
.0058441162
.0044860840
.0734558105
.0885162354
.0623168945
-.0315246582
-.0128936768
.0059051514
-.0060729980
.0039672852
-.0039978027
.0039367676
.0030517578
-.0040283203
-.0033721924
.0031585693
.0037231445
-.0039520264
.0046844482
.0046386719
.0036773682
.0035247803
.0034790039
.0033569336
-.0033569336
-.0028991699
-.0033569336
-.0028076172
-.0031738281
-.0033569336
.0026855469
.0025787354
-.0028228760
-.0021820068
-.0030364990
.0030670166
.0028839111
.0022735596
.0024414063
.0025482178
-.0028533936
.0029907227
