-.0006713867
.0027160645
.0058593750
-.0083312988
-.0104064941
-.0186462402
-.0157012939
.0194396973
-.0364379883
-.0377197266
-.0354156494
.0304412842
-.0287933350
.0262298584
.0295410156
-.0410156250
.0297241211
-.0286712646
.0354156494
-.0458984375
-.0349578857
-.0384216309
.0325012207
.0250396729
.0198516846
.0315704346
.0241394043
-.0162811279
.0178070068
.0202789307
.0219421387
-.0307159424
.0315246582
.0330047607
.0287628174
.0276641846
.0291900635
.0393829346
-.0338439941
-.0386505127
.0289306641
.0299682617
-.0297698975
.0228881836
-.0311431885
.0213775635
-.0238800049
.0207214355
.0282287598
-.1160430908
.0779876709
.0854797363
-.1020355225
.0812988281
-.0826416016
-.0540466309
.0526580811
.0640106201
.0830841064
.0758514404
.0966644287
.0945434570
.0698242188
.0775451660
.0596160889
.0776367188
.0578765869
-.0463562012
.0446014404
-.0527496338
-.0410766602
-.0417327881
-.0471954346
-.0436553955
-.0628356934
.0473327637
.0454406738
-.0470123291
.0435028076
-.0383300781
-.0340423584
.0449371338
.0343017578
.0353546143
.0216827393
-.0224304199
.0303192139
.0327453613
.0414276123
.0696716309
-.0649108887
-.0751190186
-.0466003418
.0619659424
-.0630340576
-.0327606201
-.0574340820
.0446014404
-.0574951172
-.0600280762
.0315246582
-.0451965332
.0363159180
-.0354614258
.0253448486
.0316925049
.0825653076
-.0523834229
.0573272705
.1173858643
-.1141204834
.1612091064
-.0984497070
.0372009277
-.0548706055
.0263061523
-.0433959961
.0308532715
-.0245056152
.0243682861
.0180206299
-.0303955078
.0245361328
.0433807373
-.0425720215
.0387115479
.0645751953
-.0800933838
.0427246094
.0727691650
.0546722412
.0526580811
-.0437622070
.0412292480
.0626373291
-.0594177246
.0877990723
.0915222168
.0403594971
.0402069092
-.0634460449
.0489654541
-.0363006592
.0405426025
.0332641602
-.0231933594
-.0202789307
.0323791504
.0312500000
-.0416870117
.0596923828
-.0683441162
-.0651092529
.0410003662
-.0266571045
-.0352020264
.0306091309
-.0515289307
-.0270843506
-.0473785400
-.0404968262
.0362091064
.0453338623
-.0307617188
.0384216309
-.0288696289
.0275573730
.0301361084
-.0302886963
-.0372467041
.0500335693
.0431060791
.0576934814
-.0443420410
.0561523438
-.0670013428
-.0462493896
.0297698975
.0285949707
-.0265045166
.0244598389
-.0261688232
.0308532715
.0195007324
-.0135955811
-.0090484619
.0166015625
.0150299072
-.0172271729
-.0258178711
.0655822754
-.0545654297
-.0829925537
-.0765686035
-.1916961670
.1320343018
-.1040802002
.0919189453
-.1331939697
.0619964600
-.1038513184
-.0414886475
-.0985412598
.1060485840
-.1141052246
.1266174316
-.1232299805
-.1766967773
-.1351470947
-.2477416992
.1692810059
.0631103516
-.0465393066
.0427703857
.0249938965
-.0151214600
-.0137634277
-.0199432373
-.0638885498
.0669555664
.1053314209
.1051025391
.2591705322
.2621307373
.0853118896
-.1521453857
-.1622161865
.0945587158
.0875854492
-.1203918457
.2136840820
.2519683838
.0603485107
.0958099365
-.0514984131
.0615081787
.1210632324
.0977783203
-.0756225586
-.0888214111
-.1060180664
-.0919799805
-.0655364990
.0413360596
.0681304932
-.1082458496
-.0734405518
-.0550689697
.0879058838
-.0909118652
-.0846862793
.0591278076
.0452423096
-.0686950684
-.0634307861
-.1096191406
-.0566406250
.0789947510
.1039428711
-.0996551514
.1087341309
.0917968750
.0430603027
-.0784149170
-.0917968750
.0918579102
.0944519043
.0621490479
.0480499268
.1004486084
-.1587829590
.0945892334
-.0438842773
-.1392974854
.0714721680
-.1104583740
-.0945739746
-.0461120605
.1108703613
.2515411377
.1700897217
.1148834229
.0526123047
-.0390014648
.1106872559
-.1300048828
.0916595459
-.1041564941
-.0813446045
.0319824219
.0254516602
-.0270538330
-.0230407715
-.0158691406
-.0124664307
-.0173492432
-.0142211914
-.0105438232
.0104522705
.0181274414
.0149841309
-.0368652344
.0855865479
.0524597168
.0530395508
-.0402832031
.0327911377
-.0366973877
-.0281372070
.0303802490
.0242309570
-.0258636475
-.0386962891
-.0229034424
-.0285034180
-.0431671143
.0872955322
.0336608887
.0491790771
-.0393829346
.0349578857
-.0502319336
-.0363464355
-.0340270996
.0355834961
-.0329589844
.0538940430
-.0340881348
-.0235748291
-.0214385986
.0362854004
-.0357666016
-.0259704590
.0383758545
-.0640869141
.0490570068
.0290832520
.0500640869
-.1018524170
-.0447235107
-.0446624756
-.0477142334
.0597534180
.0380706787
-.0336303711
.0361633301
.0339355469
-.0927276611
-.0876159668
.0683135986
.0522613525
.0348358154
-.0375823975
-.0215301514
.0268859863
.0169372559
-.0323333740
-.0252990723
.0186157227
-.0147552490
.0253601074
-.0346984863
-.0946807861
.0784606934
.0735931396
.0572052002
-.0463104248
.0508880615
.0520629883
-.0396270752
-.0284423828
.0373382568
.0372772217
-.0349884033
.0322723389
-.0216979980
-.0409851074
.0175018311
.0430297852
-.0200500488
-.0249023438
.0743865967
.0818786621
-.1197814941
-.0607452393
-.0697326660
-.0625762939
.0719909668
.0688781738
.0602111816
-.0416870117
.0768127441
.0763244629
.0915985107
.0722656250
.0658569336
-.0776062012
.0925140381
-.0926971436
.0833587646
-.0426940918
.0664062500
.0399169922
.0350341797
-.0360107422
.0373535156
.0431976318
-.0346527100
-.0335998535
.0274353027
-.0381774902
-.0228271484
.0160827637
-.0855712891
-.0460357666
.0610046387
-.0493011475
.0257568359
-.0333862305
-.0550689697
-.0432281494
-.0381164551
-.0471801758
.0619812012
.0330505371
-.0467987061
.0532379150
-.0236053467
.0261383057
.0453338623
-.0270690918
.0298004150
-.0267333984
-.0198059082
-.0289611816
.0228118896
.0187072754
.0149078369
-.0143127441
.0128479004
.0198974609
.0142822266
-.0195922852
-.0091400146
-.0651092529
.0796508789
.0835876465
.0541839600
-.0718994141
-.1250762939
-.0790710449
-.0891265869
-.0889587402
.0896301270
.0643310547
.0477142334
.0610198975
-.0721588135
.0615692139
.0341644287
.0327911377
.0839538574
.0493164063
.0436706543
.0399932861
-.0313568115
-.0226135254
-.0830993652
-.0521697998
-.0496978760
.0516204834
-.0410614014
-.0394134521
.0852661133
.0593872070
-.0425262451
.0233459473
-.0373229980
.0399169922
.0303497314
.0348205566
.0578460693
-.1009368896
.0790252686
-.0742950439
-.1387786865
.0552368164
-.0595397949
.0407257080
.0176849365
-.0283050537
-.0252532959
-.0192413330
.0160217285
.0185394287
-.0261077881
-.0130310059
-.0153503418
.0185241699
.0156707764
-.0160522461
-.0252990723
.0277709961
.0466461182
.0473175049
.0319976807
-.0231170654
.0137634277
.0528717041
.0403442383
-.0722503662
-.0299682617
-.0382385254
-.0307159424
-.0228881836
.0186004639
.0298614502
-.0314941406
-.0245666504
.0383148193
-.0355987549
-.0283508301
.0356292725
.0383605957
-.0376129150
-.0346527100
.0496215820
.0351257324
.0328063965
-.0543212891
-.0473327637
-.0351104736
-.0368041992
.0261230469
.0227050781
-.0285339355
-.0270690918
.0206298828
.0164184570
-.0198516846
-.0245819092
-.0225372314
.0244903564
-.0128326416
-.0184020996
.0248870850
-.0378112793
.0547027588
.0404968262
-.0405273438
-.0431671143
.0395507813
.0239410400
-.0258789063
-.0257415771
-.0413818359
-.0305633545
-.0269622803
-.0241699219
-.0427246094
.0407257080
.0250091553
.0330200195
.0395355225
-.0363616943
.0409545898
.0475769043
.0333404541
.0380401611
.0250244141
.0426483154
-.0487060547
.0217437744
-.0429229736
.0446777344
.0278930664
.0213623047
-.0239410400
-.0554656982
-.0239105225
.0274810791
-.0379028320
.0746154785
-.0483703613
.0296630859
-.0242919922
-.0217742920
.0262298584
-.0249176025
-.0379333496
.0339508057
.0189819336
-.0200042725
.0281982422
.0164947510
-.0147247314
-.0128021240
.0122985840
.0171203613
.0457611084
-.1787719727
-.1410675049
-.0637969971
-.2353820801
.0907592773
.1285400391
.0758666992
.0430145264
.0206756592
.0176849365
-.0102386475
.0193176270
-.0251922607
-.0149841309
.0214996338
-.0188293457
-.1064910889
.0730590820
.1467742920
.0729217529
-.0633850098
-.1103515625
.1270141602
.0756378174
.0794982910
.0447387695
.1236572266
.1349487305
.1086578369
-.0637512207
-.0473937988
.0951995850
-.1223907471
-.1737670898
-.0817413330
.1166229248
-.0930786133
-.0426940918
-.0252990723
.0201568604
.0229339600
.0221862793
.0925292969
.1617736816
-.0405426025
-.0926666260
-.1316375732
.1348724365
.3160095215
.0823974609
-.1299743652
.0641479492
.0439147949
-.0227355957
.1524658203
-.1178283691
.2369537354
.1222381592
.0521697998
-.1659698486
-.2010345459
.2053985596
.1477813721
-.1452178955
-.0894165039
-.0570220947
.2086181641
.1260528564
.0858001709
.0930480957
.1186676025
.0851898193
-.0267181396
-.0222015381
.0722198486
.0312194824
.0287170410
.0250854492
.0194244385
-.0300903320
-.0264282227
.0347290039
-.1636352539
-.0534820557
-.0434417725
.1046295166
-.0479125977
-.0315551758
-.0345611572
.0246429443
-.0381469727
-.0267639160
-.0326690674
-.0435028076
-.0843353271
.1464538574
.1027221680
.0840454102
.0994567871
.0816955566
-.0709075928
-.0811920166
-.0693817139
.0816802979
.0897521973
.1279144287
.1540527344
.1526794434
.1165924072
.0591430664
-.0769042969
.1324157715
-.0760498047
.1672515869
.1356201172
-.1349639893
-.1349639893
-.1423339844
-.1434326172
-.1361541748
-.0579528809
-.0494384766
-.1071472168
-.1080474854
-.1089935303
.1191711426
.1393890381
-.1416168213
-.1460723877
.1023712158
-.0507202148
-.0529022217
-.0926971436
.1136932373
.1239624023
.1145782471
.0934906006
.1022491455
.1090087891
.1049957275
.0857238770
-.0805816650
-.0725860596
.0656738281
-.0615081787
.0773162842
.0870208740
.0887298584
-.0636901855
-.0326538086
-.0210418701
-.0220947266
.0349426270
.0700836182
-.0826568604
-.1139526367
-.1112213135
-.1153106689
-.1105651855
-.1025695801
.1035614014
.1096038818
.0981445313
.0997314453
.0961914063
.1066284180
.1222686768
.1291961670
.0806579590
.0373077393
.0263977051
.0205535889
.0261688232
.0888977051
-.1984252930
-.2234954834
.1841278076
-.1724700928
.1864013672
-.2238311768
-.1874694824
.2135772705
-.1389312744
-.1548156738
.1588592529
.2004394531
.2022247314
.1846160889
.2232055664
.1906127930
-.1778717041
-.1543579102
-.2238922119
-.1402130127
-.2239379883
.2145690918
-.1600189209
.1900634766
.1458587646
.2066650391
.1584014893
.1864166260
.1880493164
.2063751221
.2226867676
.2112884521
.2089385986
-.2146759033
.2232055664
.2118988037
.2061767578
-.1653747559
.1360321045
-.1885833740
.1754760742
.1591186523
.1869812012
.2080993652
.1473999023
-.1498260498
-.1323547363
-.1463775635
-.1644744873
-.1737976074
.1890258789
-.1977996826
-.2235107422
.2237548828
.2238006592
-.1898498535
.2237854004
-.2239074707
.2234497070
.2044372559
.2236175537
.1949768066
-.1715087891
-.1988830566
.2201232910
.1945037842
.1702728271
.1725158691
.2233886719
.2144165039
.1929473877
-.2157287598
.1938476563
.1955261230
.1545562744
.1374969482
.1310729980
.1195526123
.1507263184
.1764831543
-.1845703125
.1395263672
-.1825714111
.1461334229
-.1950531006
-.1808471680
.1650085449
.2234649658
-.2097625732
.2233886719
-.1863708496
-.2188110352
-.1608276367
-.1944885254
-.2236328125
.2234954834
.2237854004
.2088165283
.2234954834
-.2001190186
.1758117676
-.2026214600
.1955261230
.2079162598
.2140350342
.1988677979
.2231597900
.1750640869
.2233581543
.1982727051
-.1733703613
.1706085205
.1695709229
.2039031982
.2233276367
.1930389404
-.2241363525
-.2068023682
-.2137451172
-.2236633301
-.1980133057
-.2154541016
-.1787719727
-.1813964844
-.2181854248
.2236633301
-.2223815918
-.1776275635
.1762390137
.2231140137
.2237091064
.1896362305
-.1742248535
-.1933898926
-.2132720947
-.2238922119
-.1869201660
.1952209473
-.2060699463
.1881103516
.1901550293
.1835937500
.2235717773
.2065582275
-.1213989258
.2113647461
.2181549072
.1979827881
.2237854004
.1935729980
.1936492920
-.1911926270
.2200775146
.1865692139
-.1922607422
.2117004395
.2227478027
-.1647644043
.1669616699
.1789703369
.1609344482
.1506347656
.1836242676
.2183532715
.1872253418
.1913909912
-.2237091064
-.1943969727
.2235412598
-.2238311768
-.2238769531
.2234191895
-.2104644775
.1800231934
-.1709136963
-.1713409424
.1732788086
-.2032623291
.2052001953
-.1690826416
.2119140625
.1723937988
.1820373535
.2167816162
-.2171936035
-.1759338379
.2003631592
.1996459961
-.1840515137
-.1751098633
-.1851501465
-.1851501465
.1867828369
-.1767425537
-.1875152588
.1714477539
.1704254150
.1904754639
.2093658447
.2232208252
.1898345947
.2233428955
-.2236785889
-.2101135254
-.1901855469
.1722412109
-.2225799561
.1840972900
-.2124481201
-.2141876221
.1665344238
-.2038574219
.1607971191
-.0941009521
-.0740203857
-.0496368408
-.0302124023
-.0296325684
.0147552490
-.0074920654
.0072479248
.0053863525
-.0001983643
-.0001525879
-.0001220703
-.0001068115
-.2223815918
