-.0000457764
-.0000762939
-.0001220703
-.0001983643
-.0001831055
-.0005035400
-.0003204346
-.0004272461
.0003662109
-.0003814697
-.0003967285
-.0005798340
-.0008544922
.0005340576
-.0009460449
.0007171631
-.0008697510
-.0005340576
-.0005798340
.0009002686
.0006408691
.0008239746
.0014953613
-.0007171631
.0014038086
.0008392334
.0013275146
-.0007019043
.0015563965
.0006408691
.0017547607
.0023956299
.0016326904
.0017089844
.0015563965
.0010528564
.0020904541
.0019378662
.0016784668
.0020599365
.0016174316
-.0017395020
.0015869141
.0025024414
-.0037994385
-.0029907227
-.0032196045
-.0030822754
-.0027618408
-.0017089844
-.0030670166
-.0020446777
-.0027923584
-.0039672852
-.0023803711
-.0034790039
.0017395020
-.0030212402
-.0015106201
-.0031127930
-.0048370361
-.0038146973
-.0034484863
.0035552979
-.0045776367
.0036010742
.0020294189
-.0023803711
.0039520264
.0043945313
.0056304932
.0017395020
.0048828125
-.0029449463
.0072174072
.0022277832
.0044555664
.0020446777
.0041656494
.0036315918
.0068054199
.0037536621
.0044097900
.0039520264
.0047302246
.0026550293
.0047607422
.0043945313
.0041656494
.0038299561
.0030822754
.0059967041
-.0077362061
.0032348633
-.0061492920
-.0042572021
-.0060882568
-.0034179688
.0023956299
-.0038909912
-.0040435791
-.0054473877
-.0061492920
-.0076904297
-.0059356689
-.0093383789
.0050659180
-.0068817139
-.0028076172
-.0057220459
-.0064544678
-.0053405762
-.0051269531
.0044097900
-.0026092529
.0041503906
-.0054168701
.0030364990
-.0031585693
-.0054168701
.0074615479
.0054016113
.0043792725
-.0027618408
.0054779053
-.0038299561
.0053253174
.0074768066
.0042724609
.0063476563
.0041656494
.0037536621
.0046691895
.0067138672
.0049743652
-.0039520264
.0035247803
.0053253174
-.0050964355
.0031127930
.0044097900
-.0060272217
.0037384033
-.0031585693
-.0031433105
-.0059509277
-.0063018799
-.0050811768
-.0058135986
-.0060577393
-.0040435791
-.0040740967
-.0075225830
-.0064697266
-.0055389404
-.0044097900
-.0045013428
-.0045318604
-.0071868896
-.0057678223
-.0054321289
-.0045928955
-.0054626465
.0066680908
-.0075225830
.0038604736
.0036621094
.0035552979
-.0057220459
.0047149658
.0066528320
.0042572021
.0031738281
.0052490234
-.0034790039
.0046234131
.0030212402
.0080108643
.0046234131
.0060424805
.0035858154
.0061340332
.0057678223
.0024871826
.0074462891
.0047760010
.0055999756
-.0031433105
.0055084229
-.0030822754
.0046844482
-.0077667236
-.0056915283
-.0023345947
-.0058898926
-.0036773682
-.0042877197
.0042877197
-.0076904297
.0032653809
-.0093994141
-.0063018799
-.0094451904
-.0071716309
.0028381348
-.0065917969
-.0057525635
-.0048065186
-.0028381348
-.0080413818
-.0051116943
-.0060272217
-.0028991699
-.0036773682
-.0025177002
.0062255859
.0071716309
-.0054779053
.0055236816
.0048370361
.0080566406
-.0054016113
.0032501221
.0077514648
.0041198730
.0043945313
.0026092529
.0058746338
-.0029907227
.0043487549
-.0064544678
.0080566406
-.0040130615
.0067596436
.0049896240
.0031890869
.0053253174
.0030059814
.0057830811
-.0065765381
-.0033416748
-.0054779053
-.0061035156
-.0050048828
-.0032196045
-.0044555664
-.0037536621
-.0048675537
-.0063629150
-.0079956055
-.0066375732
-.0080261230
-.0030059814
-.0069885254
.0028839111
-.0050659180
-.0032501221
-.0047912598
-.0074768066
-.0043640137
-.0048980713
.0051116943
-.0032958984
-.0045166016
-.0056610107
.0018615723
-.0053710938
.0078125000
.0068511963
.0018615723
.0040435791
.0029296875
.0057067871
-.0025024414
.0059967041
.0069580078
.0048370361
.0071411133
.0030059814
.0045623779
.0062103271
.0054931641
.0052795410
-.0075988770
.0064239502
.0062408447
.0024566650
.0033416748
.0055389404
-.0024261475
-.0057067871
.0041046143
-.0060119629
-.0050964355
-.0050048828
.0033416748
-.0060577393
-.0084075928
-.0054931641
-.0102081299
-.0034027100
-.0066833496
.0037994385
-.0065460205
-.0048370361
-.0060729980
-.0069732666
-.0047760010
-.0049896240
.0061035156
-.0093383789
.0063323975
-.0087890625
.0078277588
-.0076446533
.0045013428
.0050964355
.0030212402
.0073242188
.0027770996
.0071411133
.0046539307
.0054473877
.0048675537
.0074615479
.0045776367
.0065917969
-.0036773682
.0087432861
-.0032043457
.0040740967
.0036926270
.0096740723
-.0052185059
.0076599121
-.0037231445
.0056610107
-.0043792725
.0061187744
.0057067871
-.0094299316
-.0030975342
-.0055541992
.0045623779
-.0055847168
-.0023040771
-.0099334717
.0032348633
-.0076599121
-.0065155029
-.0059661865
-.0031585693
-.0035552979
-.0072937012
-.0053710938
-.0043945313
-.0053253174
-.0082397461
.0053558350
-.0062713623
-.0039215088
-.0027160645
.0042419434
-.0055999756
-.0032043457
.0040588379
.0042724609
.0020904541
.0050964355
.0033111572
.0030975342
.0068969727
.0049591064
.0070800781
.0036621094
.0099029541
-.0017395020
.0100402832
.0065155029
.0053558350
.0027923584
.0059814453
.0034790039
.0043792725
.0041046143
.0039215088
.0059356689
-.0050506592
.0048522949
-.0049133301
-.0060272217
.0065002441
-.0047607422
-.0076599121
-.0041351318
-.0084533691
-.0031890869
-.0050811768
-.0073394775
-.0030059814
-.0023498535
-.0046691895
-.0053405762
-.0041351318
-.0050354004
-.0065917969
-.0037689209
-.0040893555
-.0048980713
-.0034484863
.0051269531
-.0072174072
.0043487549
-.0062866211
-.0043487549
.0080261230
-.0048675537
-.0054321289
.0041961670
.0088958740
.0035400391
.0092773438
.0057220459
.0093688965
.0033416748
.0046386719
.0047454834
.0052185059
.0027770996
.0060424805
.0043029785
.0049896240
.0054626465
.0042266846
-.0037841797
-.0052795410
.0030517578
-.0056152344
.0074768066
-.0065460205
-.0031280518
-.0068359375
.0069274902
-.0092163086
-.0074768066
-.0074310303
.0046997070
-.0074920654
-.0055084229
-.0056610107
-.0044708252
-.0044097900
-.0059967041
-.0046844482
-.0068206787
.0040588379
-.0057067871
.0054779053
-.0068817139
.0048370361
-.0068359375
.0039672852
-.0063781738
.0037078857
.0035095215
-.0030975342
-.0046081543
-.0035858154
.0078582764
-.0052947998
.0077209473
.0049896240
.0079040527
.0026397705
.0076751709
-.0035858154
.0069427490
.0033264160
.0055694580
.0045318604
.0072326660
.0041503906
.0039367676
.0089874268
-.0075073242
.0044708252
-.0046234131
.0080871582
-.0074615479
.0062255859
-.0071258545
.0039215088
-.0045166016
-.0060424805
-.0050048828
-.0082397461
-.0046539307
-.0085601807
-.0035247803
-.0037384033
-.0065155029
-.0048675537
-.0046539307
-.0065765381
-.0053405762
-.0064392090
-.0040740967
-.0041809082
-.0052185059
.0028686523
-.0046234131
-.0032348633
.0063171387
.0064544678
.0038146973
-.0026702881
.0028686523
.0032806396
-.0030822754
.0025787354
.0078735352
.0028381348
.0051422119
.0037536621
.0036163330
.0061340332
.0054016113
.0083160400
.0050506592
.0089263916
.0051269531
.0031738281
.0055389404
.0057525635
.0046844482
.0037231445
-.0042724609
-.0061187744
-.0053100586
.0030822754
-.0032653809
-.0048065186
-.0041809082
-.0029296875
-.0069580078
.0032653809
-.0047454834
-.0072937012
.0027008057
-.0089416504
-.0048065186
-.0069122314
-.0039825439
-.0090332031
.0032806396
-.0052795410
-.0046539307
.0041046143
-.0040588379
-.0039062500
-.0053253174
.0064849854
-.0034027100
.0053863525
-.0058441162
.0041351318
.0069122314
.0059661865
.0040740967
.0080871582
.0049896240
.0061340332
.0027008057
.0066223145
.0033569336
.0059967041
.0069885254
.0057067871
.0052947998
.0043945313
.0047454834
-.0093688965
.0049896240
-.0028533936
.0056457520
.0027008057
.0062561035
-.0063934326
.0045928955
-.0024108887
-.0074920654
-.0043640137
-.0050506592
-.0024108887
-.0102844238
.0021209717
-.0050659180
-.0044403076
-.0092468262
-.0043792725
-.0053863525
.0034332275
-.0071563721
-.0032501221
-.0071563721
-.0019989014
.0029449463
-.0052490234
-.0056610107
-.0063629150
.0044250488
-.0022277832
.0054321289
-.0036926270
.0034790039
.0056610107
.0028686523
-.0048065186
.0064697266
.0047760010
.0061187744
.0037841797
.0036315918
.0077056885
.0057067871
.0071411133
.0042572021
.0070648193
.0043945313
.0039367676
-.0034637451
.0055084229
.0044555664
.0042114258
.0052795410
-.0046997070
.0027923584
.0049438477
.0056304932
-.0060729980
.0039215088
-.0053558350
-.0063781738
-.0071716309
-.0045928955
-.0072937012
-.0035858154
-.0057830811
-.0063171387
-.0048065186
-.0075683594
-.0067291260
-.0065765381
-.0034790039
-.0046691895
-.0058135986
-.0038604736
-.0061492920
.0050506592
-.0063323975
.0039978027
.0046234131
.0058898926
-.0063781738
.0071105957
-.0052032471
.0058288574
.0069427490
.0067138672
-.0041809082
.0053710938
.0069274902
.0058441162
.0042266846
.0038146973
.0085296631
.0034637451
.0095520020
-.0039978027
.0083007813
-.0057830811
.0048065186
-.0061645508
.0082092285
-.0054016113
-.0076293945
-.0026550293
.0045166016
.0024566650
-.0050354004
-.0025787354
-.0078430176
-.0033416748
-.0045928955
.0025024414
-.0081176758
.0055694580
-.0080261230
-.0033416748
-.0078277588
-.0046997070
-.0041198730
-.0022888184
-.0068206787
-.0079498291
.0052642822
-.0064849854
.0044860840
-.0059051514
.0070343018
-.0052032471
.0048370361
-.0051269531
.0056762695
.0054168701
.0060882568
.0040588379
.0043945313
.0027770996
.0057067871
.0083618164
.0029754639
.0048675537
.0046997070
.0052642822
.0037078857
.0056152344
.0070037842
-.0056762695
.0053253174
.0049133301
-.0024871826
.0038299561
-.0054626465
.0037841797
-.0036468506
.0027008057
-.0043487549
.0026245117
.0043792725
-.0066223145
-.0067901611
-.0044860840
.0032043457
-.0073547363
-.0043945313
-.0040893555
-.0071258545
-.0072021484
-.0057067871
-.0045928955
-.0038146973
-.0029907227
-.0050811768
-.0066986084
-.0023956299
-.0060577393
.0050048828
-.0035247803
-.0026092529
.0034484863
-.0049438477
.0059661865
.0048370361
.0042724609
.0053558350
.0064239502
.0043334961
.0066986084
.0041503906
.0073852539
-.0033721924
.0086822510
.0060882568
.0061492920
.0044555664
.0038757324
-.0030212402
.0061035156
.0047760010
.0044097900
-.0045013428
-.0058288574
.0053710938
-.0035858154
.0031585693
-.0053253174
-.0036163330
-.0056762695
.0044555664
-.0098114014
-.0032653809
-.0043792725
-.0060272217
-.0079956055
-.0044097900
-.0045471191
-.0069122314
-.0052490234
-.0071716309
-.0054626465
-.0034179688
-.0049438477
-.0052947998
.0045318604
-.0047302246
.0048522949
-.0045928955
.0063171387
-.0058746338
.0041809082
-.0039672852
-.0045013428
.0053100586
-.0028228760
.0074615479
-.0058746338
.0063476563
.0047912598
.0045013428
-.0029907227
.0056610107
.0036163330
.0066375732
.0051269531
.0037536621
.0054779053
.0060424805
.0044403076
.0044708252
.0031738281
.0040588379
.0030059814
-.0039520264
.0029602051
-.0054016113
.0028839111
-.0087890625
.0034942627
-.0078277588
.0070648193
-.0050964355
-.0041046143
-.0046386719
-.0046691895
-.0046539307
-.0064392090
-.0069427490
-.0038299561
-.0034484863
-.0061187744
-.0036468506
-.0060272217
-.0030212402
-.0038146973
-.0054321289
.0039672852
.0032348633
-.0051727295
.0049743652
.0043029785
.0049743652
.0040435791
.0053863525
.0038299561
.0042266846
.0034637451
-.0043029785
.0061340332
.0039215088
.0065307617
.0071411133
.0029754639
.0045318604
.0048522949
.0061187744
-.0054168701
.0062408447
.0048980713
.0052185059
.0026550293
.0045776367
.0027313232
-.0030975342
.0045318604
-.0064239502
-.0057678223
-.0051269531
-.0074920654
-.0042266846
-.0065307617
.0062713623
-.0078735352
-.0069274902
-.0064239502
-.0072631836
-.0036163330
-.0043182373
-.0053558350
-.0032348633
-.0040435791
-.0046844482
-.0047912598
.0030364990
-.0049438477
-.0042877197
-.0041809082
-.0045928955
.0035247803
.0033874512
-.0050354004
-.0053710938
.0068359375
-.0051116943
.0070953369
.0066070557
.0059814453
-.0033264160
.0083312988
.0043487549
.0057220459
.0061187744
.0043640137
.0028533936
.0023193359
.0067749023
-.0023498535
.0069732666
.0035705566
.0072174072
.0028686523
.0068206787
.0048370361
.0046539307
.0036315918
.0059356689
-.0044708252
.0050048828
-.0047912598
-.0040435791
.0036773682
-.0070343018
-.0026245117
-.0088653564
-.0034179688
-.0073852539
-.0029296875
-.0059967041
.0029449463
-.0056304932
.0046539307
-.0072479248
-.0037689209
-.0042877197
.0054168701
-.0045623779
.0052947998
-.0055084229
.0053558350
-.0028991699
-.0037994385
.0064849854
.0028076172
.0042572021
.0045928955
.0038146973
.0045013428
-.0035400391
.0057373047
.0035247803
.0066223145
.0047454834
.0058898926
.0071563721
-.0048217773
.0053100586
.0029449463
.0061035156
-.0052642822
.0064697266
-.0030975342
.0038909912
-.0036621094
-.0052337646
.0027618408
.0028686523
.0030517578
-.0025329590
.0027923584
-.0025482178
-.0025024414
-.0015563965
-.0021667480
-.0022735596
-.0020599365
.0013122559
-.0013275146
-.0011596680
-.0011291504
-.0009460449
-.0003967285
-.0017089844
-.0011444092
