-.0004882813
.0003814697
-.0004882813
-.0008392334
.0018615723
.0014190674
-.0035095215
-.0060882568
.0083923340
.0732727051
-.0139160156
-.0096130371
.0089721680
-.0077514648
-.0072174072
-.0054626465
-.0071105957
-.0070800781
.0077819824
-.0061340332
-.0057067871
.0082397461
.0073699951
-.0080566406
.0070648193
.0072479248
-.0069427490
.0072479248
-.0056610107
-.0051422119
.0090789795
.0053405762
-.0054931641
.0061340332
.0085296631
-.0058135986
.0083923340
.0076751709
-.0043487549
.0073089600
.0067291260
-.0047302246
.0061950684
.0065002441
-.0082855225
.0042114258
-.0038757324
-.0064086914
.0066833496
-.0084686279
-.0094757080
.0063476563
.0078887939
-.0082550049
.0063323975
.0083007813
-.0097045898
.0101165771
.0111389160
-.0124359131
.0110931396
.0096130371
-.0091094971
.0097351074
.0107269287
-.0120849609
.0096588135
.0109252930
-.0121612549
.0105895996
.0113677979
-.0094299316
.0070037842
.0071563721
-.0062408447
-.0083770752
.0084686279
-.0107421875
.0075073242
.0061035156
.0067291260
-.0078887939
.0070190430
.0063781738
-.0087432861
.0084533691
-.0082550049
-.0099334717
.0108184814
.0104675293
-.0090942383
.0090179443
.0068206787
-.0102386475
.0108184814
.0090637207
-.0100708008
.0126800537
.0103302002
-.0130920410
.0114593506
.0078887939
-.0085601807
-.0109710693
.0064697266
-.0117340088
-.0108795166
.0082092285
-.0119323730
-.0130157471
.0147705078
-.0116424561
-.0093688965
.0058135986
-.0123901367
-.0110473633
.0126953125
-.0127563477
-.0102386475
.0082550049
-.0071563721
-.0071868896
.0083618164
.0069122314
-.0102996826
.0117492676
.0088195801
-.0123443604
.0124511719
.0070190430
-.0131988525
.0135498047
.0142364502
-.0114288330
.0123138428
.0094146729
-.0094299316
-.0121765137
.0109100342
-.0125579834
-.0123138428
.0119476318
-.0127105713
.0104827881
.0138549805
-.0126953125
-.0104675293
.0111846924
-.0097808838
-.0090637207
.0094604492
-.0087738037
-.0105438232
.0118255615
-.0139160156
-.0123443604
.0141601563
-.0092620850
-.0119171143
.0092468262
-.0106811523
-.0107727051
.0120697021
.0085449219
-.0106506348
.0093078613
.0104217529
-.0128021240
.0145416260
.0096893311
-.0114746094
.0094299316
.0112457275
-.0130004883
.0129699707
.0146179199
-.0108489990
.0162200928
.0156250000
-.0112152100
.0111999512
.0115661621
-.0114135742
-.0135498047
.0148315430
-.0123443604
.0124969482
.0120086670
-.0104980469
-.0149536133
.0139160156
-.0153808594
-.0155944824
.0138702393
.0148162842
-.0160522461
.0180969238
-.0176849365
-.0193481445
.0153808594
.0131225586
-.0161895752
.0157318115
.0135498047
-.0137329102
.0177001953
.0137939453
-.0152435303
.0136108398
.0122985840
-.0152282715
-.0126800537
.0157775879
-.0101013184
.0151672363
.0173645020
-.0161132813
-.0149841309
.0139770508
.0147399902
-.0128173828
.0162811279
-.0148010254
-.0158996582
.0175781250
-.0161743164
-.0183410645
.0138092041
.0111389160
-.0123291016
.0169219971
-.0155639648
-.0193176270
.0200042725
-.0168762207
-.0136260986
.0198516846
-.0171508789
-.0189056396
-.0173492432
.0156555176
-.0164031982
.0178527832
.0137786865
-.0163116455
.0146636963
.0169830322
-.0169067383
-.0206604004
.0169067383
-.0215301514
.0201568604
.0198211670
-.0159606934
-.0204010010
.0184326172
-.0253295898
-.0166931152
.0164947510
-.0233306885
-.0228118896
.0263824463
-.0192260742
-.0189971924
.0231170654
-.0158233643
-.0208892822
.0213775635
.0222778320
-.0215759277
.0151977539
-.0245056152
-.0268554688
-.0204315186
.0203247070
-.0213775635
.0203552246
.0174560547
-.0221862793
-.0251617432
.0305175781
-.0295715332
.0133209229
.0216217041
-.0293579102
-.0201416016
.0310974121
-.0310821533
-.0133209229
.0239257813
-.0231781006
-.0260314941
.0396881104
-.0244445801
-.0213317871
.0250854492
-.0239868164
-.0311584473
.0301055908
-.0307617188
-.0370025635
.0202941895
-.0303344727
-.0376739502
.0360565186
.0429992676
.0285186768
.0327911377
.0323486328
-.0457611084
.0375518799
-.0330505371
-.0290222168
.0336151123
.0456390381
-.0342254639
.0370635986
.0306091309
-.0329895020
-.0283508301
.0349121094
-.0327453613
.0362548828
.0456848145
-.0492553711
-.0433959961
.0293884277
-.0238037109
-.0404357910
.0392456055
-.0405273438
-.0260162354
.0403900146
-.0326843262
-.0420684814
.0345611572
.0298004150
-.0368194580
.0420989990
.0345153809
-.0461273193
.0395812988
-.0350952148
-.0444335938
.0393371582
.0437469482
-.0341644287
.0377960205
.0394744873
-.0496520996
-.0351867676
.0421295166
-.0406646729
.0407714844
.0537414551
-.0393524170
-.0370178223
.0351104736
-.0475311279
-.0401153564
.0418853760
-.0485534668
-.0294036865
.0482025146
-.0412750244
-.0449218750
.0387878418
-.0245513916
-.0506439209
.0487365723
.0371246338
-.0421447754
.0406341553
.0418548584
-.0408325195
.0254974365
.0361938477
-.0457763672
-.0367279053
.0334930420
-.0366210938
.0372161865
.0565032959
-.0334930420
-.0398254395
.0426483154
-.0420989990
-.0447845459
.0343933105
-.0393676758
-.0444335938
.0610351563
-.0372161865
-.0357818604
.0399627686
-.0400848389
-.0622711182
.0388336182
-.0329742432
-.0443115234
.0419921875
.0445251465
-.0480651855
.0335083008
-.0381011963
-.0409393311
.0453796387
-.0376586914
-.0626373291
.0554656982
.0464172363
-.0329895020
.0360717773
.0486755371
-.0490875244
.0311889648
.0383453369
-.0515594482
.0420227051
.0276489258
-.0478363037
.0265502930
.0335845947
-.0411071777
-.0403137207
.0514526367
-.0371398926
-.0420074463
.0301361084
-.0339355469
-.0396881104
.0368804932
-.0453033447
-.0423889160
.0533599854
.0371704102
-.0416564941
.0455169678
-.0312957764
-.0336456299
.0482940674
.0341491699
-.0440826416
.0314025879
.0436859131
-.0548400879
.0454711914
.0371551514
-.0332031250
.0548095703
.0408172607
-.0298004150
.0452270508
.0538177490
-.0269317627
.0477294922
.0529632568
-.0418853760
-.0421447754
.0471038818
-.0525665283
-.0341796875
.0646972656
-.0485076904
.0357208252
.0266723633
-.0520935059
-.0382995605
.0294036865
-.0418395996
-.0422973633
.0322570801
-.0368194580
-.0507202148
.0443572998
.0420989990
-.0447692871
.0404510498
.0355682373
-.0390472412
.0537109375
.0336303711
-.0317687988
-.0471343994
.0354003906
-.0339202881
-.0329895020
.0413513184
-.0449981689
-.0346069336
.0442199707
-.0492553711
.0382232666
.0590972900
-.0630645752
-.0338592529
.0500030518
-.0464782715
-.0396423340
.0392150879
-.0351715088
-.0363311768
.0288085938
.0388946533
-.0469360352
.0393981934
.0401763916
-.0352020264
.0425415039
-.0285644531
-.0454711914
.0386962891
-.0370025635
-.0316925049
.0498962402
.0411529541
-.0378570557
.0279998779
.0475616455
-.0353851318
.0191345215
.0523376465
-.0391845703
-.0379638672
.0442352295
-.0514068604
.0516052246
.0451660156
-.0480804443
.0391082764
.0303955078
.0385894775
-.0479278564
.0546569824
-.0456542969
-.0530548096
.0544586182
-.0305786133
-.0416107178
.0557098389
-.0591278076
-.0428009033
-.0502929688
-.0403289795
-.0307006836
.0428771973
.0445098877
-.0416107178
.0454406738
.0601348877
-.0477752686
.0531768799
.0588073730
-.0554809570
.0532684326
.0392608643
-.0295867920
.0589447021
-.0402221680
-.0392608643
.0369873047
.0588073730
-.0338134766
-.0381011963
.0517120361
-.0309600830
-.0481719971
.0437774658
-.0338134766
.0421295166
.0656433105
-.0245971680
.0334320068
.0372161865
.0535125732
-.0352783203
.0346069336
-.0303192139
-.0425567627
.0395660400
.0348815918
-.0453186035
.0435028076
.0482025146
-.0573730469
.0488128662
.0387420654
-.0453948975
.0548095703
.0525665283
-.0348815918
.0345764160
.0505523682
-.0536651611
.0153350830
.0580596924
-.0634765625
.0276184082
.0327758789
-.0611267090
-.0325012207
.0471496582
-.0471038818
-.0462493896
.0342864990
-.0395050049
-.0744018555
.0540161133
-.0361022949
-.0525817871
.0565643311
-.0478210449
-.0279541016
.0456695557
.0473480225
-.0278320313
.0364990234
.0551147461
-.0480804443
.0210571289
.0481414795
-.0609893799
-.0391693115
.0500640869
-.0597534180
.0396118164
.0383300781
-.0351867676
.0409240723
.0388793945
-.0334167480
-.0364685059
.0401916504
-.0196075439
-.0364227295
.0535430908
-.0559997559
-.0456542969
.0376892090
-.0484619141
-.0319213867
.0289611816
-.0576324463
-.0522766113
.0414886475
.0380401611
-.0494384766
.0381317139
.0393066406
-.0661926270
.0470123291
.0323791504
-.0522460938
.0664825439
-.0329742432
-.0355224609
.0544281006
.0381774902
-.0298767090
.0429077148
.0563507080
-.0360412598
-.0352020264
.0482635498
-.0597534180
.0355377197
.0480194092
-.0421447754
-.0411224365
.0380859375
-.0370788574
-.0541381836
.0559082031
.0446929932
-.0419158936
.0423126221
-.0410308838
-.0553588867
.0504608154
-.0426330566
-.0438079834
.0507507324
-.0347595215
-.0277404785
.0446777344
-.0479736328
-.0414428711
-.0340423584
.0511474609
-.0523986816
.0382537842
.0411529541
-.0475616455
.0461730957
.0256958008
-.0501556396
.0418853760
.0326385498
-.0377044678
-.0455169678
.0632781982
-.0396118164
-.0488739014
.0575714111
-.0296630859
-.0386505127
.0472106934
-.0376586914
-.0359649658
.0358581543
-.0504608154
-.0352630615
.0406799316
.0430603027
-.0515289307
.0319671631
-.0367889404
.0421752930
-.0372314453
.0239257813
.0286407471
.0570373535
-.0454101563
.0243530273
.0393371582
-.0521850586
.0323181152
.0229187012
-.0430908203
.0717620850
.0272064209
-.0365753174
.0482025146
.0321960449
-.0311737061
.0354003906
.0365753174
-.0268096924
-.0295104980
.0501861572
-.0386199951
.0175781250
.0457305908
-.0565185547
.0326995850
.0404205322
-.0494384766
.0408782959
.0309753418
-.0482635498
.0384979248
.0308837891
.0234985352
-.0431976318
.0321807861
-.0447082520
-.0446777344
.0523529053
-.0354309082
-.0543060303
.0474243164
-.0517272949
-.0312042236
.0420227051
-.0301513672
.0271911621
-.0239715576
-.0400238037
-.0380859375
.0273590088
.0288391113
-.0418701172
.0438079834
.0465087891
-.0509338379
.0494842529
.0371551514
-.0584411621
.0508270264
.0223846436
-.0292816162
-.0556793213
.0418395996
-.0383148193
-.0428771973
.0572509766
-.0248870850
-.0365905762
.0547332764
-.0387420654
-.0477447510
.0460205078
-.0305938721
-.0403289795
.0406188965
.0353393555
-.0318603516
.0231475830
.0642242432
-.0364685059
.0251770020
.0232086182
.0191497803
-.0514373779
-.0358734131
-.0318603516
.0195770264
-.0357666016
.0215454102
-.0209503174
.0186004639
.0162353516
-.0244598389
.0211944580
-.0247192383
-.0155639648
-.0162048340
-.0196685791
-.0164947510
-.0235137939
.0173339844
.0154571533
-.0147399902
.0117797852
-.0097961426
-.0097961426
-.0111236572
-.0109710693
.0214843750
-.0064392090
-.0179443359
-.0117950439
.0108795166
-.0109405518
-.0108489990
.0151672363
.0091400146
-.0146789551
.0144958496
-.0082855225
-.0129699707
.0115051270
.0101776123
.0130615234
-.0080108643
.0081787109
.0118103027
.0100860596
.0086975098
.0144348145
.0137939453
-.0090179443
.0071716309
-.0076293945
-.0106048584
-.0085144043
-.0109863281
-.0061187744
.0071868896
-.0073699951
-.0090484619
.0090026855
.0127105713
.0051727295
-.0068969727
.0025939941
-.0072021484
.0070648193
-.0057220459
-.0061035156
-.0100708008
-.0053710938
-.0078277588
.0065155029
-.0072937012
.0115814209
-.0151824951
-.0085601807
-.0067901611
.0084991455
.0067901611
.0072784424
.0134887695
-.0068817139
-.0061645508
.0111999512
-.0076599121
-.0040740967
-.0167541504
-.0092926025
-.0067138672
.0042114258
.0115203857
.0048065186
.0052185059
-.0081634521
.0096740723
.0088806152
.0065155029
.0058746338
.0068511963
-.0049438477
-.0027923584
-.0103302002
-.0072174072
.0042114258
-.0037384033
.0036773682
.0029754639
.0057830811
.0030517578
.0084381104
.0039520264
.0056610107
.0033721924
-.0039825439
.0037536621
.0056304932
.0029144287
-.0081329346
-.0097808838
.0048980713
-.0033416748
-.0032501221
-.0037231445
-.0038604736
.0038146973
-.0031127930
.0045928955
-.0022888184
.0028839111
-.0045013428
.0037841797
-.0043487549
-.0022430420
-.0019989014
-.0060729980
-.0054016113
-.0044403076
-.0028381348
-.0015411377
-.0052032471
-.0027618408
-.0025177002
-.0024261475
-.0045013428
-.0041351318
.0027465820
.0042419434
.0028686523
-.0021972656
.0024108887
-.0026550293
.0015106201
-.0023345947
-.0027923584
-.0023193359
-.0018005371
-.0016479492
-.0022888184
-.0027618408
-.0011901855
.0012054443
.0017852783
-.0024871826
.0023651123
-.0018615723
-.0020446777
-.0018920898
-.0018157959
-.0020751953
-.0021667480
-.0021667480
-.0013427734
-.0022583008
-.0012054443
-.0016784668
.0015411377
.0014953613
.0017852783
.0021362305
.0016479492
.0012207031
-.0022583008
.0012359619
-.0020751953
-.0010833740
-.0014343262
-.0013732910
-.0012512207
-.0010986328
.0012207031
.0009002686
.0008850098
.0010986328
-.0011291504
-.0012969971
.0011138916
-.0018920898
.0011596680
-.0009765625
-.0010375977
