.0002746582
-.0016326904
.0020599365
.0057830811
.0049133301
.0097198486
.0075531006
.0081939697
.0104980469
.0110626221
.0153961182
-.0256805420
-.0164794922
-.0225982666
.0186157227
-.0236053467
.0203857422
-.0205383301
.0341949463
-.0261840820
.0383605957
-.0249633789
-.0250091553
.0316009521
.0377197266
.0234375000
-.0483245850
.0370330811
.0454711914
-.0331268311
-.0673065186
-.0451354980
.0329437256
.0505523682
-.0377044678
-.0483245850
.0411529541
-.0618286133
-.0588684082
.0832977295
-.0697479248
-.0445556641
-.0613250732
-.0814666748
.0440063477
-.0449676514
.0791473389
.1002197266
.0582122803
.0937805176
.0626831055
-.1020507813
-.0693359375
-.0742645264
-.0777587891
.0691375732
-.0630645752
-.0935668945
-.0712738037
.0901031494
.0514678955
-.0989074707
-.0641174316
.0882873535
-.0627593994
-.0792541504
.0999908447
-.0648345947
-.0672302246
-.0718078613
.0580139160
.0676116943
-.1002960205
-.0749511719
.0933227539
.0761413574
.0928649902
.0655364990
.0687255859
-.0722656250
.0673370361
-.0614776611
.0745391846
.0757904053
-.0895080566
.0596313477
.0778503418
.0758819580
-.0819549561
-.0902862549
-.0688323975
-.0644378662
.0893249512
-.0843200684
.0626220703
.0786285400
.0954589844
.0905609131
.0616302490
-.0610504150
.0789184570
-.0873565674
-.0702667236
.0589447021
-.0860748291
.0683441162
.0803833008
-.0714263916
-.0944671631
.0581665039
.0804595947
.0912780762
-.0793609619
-.0684967041
.0894012451
.0661468506
.0673675537
-.0634613037
-.0712738037
.1131896973
-.0969390869
.0742034912
-.0776367188
.0761566162
.0604400635
-.0900268555
.0583648682
-.0877990723
.0894775391
-.0919036865
-.0724792480
-.0569000244
-.1082458496
-.0927886963
-.1114654541
-.0665588379
-.0908355713
-.1079559326
.0627593994
-.0741577148
-.1102752686
-.0633697510
-.1169586182
.0869598389
.0897064209
-.1288909912
.0739440918
-.0812225342
.0781097412
.0912017822
-.0688629150
.0849761963
.0704956055
.1104583740
.1173706055
.0949554443
-.0800933838
.0776824951
.0719299316
-.0983886719
.0714111328
-.0632019043
-.0926055908
-.0883483887
-.0562133789
-.0861816406
.0788574219
.0804290771
.0738525391
-.0775146484
-.0885467529
.0901031494
-.0897827148
.0952301025
.0607299805
.0948791504
.0690460205
-.1050109863
.1070404053
.0856781006
.0827636719
-.1038970947
-.0881347656
-.0936584473
.0769805908
-.0847473145
-.0926208496
-.0824127197
.1078643799
-.0990447998
.0791931152
-.1185760498
.1324768066
.1134796143
.0857849121
-.0989532471
.0971069336
.1109008789
.0783691406
.0780639648
.1357421875
.0597686768
.0778503418
-.0713043213
-.0812377930
-.0671539307
-.0881195068
-.1028442383
-.0975341797
-.0979309082
-.1101989746
-.1121063232
-.0844116211
-.0980682373
.1055603027
.1153411865
-.1053619385
-.0828552246
.1016540527
.1112823486
-.1002807617
-.0719604492
.0943603516
-.1085815430
-.0679931641
-.0771636963
-.1120605469
-.1171112061
-.0935516357
.1237030029
-.1105651855
-.1056060791
-.1439971924
-.1105499268
.1040802002
.1288757324
-.1155242920
-.1162872314
-.0881958008
.0885009766
-.0939483643
.1086425781
.0997314453
.1143341064
.1020507813
.1131896973
.1060485840
-.1689910889
-.1128692627
-.0975494385
.1104583740
.0828552246
-.1400756836
.0994720459
.0903167725
.1248931885
-.0984497070
-.1114959717
-.0718231201
.1503753662
-.0800476074
.1117858887
.1157836914
.1207885742
-.1246337891
.1252593994
.1239166260
-.1218261719
.1121368408
.1329040527
-.0853271484
-.0999603271
-.1485443115
-.1007690430
.1295776367
-.1124114990
-.1252136230
.1182098389
.1483306885
.1454620361
.1283569336
.1497497559
-.1316986084
.1476593018
-.1356506348
.1963500977
.1666259766
-.1269836426
.1614532471
-.1362609863
.1438751221
-.1508178711
.1781921387
.1734313965
.1290130615
.1503295898
-.1641540527
.1454162598
.1676177979
.1878509521
.1367797852
-.1144104004
.1118621826
-.1403808594
.1690826416
-.2053833008
.1990356445
-.1965179443
-.1439056396
-.1609954834
.1373596191
-.1417541504
.1491699219
.1597442627
.1619567871
.1424713135
-.1820068359
-.1324462891
-.1289215088
.1834259033
-.1363525391
.1804809570
-.1521606445
.1150817871
-.1480102539
-.1686401367
.1406250000
.1457061768
.1283416748
-.1322021484
.2257995605
-.1333312988
.1604156494
-.1466522217
-.1193389893
.1183471680
.1804962158
-.1369934082
-.1566619873
.1538848877
.1110687256
.1455230713
-.1156311035
.1359558105
-.1444702148
.1331634521
.1441497803
.1943054199
.0969238281
-.1292419434
-.1155853271
.1330413818
.1061859131
-.1471862793
.1321563721
-.1358032227
.1130371094
.1684417725
.1797180176
.1501770020
-.1323699951
-.1107177734
-.1397094727
.1265106201
-.1650238037
.1134490967
.1804962158
.1597747803
.1335754395
.1643676758
.1404571533
-.1214447021
-.1292572021
-.1806182861
.1148986816
-.1161499023
-.0973052979
.1288604736
.1518249512
.2129211426
.1063079834
-.1399383545
.1391143799
.1376953125
.1473388672
-.1132354736
.1900177002
.1488952637
.1495666504
-.1165008545
.1951141357
.1683502197
.1152343750
-.1800231934
-.1655731201
.1529235840
.1383056641
.1144866943
-.1222686768
-.1259918213
.1205291748
.1455993652
.1120300293
.1228790283
-.1033782959
.1592712402
-.1176910400
.1730041504
-.1200408936
-.1724090576
.1185607910
.1345367432
-.1153106689
-.1714172363
.1198425293
.1331024170
-.1192626953
-.1162261963
.1717987061
.1158752441
.1375122070
-.1171569824
.1835784912
.1187896729
-.1138458252
-.1273040771
.1012268066
-.1373138428
.1062316895
.1361694336
.1104736328
.1436614990
.1349639893
-.1614074707
.0983886719
-.1255493164
-.1780090332
.1451568604
-.1541748047
-.1552124023
.1324310303
.1738586426
-.1795654297
.1361389160
.1499938965
.1194610596
-.1528320313
.1265563965
-.1159057617
.1544036865
-.1057739258
.1683959961
.1503448486
-.1193542480
-.1421966553
.2140502930
.1404113770
.1616973877
.1315917969
-.1211700439
.1512451172
.2947082520
.1748962402
-.1700286865
-.1631927490
.1092071533
.1335754395
.1797485352
.1282196045
-.1371459961
.1614990234
-.1421508789
-.1163940430
.1855621338
.1566009521
.1537170410
-.1223602295
.1631622314
-.1687469482
-.1567230225
-.1352386475
.1963195801
-.1493225098
-.1782379150
-.1275939941
-.1161956787
-.1674194336
.1259460449
.1339874268
.1390228271
.1406402588
.1008911133
.0986328125
-.1063690186
.1383514404
-.1505584717
.1070556641
.1063690186
-.1250762939
-.1490631104
.0920104980
.1213378906
-.0842895508
-.1457214355
-.1337280273
-.1030578613
-.1293640137
.1191253662
.0890960693
-.1233520508
-.1030426025
-.0905151367
.1112823486
-.1236419678
-.1025543213
.1262054443
-.1061859131
-.1258697510
.1285858154
.1116485596
.1175842285
.1101379395
.1383666992
.1968078613
-.1484069824
.1061096191
.1020965576
-.1504058838
-.1437377930
-.1430358887
-.1467285156
.1552734375
-.1218414307
-.1504211426
.1307983398
.1288146973
.1226806641
.1074523926
-.1316070557
-.1374816895
-.1507263184
-.1017303467
.1224060059
-.1487426758
-.1403961182
-.1311187744
-.1372070313
-.1663513184
.1145324707
.1225433350
.1200714111
.1501922607
-.1268920898
.1498718262
-.1231231689
.1436157227
-.1469879150
-.1329498291
-.1376495361
.1194610596
.1356658936
.1452941895
.1033935547
-.1449890137
.1632232666
.1709747314
-.1208496094
.1984100342
.1323852539
-.1851043701
-.1198883057
.1208801270
-.1493377686
-.1608123779
.1327667236
-.1433715820
-.1829833984
.1188659668
-.1671905518
-.1544647217
.1446075439
.1302947998
.1204833984
.2041931152
.1456451416
.1804962158
.1614685059
-.1877441406
-.1669921875
-.1719207764
-.2081756592
.1649322510
-.1563720703
-.1254882813
.1663055420
-.1284942627
.1376190186
-.1680908203
-.1242523193
-.1484069824
-.1642150879
.1293182373
.1704101563
.1776123047
-.1369171143
-.1831512451
-.1719970703
.1437530518
.1741790771
-.1327362061
-.1278381348
.1242523193
.1764831543
.1263427734
.1086120605
.1349487305
.1277313232
-.1740112305
-.1593475342
-.1524353027
.1806945801
.1847381592
.1510620117
-.1934356689
-.1513519287
.1548004150
.1577301025
.1840515137
.1672668457
-.1523132324
.1219787598
-.1412200928
-.1270141602
.1455078125
-.1703948975
-.1609954834
.1350250244
.1939544678
.1715545654
.1495208740
-.1498565674
.1159973145
-.1343383789
-.1414794922
.1568298340
-.1448822021
.1999359131
-.1278076172
.1650848389
.1701049805
-.1766815186
-.1572265625
.2093811035
.1171112061
.2023162842
.1390533447
.1741790771
.1679687500
.1475982666
.1338806152
.1264953613
-.1189575195
-.1551361084
.1371765137
-.2188262939
-.1338348389
.1637268066
-.1480560303
.1833801270
-.1405029297
-.1640472412
.1573486328
.1339263916
.1317749023
.1189727783
.1138916016
.1303863525
.1729583740
.1887969971
.1394805908
-.1403503418
.1575317383
.1287384033
.1142120361
-.1449737549
-.1497497559
.1338348389
.1453857422
-.2035522461
.1335144043
.1779785156
-.1164245605
-.1314392090
-.1602020264
-.1914520264
.1229858398
.1527709961
.1646423340
.1332244873
-.1531524658
-.1639251709
-.1189880371
.1267089844
-.1421661377
-.1158142090
-.1197357178
.1736450195
.1895751953
.1816406250
.1909332275
-.1504516602
-.1306304932
.1163024902
.1439514160
.1424713135
.1416320801
-.1073150635
.1143493652
-.1629028320
-.1549987793
.1292724609
-.1170349121
-.1575927734
-.1455535889
.1323394775
-.1240539551
-.1243133545
.1226043701
.1318664551
.1504058838
.1311187744
.1273803711
.1777496338
.1192779541
-.1710357666
-.1357269287
.1240539551
.1238250732
.1257781982
.1030426025
-.1318359375
.1195831299
.1000061035
-.1187133789
-.1015167236
-.1097564697
-.1464233398
.1233367920
.1342163086
-.1249542236
-.1183319092
-.0985260010
.1135559082
.0879974365
.0960540771
.1045837402
-.1081390381
-.1076354980
.0953216553
.0886993408
.1177215576
.1260528564
.1269073486
.1196746826
.1154632568
-.1236724854
.1635284424
.1314239502
-.1034240723
.1202545166
.1377716064
.1294097900
.1096343994
-.1066894531
.1077575684
.1144409180
-.1169433594
.1368865967
.0884399414
-.1494598389
.1048278809
.1505889893
.1313629150
-.1240692139
-.1743164063
.0884552002
.1137542725
.2002258301
-.1718597412
.1696319580
-.2005004883
-.1559906006
.1661529541
.1508483887
.1614379883
-.1957397461
.1563262939
.1407623291
.1576080322
-.1065368652
.1548614502
-.1302947998
.1501770020
-.1123657227
-.1590118408
-.1747436523
.0961914063
-.1009826660
.1156005859
-.1153869629
-.1412658691
.1368103027
.1403198242
.1283721924
-.1646881104
.1112823486
.0884704590
-.0949249268
-.1243896484
-.0917053223
-.1042785645
-.1065826416
-.0768737793
-.0728607178
-.0956115723
.1297760010
-.0898590088
.0763854980
.0981903076
.0963592529
-.0831451416
.1010742188
.1262817383
-.0766143799
-.0816192627
-.0724334717
.0918426514
.1019592285
.0832366943
-.1124725342
-.0943145752
.0834655762
.0806732178
.1015472412
.1066894531
.0696411133
-.0866241455
.1038818359
.0780792236
-.0751495361
.0839233398
.1036682129
.0927886963
-.0913085938
.0733489990
-.1037597656
-.1016998291
-.0894470215
.0960388184
.0866699219
.1011505127
-.0783691406
.0851440430
-.0524139404
-.0784912109
.0964965820
.0943603516
.0644836426
-.0754699707
.0614776611
-.0720062256
-.0924682617
-.0777740479
.0882415771
-.0814208984
-.0832061768
-.0680236816
.0800781250
.0676422119
-.0913085938
-.0908660889
.0978546143
.0678558350
-.0671844482
-.0846862793
.0910339355
-.0857086182
.0859375000
.0722351074
-.0888977051
.0948028564
.0703125000
-.0726013184
.0938720703
-.0684051514
.0607147217
-.0590667725
.0570068359
.0599670410
.0800933838
.0558471680
.0825195313
.0824890137
.0540618896
-.0746612549
-.0796051025
-.1068878174
-.0759429932
-.0826263428
-.0638275146
-.0754394531
.0694427490
.0615692139
.0794372559
-.0830688477
.0765991211
-.0615997314
.0647277832
.0614013672
-.0680694580
.0677032471
.0857238770
.0754394531
.0685424805
-.0819244385
-.0607452393
.0970916748
-.0608367920
-.0617065430
-.0911102295
-.0548095703
-.0784301758
.0550384521
.0444335938
.0746612549
.0680541992
-.0447082520
.0736083984
.0473937988
-.0609130859
-.0620880127
-.0554046631
.0689849854
.0730743408
.0550994873
-.0877532959
-.0648345947
-.0609436035
-.0617980957
.0765838623
-.0865783691
-.0595092773
.0541534424
-.0621185303
-.0519409180
-.0719757080
.0698242188
.0764465332
.0825500488
.0532073975
-.0630493164
.0643157959
.0792694092
.0595092773
-.0646057129
-.0507812500
-.0461425781
.0624237061
.0652465820
-.0752563477
-.0442504883
-.0576019287
.0518035889
-.0527496338
-.0481262207
-.0565490723
.0346069336
.0417785645
.0427246094
-.0378570557
.0352478027
.0265197754
.0350494385
-.0295104980
-.0347442627
.0267486572
.0229949951
-.0257110596
.0206451416
-.0158691406
-.0197448730
-.0182342529
-.0135498047
.0123748779
-.0133514404
-.0119171143
.0051574707
-.0069732666
-.0060424805
.0032958984
-.0009765625
