.0001831055
.0001831055
.0001831055
.0001831055
.0001831055
.0001831055
.0001831055
.0001831055
.0001831055
.0001831055
.0001678467
.0001373291
.0001068115
-.0004882813
-.0146789551
.0083007813
.0085449219
-.0142822266
-.0132141113
-.0165252686
-.0097045898
.0128173828
.0132446289
.0111846924
.0098571777
.0086975098
-.0142517090
.0136871338
.0105590820
-.0099639893
-.0095977783
.0125885010
.0110473633
.0221252441
-.0110931396
.0072784424
-.0210723877
-.0170440674
.0098724365
.0131683350
.0140380859
-.0105743408
-.0111846924
-.0145721436
.0209350586
-.0208587646
.0166320801
-.0114440918
-.0125885010
-.0162353516
-.0119628906
-.0233001709
-.0179138184
-.0239715576
-.0176544189
-.0247955322
.0127563477
.0193023682
.0131378174
-.0305328369
-.0168609619
-.0136260986
-.0158691406
-.0179443359
.0120391846
-.0175476074
.0127868652
-.0152587891
-.0176086426
.0168762207
.0127716064
.0248413086
-.0105743408
.0213317871
.0161590576
-.0111236572
-.0258178711
.0191802979
-.0202636719
.0206756592
-.0226898193
.0166320801
.0135803223
-.0205688477
-.0183105469
-.0170745850
-.0291900635
.0211029053
.0198669434
-.0145111084
-.0295410156
-.0214385986
.0224761963
.0284423828
-.0195007324
.0277709961
-.0187988281
-.0364990234
.0238952637
-.0214233398
.0671386719
-.0336761475
.0461120605
-.0290374756
-.0310363770
-.0400238037
.0456695557
-.0358123779
.0452575684
.0464782715
.0884704590
.0356903076
-.0271759033
-.0380096436
-.0385894775
.0505981445
.0303802490
-.0356445313
.0290222168
.0354003906
-.0356292725
.0590667725
-.0284118652
.0494232178
-.0721588135
-.0337066650
-.0606079102
.0702972412
-.0668334961
.0480194092
-.0359649658
.0497894287
-.0630493164
.0637969971
-.0530548096
.0608215332
-.0355072021
-.0846557617
.0663604736
-.0735168457
.0569458008
-.0476226807
.0838928223
.1068572998
-.0767974854
.0605621338
.0417175293
-.0514068604
.0474395752
.0602569580
.0534667969
.0349121094
-.0450286865
-.0361022949
-.0307006836
-.0859375000
-.0646057129
.0487365723
.0518341064
-.0436706543
-.0781707764
-.0489196777
-.0501556396
.0390319824
-.0371246338
-.0501708984
.0566253662
.0527038574
-.0710144043
.0695800781
-.0551452637
-.0512542725
-.0396728516
-.0560455322
-.0443725586
-.0454864502
-.0510864258
-.0572967529
-.0637359619
-.0534515381
.0384216309
-.0583953857
.0671691895
-.0550231934
.0590820313
.0662994385
-.0530548096
.0540771484
.0388031006
.0370941162
.0433502197
-.0329589844
.0467376709
-.0844573975
-.0823364258
-.0666351318
.0684204102
-.0543823242
.0739135742
.0562133789
.0607299805
.0647735596
-.0524139404
-.0794067383
.0656585693
.0667419434
.0749359131
-.0706176758
.0568847656
-.0813293457
.0815277100
-.1073303223
.0743865967
.0885314941
.0659332275
.0863342285
-.0751953125
-.0700988770
-.0675964355
.0713958740
-.0624084473
.0613861084
.0732421875
.0876770020
-.0593109131
.0836791992
-.0715637207
.0816955566
.0791168213
.0904998779
-.0801849365
.1009826660
-.0858459473
.0774230957
.0959625244
.1346893311
-.1024475098
-.0868072510
-.0730743408
.0764312744
-.1184844971
.1352996826
-.1060943604
.1430969238
-.0869445801
.0980682373
-.0602722168
-.0669708252
-.0866546631
.1097412109
-.1032562256
.0755004883
.1111602783
.0899047852
.1372070313
-.1194763184
.0797271729
.1237792969
-.1256256104
-.0641937256
.0789642334
-.1088714600
.1082000732
-.1456298828
-.0739898682
.1159210205
.1063385010
-.1083984375
-.0832214355
.1590270996
.0690765381
-.0869598389
.0847778320
-.1240844727
-.1258392334
.0872650146
.1004486084
.1105957031
-.0647888184
-.0871734619
-.1233215332
.0998382568
.0995788574
.1086578369
.1985321045
.1371765137
-.1644439697
.1974639893
-.1220397949
.1429290771
-.1828613281
-.1806335449
-.1623840332
.1263885498
-.1249084473
.1446990967
.2409057617
.1772003174
.2335510254
-.2091979980
-.1560211182
.2411193848
.1626739502
-.1997985840
-.1597900391
-.2152404785
-.2248229980
.2436370850
.2922363281
-.2846832275
-.2438354492
-.2221374512
-.2221984863
-.2466430664
.2393035889
-.2319183350
.2325744629
.1848297119
-.2136535645
.3053283691
-.1649932861
.2579803467
-.1943054199
-.2008819580
.1822357178
.1634979248
-.1190032959
-.1600952148
.1947479248
-.1360168457
-.1897430420
-.2359466553
.3007049561
-.2217559814
-.1841278076
-.1545715332
-.2417144775
.2389831543
.1641082764
-.1743316650
.2327575684
-.2279052734
-.2270660400
.2237091064
.2142486572
-.2100219727
.1923522949
-.1504058838
-.2272796631
.1394195557
.1855468750
-.1527099609
.1560668945
-.2701110840
.2184600830
.1968078613
-.2112121582
-.1985168457
.2259521484
.1946105957
.1851348877
.2183380127
-.1324310303
.1468048096
.1763763428
.1441192627
.1206817627
.1649017334
-.1276397705
.1286468506
-.1626434326
-.2043304443
.1390075684
.1324005127
.1426391602
.1441497803
.1620178223
-.1705169678
-.1460723877
.1744995117
.1710052490
-.1986083984
-.1852264404
-.1832580566
.1779937744
-.1805877686
.1389617920
.1638183594
.2144775391
.1897125244
.1755065918
.1874847412
-.1995544434
-.1409606934
.1600189209
.1622314453
.1999664307
.2077484131
.2207336426
.1790466309
-.2583007813
-.2125854492
-.1503295898
.1965484619
-.2078704834
-.1683044434
-.1928558350
.1892547607
.2014312744
-.1772460938
.2082824707
-.2043457031
-.1480712891
-.1814727783
.1506347656
.1463623047
.1948547363
-.1832427979
-.1770324707
-.1468353271
.1984252930
-.1512756348
.2352905273
.1416168213
-.2020416260
.1596984863
.2103424072
.2402191162
.1764068604
-.2331848145
.1708374023
.2157897949
-.1490936279
.1755371094
-.1734466553
.2104187012
-.1883087158
.2088165283
-.1972351074
-.2353820801
.2138824463
.2157592773
.1988372803
.1826782227
-.1562194824
.1942749023
-.1496276855
-.1977539063
-.1933441162
-.2625579834
.1947479248
.1656494141
.1907653809
-.2340393066
.1983795166
-.2193145752
.1716156006
-.1854858398
.1857147217
-.1960601807
-.2361297607
-.2004089355
-.2378234863
.1250762939
-.2966918945
.2036437988
.1690216064
-.3036041260
.1797332764
.1635894775
.2279510498
.2064056396
.1740570068
-.2008819580
.1676177979
.2201843262
.2772064209
-.2184143066
-.1667480469
.2605590820
.2835845947
.2409515381
-.3153686523
-.2255401611
.3071746826
-.2040100098
-.2288970947
.1655273438
-.3296661377
.1836547852
.3347625732
-.2198486328
-.2588500977
.2633209229
-.2345428467
.2643585205
.1902923584
.3300781250
-.2521972656
-.2416076660
-.1744079590
-.3080139160
-.3292999268
-.3082733154
-.2626342773
-.2369689941
.3372344971
.2526245117
-.2743530273
-.2854919434
.2922821045
-.3438415527
-.2456359863
-.2968902588
.2917022705
.2329559326
-.3594055176
.2064514160
-.2389984131
-.2951507568
.2041473389
-.2398834229
-.2309265137
-.2804260254
-.2014465332
.2082672119
.1966094971
-.4143676758
.2731933594
.3246002197
.3771972656
-.2145080566
-.3186798096
-.3257598877
.2897033691
-.3698730469
-.2337036133
-.1975708008
-.3676605225
-.2346649170
-.3068237305
-.2259521484
.3135528564
-.3318176270
.2859344482
.3015594482
-.2780761719
.2013397217
-.2033233643
-.3818969727
.2386322021
-.2220458984
.1534576416
.1763916016
-.2610168457
-.2807617188
.2104949951
-.1196441650
-.2054748535
.1094818115
.1925964355
.1966552734
-.2618408203
.2045135498
.1671447754
.1339721680
-.2399291992
-.2780303955
-.2253723145
.2262420654
-.2441253662
-.1201934814
-.2316284180
-.1673889160
.1419067383
.2417144775
.1122894287
.1195373535
-.1162872314
-.2128448486
-.1120910645
.1866149902
-.1453857422
-.1585388184
-.1529998779
-.2217407227
.3121490479
.1151428223
.1540527344
.1036834717
.1588745117
.1058654785
.1862182617
.2382049561
-.3488311768
-.1217041016
.2667846680
.2195281982
-.1295623779
.1170043945
-.2336120605
.2263336182
.3090362549
.1612854004
.1788482666
-.1539001465
.1315307617
.1959838867
.1412963867
.0927429199
.1885833740
-.2855987549
-.0703735352
.1851959229
.2357025146
-.1267242432
.0926971436
-.2581176758
.2117462158
-.1946411133
.2272949219
-.0955505371
-.3157958984
-.1681671143
.2251434326
.1517639160
-.1704254150
.1257934570
-.0789184570
.2813568115
.2804260254
.1474304199
-.2521972656
-.1248474121
-.2970581055
.1104431152
-.1199645996
-.1381530762
-.1334228516
.0983886719
-.0968933105
.1159362793
-.1680908203
.1866760254
-.1073303223
-.1461181641
-.0917053223
.0669708252
.1480255127
.1432647705
-.0778350830
-.1044921875
-.1534881592
-.0607910156
-.0594635010
.0828399658
.1053619385
-.0567016602
-.1086883545
-.0803375244
-.0791778564
.0696105957
.0434265137
.1323242188
-.0574035645
-.0806121826
.0784454346
.0646667480
-.0388793945
-.0764617920
.0544586182
.0438079834
-.0571746826
-.0477294922
-.0632324219
-.0710906982
-.0682373047
-.1129913330
-.0437927246
-.0509796143
-.0568237305
.0612182617
-.0777893066
-.0621490479
.0933380127
-.0483703613
.0763854980
-.1059570313
.0827178955
-.0669555664
-.0761566162
.0768432617
.0452575684
-.1082916260
.0705566406
-.1159210205
.0770874023
.0730590820
.1161346436
-.0829315186
-.1062011719
.0876007080
-.0948181152
.0924835205
.1273498535
-.0804138184
.1098327637
-.1080169678
-.1120910645
-.0978240967
.0495910645
.0799713135
-.1034851074
.0537719727
-.0879974365
.0912933350
-.1030883789
.0674591064
-.0745697021
-.0744934082
.0959167480
-.0907287598
-.0821533203
-.0717315674
-.1101837158
-.1193695068
.1384887695
-.0522308350
-.0783843994
-.0671844482
.0364074707
-.1450042725
.0742492676
-.0660705566
.0700836182
.0366668701
.0819549561
-.1058654785
.0572814941
.1041412354
-.1032867432
.0793151855
.0637817383
.0884704590
-.0959625244
-.0517272949
-.0853271484
.0943756104
.0965728760
.0880889893
-.0986328125
-.1166381836
-.0633544922
-.0956268311
.0817565918
-.0928497314
.0511322021
.1133880615
.0408782959
.0651702881
-.0937194824
.0825042725
-.1043395996
-.0862579346
.0739898682
.0841217041
.1034698486
-.0943145752
.0665588379
-.0582122803
.0618896484
.1113891602
-.0727539063
.0508270264
-.0565795898
.1237030029
-.0583801270
-.0442047119
.0600738525
.0662994385
-.0430297852
.1336212158
.0480194092
.0883178711
-.0659332275
.0681610107
-.0993347168
.0527648926
-.0931701660
-.0872650146
-.1245117188
.0465545654
.0521240234
.0693969727
.0401000977
-.0373229980
.0514068604
.0447845459
-.0396270752
.0520935059
-.0664672852
.0449829102
-.0388336182
-.0326538086
.0507965088
-.0425109863
.0475463867
.0370788574
.0391082764
.0486907959
.0502166748
.0363769531
.0897979736
-.0422668457
-.0347747803
-.0293731689
-.0663604736
-.0484161377
-.0310668945
.0437469482
-.0285797119
-.0605926514
.0332794189
-.0652160645
-.0291748047
-.0428771973
.0399475098
-.0353546143
.0217895508
-.0546264648
.0317535400
.0392456055
-.0400390625
-.0428619385
-.0275726318
.0590667725
-.0433044434
-.0509033203
-.0369567871
-.0398101807
-.0265808105
-.0431976318
-.0310821533
-.0285034180
-.0261993408
-.0337524414
-.0325927734
.0173339844
-.0383605957
.0395202637
.0217132568
-.0341186523
.0264739990
-.0332489014
.0328216553
-.0358276367
.0552215576
-.0202941895
.0278320313
.0307312012
.0252532959
.0506286621
-.0254821777
-.0482330322
.0298614502
-.0368347168
-.0215606689
.0884552002
-.0298309326
-.0197143555
-.0762786865
-.0440521240
.0253143311
-.0392303467
.0250854492
-.0495452881
.0256195068
-.0245208740
.0139770508
-.0595397949
-.0361175537
.0517883301
.0318298340
-.0269775391
-.0274505615
-.0311584473
.0539550781
-.0250396729
.0446319580
-.0273132324
-.0274047852
-.0289916992
-.0511322021
.0280151367
-.0301971436
.0181121826
-.0431976318
.0288391113
-.0242614746
.0199279785
.0375518799
-.0274963379
.0273132324
-.0262756348
.0242004395
-.0132446289
-.0196685791
.0273284912
.0295867920
-.0245666504
.0118865967
-.0166778564
.0240631104
-.0221099854
.0478363037
-.0126647949
-.0472106934
.0316619873
.0321350098
.0200805664
-.0164337158
-.0137329102
.0082855225
.0166778564
.0118408203
.0099945068
-.0135650635
-.0150451660
-.0061340332
-.0100097656
.0173950195
-.0211944580
.0129089355
-.0209960938
-.0081787109
.0238342285
-.0162048340
.0199432373
.0074768066
.0123291016
.0082855225
-.0089874268
-.0097808838
-.0121154785
-.0055084229
.0133514404
-.0106506348
.0110168457
.0118865967
.0184478760
-.0170288086
.0074920654
.0124359131
-.0124359131
-.0107421875
.0057678223
.0101776123
.0109100342
.0053710938
-.0110778809
.0052795410
.0083160400
-.0108032227
.0077667236
.0077819824
-.0026855469
-.0035705566
-.0025787354
.0056457520
.0062408447
.0024566650
.0055389404
-.0030517578
-.0041961670
.0050811768
-.0020294189
.0045471191
-.0041809082
.0027465820
-.0020294189
.0009307861
.0026550293
-.0010223389
.0012817383
-.0013732910
-.0028533936
.0032806396
.0025939941
.0023498535
.0011138916
-.0006713867
.0008544922
.0010681152
-.0010070801
-.0005645752
.0008544922
.0008544922
.0007476807
.0004425049
.0006256104
-.0007019043
