-.0000610352
-.0002899170
-.0006256104
.0012207031
-.0007934570
.0012207031
.0017852783
-.0014038086
.0021362305
-.0029754639
.0017700195
.0029296875
.0029602051
.0033721924
-.0035705566
.0054321289
.0032958984
-.0054626465
-.0064849854
.0066375732
-.0081024170
-.0067749023
-.0065917969
-.0090637207
-.0081787109
-.0099182129
.0108184814
.0102081299
-.0152130127
-.0104675293
-.0090637207
.0094604492
.0084075928
.0057067871
.0074462891
-.0072631836
.0066528320
.0070343018
.0077667236
.0100555420
.0120697021
-.0183715820
.0142364502
.0261230469
-.0155944824
.0112304688
-.0128784180
.0133056641
-.0126037598
.0111083984
.0110168457
-.0119171143
.0110931396
.0113677979
.0109710693
-.0105133057
-.0134124756
-.0139770508
.0187988281
.0121154785
-.0138397217
.0141601563
-.0087585449
-.0122222900
-.0123596191
-.0121765137
.0154876709
.0134735107
-.0129394531
.0133209229
.0143432617
-.0121765137
.0143737793
.0124816895
.0121612549
.0145721436
-.0159759521
.0151977539
-.0177154541
-.0126190186
-.0120544434
-.0216064453
.0169067383
-.0184631348
.0151672363
-.0256805420
.0248718262
.0167236328
.0198059082
.0190887451
.0193634033
.0134124756
-.0245666504
-.0189208984
-.0198669434
.0195617676
.0230865479
-.0232238770
.0156250000
-.0157012939
-.0167083740
.0173187256
.0161437988
-.0267639160
.0279693604
.0229949951
-.0237731934
-.0293426514
.0255432129
-.0197753906
.0223236084
.0175476074
.0234985352
.0239105225
.0193939209
-.0257415771
.0206298828
.0238647461
-.0261230469
.0303039551
.0414276123
-.0303955078
-.0286560059
-.0338439941
.0383300781
-.0339660645
-.0214080811
-.0228271484
-.0299072266
.0298461914
.0300445557
-.0230102539
.0223236084
-.0458831787
.0334472656
.0731506348
.0519104004
.0484161377
.0335388184
.0223083496
.0238037109
-.0250701904
-.0297241211
.0287933350
-.0449676514
.0218658447
-.0207824707
-.0351409912
.0285949707
-.0160522461
.0263671875
.0272216797
.0195007324
-.0201263428
.0166473389
.0206451416
.0220184326
.0165405273
.0170745850
.0264587402
.0166931152
.0207824707
.0155181885
.0283813477
-.0198669434
.0200958252
.0225524902
.0152893066
-.0225982666
.0160675049
.0200042725
.0247802734
.0262908936
.0149078369
-.0195312500
-.0111846924
.0246582031
.0195770264
.0155487061
-.0248718262
-.0192718506
-.0191192627
.0238494873
.0244445801
-.0252227783
.0240478516
-.0362091064
-.0207977295
.0402526855
.0593566895
.0409088135
-.0324401855
.0316467285
.0298309326
.0298919678
.0319671631
-.0238800049
.0320129395
-.0445098877
.0357360840
.0289916992
-.0325469971
-.0304107666
-.0350646973
.0365905762
-.0373992920
-.0364227295
-.0404968262
.0376434326
-.0410461426
-.0332946777
.0364227295
.0516662598
-.0357208252
.0308227539
.0293121338
.0290679932
.0604553223
.0202941895
-.0423431396
-.0317993164
-.0470581055
-.0243835449
.0207824707
-.0237579346
.0326995850
-.0300598145
.0238647461
.0230407715
-.0268249512
.0255584717
.0354156494
.0261993408
-.0384521484
.0262298584
-.0214843750
-.0192413330
-.0305786133
.0452423096
.0251770020
-.0198059082
.0216369629
-.0344238281
.0261993408
.0227661133
-.0303497314
-.0385894775
-.0228576660
.0284576416
-.0179443359
-.0191802979
.0159149170
.0224761963
-.0168762207
.0169219971
-.0259552002
-.0169219971
-.0254669189
.0293579102
-.0206756592
-.0161895752
.0155792236
-.0111389160
-.0131683350
-.0157165527
.0151519775
.0173034668
-.0139617920
.0161132813
-.0118255615
-.0133666992
.0134887695
-.0119934082
-.0125122070
.0113677979
.0119171143
-.0104675293
.0145874023
.0162506104
.0152435303
-.0136566162
-.0162658691
.0164031982
.0183258057
-.0099334717
.0097808838
-.0064086914
-.0095367432
-.0105590820
.0114746094
-.0101013184
.0071258545
-.0083465576
-.0075073242
.0078430176
.0089721680
-.0070648193
-.0061187744
-.0057830811
.0068664551
.0106506348
.0086212158
-.0059204102
-.0072174072
-.0091857910
-.0091247559
-.0081481934
-.0092163086
-.0209808350
-.0129547119
.0217437744
.0168304443
-.0162200928
-.0086975098
.0116882324
-.0154724121
.0104370117
.0175781250
-.0127410889
.0154266357
-.0170593262
-.0134582520
.0122070313
.0128936768
-.0178070068
-.0152740479
-.0247955322
-.0125427246
.0102233887
-.0138092041
-.0155487061
-.0155334473
-.0117797852
.0149688721
.0180358887
-.0169372559
-.0224456787
-.0321197510
-.0269775391
.0279693604
-.0321960449
-.0375518799
-.0307769775
.0236663818
-.0198974609
-.0205841064
-.0565948486
.0718841553
.0416259766
.0213165283
.0398406982
.0362091064
-.0345916748
-.0335235596
-.0779113770
.0450134277
.0237121582
-.0381011963
.0311584473
.0249938965
-.0235290527
-.0234832764
-.0277862549
.0181427002
-.0190429688
.0219879150
-.0205841064
.0239562988
.0509643555
.0207214355
-.0145263672
.0409851074
-.0300445557
.0278320313
.0305938721
-.0229492188
-.0240325928
-.0331420898
.0215606689
-.0238189697
-.0164947510
.0262145996
-.0186614990
-.0198669434
.0412597656
-.0205535889
-.0192413330
-.0242462158
.0296325684
-.0179595947
-.0235748291
.0298004150
-.0219268799
.0164947510
.0271606445
-.0150451660
-.0174102783
.0175933838
.0339355469
-.0209045410
.0207672119
.0193481445
-.0225982666
-.0212402344
-.0182647705
-.0263977051
-.0257263184
-.0140533447
.0189361572
-.0155029297
-.0130004883
-.0129699707
-.0243377686
-.0142211914
-.0242004395
-.0219116211
.0167236328
-.0138549805
-.0154266357
.0138854980
.0119934082
-.0136566162
.0156250000
-.0153656006
.0215759277
-.0175628662
-.0186309814
.0194396973
.0171203613
.0138244629
-.0128631592
.0132293701
.0121765137
-.0089111328
-.0144348145
-.0119934082
.0140228271
-.0167083740
.0185089111
.0141754150
.0087280273
.0101470947
.0148620605
.0101165771
.0135040283
-.0089263916
-.0105895996
.0103454590
.0088500977
.0106048584
-.0107879639
.0160980225
.0151824951
.0145721436
.0156555176
-.0134277344
.0082244873
-.0103912354
.0128173828
-.0087280273
.0100250244
-.0148925781
.0107116699
-.0156097412
.0169372559
-.0163269043
-.0135498047
-.0165405273
.0205993652
.0173492432
-.0146636963
.0144958496
-.0147399902
-.0139160156
-.0148620605
.0137329102
-.0141143799
-.0165100098
-.0127563477
.0079040527
.0096435547
-.0088348389
.0094757080
.0081176758
.0055541992
.0067749023
-.0084686279
.0110778809
-.0093688965
-.0094909668
.0100097656
.0100097656
.0127716064
-.0085754395
-.0081787109
-.0119781494
.0108184814
-.0103149414
.0142364502
.0122833252
.0121002197
-.0160980225
.0146179199
-.0100402832
.0084533691
.0142517090
-.0140686035
-.0129852295
-.0212249756
.0168762207
.0189056396
.0186614990
-.0163574219
.0197143555
-.0178527832
.0151214600
-.0204315186
-.0237121582
-.0111846924
-.0204162598
-.0168151855
.0198211670
-.0269317627
.0161285400
-.0127258301
-.0202026367
.0109710693
.0117492676
.0115661621
.0155181885
.0134887695
-.0120086670
.0122680664
-.0158233643
.0140686035
.0113372803
-.0717620850
-.0295257568
.0339050293
.0356597900
.0268402100
-.0271911621
-.0251770020
.0288085938
.0226287842
.0517883301
.0339813232
-.0155334473
.0177307129
.0215148926
.0250244141
.0255279541
-.0346374512
-.0190277100
-.0171356201
-.0265045166
.0139770508
.0385131836
.0249481201
.0206756592
-.0373229980
.0165710449
.0227813721
.0200958252
.0166015625
.0169982910
.0442199707
-.0349578857
-.0254364014
-.0208587646
.0196838379
.0189208984
-.0192108154
-.0199279785
.0403137207
.0249176025
.0297698975
.0327606201
.0220184326
.0290985107
-.0249786377
-.0268402100
.0193328857
-.0214843750
.0243530273
-.0201110840
-.0216369629
-.0193328857
-.0263824463
.0245208740
.0247039795
-.0326690674
-.0269317627
-.0237426758
.0239562988
-.0212554932
-.0144958496
.0128021240
-.0194549561
-.0226745605
.0144348145
.0130310059
.0155487061
-.0120544434
-.0213317871
-.0172119141
.0166320801
-.0211639404
.0220489502
-.0214996338
-.0279846191
-.0197753906
.0210266113
-.0225372314
-.0233001709
.0252227783
.0204620361
.0162811279
-.0109710693
-.0130920410
.0155334473
.0168304443
.0167694092
.0192108154
-.0110473633
-.0190887451
.0140075684
-.0138854980
-.0135345459
-.0108337402
.0134124756
.0164184570
.0173339844
-.0220336914
-.0131835938
.0179748535
-.0171966553
-.0144500732
-.0134277344
-.0160522461
.0172882080
-.0181884766
.0245056152
-.0160675049
-.0105438232
-.0147857666
.0200195313
.0090332031
.0120849609
-.0148010254
-.0101165771
.0080718994
-.0106506348
.0113372803
-.0082244873
.0097351074
.0111541748
-.0103454590
-.0065307617
-.0111846924
-.0115814209
-.0118255615
-.0081481934
-.0091857910
.0073547363
-.0081634521
.0127563477
-.0059661865
-.0124511719
.0159912109
.0133666992
-.0169372559
-.0143585205
-.0161437988
.0134429932
-.0213165283
-.0099639893
-.0119323730
-.0193634033
-.0126647949
-.0155181885
-.0189361572
-.0140533447
-.0138092041
-.0123443604
-.0118865967
.0143585205
.0150604248
-.0124206543
-.0128479004
.0110626221
-.0123901367
.0110168457
.0090179443
.0082244873
.0091400146
-.0140686035
-.0131225586
.0131988525
-.0170135498
.0160675049
-.0126342773
-.0123443604
.0164794922
-.0118255615
.0128479004
-.0095062256
-.0104522705
-.0081939697
.0133056641
.0152893066
-.0122222900
-.0145568848
.0105743408
.0169372559
-.0149383545
.0635833740
.0441436768
.0373077393
.0457611084
-.0301818848
.0334014893
.0269470215
-.0283355713
.0230102539
-.0180206299
-.0218963623
.0198211670
-.0196990967
-.0158081055
.0165405273
.0103149414
-.0133056641
.0123748779
.0106201172
-.0144958496
.0159454346
.0408172607
-.0460357666
.0398254395
-.0396423340
-.0251464844
.0146179199
-.0158996582
.0218811035
.0182495117
.0201568604
.0219268799
.0162353516
-.0164489746
-.0160980225
-.0191192627
.0153961182
.0174255371
.0155944824
.0096893311
-.0119476318
.0098266602
-.0111389160
-.0082550049
-.0123901367
.0123138428
.0377655029
-.0524597168
.0188751221
-.0260772705
.0333099365
.0168609619
.0173645020
-.0230712891
.0173339844
.0253601074
-.0301818848
-.0189361572
.0172271729
-.0173950195
-.0162506104
-.0129699707
.0159454346
.0129394531
.0138397217
.0178222656
-.0233917236
.0217895508
.0218505859
-.0184631348
.0219726563
.0293273926
-.0174560547
.0173492432
.0231933594
-.0190277100
.0168151855
-.0172271729
-.0132598877
.0152893066
.0158538818
.0134887695
-.0160522461
.0115661621
-.0098266602
-.0119171143
.0180053711
-.0130310059
-.0122833252
-.0095672607
-.0214691162
.0108489990
-.0124511719
.0146331787
-.0161437988
.0191497803
-.0176544189
.0162506104
.0178222656
-.0137023926
.0141143799
.0146484375
-.0180053711
-.0216369629
.0141601563
.0152130127
-.0199584961
.0129699707
.0150756836
.0089416504
.0110626221
-.0158843994
.0079650879
-.0083465576
-.0143280029
-.0139312744
.0128021240
.0127716064
-.0096282959
.0081176758
.0143432617
.0101013184
-.0196380615
-.0086059570
.0099334717
.0161743164
-.0074462891
-.0110473633
-.0111846924
.0114593506
-.0103607178
.0106811523
.0118408203
-.0160217285
-.0116577148
-.0107421875
-.0149383545
-.0107116699
.0125122070
-.0128784180
-.0108642578
-.0110321045
.0264587402
.0205688477
-.0223846436
-.0278625488
-.0215148926
-.0349578857
.0270843506
-.0237579346
-.0144500732
-.0209045410
-.0214538574
.0233001709
-.0141754150
.0211181641
.0117950439
.0143737793
-.0115203857
.0116119385
.0132293701
-.0126342773
-.0171356201
-.0150604248
.0153045654
.0196838379
-.0128021240
-.0105438232
-.0119934082
-.0132293701
.0072631836
-.0113372803
.0087738037
.0141296387
.0121459961
-.0103149414
.0189971924
-.0185546875
.0193939209
-.0113067627
.0113983154
.0133361816
-.0150604248
.0159301758
-.0156097412
-.0113372803
-.0172271729
-.0130157471
-.0138854980
-.0126495361
.0085906982
.0535125732
.0377807617
-.0300903320
-.0301208496
.0261535645
-.0265655518
.0232238770
.0269470215
.0176696777
.0122375488
-.0135498047
-.0309600830
.0288238525
-.0148468018
.0223388672
.0312652588
.0175781250
-.0395507813
.0313262939
-.0275421143
-.0268859863
.0229339600
-.0177307129
.0191040039
.0261383057
-.0227508545
.0161132813
.0158386230
.0232849121
-.0179138184
-.0126495361
.0142669678
.0151672363
-.0128326416
.0080566406
.0101470947
-.0650329590
-.0222320557
-.0140380859
.0126495361
.0136871338
-.0116271973
-.0162658691
.0114288330
.0200500488
.0238342285
.0177001953
-.0123138428
.0093383789
-.0099792480
-.0115356445
.0166778564
.0121154785
-.0131378174
-.0220489502
.0088958740
.0202331543
.0107421875
.0073394775
.0129394531
-.0079498291
-.0108032227
.0064086914
-.0052337646
.0074005127
.0094909668
.0081481934
.0063476563
.0058441162
.0079650879
.0056610107
.0063323975
.0064392090
.0061187744
.0035095215
.0053405762
.0041503906
-.0054321289
-.0050048828
.0040435791
.0025787354
-.0039672852
.0031280518
.0021972656
.0030517578
-.0021667480
.0021972656
-.0023040771
-.0013732910
.0011138916
.0006713867
-.0006713867
.0002899170
.0000915527
