-.0000457764
-.0001220703
-.0003356934
-.0005340576
-.0007934570
-.0008087158
-.0010833740
-.0010986328
-.0011596680
-.0014343262
-.0021362305
-.0024414063
-.0027923584
-.0026397705
-.0026550293
-.0022888184
-.0029144287
-.0023498535
-.0037536621
-.0043487549
-.0046081543
-.0052032471
-.0050811768
-.0043029785
-.0038452148
-.0025024414
-.0029296875
-.0035552979
-.0041503906
-.0050048828
-.0053253174
-.0054626465
-.0055541992
-.0059509277
-.0069122314
-.0078277588
-.0079650879
-.0114898682
-.0123138428
-.0099639893
-.0054321289
-.0056610107
-.0054016113
-.0061340332
-.0055694580
-.0067749023
-.0086517334
-.0068206787
-.0068511963
-.0086517334
-.0098876953
-.0136718750
-.0198822021
-.0205230713
-.0188446045
-.0142669678
-.0113677979
-.0067291260
-.0053405762
-.0063781738
-.0095062256
-.0115203857
-.0100555420
-.0117645264
-.0098419189
-.0099639893
-.0125732422
-.0118865967
-.0107116699
-.0180969238
-.0192565918
-.0201110840
-.0225982666
-.0198059082
-.0161285400
-.0155792236
-.0126647949
-.0080871582
-.0108489990
-.0101928711
-.0101928711
-.0113220215
-.0115051270
-.0118560791
-.0128479004
-.0172729492
-.0188140869
-.0205535889
-.0258178711
-.0288543701
-.0264129639
-.0244445801
-.0159149170
-.0074768066
-.0074615479
.0122528076
-.0124511719
-.0124664307
-.0127563477
-.0131378174
-.0130767822
-.0147247314
-.0163574219
-.0204620361
-.0224761963
-.0219268799
-.0180816650
-.0147705078
-.0145263672
-.0139465332
-.0102996826
-.0106658936
-.0111236572
-.0112762451
-.0126037598
-.0125427246
-.0128021240
-.0140838623
-.0151519775
-.0155792236
-.0167083740
-.0184783936
-.0215606689
-.0222473145
-.0195312500
-.0151214600
-.0134429932
-.0076751709
-.0100097656
-.0130767822
-.0124053955
-.0130310059
-.0144042969
-.0158386230
-.0199432373
-.0157928467
-.0153350830
-.0181427002
-.0195159912
-.0153350830
-.0130310059
-.0126342773
-.0126647949
-.0075225830
-.0085906982
-.0125885010
-.0135803223
-.0128631592
-.0107116699
-.0119171143
-.0123138428
-.0153350830
-.0308685303
-.0367736816
-.0332489014
-.0238494873
-.0156555176
-.0071563721
.0064086914
-.0071411133
-.0130920410
-.0129241943
-.0143585205
-.0172729492
-.0164184570
-.0144348145
-.0176849365
-.0250091553
-.0280303955
-.0261993408
-.0218505859
-.0143127441
-.0095977783
-.0072174072
-.0061798096
-.0098114014
-.0142059326
-.0165710449
-.0188293457
-.0248870850
-.0285339355
-.0276031494
-.0173950195
-.0124206543
-.0137786865
-.0131988525
-.0140228271
-.0149230957
-.0168609619
-.0137939453
-.0142669678
-.0158538818
-.0145721436
-.0192718506
-.0235595703
-.0221099854
-.0196838379
-.0143585205
-.0158996582
-.0164184570
-.0175018311
-.0220947266
-.0262908936
-.0239105225
-.0204467773
-.0133056641
-.0095977783
-.0095977783
-.0162353516
-.0145721436
-.0155792236
-.0162811279
-.0153656006
-.0157470703
-.0189056396
-.0212860107
-.0209960938
-.0237274170
-.0232696533
-.0199279785
-.0165405273
-.0136108398
-.0139007568
-.0153503418
-.0183258057
-.0207824707
-.0199890137
-.0147857666
-.0129852295
-.0159454346
-.0148468018
-.0158843994
-.0197448730
-.0205078125
-.0285339355
-.0292663574
-.0281524658
-.0235443115
-.0217590332
-.0169067383
-.0154266357
-.0144195557
-.0173034668
-.0146484375
-.0137939453
-.0201263428
-.0256195068
-.0276947021
-.0177001953
-.0171813965
-.0155944824
-.0211639404
-.0285644531
-.0324859619
-.0348205566
-.0307159424
-.0295104980
-.0233764648
-.0160369873
-.0149841309
-.0151672363
-.0210113525
-.0188140869
-.0173187256
-.0176849365
-.0183410645
-.0199737549
-.0299224854
-.0282287598
-.0276947021
-.0286560059
-.0401916504
-.0359497070
-.0383911133
-.0416412354
-.0279693604
-.0216979980
.0209655762
.0241241455
-.0227508545
-.0265808105
-.0290679932
-.0292205811
-.0338592529
-.0214691162
-.0207519531
-.0265197754
-.0284576416
-.0304260254
-.0332336426
-.0272064209
-.0213165283
-.0273132324
-.0297241211
-.0198669434
-.0499267578
-.0552368164
-.0537261963
-.0491180420
-.0223236084
-.0227661133
-.0275421143
-.0357208252
-.0398406982
-.0435638428
-.0453186035
-.0453186035
-.0368041992
-.0298004150
-.0284881592
-.0284729004
-.0330963135
-.0402069092
-.0257720947
-.0252532959
-.0299682617
-.0431823730
-.0417022705
-.0456237793
-.0480194092
-.0382690430
-.0419921875
-.0436706543
-.0314636230
-.0494842529
-.0522766113
-.0588073730
-.0518341064
-.0417327881
-.0402069092
-.0424499512
-.0483245850
-.0511322021
-.0511932373
-.0561065674
-.0658111572
-.0649566650
-.0383453369
.0572052002
.0601043701
.0408630371
-.0414123535
-.0473937988
-.0541992188
-.0550384521
-.0625000000
-.0600738525
-.0557403564
-.0583496094
-.0610351563
-.0553588867
-.0679626465
-.0581207275
-.0460357666
-.0491027832
-.0499572754
-.0448913574
-.0457000732
-.0473022461
-.0498046875
-.0515136719
-.0604095459
-.0924835205
-.0853118896
-.0870208740
-.0841827393
-.0618438721
-.0508422852
.0510711670
-.0526580811
.0677947998
.0751953125
.0718994141
-.0547790527
-.0778350830
-.1210021973
-.1069641113
-.1299285889
-.0919952393
-.0678863525
-.0700683594
-.0735626221
-.0711975098
.0566558838
-.0571899414
-.0662536621
-.0670776367
.0680236816
-.0711975098
-.1019287109
.0901794434
-.0918884277
-.1036224365
-.1052398682
-.1063995361
-.0878601074
-.1004180908
-.0832061768
-.0883789063
.0840454102
.1022949219
.0982971191
.1131439209
.1260833740
.1423492432
.1084899902
.0994873047
.1029205322
-.0994873047
-.1277770996
-.1641082764
-.1763458252
-.1434173584
.1465148926
.1596832275
.1371459961
.1984405518
.1153411865
-.1534881592
-.1598663330
-.1323089600
.1141357422
.1164703369
-.1092224121
-.1107025146
-.1294403076
-.1288452148
-.1427612305
.1511077881
.1151580811
.1771545410
-.1695098877
-.1364898682
-.1563568115
-.1793823242
-.1733398438
-.2071228027
-.2009887695
-.1865692139
.1946563721
.2321166992
.1850738525
.2184295654
-.1314544678
-.1683197021
-.1882934570
-.1189727783
-.1281890869
-.1604614258
-.1983947754
-.1632385254
-.1743621826
-.1702117920
-.1781921387
.1872406006
.2628784180
.2077026367
-.3376312256
-.2512969971
-.2550048828
-.2126312256
-.2149200439
-.2185668945
-.1685638428
-.1807556152
-.1819763184
-.2148742676
-.1871643066
-.2325592041
-.2886352539
-.1922607422
-.2274017334
.2671661377
-.2891693115
.3337097168
.2964630127
-.2814025879
.2493743896
-.2626495361
.3087921143
-.3175354004
-.2129516602
.2800598145
-.4600830078
-.5000000000
-.5000000000
-.5000000000
-.5000000000
-.5000000000
-.5000000000
-.5000000000
-.5000000000
-.5000000000
-.5000000000
-.5000000000
-.5000000000
-.5000000000
.4999847412
-.5000000000
.4999847412
-.5000000000
-.5000000000
-.5000000000
-.5000000000
-.5000000000
-.5000000000
-.4627532959
.4999847412
-.5000000000
-.5000000000
-.5000000000
-.5000000000
-.5000000000
-.4450683594
-.4065093994
-.2695159912
-.2536468506
-.2560577393
-.3822326660
.3440856934
.3476715088
.2960510254
.3165588379
.2353515625
.1867218018
.1615447998
.2361145020
.2521209717
.1088714600
-.1130218506
-.1335449219
-.1433563232
-.1237335205
-.1282806396
-.1171417236
-.0887298584
-.1338348389
-.0910034180
-.1190948486
-.0913391113
-.1026153564
-.1333312988
-.1038360596
-.0880737305
.0706634521
.0644378662
.0695037842
-.0740509033
.0835571289
-.0885925293
-.0850982666
-.0807800293
-.0678405762
-.0686645508
-.0902252197
-.0692443848
-.0545806885
-.0568695068
-.0583801270
-.0662231445
-.0718078613
-.0487823486
-.0497436523
-.0443572998
-.0386657715
-.0507507324
-.0719451904
-.0603179932
-.0668029785
-.0413818359
-.0456848145
-.0538024902
-.0336303711
-.0259857178
-.0268859863
-.0260925293
-.0302581787
-.0339508057
-.0335388184
-.0431213379
-.0442199707
-.0390014648
-.0477447510
-.0429534912
-.0459442139
-.0448455811
-.0363464355
-.0378417969
-.0362701416
-.0401000977
-.0345153809
-.0411376953
-.0488128662
-.0352783203
-.0438537598
-.0431213379
-.0447998047
-.0408630371
-.0335998535
-.0326385498
-.0373840332
-.0393981934
-.0477447510
-.0323333740
-.0308532715
-.0289459229
-.0295410156
-.0256195068
-.0259552002
-.0278625488
-.0372314453
-.0352172852
-.0354003906
-.0341033936
-.0375366211
-.0356292725
-.0313873291
-.0406799316
-.0335083008
-.0337677002
-.0384979248
-.0390930176
-.0449218750
-.0251312256
-.0255889893
-.0257415771
-.0317993164
-.0308532715
-.0334014893
-.0310363770
-.0288696289
-.0437469482
-.0472717285
-.0363922119
-.0401000977
-.0376281738
-.0442352295
-.0399932861
-.0477600098
-.0485839844
-.0444335938
-.0411376953
-.0286560059
-.0346374512
.0408325195
.0504302979
-.0409240723
-.0379486084
-.0414123535
-.0492553711
-.0590667725
-.0522460938
-.0429687500
-.0357666016
-.0312347412
-.0240631104
-.0270690918
-.0200653076
-.0250701904
-.0180664063
-.0220031738
-.0391082764
-.0436401367
-.0486602783
-.0343170166
-.0433044434
-.0374908447
-.0378265381
-.0400848389
-.0418853760
-.0380554199
-.0339660645
-.0237121582
-.0249481201
-.0196533203
-.0332336426
-.0344390869
-.0374755859
-.0301818848
-.0291290283
-.0348815918
-.0388641357
-.0354766846
-.0435180664
-.0305480957
-.0282135010
-.0295257568
-.0422668457
-.0436859131
-.0296020508
-.0215759277
-.0240325928
-.0262603760
-.0248413086
-.0246734619
-.0236663818
-.0285491943
-.0324554443
-.0278015137
-.0316009521
-.0227203369
-.0251464844
-.0340576172
-.0450286865
-.0531616211
-.0447235107
-.0265350342
-.0227508545
-.0231323242
-.0204010010
-.0200500488
-.0308685303
-.0324096680
-.0328063965
-.0257263184
-.0286865234
-.0303955078
-.0336761475
-.0322418213
-.0296325684
-.0413055420
-.0444946289
-.0429382324
-.0443572998
-.0205993652
.0159912109
-.0217895508
-.0271606445
-.0302276611
-.0287017822
-.0216522217
-.0323791504
-.0316314697
-.0337829590
-.0397338867
-.0477447510
-.0440063477
-.0338439941
-.0233001709
-.0219573975
-.0179595947
-.0230255127
-.0291748047
-.0297393799
-.0292205811
-.0309906006
-.0283203125
-.0336761475
-.0370941162
-.0326843262
-.0344238281
-.0343933105
-.0323333740
-.0205383301
.0097656250
.0261077881
.0252532959
-.0226898193
-.0191192627
-.0255737305
-.0404815674
-.0504455566
-.0610809326
-.0568847656
-.0451660156
-.0423889160
-.0407867432
-.0268402100
-.0229034424
.0286865234
.0450439453
.0346221924
-.0202026367
-.0277404785
-.0373535156
-.0474243164
-.0554962158
-.0597381592
-.0533752441
-.0391998291
-.0320739746
-.0357208252
-.0377044678
-.0342712402
-.0290832520
-.0247497559
-.0234222412
-.0306854248
-.0457763672
-.0452423096
-.0471191406
-.0575561523
-.0502929688
-.0321044922
-.0314025879
-.0342102051
-.0370941162
-.0283508301
-.0197448730
-.0210723877
-.0189819336
-.0318450928
-.0401000977
-.0439605713
-.0514831543
-.0609741211
-.0570220947
-.0218811035
.0409393311
.0264587402
-.0301513672
-.0312194824
-.0229492188
-.0262603760
.0335540771
.0359191895
-.0473937988
-.0713806152
-.0254364014
-.0659942627
-.1206970215
-.1102142334
-.0404510498
.0905914307
.1056518555
.0268249512
-.0885467529
-.0911865234
.0359191895
.0830841064
-.0554962158
-.0647735596
-.0592041016
-.0592193604
-.0499114990
-.0463714600
-.0657806396
-.0421295166
.0285186768
.0433807373
.0480041504
.0332183838
-.0172729492
-.0461578369
-.0678253174
-.0403137207
-.0375061035
-.0341186523
-.0266265869
.0191650391
.0209655762
.0072937012
-.0258331299
-.0253753662
-.0148315430
-.0213775635
-.0402526855
-.0694885254
-.0622558594
-.0201263428
-.0286712646
-.0239105225
-.0176239014
-.0294342041
-.0237579346
-.0183410645
-.0281677246
-.0415649414
-.0431976318
-.0279083252
.0088195801
.0177001953
.0231018066
-.0186614990
-.0245513916
-.0318298340
-.0334625244
-.0280609131
-.0258789063
-.0216522217
-.0637817383
-.0829467773
-.0331878662
.0318145752
.0329895020
.0112762451
-.0265502930
-.0368194580
-.0332641602
-.0106506348
.0295867920
.0730285645
.0810546875
-.0371551514
-.0366516113
-.0576019287
-.0747833252
-.0816040039
-.0475769043
-.0217742920
-.0277404785
-.0261077881
-.0201416016
.0140991211
.0223999023
.0200042725
.0106506348
-.0189666748
-.0254058838
-.0262145996
-.0288696289
-.0222015381
-.0282287598
-.0263366699
-.0733795166
-.0447235107
.0213012695
-.0151367188
-.0593566895
-.0431976318
.0113525391
.0354003906
.0401000977
.0231170654
-.0195922852
-.0231018066
-.0252685547
-.0433349609
-.0292510986
-.0143737793
-.0188903809
-.0138092041
-.0032806396
.0074310303
.0090637207
-.0133972168
-.0229492188
-.0288848877
-.0198211670
-.0155487061
-.0241546631
-.0293426514
-.0272521973
.0109558105
.0108337402
-.0118713379
-.0124206543
-.0111846924
-.0117340088
-.0108032227
-.0089416504
-.0156250000
-.0100097656
.0058441162
-.0186157227
-.0288696289
-.0310516357
-.0200042725
-.0065765381
-.0162811279
-.0205841064
-.0173492432
-.0184020996
-.0225372314
-.0202789307
-.0198364258
-.0155181885
-.0120391846
.0099487305
.0117034912
-.0111389160
-.0122222900
-.0085754395
-.0079498291
-.0105438232
.0166473389
.0202941895
.0157318115
-.0145263672
-.0296936035
-.0453796387
-.0469512939
-.0326538086
-.0164184570
-.0045776367
.0035705566
.0083618164
.0126190186
.0143585205
.0165557861
.0144195557
.0124359131
-.0088195801
-.0109558105
-.0191345215
-.0280761719
-.0281219482
-.0210876465
-.0141906738
-.0102233887
-.0084381104
