-.0028686523
-.0046539307
-.0052185059
-.0071868896
.0084838867
-.0055694580
-.0068817139
-.0090332031
-.0140380859
-.0197448730
-.0268554688
.0238342285
-.0308227539
-.0252532959
-.0236663818
.0334930420
-.0544281006
-.0428619385
.0628509521
-.0649566650
-.0556945801
.0514984131
.0539550781
-.1061859131
.0520019531
-.0888519287
.0974426270
-.0704803467
.0604705811
.1224670410
.0512237549
-.0816192627
.0730590820
-.0587005615
.1425781250
-.1280822754
.1036071777
-.1138458252
.0511932373
-.1552734375
.1207122803
-.1099090576
.0922546387
-.1414184570
.1153869629
-.1469573975
.0827026367
-.1023101807
.0960998535
-.1410064697
.1345825195
.0939025879
.0879974365
.1132354736
-.1001434326
.0971832275
.1118774414
.1019592285
-.2310333252
-.1156616211
-.1315155029
-.0856323242
-.1359558105
-.1143798828
.1452941895
.1196441650
-.1653442383
-.1526184082
.1371917725
-.2129516602
-.1376342773
-.1047821045
-.2095794678
-.1204071045
.1353912354
-.1907196045
.1731262207
-.1795043945
.1457672119
-.1208953857
-.1142120361
-.1790313721
-.1567077637
.1292266846
-.1321258545
-.1412811279
.1713714600
.0833587646
-.1331787109
-.2005462646
-.1222839355
.1163635254
-.2059173584
-.2432708740
-.1577301025
-.1402282715
-.1248016357
-.1064758301
.1134185791
.1803588867
-.1703186035
-.1804656982
-.2200317383
-.1335296631
-.1494445801
.1866302490
-.1275634766
.0900268555
-.1139831543
-.1107788086
-.1413269043
-.1805572510
-.2163085938
-.1664886475
-.1276397705
-.1824493408
.1820678711
-.2935180664
-.2892456055
-.1244964600
.1842193604
.2252197266
.1834869385
.1940917969
-.2957916260
-.1481475830
.0905761719
-.1769104004
.2381744385
-.1933746338
.1740722656
-.1881408691
.1893157959
-.1908264160
.1764221191
-.2100524902
.1268615723
-.1774749756
-.1737213135
.2555236816
-.2195892334
-.2315673828
.1403808594
-.2718963623
.2203521729
-.2760772705
.3324737549
-.3018798828
-.2416992188
.2065429688
.2148895264
.1796264648
-.2289123535
-.1371154785
.2384948730
-.1730346680
.3830261230
.2520599365
-.3047637939
.2230072021
.1969757080
.2242279053
.2938537598
-.2890319824
-.1649475098
-.3156433105
-.1806488037
-.3367156982
.4635009766
.2954864502
.2420806885
-.2025909424
.2295379639
.1525115967
-.2027740479
.2703704834
.3001098633
-.2150726318
-.2287445068
.2809143066
-.3308715820
-.3284454346
-.1787872314
.2868957520
-.1721801758
.2325592041
.1607971191
-.4702301025
-.3775177002
-.2844238281
.2478790283
-.2782745361
.3532562256
-.3218536377
.2297515869
-.1808013916
.1794738770
.2106781006
-.1722564697
-.3273620605
.2894897461
-.3566589355
-.1888885498
-.1519165039
-.2118988037
.4647216797
.3092346191
-.3208465576
.1753692627
.2280120850
-.2117614746
-.1944580078
-.2761535645
.2473907471
.2625274658
-.1529693604
-.1354370117
.1681365967
.1660156250
-.2285919189
-.2286071777
-.3208312988
-.2554168701
-.3059234619
-.3671417236
.4320220947
-.5000000000
.4218444824
-.4952850342
-.5000000000
-.5000000000
-.4346923828
-.4948577881
.3099822998
-.3049774170
-.5000000000
.3263854980
-.3223419189
.1813507080
-.2518615723
-.4490509033
-.1955108643
-.3087310791
.2316741943
-.2128601074
-.1826782227
-.3860778809
.1983795166
.2991485596
-.4420013428
-.1492309570
-.3106994629
-.2907562256
.1816711426
.1647644043
-.1942443848
.3307342529
-.1365966797
.0935516357
-.2477416992
.1214599609
-.1460113525
.1837463379
.1855316162
-.1220092773
.1404113770
-.1653900146
-.1263885498
-.1985626221
.1688079834
.2060241699
-.1589965820
.1127929688
-.1007690430
-.1079864502
-.1104431152
-.1311340332
-.1466217041
-.1185302734
.1345367432
.1759185791
-.1205291748
-.1392364502
-.1358184814
-.1722717285
-.2062835693
-.1406250000
.1413574219
.0822296143
-.0605316162
-.1477508545
-.1284942627
-.1714782715
-.2155151367
.1076812744
.2405395508
-.1439666748
-.1217193604
-.3112335205
-.1999359131
-.1844635010
.1173400879
-.2936706543
-.1383819580
-.3512420654
-.3279418945
-.2365722656
.2649078369
.3854980469
-.2392730713
.1855621338
.3464202881
-.2596588135
-.3330230713
-.0876007080
-.1824188232
-.2120666504
-.1749877930
-.1436462402
-.2804107666
.1041564941
-.2565917969
-.1605377197
-.2945098877
-.1002502441
-.3079681396
-.1823577881
-.2648773193
-.2479705811
-.2843322754
-.2548675537
-.2800140381
-.2871398926
.2854919434
.1133422852
-.3572082520
-.2536621094
-.2473907471
-.2615814209
-.1480712891
-.3149108887
.1353149414
-.2480163574
-.2347869873
.2518005371
-.1766662598
-.1991577148
.0950775146
-.2864379883
-.2607574463
.1948089600
-.2150878906
-.2450561523
-.2500457764
-.2368316650
-.0772705078
-.3136901855
.1383972168
-.0760955811
.1282348633
.1878356934
.1271209717
-.2440032959
.1559906006
.1207580566
-.3075256348
-.1827087402
-.1581268311
-.1798553467
.1627807617
-.1550598145
-.1582489014
-.1840515137
.0894470215
-.1149139404
-.0790557861
-.0982055664
-.1575622559
-.0888519287
-.0748138428
-.1066741943
-.1144104004
.1131744385
-.1689910889
-.0990905762
-.1035003662
-.1575012207
-.0976715088
-.1492919922
-.1206817627
-.0990142822
.1207427979
.1422729492
.1393585205
.1221008301
.2787170410
.1440429688
-.1526184082
-.1539916992
-.2355651855
.1511840820
.1458892822
-.1760711670
-.1852416992
-.1407165527
-.1392974854
-.1452331543
-.1426696777
.2326812744
-.1787261963
-.1737823486
-.1888580322
-.1788635254
-.1656951904
.1909179688
-.2398223877
-.1568603516
-.1952514648
-.2429962158
-.1548767090
-.2122497559
.1494750977
.1924438477
-.1991882324
-.2004089355
-.2443695068
-.2056427002
-.1903839111
-.1884918213
.1717834473
-.2282104492
-.1531982422
.2429046631
-.1510009766
.1706390381
-.1731262207
-.2410583496
-.1486511230
.1650238037
-.1870422363
.1770782471
-.1001434326
.1726074219
-.1545715332
-.1232299805
-.2350769043
.1659851074
-.1296691895
-.1286926270
-.1281433105
.1994628906
-.1361541748
-.2317810059
-.1754455566
.1603851318
-.1956634521
-.1838378906
.2232360840
.1412811279
-.1369628906
.1258087158
-.1406402588
-.1611785889
.2439117432
-.2567443848
.2348937988
.1827087402
-.2162475586
-.1732788086
.1464080811
.1736907959
-.2042999268
-.1473693848
-.1585693359
.2251586914
-.3025360107
.1571044922
-.2682342529
-.2028198242
-.2617950439
.1471710205
.1231231689
.1869354248
.1475219727
-.1917419434
-.1644897461
-.2354278564
-.1727294922
.2433929443
-.1888580322
.3061828613
-.1836547852
.1538543701
-.2194976807
.1843261719
-.1354827881
-.2582855225
-.1465606689
-.2050323486
.2654418945
.2279968262
-.2567749023
-.1628875732
.1921386719
-.1480865479
-.2003784180
-.2220611572
-.2005004883
-.1575927734
.2081604004
-.2270202637
.2618560791
-.2638702393
-.2858276367
-.2824859619
-.3101654053
-.1905212402
.2169647217
.1968536377
-.2776489258
.2200317383
-.2100219727
.1844940186
-.2129058838
-.2543487549
.2186279297
.1649932861
.2073211670
-.2142791748
.2814941406
-.2163391113
-.4150848389
.2728424072
-.1282958984
-.2207641602
.1517639160
.2759399414
-.3717651367
-.2209167480
-.1974029541
-.1581726074
.2470397949
-.1899871826
.2122039795
-.1790771484
-.1707153320
-.3086547852
-.2089233398
.2388916016
.3400726318
-.3452758789
.3003845215
-.2975769043
-.2545776367
.2757568359
-.2211151123
-.2446594238
.2073822021
.2406005859
.1587066650
.2056121826
.2983856201
-.2989196777
-.2688293457
.2639465332
.2122039795
-.3233947754
-.2361907959
-.3308868408
-.2697448730
-.1743316650
.2211456299
.3295440674
-.5000000000
-.3565216064
-.3997497559
-.2998199463
.2451171875
-.3786773682
-.2254180908
-.3106994629
.3615417480
-.2593383789
.2976837158
-.2757720947
-.5000000000
-.4821319580
-.2907714844
-.3354034424
.2041320801
.2682037354
-.2517242432
.3622589111
-.5000000000
.2611999512
-.2060089111
-.3598022461
-.5000000000
.4522705078
.4332275391
-.3020019531
.2424926758
-.2460784912
-.3000183105
-.2895507813
.4901275635
-.2275695801
-.1927337646
-.2386932373
-.2882537842
.3690490723
-.2951660156
.2752990723
-.2416687012
-.1860961914
.2093048096
-.2174377441
.3161773682
.3023071289
.1313171387
.1288909912
.2063293457
-.2913208008
-.2397918701
-.1876678467
-.2133178711
-.3341827393
.3466339111
-.2689208984
-.2241363525
-.1912841797
-.1205749512
.1292724609
-.1362762451
.1075286865
-.1188964844
-.1384124756
.0836486816
-.0950164795
.0632324219
-.0769348145
-.0894012451
-.0838470459
.1037139893
-.1158905029
-.1083679199
-.1212158203
.0986633301
.1224212646
-.1115264893
-.0930480957
.0819549561
-.1187286377
-.1122741699
-.0847625732
-.1205291748
-.1781921387
-.1671295166
.1456909180
-.1320037842
-.1596984863
.1102600098
.1101837158
.1445312500
.1378784180
-.0787658691
.0932006836
-.1450195313
.1644287109
-.1855163574
.1104583740
-.0868225098
.1473083496
-.2270202637
.2034301758
.2060852051
.1950988770
.1840972900
.1025238037
.1122283936
-.1293792725
-.1853942871
.1857757568
-.1996002197
-.2839965820
-.2176971436
.1474151611
-.3335418701
.2509765625
.1666870117
.2055511475
-.2301788330
-.2697906494
-.2250061035
-.2276611328
-.1471405029
-.1851348877
-.1288757324
.1473846436
-.1553497314
-.2678680420
-.1535491943
.0910797119
-.1317901611
-.1235198975
-.2329711914
-.2129211426
-.2989654541
-.1836090088
-.1484985352
.1625823975
-.1571044922
-.2321929932
-.1575775146
.1228942871
.1136322021
-.1291656494
.1634674072
.1748352051
-.2644958496
-.1905364990
-.1849365234
.1190490723
.2791595459
-.2101898193
-.2240295410
.1532897949
-.1570739746
-.1929016113
-.1672821045
-.1709289551
.1658477783
.2016296387
-.1378479004
-.1331787109
-.1687164307
.1615295410
-.1894836426
.1521759033
.1585845947
-.1335754395
-.1146087646
.1463928223
.2841949463
-.2148132324
.1544189453
-.2681579590
-.1705627441
-.1851501465
-.2364349365
-.1307067871
.1365814209
.1534118652
-.1243896484
.1991882324
.2755279541
-.2020721436
-.2431793213
.1424865723
-.1300659180
.1299591064
.1718292236
.2395629883
-.2056427002
-.1833190918
-.1674652100
-.1735382080
.2099456787
-.2595520020
.1564941406
-.1189727783
.2128753662
.1902465820
.1797485352
-.1437835693
.2554626465
.1570739746
-.1534576416
.1200561523
-.1660308838
.1509246826
.2298126221
-.1876068115
.2057647705
-.2139739990
.1463012695
-.1705322266
-.2142486572
.1823272705
-.2032318115
.1514739990
-.2016601563
.1790924072
-.2157440186
-.2443084717
.2563934326
.1662902832
.1369476318
.2387542725
.1292114258
.1717224121
.1944122314
.1637420654
.1136322021
.1295471191
-.0997161865
-.1321411133
-.2298431396
.1755981445
-.1431427002
.1303710938
-.1529235840
-.1897888184
-.1920623779
-.1671447754
-.2020568848
.1991882324
.2244567871
-.1476745605
.1887969971
-.2035217285
.2366333008
.1530151367
-.2079620361
.1689605713
-.1550445557
-.2032012939
.1718902588
-.2002563477
-.1554412842
.1651458740
.1765747070
-.1857757568
-.3406829834
.2433776855
-.1400756836
-.1338806152
.2283020020
-.1032257080
.2758483887
.1253051758
-.1115722656
.1422424316
.1628570557
.1976013184
-.2193908691
.2249145508
-.2634277344
-.1521148682
-.1636199951
.1510314941
-.1794128418
-.1461791992
-.1872863770
.3188934326
-.2667236328
.2337493896
.1269683838
.1891174316
.2254486084
.1939544678
.1969146729
-.1825103760
-.1496734619
.1526947021
.1701965332
-.2024078369
.1454620361
.2085113525
-.1842498779
-.1366271973
.1665802002
.1968231201
-.2956237793
.1842498779
-.2056579590
-.2645416260
.2083129883
-.1584014893
.1818237305
-.0923004150
-.1750183105
-.2154846191
-.1868896484
-.2130889893
-.1665191650
.1579284668
.1821746826
.1749267578
.2015075684
-.1487426758
.1277923584
.1688079834
.2224884033
.1606445313
-.1280517578
.1005554199
-.0926971436
-.1175842285
-.1163177490
-.1265258789
-.1324615479
-.1174316406
-.1064147949
-.1342926025
.1100769043
-.0941772461
-.1584014893
.1233978271
-.1988983154
.0684051514
-.1589660645
-.1251068115
-.1678314209
-.1105651855
.1374969482
.0895690918
-.1286926270
-.1019439697
-.1195220947
.0952453613
-.0949249268
-.1394042969
.1205749512
-.1071624756
-.1035919189
-.0765991211
-.0919342041
-.1163940430
-.0874938965
.0825958252
.1003112793
-.0922546387
-.0929565430
-.1310272217
-.0974731445
.1145629883
.0806274414
.0949707031
.1005096436
-.0850524902
-.0976104736
-.0781250000
.0889892578
-.0856018066
.0979614258
.0684814453
.0813751221
.0822753906
-.0596618652
-.1269378662
-.0795135498
-.0487365723
-.0795745850
-.0711212158
.0629119873
.0543365479
.0539245605
-.0457763672
-.0531616211
.0738525391
.0606994629
-.0701751709
.0620880127
-.0547027588
.0595092773
.0544433594
.0338134766
-.0421600342
-.0402679443
.0566864014
-.0662689209
-.0425567627
-.0238494873
-.0275268555
-.0447387695
-.0390472412
-.0405578613
-.0292205811
.0374908447
.0267028809
.0346679688
-.0331573486
-.0312042236
-.0292816162
-.0234985352
-.0259399414
-.0290832520
-.0172576904
-.0197753906
-.0220489502
-.0277557373
-.0227203369
-.0249023438
-.0202636719
-.0253906250
-.0142822266
-.0167083740
-.0155029297
-.0157318115
-.0145568848
-.0127716064
