.0012969971
-.0010375977
.0019989014
.0012512207
-.0010375977
.0018005371
.0008544922
.0009765625
.0011596680
.0013732910
.0014343262
.0008239746
.0016784668
.0009918213
-.0014038086
.0014343262
-.0010070801
.0009918213
.0024261475
.0012969971
.0015869141
.0012817383
.0010833740
.0017547607
-.0006256104
.0014343262
.0029144287
-.0014495850
.0012664795
.0013122559
-.0019073486
.0011291504
-.0007934570
.0011138916
.0016174316
.0010986328
.0010833740
-.0008850098
.0010833740
.0011138916
-.0007781982
.0010986328
.0009765625
.0005340576
.0008697510
.0006713867
.0005798340
.0011444092
.0005798340
.0011596680
-.0010223389
.0007171631
.0013427734
.0006408691
.0010528564
.0005187988
.0005798340
.0004730225
.0006408691
.0008850098
-.0007476807
.0010528564
.0008087158
-.0006561279
.0016174316
-.0002899170
.0007629395
.0010070801
-.0004730225
.0027008057
.0014190674
.0014343262
.0021972656
-.0009460449
.0020751953
-.0009460449
.0007171631
.0019683838
.0005187988
.0016479492
.0013580322
-.0008392334
.0014343262
.0009307861
.0012054443
.0013275146
.0007629395
.0013732910
.0003967285
.0009155273
.0008544922
.0007324219
.0008850098
.0006561279
.0006713867
.0007019043
.0006561279
.0012359619
.0009307861
-.0007934570
.0007324219
.0007019043
.0004272461
.0010528564
.0008087158
-.0003204346
.0007629395
.0004577637
.0004425049
.0008850098
-.0005035400
.0008544922
.0007019043
-.0005035400
.0009460449
-.0006713867
.0010681152
.0007934570
.0005340576
.0007171631
-.0004425049
.0010223389
-.0006256104
.0006866455
.0011749268
.0002899170
.0007781982
.0005950928
.0008850098
.0008392334
.0008087158
.0007781982
.0014038086
.0018920898
-.0023193359
.0029144287
-.1025695801
-.0591583252
-.0304412842
.0548706055
-.0443115234
.0329589844
.0257720947
-.0294036865
.0349578857
-.0309600830
.0275878906
-.0134582520
-.0180511475
.0226593018
.0915069580
.1201324463
-.0337066650
.0587615967
-.0699310303
.0345611572
-.0327606201
-.0073852539
.0227661133
-.0219268799
.0321044922
-.0312194824
.0286712646
-.0243988037
.0215759277
-.0163421631
.0155487061
-.0142822266
.0109558105
-.0093383789
-.0076599121
.0124206543
-.0136566162
.0139312744
-.0150146484
.0098114014
-.0117187500
.0108032227
-.0123443604
.0117340088
-.0129699707
.0062713623
-.0052185059
.0072784424
-.0035705566
.0033874512
-.0036773682
-.0022125244
.0025329590
-.0030059814
.0050506592
-.0038909912
.0035552979
-.0051116943
.0027923584
-.0026550293
.0018310547
-.0016479492
.0028076172
-.0030822754
-.0021972656
.0015563965
.0028533936
.0034027100
-.0025482178
.0019226074
-.0023651123
.0024566650
.0029144287
.0043792725
.0026550293
.0025329590
.0027160645
-.0016479492
.0037078857
-.0019531250
.0023651123
-.0011291504
.0022583008
.0020141602
.0026550293
.0013732910
.0016479492
.0018005371
.0015258789
.0016937256
.0021667480
.0010223389
.0020294189
.0012969971
.0021820068
.0016784668
-.0015869141
.0012969971
.0012969971
.0009918213
.0022735596
.0025634766
.0015258789
-.0018615723
.0011444092
-.0018005371
.0025787354
-.0016326904
.0029602051
.0024719238
-.0021209717
.0024414063
.0018157959
-.0015411377
.0027465820
-.0021209717
.0026092529
.0013427734
.0031280518
-.0026550293
-.0039825439
.0020751953
-.0016174316
-.0018157959
.0008697510
.0021514893
-.0018005371
.0022277832
.0022888184
-.0046081543
.0045928955
.0013732910
.0032348633
.0033721924
.0021057129
-.0041809082
.0028686523
.0016479492
.0031127930
-.0706176758
-.0527496338
-.0402832031
.0342254639
-.0183410645
.0243835449
.0050201416
-.0152282715
.0201568604
-.0154113770
.0173034668
-.0091705322
.0093841553
-.0124053955
.0104370117
-.0096130371
.0082244873
-.0043487549
-.0046844482
.0051422119
-.0031127930
.0057525635
-.0040283203
.0065612793
-.0040130615
.0062408447
-.0043029785
.0036773682
-.0019989014
.0051269531
.0032806396
.0015258789
.0028533936
-.0020294189
.0039367676
-.0022583008
-.0018005371
.0012359619
-.0012054443
.0026092529
.0016326904
.0025329590
.0021057129
-.0672912598
-.0663909912
.0692443848
-.0475311279
.0325622559
.0366973877
-.0297546387
.0179138184
-.0213012695
.0120544434
-.0176544189
.0100708008
.0072631836
.0045318604
.0088958740
-.0089263916
.0111999512
-.0085601807
.0085144043
.0032653809
-.0025177002
.0051269531
-.0040130615
.0044708252
-.0023651123
.0032043457
-.0017700195
-.0025177002
.0052490234
-.0041656494
.0042419434
.0022888184
-.0030059814
.0026092529
-.0013885498
.0024871826
-.0018157959
.0018463135
.0031127930
-.0014648438
.0021972656
.0012664795
.0033264160
.0020141602
.0401763916
-.0711059570
.0809783936
.0145416260
-.0153198242
.0133514404
-.0126495361
.0084838867
.0099029541
-.0058288574
.0087585449
-.0067443848
.0053558350
.0031585693
-.0050201416
.0079650879
-.0028381348
.0022125244
.0043334961
-.0022430420
.0030364990
.0029449463
.0017700195
.0043640137
-.0031280518
.0025177002
.0019836426
.0017700195
.0049896240
.0026092529
-.0013580322
.0015869141
.0018005371
.0023040771
.0023803711
-.0021972656
.0019531250
-.0019073486
.0012359619
.0027618408
-.0018768311
.0014953613
-.0019073486
.0007629395
.0024566650
-.0010070801
.0018920898
.0019378662
.0012969971
.0017700195
.0015106201
.0137634277
.0066375732
.0057983398
.0024719238
-.0049743652
.0029144287
.0017395020
.0015106201
.0032348633
-.0043334961
-.0042572021
.0042266846
-.0026092529
.0060272217
.0039978027
-.0084991455
-.0061950684
.0028228760
.0021667480
.0027465820
.0051574707
-.0013275146
.0027160645
.0042114258
.0035858154
.0020294189
.0034027100
.0028533936
-.0022430420
.0018463135
.0018463135
.0027770996
.0016174316
-.0025177002
.0009765625
.0019226074
.0013122559
-.0081481934
-.0040130615
.0037689209
.0027618408
.0029449463
.0045318604
.0044403076
-.0071105957
-.0046386719
.0025787354
-.0027160645
.0032348633
.0045776367
.0029449463
.0019073486
-.0046997070
.0027313232
.0019989014
.0022888184
-.0025329590
.0039672852
-.0036621094
.0027008057
.0044555664
-.0045013428
.0015258789
.0060729980
-.0088958740
.0078125000
-.0025634766
-.0042114258
.0083007813
-.0095367432
.0079803467
.0078277588
.0038146973
-.0044555664
.0131530762
-.0066528320
.0103607178
-.0065612793
-.0036163330
-.0075531006
-.0126190186
.0152130127
-.0093231201
.0085601807
-.0092315674
-.0096435547
.0088043213
-.0112609863
.0223541260
.0214080811
-.0288391113
.0322875977
-.0267028809
.0148162842
.0181427002
-.0217285156
.0094299316
-.0070037842
-.0033874512
-.0087280273
-.0058898926
.0043640137
-.0043029785
.0057220459
-.0040588379
.0038452148
.0052642822
.0018615723
.0043182373
-.0043945313
.0027923584
-.0025329590
.0028686523
.0037078857
-.0023498535
.0025482178
-.0037841797
.0029144287
.0035858154
-.0053558350
.0023498535
-.0039215088
.0038452148
-.0063018799
.0068969727
-.0037689209
-.0027923584
-.0028533936
-.0023498535
.0052795410
.0012512207
-.0035858154
-.0016479492
-.0017547607
.0024414063
.0018157959
.0033111572
.0031280518
-.0021057129
.0033569336
.0037384033
.0014038086
.0019378662
-.0026702881
.0034637451
-.0020294189
.0023803711
-.0016479492
.0018310547
-.0014190674
-.0013427734
.0029296875
.0022125244
.0018920898
.0017395020
.0016021729
-.0014495850
.0012817383
.0010681152
-.0024108887
.0028533936
.0028381348
.0016174316
.0028839111
-.0025177002
.0037536621
-.0037231445
.0039062500
-.0025024414
.0016174316
.0015869141
.0021362305
.0019836426
.0009155273
.0011901855
-.0017395020
.0017852783
-.0016479492
.0030059814
-.0007476807
.0014495850
.0008544922
.0017089844
.0016937256
.0020904541
-.0018920898
.0011901855
-.0009155273
.0023040771
-.0015258789
.0023040771
-.0012817383
.0012054443
-.0011291504
.0014953613
.0009765625
.0022125244
-.0012359619
.0013427734
.0008239746
.0016784668
.0014343262
-.0013122559
.0021667480
-.0013732910
.0016479492
-.0011291504
.0026702881
-.0009460449
.0018615723
-.0015106201
.0019226074
.0013122559
.0026550293
.0023803711
-.0022888184
.0019226074
.0050811768
-.0045623779
.0046386719
-.0017089844
-.0043487549
-.0033264160
.0046234131
-.0039367676
-.0012359619
-.0022277832
-.0039520264
-.0047454834
.0071411133
-.0048522949
-.0021209717
.0051269531
-.0057678223
.0034637451
-.0030975342
.0074005127
-.0020141602
.0065765381
-.0036010742
.0034179688
-.0019836426
-.0042724609
-.0038604736
.0018157959
-.0032196045
.0048675537
-.0052490234
.0067749023
-.0021514893
-.0030670166
.0034484863
-.0025482178
.0034637451
-.0026550293
.0049285889
.0027008057
.0014801025
-.0037689209
-.0027770996
-.0033416748
.0020599365
-.0019226074
-.0024566650
.0035552979
-.0056610107
.0064544678
-.0027465820
-.0032653809
-.0039978027
.0043029785
-.0037841797
-.0022888184
.0026702881
-.0020141602
-.0012512207
.0017242432
.0012969971
.0024414063
.0032348633
-.0021820068
.0020599365
-.0012512207
-.0017395020
.0021667480
-.0043640137
-.0024414063
.0038909912
-.0049285889
.0038452148
.0043792725
.0027008057
.0037078857
.0018005371
.0056152344
-.0027618408
.0037384033
.0039672852
-.0040588379
-.0023498535
-.0040283203
.0040130615
.0016021729
.0051422119
.0036926270
.0029449463
-.0031585693
-.0066680908
.0066070557
-.0062103271
-.0038146973
-.0031890869
-.0046386719
-.0018615723
-.0024566650
-.0024414063
.0040893555
.0037078857
-.0019378662
-.0034790039
-.0018768311
-.0025329590
-.0034942627
-.0024414063
-.0031738281
-.0016632080
-.0024719238
-.0041809082
-.0054016113
.0021972656
.0063934326
.0074920654
.0069122314
-.0075531006
.0024871826
.0053558350
.0059814453
-.0067138672
-.0034790039
-.0065917969
-.0104370117
.0074157715
.0042419434
-.0093688965
.0078125000
-.0042724609
.0039672852
.0056152344
-.0069122314
.0112915039
-.0105895996
-.0030822754
.0050201416
-.0091247559
.0129547119
-.0069274902
-.0093536377
-.0300598145
-.0308532715
.0213012695
-.0424804688
.0326080322
-.0394744873
.0181579590
-.0074768066
-.0070648193
-.0028839111
.0026702881
.0045166016
.0059051514
-.0059661865
.0088806152
-.0105895996
.0077209473
.0041809082
.0018768311
.0011138916
-.0051422119
.0052490234
-.0053863525
.0040740967
-.0025329590
.0074462891
.0061950684
-.0068969727
.0028533936
-.0079193115
.0124053955
.0041503906
-.0103454590
.0023498535
-.0023498535
.0065002441
.0127868652
-.0073242188
.0067749023
.0113372803
-.0083465576
.0145721436
-.0122222900
.0160980225
-.0147094727
.0203247070
.0114440918
-.0097503662
.0133666992
-.0082244873
.0099792480
-.0089569092
.0077972412
-.0041809082
-.0065002441
.0027923584
.0034637451
.0033569336
.0052795410
-.0031585693
.0068969727
-.0030822754
.0048217773
.0014801025
.0053405762
.0030364990
-.0046691895
-.0075836182
.0059204102
-.0065155029
.0073242188
.0010070801
.0113220215
.0042266846
-.0022735596
.0063476563
-.0022430420
.0045471191
-.0025024414
.0056304932
-.0040588379
.0042877197
-.0030517578
-.0082702637
-.0028991699
.0035705566
.0052185059
-.0051116943
.0052032471
-.0064392090
.0056762695
-.0032501221
-.0032958984
.0038146973
-.0039520264
.0050506592
-.0049896240
.0049743652
-.0033721924
.0045013428
.0041656494
-.0042419434
.0061645508
-.0030059814
.0043640137
-.0016937256
.0016021729
.0013732910
.0020141602
-.0023651123
.0033111572
-.0032196045
.0033264160
-.0027313232
.0022735596
.0014495850
-.0016937256
-.0008392334
.0012054443
-.0010375977
-.0024414063
-.0014648438
.0021362305
.0012207031
.0019226074
.0010223389
.0007629395
.0062561035
.0019683838
-.0027923584
.0022735596
-.0032958984
.0043029785
-.0020904541
.0016326904
.0010986328
.0014953613
.0025482178
-.0009460449
.0020751953
-.0009918213
.0017395020
-.0010986328
.0010375977
-.0010681152
.0011749268
.0003204346
.0012664795
.0006561279
.0007781982
.0007324219
.0003356934
.0010681152
.0006866455
.0008239746
-.0007171631
.0015106201
.0006408691
.0002746582
.0008087158
.0008239746
.0006103516
.0006103516
.0005798340
.0004882813
.0006561279
.0005493164
.0006256104
.0005798340
.0005035400
.0008697510
.0006713867
.0006561279
.0006103516
.0005340576
.0005340576
.0006256104
.0005187988
.0005340576
.0006561279
.0004730225
.0004730225
.0010986328
.0006256104
.0004119873
.0005035400
.0004425049
.0007019043
.0004577637
.0005798340
.0005187988
.0004272461
.0004425049
.0004272461
.0005493164
.0004119873
.0004272461
.0003509521
.0006408691
.0003356934
.0005035400
.0003967285
.0004272461
.0005187988
.0005340576
.0006713867
.0004119873
.0005035400
.0005645752
.0006103516
.0004425049
.0005035400
.0006256104
.0003662109
.0005340576
.0004730225
.0004272461
.0004119873
.0004730225
.0005187988
.0005798340
.0003509521
.0003814697
.0003051758
.0005187988
.0003509521
.0003967285
.0003814697
.0004272461
.0003967285
.0003662109
.0003967285
.0003967285
.0004272461
.0004272461
.0003967285
.0003662109
.0003967285
.0003814697
.0004272461
.0004425049
.0003967285
.0003662109
.0003051758
.0003662109
.0004119873
.0003204346
.0003356934
.0002899170
.0004119873
.0004272461
