.0000305176
.0000305176
-.0000305176
.0000305176
-.0000305176
-.0000305176
.0000305176
-.0000305176
.0000305176
-.0000305176
-.0000305176
.0000305176
-.0000152588
.0000305176
.0000152588
.0000305176
.0000305176
-.0000305176
-.0000305176
-.0000305176
-.0000305176
.0000305176
.0000305176
-.0000305176
-.0000305176
.0000457764
-.0000305176
-.0000305176
.0000305176
.0000305176
.0000305176
.0000305176
-.0000305176
.0000305176
-.0000610352
.0000762939
-.0001831055
-.0001373291
-.0002746582
-.0003204346
.0003662109
-.0005035400
.0004730225
-.0005798340
.0004119873
-.0006256104
.0005645752
-.0007476807
-.0005950928
.0009002686
-.0008697510
.0008544922
-.0008087158
.0012817383
-.0012207031
-.0008392334
-.0011749268
-.0011749268
.0012054443
-.0012817383
.0018463135
-.0012359619
.0013122559
-.0016479492
.0012817383
.0014953613
.0012359619
-.0015411377
-.0016784668
.0027465820
.0022125244
.0022583008
-.0019989014
.0016326904
-.0017242432
.0017700195
-.0022277832
.0024261475
-.0018005371
.0027618408
.0023803711
-.0014801025
.0036315918
-.0026550293
.0014038086
-.0023345947
.0026855469
-.0027770996
-.0026397705
.0023040771
-.0018005371
.0026855469
-.0029754639
.0039825439
-.0019683838
.0024566650
-.0026397705
.0031738281
-.0034484863
-.0035552979
.0035247803
-.0021820068
.0041809082
-.0030975342
.0027008057
-.0029754639
.0037536621
-.0032501221
.0037078857
-.0032806396
.0032043457
.0037689209
-.0030822754
.0040435791
-.0043487549
.0030059814
-.0041809082
.0039215088
-.0046844482
.0036163330
.0032501221
.0031738281
.0037994385
-.0030517578
.0065155029
-.0040740967
.0042266846
-.0037536621
.0041351318
.0055694580
-.0032043457
.0070800781
.0049743652
.0053558350
-.0046997070
.0035705566
-.0060119629
.0038146973
-.0045776367
-.0032501221
.0049285889
-.0029907227
.0047454834
-.0035858154
.0031585693
-.0041351318
.0038146973
-.0042877197
.0042572021
-.0052032471
-.0029907227
.0036315918
-.0042266846
.0045166016
-.0046386719
.0030364990
-.0051727295
.0036010742
.0052642822
.0047760010
-.0036315918
-.0032653809
.0059814453
-.0033111572
.0050964355
-.0046844482
.0040740967
-.0044708252
.0048217773
-.0036621094
-.0043945313
.0048370361
-.0049285889
.0046997070
-.0039215088
.0034942627
-.0052947998
.0046386719
-.0055999756
-.0036010742
.0044860840
.0040588379
.0049285889
.0032958984
.0058288574
-.0063171387
.0043792725
-.0049591064
.0034332275
-.0045928955
-.0034027100
-.0043029785
-.0033416748
.0050811768
-.0039215088
.0042266846
-.0044708252
.0044555664
-.0042114258
.0042114258
-.0061187744
-.0034637451
-.0036621094
-.0056762695
.0047454834
-.0046539307
-.0026092529
-.0044250488
.0030975342
.0037536621
.0035858154
.0037536621
.0023498535
.0050506592
-.0036773682
.0053405762
-.0031738281
.0033569336
-.0038757324
.0052795410
-.0051574707
-.0039062500
.0031280518
-.0037841797
.0064086914
-.0034027100
.0053863525
-.0037994385
.0043029785
-.0044708252
.0057067871
-.0047149658
.0033569336
.0046844482
-.0028533936
.0044403076
-.0038757324
.0041198730
.0042266846
-.0028228760
-.0043487549
.0035705566
.0041198730
-.0041961670
.0045013428
-.0045471191
.0050048828
-.0039367676
.0045013428
-.0061187744
-.0037994385
.0043029785
-.0040588379
.0052490234
-.0033416748
.0046691895
-.0036163330
.0036315918
-.0038146973
.0041961670
-.0042114258
.0042877197
-.0029449463
.0056457520
.0047912598
-.0030059814
.0043945313
-.0048217773
.0039520264
-.0050659180
.0047607422
-.0056457520
-.0049743652
.0037231445
.0041961670
.0049591064
-.0036468506
.0034027100
-.0036621094
.0036315918
-.0047454834
.0033874512
-.0053405762
-.0042266846
.0044555664
-.0041198730
.0072326660
-.0048522949
.0047454834
-.0041351318
.0034179688
-.0055084229
.0041809082
-.0037231445
.0044250488
.0037078857
-.0028228760
.0052032471
-.0038299561
.0036163330
-.0037689209
.0030212402
-.0041961670
-.0033264160
-.0041198730
-.0034027100
.0042877197
-.0036773682
.0054626465
-.0030975342
.0036468506
-.0041198730
.0039215088
-.0046081543
-.0037231445
.0032043457
-.0034790039
-.0038604736
-.0037231445
.0039978027
-.0067443848
.0035552979
.0038757324
.0036773682
.0037384033
-.0042114258
.0048980713
-.0050506592
.0036773682
-.0031280518
.0039825439
.0035552979
.0050354004
-.0045166016
-.0036468506
.0041961670
-.0039062500
.0061340332
-.0048370361
.0030975342
-.0037689209
.0036315918
-.0048828125
.0028381348
-.0035095215
.0041046143
.0047454834
-.0042266846
.0050048828
-.0029907227
.0029602051
-.0037078857
.0045013428
-.0039367676
.0026855469
-.0046844482
-.0035400391
.0054016113
-.0041351318
.0041503906
-.0045166016
.0043792725
-.0045928955
.0030975342
-.0040130615
.0040893555
.0041656494
.0037231445
.0044708252
-.0042419434
.0034637451
-.0054321289
.0042724609
-.0050506592
.0034637451
-.0042572021
-.0025329590
.0038146973
-.0030670166
.0054016113
-.0044250488
.0037994385
-.0034179688
.0043945313
-.0058441162
.0029754639
.0056610107
.0034790039
.0045776367
-.0041809082
.0040893555
-.0035247803
.0044708252
-.0041809082
-.0035552979
-.0047912598
-.0036010742
.0056762695
-.0041809082
.0059509277
-.0052795410
.0053253174
-.0039978027
.0045471191
-.0037689209
-.0064086914
.0044555664
.0038299561
.0067443848
-.0037536621
.0034942627
-.0050811768
.0050048828
-.0054016113
-.0032653809
-.0034179688
-.0027008057
.0059967041
-.0034179688
.0055694580
-.0047760010
.0026092529
-.0039367676
.0044860840
-.0047760010
.0043945313
-.0028686523
-.0038909912
.0036315918
-.0027313232
.0035247803
-.0036926270
.0058135986
-.0045776367
.0050811768
-.0038146973
.0040588379
-.0060424805
-.0040283203
.0046081543
-.0043029785
-.0053100586
-.0046844482
.0050659180
.0058746338
.0032501221
-.0038452148
-.0036468506
.0073089600
-.0034790039
.0050201416
-.0036926270
.0031890869
-.0038909912
.0034942627
-.0037536621
.0034942627
-.0044097900
-.0025787354
.0048370361
-.0034637451
.0039978027
-.0039520264
.0033111572
-.0034179688
-.0041046143
-.0043029785
-.0036468506
.0052337646
-.0045776367
.0051574707
-.0037384033
.0037994385
-.0041046143
.0031585693
.0050201416
.0027160645
-.0055084229
-.0037078857
.0047760010
-.0037384033
.0047302246
-.0042572021
.0038757324
-.0040740967
.0057525635
-.0039978027
.0040893555
-.0044097900
-.0033264160
.0046844482
-.0031433105
.0038452148
-.0033264160
.0030975342
-.0037841797
.0043945313
-.0046997070
.0032348633
-.0042419434
-.0066680908
.0051116943
-.0037841797
.0031433105
-.0032501221
.0041961670
-.0038757324
-.0033416748
-.0043487549
-.0032043457
.0042419434
-.0025024414
.0035400391
-.0032043457
.0037384033
-.0038757324
.0032043457
-.0037384033
-.0037841797
.0040893555
-.0028839111
.0046386719
-.0032348633
.0033874512
-.0037231445
.0039825439
.0034332275
.0041656494
-.0050354004
-.0037689209
.0056610107
-.0035705566
.0041198730
-.0027770996
.0034484863
-.0035400391
.0049285889
.0048065186
.0034637451
-.0044555664
.0052642822
.0061187744
-.0045623779
.0051269531
-.0032806396
.0054321289
-.0037841797
.0036163330
-.0045776367
.0036926270
.0044555664
-.0034484863
.0037231445
-.0042266846
.0052490234
-.0029449463
.0043945313
.0039062500
.0045776367
-.0032958984
-.0041351318
.0060119629
-.0049285889
.0046691895
-.0043334961
.0052947998
-.0051727295
.0044555664
-.0045623779
-.0044555664
-.0047149658
-.0042114258
.0048217773
-.0043334961
.0041961670
-.0047912598
-.0049285889
-.0073547363
-.0049133301
-.0063781738
.0035400391
-.0045013428
-.0034179688
.0050964355
-.0037384033
.0034484863
-.0044403076
.0036926270
.0030670166
.0029602051
-.0059051514
-.0028076172
.0037689209
-.0037231445
.0044097900
-.0056762695
.0050506592
-.0070495605
.0049743652
-.0033721924
.0034027100
-.0048980713
-.0033111572
.0058898926
-.0045166016
.0038452148
-.0050659180
.0061645508
-.0066223145
.0049896240
.0050659180
-.0033874512
.0041656494
.0030975342
.0047149658
-.0044860840
.0049438477
-.0050811768
.0051727295
-.0046691895
-.0045928955
.0031433105
-.0030364990
.0047454834
-.0047149658
.0038452148
-.0035247803
.0034637451
-.0065765381
.0032196045
-.0052490234
-.0035247803
-.0041656494
-.0038146973
.0039825439
-.0033416748
.0048828125
-.0039367676
-.0042266846
-.0057678223
.0046539307
.0032806396
-.0036773682
.0059967041
-.0041351318
.0038604736
-.0041198730
.0025634766
-.0040893555
.0043945313
.0045166016
.0034942627
.0035552979
-.0034179688
.0041198730
-.0036163330
.0040588379
-.0040893555
.0042877197
.0044708252
.0032043457
.0062713623
.0043640137
-.0045623779
.0036773682
.0046081543
-.0030822754
.0043487549
-.0046234131
.0039978027
-.0040588379
-.0030975342
-.0054931641
.0038146973
.0054931641
-.0036315918
.0048065186
-.0053405762
.0049743652
-.0039825439
.0041809082
.0035400391
-.0032501221
-.0044097900
-.0032653809
.0045013428
-.0030517578
.0030212402
-.0044708252
.0054168701
-.0044708252
-.0033264160
.0055541992
-.0042266846
-.0059661865
-.0034790039
.0046234131
-.0047760010
.0030670166
-.0032348633
.0034942627
.0047760010
.0042572021
.0047149658
.0064697266
.0044708252
-.0027618408
.0046386719
-.0050811768
.0040893555
-.0061645508
.0025787354
-.0039520264
-.0027313232
-.0043029785
.0031738281
.0039825439
-.0037536621
.0043487549
-.0041046143
.0032501221
-.0050201416
.0043029785
-.0046081543
.0048217773
-.0055847168
-.0050811768
.0053100586
-.0051116943
.0031127930
-.0040740967
.0045013428
-.0051422119
.0038604736
-.0054626465
.0043334961
.0046691895
-.0045776367
.0065612793
-.0040130615
.0031433105
-.0033416748
-.0035858154
-.0056610107
.0025939941
.0043640137
-.0027770996
.0043182373
-.0038604736
.0038452148
-.0043945313
.0034790039
-.0048217773
.0058898926
-.0041656494
-.0033111572
.0044708252
-.0038909912
.0052947998
-.0042724609
.0038146973
.0046081543
.0045928955
.0044860840
-.0041046143
.0042419434
-.0029602051
.0068359375
-.0029602051
.0033264160
-.0044708252
.0042419434
.0040893555
.0033569336
-.0052947998
-.0032501221
.0045623779
-.0028839111
.0041351318
-.0033111572
.0030212402
-.0041198730
.0030975342
.0027465820
.0043334961
.0044555664
-.0043640137
.0048065186
-.0041046143
.0040130615
-.0032043457
.0033264160
.0045776367
.0031433105
-.0043640137
.0035858154
-.0053863525
-.0039062500
.0051269531
-.0047912598
.0037994385
-.0045776367
.0030364990
-.0048065186
.0037841797
-.0055847168
-.0034179688
.0037689209
-.0025177002
.0041198730
-.0033721924
.0034179688
-.0042724609
-.0032958984
-.0056915283
-.0028991699
-.0037231445
-.0029907227
.0047454834
-.0049285889
.0041198730
-.0037536621
.0032958984
-.0057067871
.0039215088
-.0040435791
.0042572021
.0063476563
-.0035552979
.0044708252
-.0045013428
.0034027100
-.0051116943
-.0037384033
-.0050659180
.0039367676
-.0036773682
-.0039215088
.0041351318
.0039062500
.0048522949
-.0033721924
.0053863525
-.0040283203
.0039520264
-.0044097900
-.0039215088
-.0032043457
-.0023651123
.0047302246
-.0027465820
.0037994385
-.0043334961
.0032806396
-.0055236816
.0033416748
-.0043182373
-.0041198730
.0049591064
-.0039978027
.0062103271
-.0041809082
.0034790039
-.0036621094
-.0034942627
.0041503906
-.0042877197
-.0032806396
.0033874512
.0067291260
-.0044555664
.0063629150
-.0034484863
.0078125000
-.0061187744
.0044403076
-.0050201416
.0043029785
-.0054321289
-.0035095215
.0048217773
-.0037841797
.0038604736
-.0045928955
.0041046143
-.0047149658
.0046539307
-.0035552979
-.0039520264
.0044097900
-.0027770996
.0046691895
-.0036315918
.0048675537
-.0035095215
.0030364990
-.0049591064
-.0046081543
-.0053405762
.0045166016
.0050659180
-.0030212402
.0057067871
-.0050659180
.0038452148
-.0037078857
-.0032653809
-.0039062500
-.0042724609
.0048370361
-.0036926270
.0063323975
-.0038909912
.0043029785
-.0031280518
.0045471191
.0052947998
-.0044555664
-.0054473877
-.0050201416
.0046997070
-.0036163330
.0064239502
-.0036773682
-.0035400391
-.0052795410
.0037994385
-.0059204102
.0037994385
.0044708252
-.0054168701
.0050506592
-.0035400391
.0043182373
-.0031280518
.0038452148
.0046691895
.0031738281
-.0053253174
.0036926270
.0046997070
-.0034637451
.0051116943
-.0041809082
.0049591064
-.0047607422
.0049591064
-.0033721924
-.0046997070
.0037231445
.0041351318
.0046844482
-.0031585693
.0028686523
-.0032806396
-.0026855469
-.0033111572
.0031585693
-.0047454834
-.0030212402
-.0037384033
-.0023956299
.0031127930
-.0032653809
.0027313232
-.0021820068
.0028991699
.0020904541
.0024108887
-.0030212402
-.0016937256
-.0028533936
.0012969971
.0032958984
-.0019226074
-.0022277832
-.0023193359
-.0020141602
-.0016479492
.0019073486
-.0016326904
-.0015563965
.0018768311
-.0013732910
.0014953613
-.0014038086
.0007781982
-.0012054443
-.0009613037
-.0009613037
.0009002686
.0010223389
-.0008239746
.0009155273
-.0004577637
.0005950928
-.0004119873
-.0005035400
-.0001831055
.0002288818
-.0002136230
.0001373291
-.0000305176
