-.0036773682
.0002136230
.0005493164
-.0010070801
-.0009765625
-.0014343262
.0023193359
-.0025177002
-.0022583008
.0018005371
.0043334961
-.0058288574
.0041046143
-.0041503906
-.0042572021
-.0048675537
.0052185059
.0053558350
-.0129241943
-.0075531006
.0074005127
-.0060272217
-.0093841553
.0121002197
-.0105895996
-.0060119629
.0081939697
-.0082550049
-.0079345703
-.0082855225
.0085296631
-.0085601807
.0102996826
.0143737793
-.0119934082
-.0138244629
-.0089263916
.0136871338
.0204010010
.0144653320
-.0093688965
-.0084381104
-.0109252930
.0143585205
-.0124206543
-.0124359131
.0087280273
.0142211914
.0126495361
-.0199890137
.0218505859
-.0193786621
.0203399658
-.0164947510
-.0168457031
-.0213317871
-.0234375000
-.0200958252
.0280151367
-.0160522461
.0198974609
.0176849365
-.0185241699
.0224761963
-.0252685547
.0173034668
-.0235290527
.0238342285
-.0191345215
-.0184631348
.0251312256
-.0226745605
.0188140869
-.0172119141
.0282897949
-.0261077881
.0267333984
-.0182342529
.0296783447
-.0223999023
-.0203399658
-.0239868164
.0224304199
-.0335845947
.0210571289
.0231933594
-.0307312012
-.0285644531
.0379333496
.0489807129
-.0305480957
-.0466461182
.0228729248
.0301208496
.0274353027
.0318603516
.0312042236
-.0292358398
.0258483887
.0327758789
-.0278625488
.0385589600
.0361328125
-.0293426514
-.0397949219
-.0320587158
.0358734131
-.0347137451
-.0386657715
.0382995605
.0331878662
-.0565948486
.0680694580
-.0709533691
-.1036987305
-.0812530518
-.0771484375
.0687713623
-.0880584717
-.0594787598
.0561523438
-.0552825928
.0457458496
.0410766602
.0585021973
.0482025146
.0692291260
.0920562744
-.0596008301
.0600891113
.0754547119
-.0726318359
-.0492095947
.0634765625
.0813751221
-.0537414551
.0433654785
.0641174316
.0849761963
-.0628662109
-.0376892090
.0741424561
-.0471038818
.0485382080
-.0748138428
.0609893799
.0736389160
.0968780518
.0665283203
-.0625915527
-.0609436035
-.0836029053
.0668182373
-.0636596680
-.0826416016
.0583496094
-.0510559082
.0538787842
.0443267822
.0604400635
.0682373047
.0619964600
-.0571136475
-.0491180420
.0571594238
-.0566711426
-.0593719482
.0586090088
.0439453125
.0583648682
-.0413665771
-.0442352295
.0753021240
.0571136475
-.0669860840
-.0664215088
-.0594177246
-.0623626709
.0511932373
-.0752716064
-.0471801758
-.0488586426
-.0509338379
-.0410156250
-.0538177490
.0535736084
-.0261993408
-.0426025391
.0624084473
.0476531982
.0472869873
-.0579681396
.0421600342
-.0459442139
-.0581665039
.0772399902
.0805206299
.0518341064
.0945892334
-.0445098877
-.0740203857
-.0833892822
.1036529541
.0755615234
.0622406006
-.0786437988
.0619354248
.0759887695
.0496520996
.0782470703
.0761718750
.0830230713
-.0552978516
.0543518066
-.0683441162
-.0626373291
.0472259521
.0589904785
.0613403320
-.0651397705
-.0525970459
.0802459717
.0801696777
-.0711822510
-.0620269775
.0548706055
-.0470123291
.0717010498
.0624389648
.0577850342
.0942535400
.0614166260
.0442810059
-.0496063232
.0540924072
.0675506592
-.0771026611
-.0762176514
.0712890625
-.0646820068
-.0515136719
-.0592041016
-.0440063477
.0751190186
-.0657806396
-.0685577393
.0459136963
-.0651397705
-.0651702881
-.0412139893
.0755920410
-.0514221191
-.0629119873
-.0481719971
.0739593506
.0647277832
.0655517578
-.0553588867
.0454711914
.0445404053
.0641479492
-.0587310791
-.1092224121
-.0831146240
-.0563659668
.0529174805
-.0505371094
-.0503234863
.0539398193
.0563201904
-.0520172119
-.0501403809
-.0585479736
.0789184570
.0729064941
.0659179688
.0640106201
-.0803375244
-.0675048828
.0721435547
-.0590972900
.0743408203
-.0669555664
.0712280273
.0518493652
-.0525970459
.0560607910
-.0611114502
.0506591797
-.0480957031
.0684356689
.0422058105
.0485229492
-.0673217773
-.0473632813
-.0520477295
-.0541534424
-.0378875732
-.0546875000
-.0436859131
.0910186768
-.0631561279
-.0652313232
-.0626220703
.0715332031
-.0765533447
-.0620574951
.0590362549
.0550842285
-.0431060791
.0527648926
.0542755127
.0564422607
-.0947418213
.0726013184
-.0819244385
.0605316162
.0783081055
-.0625915527
-.0482482910
.1014556885
.0790100098
.0829010010
.0637664795
-.0906677246
-.0415191650
.0591278076
-.0477142334
-.0383453369
.0607299805
-.0473632813
.0624694824
-.0528259277
.0552062988
.0700378418
-.0571899414
.0520172119
-.0456390381
.0574645996
.0733032227
.0550994873
-.0458679199
.0567626953
-.0691528320
.0470275879
-.0380554199
-.0637054443
-.0682373047
.0487213135
.0287322998
.0652160645
-.0677032471
.0486450195
.0546875000
.0436706543
.0447235107
-.0605621338
-.0631713867
-.0711364746
-.0756988525
-.0611267090
.0731811523
-.0772247314
-.0682678223
.0603027344
-.0714263916
-.0768585205
.0751495361
.0838470459
.0859680176
-.0464019775
-.0701904297
.0590057373
.0553894043
-.0941925049
-.0541381836
-.0815277100
-.0694885254
.0986328125
-.0601959229
.0744781494
-.0802764893
-.1052093506
-.0694427490
.0706176758
-.0802764893
-.0647583008
.0578002930
-.0565185547
.0568084717
-.0540313721
.0877532959
.0616760254
-.0691833496
-.0544281006
-.0742187500
-.0834350586
-.0694427490
-.0867614746
-.0782775879
-.0812530518
.0757598877
.0974884033
-.0745239258
.0462188721
-.0731964111
-.0743560791
.0888824463
.0681152344
.0742492676
.0808563232
.0747375488
.0872344971
-.0653839111
-.0899963379
-.0920867920
-.1022796631
-.1188354492
-.0820007324
-.0728149414
-.1228179932
-.0757141113
-.0794982910
.0838775635
-.0955963135
-.0936431885
.1378326416
-.0959930420
.1043853760
-.0867309570
.1137237549
.0847473145
.0785217285
-.0815734863
-.0858306885
-.1240234375
-.0532226563
.0804595947
-.0664672852
.0693054199
-.0667419434
-.0816650391
.0723266602
.0710449219
-.0782928467
-.0679321289
.0717010498
.0694427490
.0838928223
.0982818604
-.0941925049
-.0754394531
-.0844726563
-.0740966797
-.0610809326
.0827331543
.0564880371
.0633697510
.0629730225
.0552062988
-.0766143799
.0778503418
.0694122314
-.0708618164
.0566558838
.0521087646
-.0586395264
.0607147217
.0765838623
-.0687866211
.0675506592
.0697021484
.0753936768
-.0833129883
.0615692139
-.0549621582
.0556335449
-.0523223877
.0412445068
-.0621185303
-.0485992432
.0471191406
.0466613770
.0510711670
.0464172363
-.0595550537
-.0642089844
-.0614318848
.0573577881
.0679626465
-.0634002686
.0522155762
.0524444580
-.0505065918
-.0407104492
.0283203125
-.0525054932
.0415344238
-.0466308594
.0486907959
.0427246094
.0492095947
.0380096436
.0441436768
-.0581207275
.0572357178
.0587005615
.0549774170
-.0536499023
-.0448760986
.0528106689
-.0523376465
-.0625457764
.1549835205
-.1184844971
-.1173706055
.0942993164
-.0753326416
-.1023864746
.1352081299
.0690765381
-.0760498047
.0854644775
.0931854248
.0642395020
.0512084961
.0670166016
-.1113586426
.0824584961
.0587768555
.0792388916
-.0694580078
-.0782623291
-.0610656738
.0437316895
.0650787354
.0622100830
-.0759887695
-.0541839600
-.0591735840
.0619659424
.0635528564
-.0679168701
.0827331543
.0470428467
.0876922607
-.0746765137
.0753173828
.0711822510
-.0629119873
.0356903076
.0558471680
.0479125977
.0618438721
-.0599517822
-.0566406250
-.0607452393
.0617980957
.0785064697
.0773010254
-.0557708740
-.0675201416
-.0736083984
-.0776062012
.0689849854
-.0729980469
-.1319885254
-.1243743896
-.1046447754
-.1215515137
.1109924316
-.1184387207
.1197357178
.1676635742
-.1980895996
.1202392578
-.0927886963
-.0846862793
-.1045532227
.1457672119
.1164093018
.1242980957
-.1148834229
-.0835571289
.0938262939
.0826110840
-.0832214355
.0660095215
.1154022217
-.1255950928
-.0644531250
-.0771331787
.0675659180
-.0788879395
-.0891571045
.1049194336
-.1054382324
-.0877532959
-.0846710205
-.0746765137
.0536804199
.0652923584
-.0713500977
-.0780487061
-.0951232910
.0721435547
-.0761718750
-.1213836670
.0723876953
.1213531494
.0904235840
.0966644287
-.0928192139
.0722808838
.0717926025
.0952301025
.0977020264
.1121978760
.1151428223
-.1481781006
.1107025146
-.1011505127
-.1111450195
-.0855560303
.0921325684
.0737457275
-.0662536621
-.0692901611
.0599975586
.0624542236
.0797729492
-.0780487061
-.0601043701
.0512390137
-.0844879150
-.0747070313
-.0596466064
.0790557861
.0626068115
-.0578765869
.0566864014
.0707397461
-.0485382080
-.0984497070
-.0874786377
-.0986328125
-.1048583984
-.0709686279
-.0955657959
.0902252197
-.0824737549
-.0997772217
-.0755310059
-.0830535889
-.0478820801
-.0812988281
.0655059814
-.0523986816
.0527496338
-.0665740967
.0846862793
.0581512451
-.0600280762
-.0570983887
-.0838012695
.0572967529
.0649566650
.0511474609
.0656738281
.0746002197
-.0757751465
-.0642089844
.0610504150
-.0521697998
.0981903076
.0741424561
-.0685272217
.0557861328
.0502624512
.0654449463
-.0697021484
.0881805420
.0889892578
.0518798828
.0545654297
-.0535278320
-.0551910400
-.0545959473
.0590667725
.0681610107
.0965728760
-.0633087158
-.0813140869
.0724334717
-.0821838379
.1161651611
-.1205596924
.1155395508
.0815582275
-.1492462158
-.1559600830
-.1232299805
-.1175384521
-.0707702637
-.1505889893
.0979156494
.0947265625
.0785369873
-.0706176758
-.0912170410
.0942535400
-.1174926758
.0949401855
.0848388672
-.0569610596
.0778198242
.0740661621
.1096801758
.0711822510
.0789031982
-.0599212646
.0716705322
.0523681641
.0546112061
-.0848236084
-.0789337158
.0631256104
-.0597076416
-.0676269531
.0775451660
.0586700439
-.0435180664
.0525054932
.1062927246
.0451965332
-.0396423340
.0540466309
.0688476563
-.0527343750
.0574645996
.0711517334
-.0561218262
.0676269531
-.0657348633
.0510253906
-.0514831543
.0738677979
.0979766846
.1126251221
.0938720703
-.0939483643
-.0778808594
.0808868408
-.0926513672
-.0983276367
-.0865783691
-.1203460693
-.1461791992
.0905456543
.1233825684
-.1210479736
-.1122589111
.1216430664
-.1068878174
.0772705078
.1132049561
.1058654785
.0792846680
.0954437256
-.0810699463
.0619354248
.0642700195
.0996856689
.0853424072
.0827789307
-.0963134766
-.0781860352
-.0646820068
.0980987549
-.0675659180
.0789031982
-.1036529541
.1208190918
.0566253662
-.0905151367
-.1125640869
.0704345703
.0812683105
-.0816802979
.1375885010
.0736846924
-.0674438477
.0671081543
-.0825805664
.0710754395
-.0629272461
-.0875854492
-.0799713135
.0680084229
-.0697937012
.0621032715
.0460052490
-.0695037842
.0539245605
.0743103027
.0836029053
.0559844971
.0603332520
-.0728912354
-.0710296631
-.0652313232
.0571441650
-.0701599121
.0497741699
-.0812072754
.0946960449
-.0902557373
.0727081299
-.1006927490
-.0741577148
.0564575195
-.0727081299
-.0841064453
.0899810791
.0881958008
.0612030029
-.1235809326
.1416473389
.1400146484
.0859375000
.0711669922
.0815734863
.1007843018
.0897674561
.0805511475
.1150207520
.0749664307
.0685882568
.0807037354
.0694580078
-.0962219238
.1032409668
-.0863647461
-.0773468018
-.0982971191
-.0575866699
.0694427490
-.0942382813
.0597229004
-.0988922119
.0749053955
.0724945068
-.0593719482
.0912780762
-.0862121582
.0695648193
-.0849456787
.0655975342
-.1146850586
-.0660858154
-.0716857910
.0787200928
.0473022461
-.0554504395
.0705108643
.0910339355
.0627899170
.0657806396
-.0593719482
-.0492553711
.0513458252
-.0725250244
.0500793457
.0661468506
.0603332520
-.0678100586
.0310363770
-.1183013916
.0848388672
.0513458252
-.0889892578
-.0572509766
.0924530029
-.0911865234
-.0582427979
-.1055755615
.1272888184
-.1319122314
.0726776123
-.0844268799
-.0833282471
.0951843262
.1160736084
-.0684967041
.1289825439
.0735778809
-.0678100586
.0657958984
.0536499023
-.0696105957
-.0878295898
-.0788574219
.0816497803
-.0679779053
.0663299561
-.0623168945
.0889434814
-.0742187500
.0668640137
.0649566650
-.0652618408
-.0884857178
.0631408691
-.0473022461
.0689697266
-.0693664551
.0558471680
-.0475311279
-.0618591309
-.0785217285
-.0492553711
.0556640625
-.0478973389
-.0572814941
-.0680541992
-.0874938965
-.0515594482
-.0584869385
.0589752197
-.0573577881
.0532989502
-.0780181885
-.0553894043
.0405731201
-.0655059814
.0485687256
.0441284180
-.0734100342
.0419464111
-.0421905518
-.0554046631
-.0763397217
-.0421600342
-.0578460693
-.0585784912
-.0501861572
-.0478210449
-.0431213379
.0823211670
-.0454406738
-.0435485840
.0397186279
-.0591430664
.0525512695
.0371093750
-.0481567383
-.0451202393
-.0326080322
-.0458374023
.0422210693
-.0386352539
.0370941162
-.0409851074
-.0461578369
-.0296020508
.0334167480
-.0233001709
-.0270996094
.0261077881
.0208587646
.0215759277
.0293426514
-.0249938965
.0214233398
.0264282227
-.0228424072
-.0204620361
-.0312042236
.0223083496
-.0181579590
-.0123138428
.0193023682
-.0152587891
-.0212707520
-.0173339844
.0181121826
-.0156707764
-.0107879639
-.0135955811
-.0086364746
-.0078430176
.0087890625
-.0074157715
.0057373047
.0051879883
-.0028533936
-.0041503906
-.0027923584
-.0025329590
.0016479492
.0010528564
-.0003814697
