.0002441406
.0010223389
-.0019226074
-.0027923584
.0029144287
.0044403076
-.0058288574
.0050048828
-.0113372803
.0128936768
-.0119934082
-.0115814209
.0134887695
.0107574463
-.0087585449
.0102996826
.0111999512
-.0350341797
.0268096924
-.0284271240
-.0417938232
-.0348052979
.0267486572
-.0412750244
-.0391387939
.0691986084
.0369567871
-.0642547607
-.0450286865
-.0388183594
.0541687012
-.0356597900
-.0456390381
-.0558471680
.0392456055
.0429687500
.0305786133
.0480804443
-.0311584473
.0668640137
.0755920410
-.0574493408
-.0451660156
-.0531005859
.0624542236
.0432739258
-.0564422607
-.0640563965
.0527648926
.0692443848
-.0464172363
.0749359131
-.0713806152
.0670623779
.0589599609
-.0523376465
-.0636291504
.0572204590
.0531311035
-.0519866943
-.0562438965
-.0228881836
-.0462799072
.0429687500
-.0380401611
.0306091309
.0262451172
-.0380249023
-.0295104980
.0266265869
.0390625000
-.0210876465
-.0482330322
-.0339355469
-.0428314209
-.0414733887
-.0253906250
-.0332794189
-.0244293213
-.0453643799
.0439910889
-.0396881104
-.0359954834
.0320434570
.0363311768
.0341491699
-.0269622803
.0326538086
-.0371551514
-.0283508301
-.0438690186
-.0738983154
-.0513610840
-.0357513428
.0478820801
.0392608643
-.0507049561
.0453948975
-.0364532471
.0406646729
-.0477752686
-.0427398682
.0374603271
-.0406036377
.0498352051
-.0400543213
.0355834961
-.0375671387
-.0577239990
.0303039551
.0346374512
-.0322723389
-.0312194824
.0365753174
-.0301055908
-.0296020508
.0319976807
-.0346069336
-.0352478027
-.0308685303
.0365447998
-.0459289551
-.0419616699
.0259094238
.0345764160
-.0290832520
-.0521392822
-.0366363525
-.0395202637
.0514831543
.0519866943
-.0403747559
.0378265381
.0373992920
-.0509643555
.0401611328
.0402374268
-.0369567871
.0408477783
.0373840332
-.0298461914
-.0508728027
-.0316619873
-.0425872803
.0551452637
-.0567932129
.0520477295
.0434417725
.0677185059
.0523223877
.0593414307
-.0567321777
-.0414428711
.0592498779
-.0782012939
-.0500335693
.0508117676
.0439758301
-.0439605713
.0699462891
-.0839080811
-.0760955811
.0719757080
-.0566101074
.0658416748
-.0531616211
-.0593261719
.0405120850
.0550689697
-.0798034668
.0593109131
-.0461883545
-.0382385254
.0372009277
-.0390777588
.0440979004
.0560455322
.0455322266
-.0459747314
-.0456390381
-.0462646484
-.0653686523
.0503082275
.0439605713
.0615539551
-.0367584229
-.0528259277
-.0378265381
.0452117920
.0476684570
-.0344848633
-.0209503174
.0368804932
-.0305023193
-.0346679688
-.0626220703
.0406188965
-.0410156250
-.0576629639
.0363006592
-.0384826660
-.0271453857
-.0271301270
.0226135254
.0315246582
.0387268066
.0324859619
-.0324401855
-.0339965820
-.0332336426
-.0392303467
.0343170166
-.0264892578
.0252532959
.0172119141
-.0164337158
.0334777832
-.0487518311
.0443115234
.0435180664
.0484771729
.0706939697
.0620117188
-.0545043945
-.0500030518
-.0602874756
-.0671234131
-.0370025635
.0528106689
.0487823486
-.0634002686
.0480346680
-.0564270020
.0519409180
-.0624084473
-.0503845215
-.0678863525
-.0802154541
.0591888428
-.0556335449
-.0375518799
-.0413970947
-.0477142334
.0401000977
.0676879883
-.0634613037
-.0343017578
-.0499114990
.0427856445
.0458221436
-.0680999756
-.0485229492
-.0411071777
-.0436859131
-.0485992432
.0386962891
.0557708740
-.0401306152
.0485229492
-.0544281006
.0447235107
.0445251465
-.0411376953
.0500640869
-.0458526611
-.0597381592
-.0288848877
.0308074951
-.0353851318
-.0334014893
.0266418457
-.0453186035
-.0534210205
-.0495605469
-.0343933105
-.0462493896
-.0265808105
-.0309600830
-.0299682617
-.0382080078
-.0254516602
.0332336426
.0286254883
-.0281524658
.0232391357
-.0395355225
-.0304870605
-.0222930908
-.0177764893
.0237579346
-.0177612305
-.0157775879
-.0368041992
-.0356292725
.0323333740
-.0250244141
-.0251312256
-.0264282227
.0153808594
-.0175170898
.0172729492
.0379791260
-.0341339111
.0321807861
.0194702148
.0172576904
-.0202331543
-.0217437744
-.0146331787
.0394592285
-.0495910645
.0352325439
.0274047852
.0225982666
-.0159301758
-.0214080811
-.0173950195
.0130767822
.0410919189
-.0299835205
.0227966309
-.0154113770
.0203704834
-.0164794922
-.0164947510
.0253753662
-.0170593262
.0475463867
.0270080566
.0253601074
-.0333557129
.0214691162
.0258789063
-.0213623047
-.0154266357
-.0344696045
-.0446014404
-.0347290039
.0185546875
-.0164337158
-.0179290771
-.0151977539
-.0189666748
-.0070800781
-.0286560059
.0261535645
-.0260925293
-.0368499756
.0184631348
.0185699463
-.0152435303
.0105743408
-.0362396240
.0274658203
-.0347442627
-.0296630859
.0199279785
.0202941895
-.0177612305
.0140838623
-.0095367432
.0430603027
-.0263671875
.0240173340
-.0252227783
-.0180358887
-.0150909424
-.0099182129
.0113525391
.0276947021
.0352935791
-.0382995605
.0273590088
.0202026367
-.0196380615
-.0136108398
-.0165557861
-.0098266602
.0309753418
-.0406036377
-.0295715332
-.0402832031
-.0279541016
-.0210571289
.0146331787
-.0093078613
-.0208892822
.0246429443
.0326995850
-.0380401611
-.0235137939
-.0227508545
.0248718262
-.0159912109
.0174102783
.0324096680
.0378265381
-.0239562988
.0260620117
-.0233612061
-.0255126953
-.0196838379
.0137786865
.0126647949
-.0386047363
.0489807129
.0371704102
-.0263366699
-.0258636475
.0218048096
-.0192260742
.0145263672
-.0242919922
.0385894775
-.0307464600
-.0243377686
-.0231628418
.0234680176
-.0210571289
.0199584961
-.0182800293
.0318603516
-.0326385498
-.0331878662
-.0282440186
-.0289611816
-.0250396729
.0258026123
-.0204010010
.0335998535
.0395355225
.0283050537
-.0397033691
-.0243682861
.0165405273
-.0145263672
.0166320801
-.0128021240
-.0280914307
.0325012207
-.0285949707
.0225372314
.0178833008
-.0223236084
.0141906738
-.0122222900
.0359649658
-.0379791260
-.0269012451
.0275726318
-.0203704834
-.0231475830
.0262145996
-.0183410645
-.0173339844
.0329437256
-.0304718018
-.0272216797
.0219421387
-.0187072754
-.0223236084
-.0147399902
-.0128326416
-.0186157227
-.0382537842
.0273742676
-.0262145996
-.0215148926
.0216369629
-.0165710449
.0135650635
.0175018311
-.0288391113
-.0240783691
-.0228729248
.0261383057
-.0213165283
-.0244293213
-.0213775635
.0176849365
.0213775635
-.0452728271
-.0282897949
-.0272674561
-.0272674561
-.0227508545
-.0184478760
-.0218505859
-.0156707764
.0345153809
.0350952148
-.0372314453
-.0322570801
.0252075195
.0218048096
.0170288086
-.0131835938
.0146789551
.0362396240
-.0332794189
-.0276947021
.0233459473
.0302886963
-.0304870605
-.0202178955
-.0235748291
.0313110352
.0373535156
.0346984863
-.0355682373
-.0256958008
.0166931152
.0170745850
-.0140228271
-.0116729736
.0339202881
-.0319824219
-.0257415771
.0255279541
.0205841064
.0217132568
.0161437988
-.0181732178
.0274200439
-.0440063477
.0415496826
-.0211486816
.0284271240
.0239257813
.0220336914
-.0222625732
-.0227050781
-.0350646973
-.0539093018
-.0321197510
.0488891602
-.0245208740
.0228729248
-.0243225098
-.0247192383
.0184020996
-.0453033447
.0403900146
-.0305786133
-.0289001465
-.0206909180
-.0213165283
.0213165283
.0183258057
-.0434722900
.0335845947
.0366973877
.0312347412
.0213623047
.0207824707
.0253601074
.0188903809
.0136108398
-.0448303223
-.0391082764
-.0213012695
-.0205535889
.0239562988
.0204772949
-.0195617676
-.0146179199
-.0247344971
.0454711914
-.0299377441
-.0393829346
.0319671631
.0234527588
.0238800049
-.0178527832
-.0170135498
-.0356597900
.0403747559
-.0245056152
-.0327606201
-.0273132324
.0239562988
.0295562744
.0227508545
-.0335845947
.0352325439
-.0390930176
-.0367126465
-.0348663330
.0239105225
.0149383545
-.0186157227
-.0178222656
-.0334930420
-.0379180908
.0276336670
.0232086182
.0155029297
.0135803223
.0159759521
-.0179595947
-.0235290527
-.0356292725
.0329132080
.0291900635
.0264282227
-.0196228027
.0279083252
-.0190277100
.0264739990
.0371398926
-.0462799072
-.0309906006
-.0228881836
.0198669434
.0145263672
.0299835205
-.0191040039
-.0146179199
-.0369567871
.0340270996
.0380706787
-.0326232910
.0328063965
-.0281066895
-.0266113281
.0222320557
-.0424804688
.0385131836
.0284881592
-.0234222412
.0306701660
-.0191650391
.0187683105
-.0249328613
-.0237731934
-.0426483154
.0364532471
-.0296630859
.0302734375
.0222625732
.0208740234
-.0235748291
-.0248260498
-.0370635986
-.0309906006
-.0355529785
.0333709717
-.0286865234
.0301666260
-.0343322754
-.0192108154
-.0207061768
.0368652344
-.0329589844
-.0366058350
.0353240967
.0346984863
-.0349731445
-.0295257568
-.0161437988
.0329742432
.0509948730
-.0393218994
.0400390625
-.0294036865
.0260925293
-.0243530273
.0239105225
-.0204010010
-.0333404541
-.0387420654
.0359954834
.0273437500
.0324707031
-.0279083252
.0169067383
-.0189819336
-.0199584961
-.0357208252
.0416870117
.0390625000
.0254058838
-.0164489746
-.0208892822
-.0182952881
-.0160675049
-.0428619385
-.0372009277
-.0361785889
.0312500000
-.0308074951
-.0255279541
.0260772705
-.0111083984
.0414886475
-.0412139893
.0303955078
-.0269012451
.0317077637
.0357971191
.0369720459
.0321197510
.0295410156
.0302124023
.0279388428
-.0261688232
-.0343017578
-.0212097168
-.0268554688
-.0239868164
.0251159668
-.0240020752
-.0356445313
.0293731689
.0251922607
-.0271911621
-.0222320557
-.0368499756
-.0376129150
.0325622559
-.0329742432
.0264739990
-.0253753662
-.0305480957
-.0173187256
-.0469207764
.0665588379
.0437469482
.0422058105
.0257415771
.0287017822
.0316162109
-.0301971436
-.0479888916
.0450134277
-.0352478027
-.0339965820
-.0422210693
.0355682373
-.0277709961
-.0216522217
-.0146942139
.0478210449
-.0397033691
.0463104248
.0354919434
-.0368041992
.0222320557
-.0244903564
.0258941650
.0357971191
-.0369873047
-.0356140137
-.0270385742
-.0243835449
-.0233459473
.0231475830
-.0201263428
.0198516846
-.0512084961
.0426330566
-.0375366211
.0390472412
-.0298614502
.0255584717
-.0228271484
-.0211791992
.0224761963
-.0323638916
.0320892334
-.0255126953
-.0333099365
.0259246826
-.0258636475
-.0177001953
.0167236328
-.0382385254
.0480651855
.0391540527
.0368194580
-.0258636475
.0276184082
-.0198059082
-.0178985596
-.0163116455
.0471191406
.0324707031
-.0333862305
-.0326690674
-.0216064453
.0258483887
.0158386230
.0187225342
-.0494842529
.0484771729
-.0374450684
.0220031738
.0398254395
-.0535736084
.0618286133
-.0512237549
.0640106201
.0578765869
-.0593719482
.0536193848
.0353240967
.0194549561
-.0396728516
.0271453857
-.0594329834
-.0696868896
.0710754395
-.0533599854
-.0754547119
.0883026123
-.0567016602
-.0238800049
-.0597686768
.0837554932
-.0642242432
-.0673217773
.0540618896
-.1065979004
-.0379943848
.0645294189
.0412750244
.0576324463
.0508270264
-.0734863281
-.0562286377
.0668945313
.0507659912
.0710144043
-.0720825195
.0845947266
.0572662354
.0750885010
-.0696716309
.0938415527
-.0739135742
.0426330566
-.0657196045
.0643157959
-.0670013428
.0635986328
-.0654754639
.0697174072
.0811920166
.0300903320
-.0577239990
-.0507202148
.0659484863
.0696563721
-.0574645996
.0430908203
.0592193604
-.0668182373
-.0670776367
-.0906524658
.0610961914
-.0470275879
.0485839844
.0532836914
.0495452881
-.0779418945
-.0956878662
-.0396728516
-.0693511963
-.0651702881
-.0808105469
-.0566864014
.0568695068
-.0478668213
.0512390137
.0494995117
.0721435547
-.0641632080
.0706329346
-.0453796387
.0528259277
-.0592956543
.0587921143
-.0605926514
-.0476379395
.0491333008
-.0531158447
.0474700928
-.0431976318
.0494995117
-.0550842285
-.0637512207
.0448455811
.0427398682
-.0456085205
.0446472168
-.0545806885
-.0550384521
.0588684082
-.0680541992
-.0588684082
-.0491485596
.0598144531
-.0483093262
.0359954834
-.0559539795
.0387420654
.0360107422
-.0451354980
-.0359497070
-.0441589355
-.0340118408
.0600585938
.0541839600
-.0390167236
.0456695557
-.0469207764
.0363006592
.0439910889
-.0456848145
.0364837646
.0417480469
-.0441131592
.0393524170
-.0474395752
.0421142578
-.0366973877
.0312805176
-.0316619873
.0274353027
.0233612061
.0247650146
.0303955078
-.0346984863
-.0335235596
.0302124023
-.0303802490
-.0193634033
-.0249786377
-.0303039551
.0278472900
.0239562988
-.0262908936
-.0183715820
-.0263824463
.0222473145
.0169830322
-.0195159912
-.0167846680
-.0205078125
-.0188751221
.0203247070
-.0112762451
-.0144042969
.0153198242
.0203094482
.0113220215
-.0102539063
.0114440918
-.0086669922
.0173034668
-.0155029297
.0128631592
.0153808594
.0132446289
.0116729736
.0138397217
-.0132598877
.0087432861
-.0103759766
-.0078277588
-.0090942383
.0078735352
-.0085601807
-.0079345703
.0065612793
-.0101165771
-.0085906982
-.0075531006
-.0050354004
-.0069427490
-.0044097900
-.0038146973
-.0061492920
.0059967041
-.0066833496
-.0051879883
-.0047454834
-.0038909912
-.0042572021
-.0038146973
.0048828125
-.0054168701
.0030822754
.0033264160
-.0018768311
.0016174316
.0019073486
-.0012512207
-.0017242432
.0009460449
.0003662109
-.0001983643
