.0167541504
.0224609375
-.0111999512
-.0164184570
-.0085449219
.0162353516
-.0166473389
.0406188965
-.0223999023
-.0284881592
-.0127410889
.0323944092
.0065917969
.0122680664
-.0194396973
.0117340088
.0192260742
-.0178222656
-.0102539063
.0164489746
.0203399658
-.0262908936
.0224456787
.0126800537
.0228881836
-.0196380615
-.0154266357
.0134429932
-.0052947998
.0141601563
-.0194244385
.0167846680
-.0212402344
.0220336914
.0327606201
-.0225372314
.0138854980
.0259399414
-.0377655029
.0143432617
-.0068511963
.0072021484
.0150604248
-.0162048340
-.0202941895
.0128631592
.0039672852
-.0381774902
.0097351074
.0100097656
.0223999023
-.0243988037
.0212249756
.0209197998
-.0166473389
.0083465576
.0144042969
.0207061768
-.0117187500
.0210876465
-.0190429688
.0104370117
.0160675049
.0137939453
-.0088653564
.0108795166
-.0231781006
.0231018066
-.0161285400
-.0560760498
.1268157959
.1540222168
-.1507568359
.1343688965
-.1450653076
.1540832520
-.1495513916
-.1173706055
.0464477539
.0336456299
-.0472869873
-.0599212646
-.0325622559
.0356140137
.0695648193
-.0515747070
-.0454254150
.0551910400
-.0375823975
-.0496826172
.0393676758
.0306396484
.0323028564
-.0335998535
-.0240478516
.0217590332
.0775146484
.1304931641
-.1647949219
-.1401824951
.1361694336
.1493225098
-.1537780762
-.1276855469
-.1462554932
.0696716309
.0468750000
-.0556640625
.0390319824
.0748443604
-.0521697998
-.0543823242
.0626220703
-.0411834717
-.0445098877
-.0420227051
-.0512542725
.0479583740
-.0365295410
-.0450439453
.0365600586
.0289459229
-.0350799561
-.0313568115
.0219268799
-.0160522461
.0265655518
-.0227203369
-.0303344727
.0182800293
.0390014648
.1111755371
-.1620941162
-.1612548828
.1294555664
.1256866455
-.1248168945
-.1204223633
-.1241149902
.1449432373
-.0508117676
.0473632813
-.0390167236
-.0478057861
-.1435546875
.1651000977
.1802520752
.1726531982
-.1586761475
-.1485137939
.1420898438
.1498413086
-.1378936768
-.0380859375
-.0321655273
.0386810303
.0336456299
-.0383300781
.0189819336
.0209960938
-.0206756592
-.0262908936
-.0229187012
.0239105225
.0236206055
-.0235290527
-.0307922363
-.0222930908
.0282592773
.0215759277
-.0300445557
.0314941406
-.0106048584
-.0246734619
-.0281219482
.0291900635
.0395660400
-.0284881592
-.0540924072
-.0296478271
.0389556885
-.0276336670
.0274963379
-.0287322998
.0248718262
.0302886963
.0312805176
-.0400238037
.0286254883
-.0081024170
-.0184326172
-.0137176514
.0207366943
-.0054321289
.0142822266
-.0414428711
.0099639893
.0283050537
.0233459473
-.0278167725
-.0111083984
.0115966797
.0319213867
-.0321044922
-.0290069580
.0347442627
.0290679932
-.0282135010
-.0211639404
-.0193023682
.0408630371
-.0322418213
-.0305938721
.0343933105
.0287475586
-.0291442871
-.0291137695
-.0342864990
.0196838379
.0375061035
-.0275115967
-.0269622803
.0237426758
.0198211670
-.0349884033
-.0274810791
-.0183410645
.0378570557
-.0192260742
-.0309448242
.0213623047
.0203399658
.0225524902
-.0309600830
-.0271759033
.0446014404
.0672760010
-.0827941895
.0814666748
-.0734863281
.0804901123
-.0637054443
.0330047607
-.0441284180
.0865631104
-.0695953369
.0644073486
.0233612061
.0238952637
-.0209045410
-.0264282227
.0201568604
.0182952881
-.0171813965
-.0126342773
.0349426270
-.0236053467
.0204467773
-.0117950439
-.0072937012
-.0080871582
.0150909424
-.0290222168
-.0151214600
.0161895752
.0292510986
-.0072479248
-.0237731934
.0149841309
.0181274414
.0109863281
-.0398864746
-.0066680908
.0267181396
-.0098571777
-.0148010254
.0214385986
-.0115814209
.0181274414
-.0075531006
-.0188598633
.0158538818
-.0180969238
.0067749023
.0059967041
.0073852539
-.0191497803
.0099182129
.0167846680
.0057220459
-.0241394043
-.0182495117
.0346069336
.0059509277
-.0102844238
-.0061035156
-.0103759766
-.0183868408
.0140075684
.0046386719
.0126800537
-.0128021240
-.0147399902
-.0108642578
.0149078369
.0126190186
.0137634277
-.0141601563
-.0292663574
.0205383301
.0168457031
-.0085754395
-.0273132324
.0041656494
.0566864014
-.1364135742
-.1552429199
.1565551758
.1389465332
-.1590881348
-.1734008789
.1786956787
.1282348633
-.0485687256
-.0295562744
-.0291137695
.0597839355
.0561676025
-.1946258545
-.1670227051
.3184051514
-.1025848389
-.1832733154
-.2371215820
.2458038330
.1018829346
.1305999756
-.1561126709
.0686187744
-.0339355469
.1278076172
-.0376892090
-.0506896973
-.0643768311
.0426025391
.0347442627
-.0163726807
-.0301666260
-.0370025635
.0178222656
.0351409912
.0349426270
-.0177001953
-.0483398438
.0272369385
.0291748047
.0078887939
.0046691895
-.0305023193
.0275421143
.0331878662
-.0125122070
-.0448455811
.0280761719
-.0254058838
.0365753174
.0219879150
-.0906982422
-.0944061279
.1892852783
-.0849151611
-.1167907715
-.1050720215
.0785675049
.0667266846
.0476226807
-.0796051025
.0543518066
-.0228271484
.0523529053
.0361328125
-.0139465332
-.0467834473
-.0078277588
.0178833008
.0302276611
-.0151214600
-.0425720215
.0724487305
.0681152344
.0541687012
-.0991668701
-.0932769775
.0503234863
.0727996826
-.0713653564
.0261230469
.0410003662
-.0405273438
-.0267333984
.0463104248
.0293121338
.0262451172
.0531768799
-.0290985107
-.0385437012
.0143737793
.0514068604
-.0171813965
.0238647461
.0433197021
.0150299072
-.0323181152
.0341644287
.0277557373
.0365905762
.0276336670
.0180969238
.0473937988
.0324859619
-.0299224854
.0137176514
-.0393981934
.0386962891
.0311279297
.0238037109
-.0265808105
.0102233887
.0161743164
.0225524902
-.0162048340
-.0229187012
.0178070068
-.0096435547
.0300598145
-.0155487061
.0147247314
.0093994141
-.0206604004
-.0569305420
.0206298828
.0292968750
-.0120544434
-.0245513916
.0321350098
.0106811523
-.0204772949
-.0355224609
-.0183410645
.0155334473
-.0322723389
-.0254211426
.0158081055
.0173187256
.0245666504
.0164184570
.0175018311
.0348663330
-.0132904053
-.0341796875
.0131530762
-.0151977539
.0327606201
.0245666504
.0252685547
-.0087127686
-.0372467041
-.0133209229
.0128326416
-.0225219727
.0185241699
.0155792236
-.0196075439
.0292663574
.0231628418
-.0256195068
.0121765137
.0224761963
-.0139007568
-.0057983398
-.0025634766
-.0157012939
.0177459717
.0135192871
-.0101623535
.0120239258
.0134582520
-.0136260986
-.0110168457
-.0048980713
-.0100555420
.0060882568
-.0089874268
-.0108032227
-.0131378174
.0207061768
-.0091552734
-.0073852539
.0715332031
.0840454102
-.0864868164
-.0658721924
-.0685424805
-.0688629150
.0821075439
-.0765228271
-.0818328857
.0645294189
.0633392334
.0595245361
.0648651123
.0623474121
-.0633850098
.0375213623
-.0351104736
-.0339050293
.0171966553
-.0220794678
-.0165100098
.0165100098
.0167541504
.0219268799
-.0166168213
-.0112609863
.0093078613
.0272521973
-.0289459229
-.0138549805
-.0730133057
-.1082611084
.0870666504
-.0790710449
-.0798492432
-.0619354248
-.0656280518
-.0751495361
.0760040283
.0578613281
.0606994629
.0611877441
.0611877441
-.0672454834
.0576171875
.0282592773
-.0444793701
.0204010010
.0246429443
-.0177001953
.0095825195
.0230560303
-.0206298828
-.0137176514
-.0129241943
-.0075225830
.0197448730
.0227661133
-.0274200439
-.0160217285
.0631561279
.0836486816
.0727996826
.0763702393
-.0727844238
.0721740723
.0726928711
-.0718078613
.0714416504
-.0764923096
-.0803833008
-.0762481689
.0767974854
.0698089600
.0703735352
.0572814941
-.0407257080
.0253906250
.0223999023
-.0183868408
-.0122985840
.0357360840
.0194549561
-.0141601563
.0135650635
.0154266357
.0169830322
.0167999268
-.0241088867
.0139617920
.0562286377
-.0944976807
.0671539307
-.0752258301
-.0710449219
.0770874023
.0698699951
-.0140380859
.0210876465
.0119476318
-.0117187500
.0356597900
-.0119628906
.0166931152
.0134277344
-.0133361816
-.0220794678
.0254058838
.0128784180
-.0284118652
-.0232238770
.0203552246
.0135803223
.0140533447
-.0178222656
-.0267028809
.0318298340
-.0125427246
.0096588135
.0285186768
-.0051422119
-.0241241455
.0108489990
.0099639893
.0258941650
-.0101776123
-.0345611572
-.0222930908
.0247802734
.0079345703
-.0132598877
.0191802979
-.0079803467
.0259399414
-.0071868896
-.0191497803
-.0180969238
.0242004395
.0111846924
-.0072784424
.0043334961
.0245361328
.0097808838
-.0236511230
-.0214385986
.0234069824
.0164031982
.0151062012
.0076904297
-.0108795166
.0292663574
-.0311279297
.0145416260
.0175628662
.0214233398
-.0072021484
-.0084533691
.0097961426
.0125122070
-.0281219482
-.0221710205
.0241546631
-.0145721436
.0207824707
.0107421875
-.0126495361
.0116119385
.0334320068
-.0304107666
-.0129394531
.0180511475
-.0158233643
-.0123901367
.0107269287
.0169372559
.0450592041
.0106201172
-.0440826416
-.0178070068
.0437622070
.0075988770
-.0279846191
-.0148162842
-.0273132324
.0152740479
-.0136260986
-.0281677246
.0145874023
.0209960938
-.0124206543
.0301208496
.0324859619
-.0137176514
-.0236053467
-.0061035156
-.0237274170
.0254669189
.0207824707
-.0330047607
-.0098571777
-.0083312988
.0072021484
.0259094238
-.0224914551
.0184020996
.0311126709
-.0170288086
-.0167388916
.0217590332
.0408630371
.0174255371
-.0295562744
.0192871094
.0114288330
-.0223846436
.0189361572
-.0213012695
-.0231475830
.0248565674
-.0099487305
.0107269287
.0430450439
-.0350189209
-.0237731934
.0325622559
-.0131378174
.0325622559
-.0222473145
-.0345001221
.0326232910
.0254821777
-.0131072998
-.0088043213
-.0252075195
.0095672607
.0302429199
-.0257415771
-.0234069824
.0137329102
.0080566406
-.0168914795
.0138702393
.0204315186
.0223236084
-.0144042969
.0097045898
-.0205688477
.0273590088
-.0296783447
-.0332489014
.0243072510
-.0078430176
-.0195770264
.0176696777
-.0104675293
-.1008453369
.0350799561
-.0166931152
-.0200805664
.0179138184
.0399780273
-.0321350098
.0267944336
-.0180969238
.0270233154
.0371398926
-.0323028564
-.0240783691
.0318603516
-.0091247559
-.0352783203
.0576477051
-.0505371094
.0690612793
-.0397491455
.0384063721
.0282287598
.0433959961
-.0356445313
-.0505676270
-.0392608643
-.0352020264
-.0495452881
.0148162842
-.0196838379
-.0580291748
.0739135742
-.0439453125
-.0427856445
-.0442504883
.0228271484
-.0435485840
.0655059814
.0355529785
.0469207764
-.0629577637
-.0362243652
.0238494873
.0673980713
-.0383453369
-.0167999268
-.0279235840
.0267944336
.0395812988
.0265045166
-.0350494385
-.0293273926
.0319061279
.0384063721
.0106658936
-.0236358643
.0352172852
.0236206055
.0271606445
.0955505371
-.0471496582
.0210418701
-.0165557861
.0331115723
-.0197448730
.0222625732
-.0531616211
-.0208587646
.0317687988
.0098266602
.0326843262
-.0127105713
-.0259704590
.0214691162
-.0669403076
-.0146026611
.0556640625
.0093841553
.0408630371
-.0491485596
-.0399780273
.0363769531
.0198974609
-.0397033691
.0548248291
.0153350830
-.0306549072
.0257568359
-.0540771484
.0408935547
.0280609131
-.0345458984
-.0192565918
.0241546631
.0579681396
-.0272216797
-.0106048584
-.0306243896
.0515594482
.0221557617
-.0165710449
-.0292053223
-.0254669189
.0085449219
-.0326690674
-.0387115479
-.0139465332
-.0265197754
.0321655273
-.0129089355
.0095062256
.0196075439
.0388946533
.0180664063
-.0186614990
.0070953369
-.0442199707
.0333251953
.0243835449
-.0130310059
-.0295562744
-.0362243652
.0569610596
-.0225982666
.0160217285
-.0349121094
.0399475098
.0451354980
.0191345215
.0136566162
-.0376434326
.0200805664
.0499877930
-.0187683105
-.0403900146
-.0272064209
.0330505371
-.0191040039
.0081024170
.0244903564
.0412445068
-.0210418701
-.0220031738
-.0427093506
.0492248535
.0361633301
-.0427856445
.0137481689
-.0265045166
-.0326080322
.0123901367
.0297546387
-.0156555176
.0320739746
-.0533447266
.0099792480
.0128479004
-.0113220215
-.0176086426
.0105438232
.0204620361
.0448608398
.0266876221
-.0194244385
-.0164794922
.0225372314
.0672760010
-.0348205566
-.0367279053
.0200653076
-.0382080078
.0164642334
.0255126953
-.0543670654
.0382537842
.0335388184
-.0638122559
-.0266418457
.0434722900
-.0418090820
-.0285644531
-.0376281738
-.0210113525
.0290374756
.0244140625
-.0230560303
.0605621338
-.0320739746
.0174255371
-.0301971436
.0489501953
.0393066406
.0389709473
-.0458068848
.0157928467
.0302429199
.0325622559
-.0200653076
.0108489990
.0170593262
.0209045410
-.0361022949
.0122528076
-.0071105957
.0399627686
-.0289611816
-.0279388428
-.0166778564
-.0115661621
-.0483856201
-.0580444336
-.0580291748
.0408477783
.0441436768
.0563507080
-.0440063477
-.0339050293
-.0791168213
-.0387573242
-.0441284180
.0682525635
.0360260010
.0255279541
-.0311431885
-.0221405029
.0362701416
-.0315704346
.0151824951
-.0235290527
-.0209350586
-.0229949951
.0182647705
-.0095520020
.0386810303
.0089416504
-.0044708252
-.0129241943
-.0118560791
.0087432861
.0155029297
-.0052185059
.0123901367
-.0087585449
-.0031585693
-.0037384033
.0040435791
.0066528320
-.0049133301
-.0014801025
-.0009155273
-.0097961426
