-.0000457764
.0000610352
-.0000610352
.0000457764
-.0000610352
-.0000457764
-.0000610352
.0000610352
-.0000457764
-.0009918213
-.0043792725
-.0081481934
-.0112304688
-.0133666992
-.0164184570
-.0203247070
-.0208435059
-.0201721191
.0174560547
.0288543701
.0580749512
.0416412354
.0353698730
-.0356140137
-.0338897705
-.0337982178
-.0346527100
-.0347137451
-.0369720459
-.0320434570
-.0566101074
.0470581055
-.0515136719
.0592803955
.0542755127
-.0277252197
-.0539398193
.0523834229
.0251922607
.0510101318
.0409088135
.0521392822
.0569000244
.0617828369
.0598907471
.0597991943
.0606994629
.0620727539
.0614776611
.0591583252
.0482788086
.0428924561
.0381469727
.0338287354
.0324707031
.0306091309
.0291748047
.0233001709
.0241241455
.0290374756
.0272064209
.0270843506
.0257568359
.0247497559
.0263214111
.0254364014
.0238189697
.0252227783
.0222320557
.0237274170
.0244903564
.0248413086
.0240783691
.0263061523
.0259857178
.0246734619
.0266113281
.0245971680
.0239868164
.0251617432
.0231170654
.0215148926
.0202789307
.0198822021
.0203704834
.0180664063
.0181732178
.0176391602
.0162658691
.0156250000
.0147094727
.0137634277
.0134277344
.0129699707
.0123138428
.0120544434
.0132598877
.0146789551
.0171508789
.0163574219
.0184020996
.0185852051
.0177764893
.0179595947
.0192260742
.0175628662
.0196380615
.0193634033
.0190582275
.0182342529
.0171356201
.0159606934
.0171508789
.0143127441
.0132751465
.0110168457
.0100708008
.0086975098
.0072937012
.0047912598
.0042266846
-.0034484863
.0029754639
-.0029144287
-.0022888184
-.0019073486
-.0016937256
-.0018310547
-.0014343262
-.0007934570
-.0007019043
-.0004272461
-.0006256104
.0004577637
-.0003662109
-.0004730225
.0004730225
-.0004119873
-.0006256104
.0004272461
.0005493164
-.0005493164
-.0004272461
-.0003662109
.0005035400
.0004882813
.0005645752
.0004425049
-.0003662109
-.0004119873
.0002288818
-.0002441406
.0001525879
-.0001525879
-.0007324219
.0004577637
.0005340576
.0009918213
.0012512207
-.0019989014
.0014495850
.0025634766
-.0019378662
-.0017547607
-.0081787109
-.0016784668
.0014953613
-.0010681152
.0009155273
.0008850098
-.0008544922
-.0004882813
-.0006256104
-.0008544922
.0010375977
-.0008544922
.0008850098
.0008850098
-.0006713867
-.0003967285
.0003814697
.0003356934
-.0002136230
-.0001525879
.0001373291
.0001373291
.0001831055
.0001983643
.0001525879
.0001525879
.0002593994
.0001831055
.0001678467
.0001220703
.0001983643
.0002288818
-.0001525879
-.0001831055
.0001678467
.0002288818
-.0001373291
-.0002288818
.0001678467
.0004730225
.0048522949
-.0115509033
.0011596680
.0094909668
.0060729980
.0042114258
.0045471191
.0040435791
-.0061645508
.0053558350
.0009460449
.0007934570
.0007171631
-.0006408691
.0013427734
.0009155273
.0005187988
-.0047302246
.0003204346
-.0043029785
.0012054443
.0004425049
.0083007813
.0039978027
.0151367188
-.0015869141
.0074768066
.0159759521
.0034027100
-.0008697510
.0177917480
.0159454346
-.0012207031
.0009460449
-.0035400391
.0178985596
.0073852539
-.0027923584
-.0012054443
.0013427734
.0082550049
.0018005371
.0015411377
.0139007568
-.0074768066
.0179748535
.0135040283
.0076141357
-.0055847168
-.0041961670
-.0039367676
-.0023345947
-.0005340576
.0003051758
-.0005035400
-.0004272461
.0002593994
.0003204346
-.0001983643
-.0002746582
-.0001373291
-.0002288818
.0004119873
.0002593994
-.0001220703
-.0002136230
.0002288818
-.0002288818
.0001525879
-.0001373291
-.0002136230
-.0001678467
.0002288818
.0001983643
-.0002288818
-.0001983643
-.0001220703
.0002746582
-.0003967285
-.0001678467
.0001983643
.0025177002
.0004119873
-.0050354004
.0005187988
-.0005798340
.0003662109
.0002899170
-.0004425049
.0003967285
.0003204346
-.0002441406
.0002288818
.0002136230
.0001831055
-.0002136230
.0001983643
.0001983643
-.0002593994
-.0002593994
.0002746582
.0002441406
-.0001678467
-.0002136230
-.0002136230
.0001983643
.0002746582
.0003814697
.0003662109
-.0003814697
.0002746582
.0002136230
.0017089844
-.0007629395
-.0008239746
.0010681152
-.0114440918
-.0133819580
-.0154876709
-.0182495117
-.0207061768
-.0229492188
-.0226898193
-.0255737305
-.0258941650
-.0272674561
-.0294189453
-.0307006836
-.0296020508
-.0281982422
.0282745361
-.0261840820
-.0279083252
.0267333984
.0267028809
.0310363770
.0310058594
.0299224854
.0289154053
.0310363770
.0310821533
.0305938721
.0305786133
.0302734375
.0300903320
.0299987793
.0319366455
.0335998535
.0322265625
.0326080322
.0338439941
.0317077637
.0333557129
.0309143066
.0300292969
.0356445313
.0392150879
.0407257080
.0425872803
.0419616699
.0446929932
.0421905518
.0429077148
.0439300537
.0396881104
.0380859375
.0386352539
.0401611328
.0397491455
.0395965576
.0390167236
.0397644043
.0420837402
.0359497070
.0358428955
.0371856689
.0384063721
.0364074707
.0359497070
.0361328125
.0366668701
.0350799561
.0305175781
.0294952393
.0309295654
.0287933350
.0261077881
.0232696533
.0218505859
.0201568604
.0213928223
.0220642090
.0203399658
.0194702148
.0189208984
.0186157227
.0185089111
.0169982910
.0157318115
.0132293701
.0131225586
.0127105713
.0113067627
.0094451904
.0095825195
.0055999756
.0018768311
.0005645752
.0007324219
.0006256104
-.0005645752
.0005798340
-.0003662109
.0003204346
.0002593994
.0003204346
-.0003204346
-.0002288818
.0002593994
-.0003662109
-.0003509521
-.0001678467
.0002593994
.0001831055
-.0002288818
.0001678467
.0002136230
-.0001983643
.0002441406
-.0006713867
-.0003814697
-.0001983643
-.0001983643
.0007019043
-.0050964355
-.0059051514
-.0079650879
-.0119323730
-.0153961182
-.0151367188
-.0163879395
-.0171508789
-.0166778564
-.0167541504
.0162658691
.0157623291
-.0130004883
.0120544434
.0083770752
.0069427490
-.0062255859
.0049133301
-.0043792725
-.0040740967
-.0063476563
-.0002899170
-.0044097900
-.0084991455
-.0111694336
-.0077209473
.0066223145
-.0074005127
-.0093688965
-.0096435547
-.0101165771
-.0095825195
-.0095367432
-.0100860596
-.0096435547
-.0116271973
-.0083770752
-.0096130371
-.0094757080
-.0080566406
.0070648193
.0064544678
-.0051116943
-.0079345703
-.0048370361
-.0093536377
-.0067443848
-.0007934570
-.0004272461
-.0005035400
.0057830811
-.0100708008
-.0005340576
-.0068511963
.0003967285
.0004119873
-.0002288818
-.0003967285
.0001220703
-.0015106201
-.0009155273
.0002136230
-.0010986328
-.0023040771
-.0016937256
-.0011444092
-.0003509521
-.0003051758
-.0001983643
.0002899170
.0001678467
-.0003051758
.0002288818
-.0002441406
-.0003967285
.0002899170
.0001983643
-.0002441406
.0002593994
-.0001831055
-.0002593994
-.0001678467
.0002746582
.0001831055
-.0001983643
-.0001831055
.0001373291
.0001831055
.0003356934
-.0002288818
-.0002441406
-.0001831055
.0001220703
-.0322570801
.0448303223
.0169982910
.0281219482
-.0170135498
.0133666992
-.0077056885
-.0057678223
-.0036773682
-.0019226074
-.0019989014
-.0018157959
-.0011901855
.0010833740
.0009002686
-.0004119873
-.0004425049
-.0001831055
.0002593994
-.0001831055
.0008850098
.0016021729
.0016021729
-.0025634766
.0015106201
.0224761963
-.0327606201
-.0333557129
-.0356597900
-.0434112549
-.0461425781
-.0419006348
.0348052979
-.0395202637
-.0409851074
-.0417938232
-.0432434082
-.0464630127
-.0469970703
-.0466918945
-.0446777344
-.0433807373
-.0408935547
-.0415496826
-.0431213379
-.0420379639
-.0410919189
-.0405120850
-.0413208008
-.0420227051
-.0425567627
-.0423889160
-.0433197021
-.0449981689
-.0405578613
-.0431213379
-.0455627441
-.0413665771
-.0409393311
-.0402221680
-.0369415283
-.0368194580
-.0340728760
-.0336914063
-.0325469971
-.0327301025
-.0330047607
-.0348205566
-.0358123779
-.0377807617
-.0383453369
-.0389404297
-.0374908447
-.0350341797
-.0339813232
-.0331268311
-.0315093994
-.0298919678
-.0278778076
-.0269927979
-.0252227783
-.0248718262
-.0239868164
-.0224914551
-.0228881836
-.0236511230
-.0234375000
-.0226440430
-.0235595703
-.0243377686
-.0241851807
-.0245361328
-.0246124268
-.0236816406
-.0239715576
-.0233917236
-.0233459473
-.0235137939
-.0227203369
-.0225067139
-.0229034424
-.0213775635
.0192718506
.0182189941
-.0197753906
-.0209197998
-.0179748535
.0166778564
.0158233643
.0145416260
.0132141113
.0133972168
.0144500732
.0138397217
-.0147094727
.0128631592
.0125274658
-.0089721680
-.0040893555
-.0008392334
.0008392334
.0005187988
.0005035400
.0003356934
.0002136230
.0003356934
.0005950928
.0006561279
-.0008087158
.0005340576
.0005340576
.0005798340
-.0003509521
-.0003662109
.0003509521
-.0002746582
-.0003051758
-.0001983643
-.0004730225
-.0001220703
.0001678467
-.0002288818
.0003051758
-.0001983643
-.0001525879
.0003356934
.0003662109
.0003356934
-.0082244873
-.0225372314
-.0303649902
-.0358581543
-.0411376953
-.0444335938
-.0464935303
-.0527343750
-.0517425537
-.0526123047
-.0453033447
-.0478973389
-.0460968018
-.0441894531
-.0399169922
-.0423889160
-.0404510498
-.0391998291
-.0411682129
-.0402221680
-.0411224365
.0420989990
.0426177979
.0424194336
.0403747559
.0412750244
.0404663086
.0389862061
.0378723145
-.0370330811
-.0366516113
-.0377502441
-.0372924805
-.0367279053
-.0353240967
-.0340728760
-.0346679688
-.0302734375
-.0289459229
-.0289764404
-.0290222168
-.0288238525
-.0292663574
-.0296020508
-.0293121338
-.0289611816
-.0286560059
-.0280761719
-.0277404785
-.0281982422
-.0283203125
-.0278015137
-.0292053223
-.0288543701
-.0286865234
-.0264282227
-.0292510986
-.0278625488
-.0273742676
-.0274658203
-.0261535645
-.0269927979
-.0274963379
-.0264739990
-.0257873535
-.0257568359
-.0239105225
-.0237884521
-.0220184326
-.0199127197
.0197906494
.0182495117
.0174407959
.0144042969
.0092620850
-.0043792725
-.0005035400
.0005798340
.0004577637
.0004577637
-.0002899170
-.0002288818
.0004272461
-.0002899170
-.0042572021
-.0001983643
.0002593994
.0002288818
-.0001831055
-.0003662109
.0001831055
-.0001678467
.0003204346
-.0003356934
-.0004119873
.0001373291
.0003204346
-.0001678467
-.0003356934
-.0002746582
.0002288818
-.0001831055
-.0002441406
-.0002441406
.0002746582
-.0002288818
-.0002288818
-.0002136230
.0001983643
.0002899170
.0006103516
.0036315918
.0124511719
-.0237884521
-.0261688232
-.0265655518
-.0289001465
-.0292053223
-.0301666260
-.0314025879
-.0311279297
-.0310974121
-.0310363770
-.0301513672
-.0305938721
-.0289764404
-.0296630859
-.0287170410
-.0279693604
-.0282897949
-.0262603760
-.0260925293
-.0270385742
-.0269012451
.0252075195
.0254821777
.0255126953
.0248870850
-.0235748291
.0238494873
-.0231475830
-.0234832764
-.0229187012
-.0215148926
-.0213470459
-.0209350586
-.0196228027
-.0178527832
-.0138397217
.0109558105
-.0043945313
.0009155273
-.0003356934
-.0004577637
.0003204346
.0002746582
.0011291504
-.0003051758
.0005950928
-.0002136230
-.0001678467
.0003662109
.0002593994
.0002136230
-.0004272461
.0002136230
-.0001983643
-.0003051758
.0002441406
.0001831055
-.0001678467
.0001678467
.0002593994
.0002441406
.0002441406
.0001220703
.0002288818
.0002136230
.0006103516
.0002899170
-.0002746582
-.0003662109
.0005493164
-.0001983643
.0003814697
.0001831055
.0003967285
.0002288818
.0003356934
-.0002746582
.0056610107
.0004272461
-.0133972168
-.0039978027
-.0102386475
-.0086059570
-.0127716064
-.0115661621
-.0110015869
-.0154266357
-.0162506104
-.0166473389
-.0150756836
-.0150451660
-.0158538818
-.0162963867
.0144195557
.0052642822
.0050201416
.0050354004
-.0124206543
-.0194244385
-.0196685791
-.0212249756
-.0167846680
-.0144958496
-.0175781250
-.0182800293
-.0189056396
-.0189819336
-.0203552246
-.0204620361
-.0191192627
-.0148773193
-.0114440918
-.0081939697
.0023803711
.0019989014
.0007934570
.0006713867
.0003204346
-.0004425049
.0004577637
.0007934570
-.0011596680
-.0011138916
-.0011901855
-.0006866455
-.0010528564
.0011138916
-.0005340576
.0004272461
.0002746582
.0004577637
.0004882813
-.0001983643
-.0003967285
-.0002746582
-.0003051758
-.0005645752
-.0275878906
-.0327758789
-.0364074707
-.0403442383
-.0400848389
.0419311523
-.0430450439
-.0317535400
.0326232910
.0353088379
.0345306396
.0341796875
.0344085693
-.0321655273
-.0284881592
.0231170654
.0171508789
.0207061768
.0271301270
-.0297393799
-.0222625732
.0271606445
.0282592773
.0303649902
.0279388428
.0309295654
.0284423828
.0220642090
.0126342773
.0121765137
.0112152100
.0027923584
.0142669678
.0131072998
.0203094482
.0187988281
.0260620117
.0317535400
.0411376953
.0453948975
.0508728027
.0495147705
.0286865234
.0509796143
.0528259277
.0519409180
.0463104248
.0426177979
.0420837402
.0397186279
.0379943848
.0290374756
.0169067383
.0146789551
-.0052642822
.0015411377
-.0006713867
.0006561279
.0005035400
-.0006103516
-.0002746582
-.0004272461
.0002899170
.0004730225
.0004119873
-.0006408691
-.0005798340
.0003967285
.0005340576
-.0003967285
-.0003814697
-.0003662109
-.0191192627
