-.0004119873
-.0010375977
.0026702881
-.0179748535
.0129241943
.0222778320
.0373992920
.0480651855
-.0387115479
.0493927002
.0692291260
.0444488525
-.0428161621
-.0527343750
.0525207520
.0542449951
.0414428711
-.0614776611
.0511169434
-.0483398438
.0447845459
-.0625915527
.0383911133
-.0610046387
-.0505676270
-.0630798340
.0551910400
.0552215576
-.0386810303
-.0636596680
-.0334930420
-.0600585938
-.0452117920
.0401458740
-.0594329834
-.0255737305
-.0282897949
-.0419769287
.0242156982
-.0333251953
-.0376739502
-.0371856689
-.0349578857
-.0330657959
-.0251922607
.0450134277
.0538482666
-.0366973877
.0376739502
-.0484313965
-.0370330811
-.0625152588
.0276336670
.0472717285
.0348510742
.0391540527
.0390930176
-.0414276123
-.0247192383
-.0576477051
-.0526885986
.0329132080
-.0454101563
-.0457305908
-.0392303467
-.0446777344
-.0435485840
-.0297851563
-.0228576660
-.0283355713
-.0237426758
-.0210418701
-.0204925537
-.0274353027
-.0285034180
-.0262451172
-.0261383057
-.0271606445
-.0324401855
-.0375518799
-.0429687500
-.0345764160
-.0398712158
-.0377349854
-.0296783447
-.0281066895
-.0252990723
.0172729492
-.0151367188
-.0170745850
-.0061340332
-.0095520020
.0070495605
-.0056610107
-.0071105957
.0019683838
-.0048065186
-.0062255859
.0046539307
-.0113067627
.0064086914
-.0042266846
.0041656494
.0035552979
-.0038299561
-.0036621094
-.0035095215
-.0023193359
-.0012664795
-.0022430420
.0008850098
-.0020141602
-.0010681152
-.0013275146
-.0014495850
-.0015869141
-.0020904541
-.0016479492
-.0013275146
-.0010986328
-.0008544922
-.0014801025
-.0008697510
-.0012664795
-.0010070801
-.0007171631
-.0011138916
-.0005340576
-.0007171631
-.0007476807
-.0013580322
-.0009002686
-.0007934570
-.0013732910
-.0011749268
-.0007476807
-.0007171631
-.0008087158
-.0007934570
-.0005645752
-.0005493164
-.0010375977
-.0014953613
-.0018920898
-.0060272217
-.0145568848
-.0452423096
-.0639495850
.0557098389
.0926361084
-.0546875000
.0664062500
.0685424805
.0729827881
.0865020752
.0623779297
.0644836426
.0800170898
.0419616699
-.0303955078
-.0501556396
.0378112793
-.0443878174
-.0267486572
-.0111541748
-.0239715576
.0187377930
-.0136871338
-.0138397217
-.0083312988
.0128936768
-.0100708008
-.0055694580
-.0035705566
-.0070800781
-.0045166016
.0054626465
-.0082550049
.0035400391
-.0057373047
.0029754639
.0052337646
-.0157928467
-.0180511475
-.0335998535
.0412139893
-.0567626953
.0768585205
-.0783843994
.0724182129
.0648040771
-.0333099365
.0453948975
.0560150146
-.0364685059
.0345153809
.0214996338
-.0325622559
-.0619812012
-.0462341309
-.0795745850
-.0468750000
-.0246124268
.0320892334
-.0226135254
.0220184326
.0257568359
-.0259399414
-.0210876465
-.0371093750
-.0180664063
-.0195617676
-.0453186035
-.0370178223
-.0421295166
-.0354003906
-.0386352539
-.0343933105
.0187377930
.0194244385
-.0181427002
-.0266418457
.0183258057
.0117340088
.0087890625
-.0137939453
.0107727051
-.0061035156
.0075225830
.0079956055
-.0074920654
.0044555664
-.0080108643
-.0130615234
-.0097808838
-.0078277588
.0088500977
-.0142211914
.0111999512
.0174102783
-.0213775635
-.0377044678
-.0510559082
-.0421752930
-.0268707275
-.0336608887
-.0393829346
-.0451202393
-.0466308594
-.0483245850
-.0182952881
-.0119018555
.0182037354
-.0096282959
-.0043640137
.0108489990
-.0113830566
-.0102539063
.0074462891
-.0091094971
-.0066680908
.0034027100
.0039825439
.0019683838
.0042114258
.0016479492
-.0030670166
.0033264160
.0065460205
-.0046997070
-.0032501221
-.0027313232
-.0022735596
-.0040588379
-.0022277832
.0019683838
-.0025329590
-.0014648438
-.0020294189
-.0011901855
.0019378662
-.0014801025
-.0013732910
-.0010986328
.0006256104
-.0007019043
-.0009307861
-.0007629395
-.0007171631
-.0014343262
-.0009002686
-.0012054443
-.0008087158
-.0009918213
-.0013122559
-.0008850098
-.0009765625
-.0006256104
-.0006866455
-.0009460449
-.0003356934
-.0007324219
-.0003662109
-.0010681152
-.0022430420
-.0009460449
.0017089844
-.0021972656
-.0034179688
-.0023956299
-.0018157959
-.0015258789
.0018157959
-.0013275146
-.0018157959
.0012817383
-.0011596680
-.0005493164
-.0013732910
-.0009613037
-.0006408691
-.0012207031
-.0006103516
-.0008392334
-.0007476807
.0011749268
.0046386719
-.0094757080
.0329132080
-.0344848633
.0602264404
-.0506744385
-.0657806396
.0734863281
.0746307373
.0432434082
.0455169678
.0621948242
.0746917725
-.0573577881
.0236511230
-.0380249023
.0306396484
-.0358276367
.0300903320
.0280151367
.0196838379
-.0222167969
-.0163879395
.0169982910
-.0214996338
.0317840576
-.0315704346
.0285186768
.0453491211
.0326080322
.0230560303
-.0227661133
.0277862549
-.0210418701
-.0230560303
-.0269012451
.0220336914
-.0126800537
.0153656006
-.0455017090
.0327148438
.0275421143
-.0243377686
-.0260162354
-.0158538818
.0206146240
.0338287354
.0359954834
.0232391357
.0242309570
.0225524902
.0210723877
-.0139312744
.0114746094
.0207366943
.0277252197
.0321502686
-.0293731689
.0252990723
-.0186004639
-.0164642334
-.0117187500
-.0150909424
.0274047852
.0354156494
.0279998779
-.0281982422
-.0226135254
-.0057525635
-.0064849854
.0102386475
.0115203857
.0081634521
-.0085906982
.0099945068
.0081634521
-.0047149658
.0074157715
.0068817139
.0102081299
-.0086212158
.0233764648
.0184020996
.0137634277
.0150909424
.0280151367
-.0303649902
-.0370635986
.0437011719
.0536346436
.0576629639
.0420074463
.0446166992
.0368957520
.0214233398
-.0195617676
.0274810791
.0137786865
-.0082397461
-.0106506348
-.0099029541
.0040740967
.0040893555
-.0068817139
-.0053863525
-.0063476563
-.0050659180
.0036468506
.0043792725
.0072174072
-.0033416748
-.0040893555
-.0038452148
-.0032348633
-.0030212402
-.0018310547
-.0037078857
-.0141448975
.0093994141
-.0092315674
-.0130157471
.0122680664
.0121002197
-.0172882080
-.0200500488
-.0167083740
-.0116424561
-.0111999512
.0101776123
.0180358887
-.0084686279
-.0082702637
-.0075073242
-.0103759766
.0080413818
-.0064086914
-.0053100586
-.0023803711
-.0035552979
-.0022735596
-.0012664795
-.0013275146
.0013427734
-.0015563965
-.0008087158
-.0014343262
-.0015258789
-.0008392334
-.0011138916
-.0007781982
-.0011291504
-.0011291504
-.0008392334
-.0009918213
.0002746582
-.0009155273
-.0006866455
-.0006408691
-.0011749268
-.0007019043
-.0006713867
-.0007019043
-.0008544922
-.0009765625
-.0009307861
-.0006713867
-.0004425049
-.0008392334
-.0009765625
-.0007019043
-.0008697510
-.0004425049
-.0007934570
-.0010986328
-.0005798340
-.0009155273
-.0005645752
-.0006561279
-.0007019043
-.0007171631
-.0010223389
-.0009460449
-.0014343262
-.0009460449
-.0013732910
-.0011444092
-.0008087158
-.0011138916
-.0009918213
-.0011749268
-.0008544922
.0005950928
-.0017089844
-.0005950928
-.0049133301
-.0012054443
-.0016632080
-.0025482178
-.0018920898
-.0016632080
-.0015716553
.0007781982
-.0016174316
-.0005340576
-.0013122559
-.0005798340
-.0008392334
-.0013122559
-.0144958496
-.0299987793
-.0274963379
-.0211639404
.0631256104
.0794677734
.0634155273
.0582427979
.0831756592
.0864257813
-.0688934326
.0393981934
.0780944824
.0491790771
-.0570831299
.0285339355
-.0547485352
-.0281066895
-.0242614746
.0314331055
.0274505615
-.0222778320
.0234222412
.0182952881
-.0065612793
.0056152344
-.0089263916
-.0081787109
-.0095367432
.0071563721
.0043945313
.0098876953
.0106506348
.0166473389
.0158386230
-.0345306396
.0482635498
-.0239410400
.0424346924
.0381622314
-.0501861572
.0629119873
.0412597656
.0300292969
-.0404663086
-.0655670166
.0545196533
-.0470886230
.0157928467
-.0288543701
-.0119476318
-.0163116455
.0129547119
.0181732178
-.0145721436
.0068664551
.0129852295
-.0073699951
-.0039367676
-.0044860840
.0068206787
-.0032196045
-.0062713623
-.0037536621
.0031280518
-.0027008057
-.0032501221
.0018768311
-.0039062500
-.0033874512
.0030059814
-.0014038086
.0011444092
-.0021820068
-.0010681152
.0011291504
-.0012207031
-.0012817383
.0006713867
.0006408691
-.0008087158
-.0004577637
-.0004730225
-.0010833740
.0006561279
-.0010375977
.0006561279
-.0010986328
-.0007171631
-.0007934570
-.0011596680
.0011138916
.0008087158
-.0004425049
.0003967285
-.0006713867
-.0007629395
-.0015716553
-.0017089844
-.0006256104
-.0008239746
-.0010070801
-.0012512207
-.0022583008
-.0021057129
.0009765625
-.0009765625
.0012054443
.0011291504
-.0023651123
.0022125244
-.0023193359
.0008850098
-.0014343262
.0011596680
-.0019073486
-.0023193359
.0006713867
.0020599365
.0016784668
.0009613037
.0016174316
-.0013122559
.0012817383
-.0012664795
.0011901855
-.0021057129
-.0017547607
-.0012512207
-.0012359619
-.0008544922
-.0021362305
-.0011749268
-.0011901855
-.0030517578
-.0019226074
-.0018005371
.0019531250
-.0016632080
-.0022888184
-.0022125244
-.0026855469
-.0024871826
-.0020141602
-.0017547607
-.0012969971
-.0011138916
-.0023498535
-.0017089844
-.0012054443
-.0007019043
-.0014190674
-.0006713867
.0012817383
-.0009155273
-.0017089844
-.0012969971
-.0009155273
.0007324219
-.0011138916
-.0007019043
-.0006561279
.0007934570
.0013885498
-.0011444092
.0007781982
-.0008087158
-.0014648438
-.0013580322
-.0032653809
-.0025634766
-.0009765625
-.0009613037
.0018920898
.0016937256
.0032653809
-.0071868896
-.0109252930
.0123596191
-.0138854980
.0559692383
.0923004150
-.0969238281
.0987548828
.1064453125
.0736846924
-.0798492432
.0925140381
.0769805908
.0701293945
-.0775299072
-.0397338867
-.0472869873
-.0408172607
-.0346984863
-.0261840820
-.0492858887
.0312500000
.0146484375
-.0335540771
-.0286560059
.0066833496
.0126953125
.0140075684
.0219573975
-.0089874268
-.0144500732
-.0106201172
-.0082550049
.0070343018
-.0072021484
.0060119629
-.0060424805
-.0058593750
-.0033569336
-.0023956299
-.0020904541
.0024871826
-.0015563965
-.0027008057
-.0020294189
-.0019531250
-.0014953613
-.0020599365
-.0018463135
-.0015716553
-.0014038086
-.0013122559
-.0015106201
.0015258789
-.0015563965
-.0012207031
-.0012512207
-.0014038086
-.0007324219
-.0007934570
-.0010528564
-.0011444092
-.0010223389
-.0005798340
-.0006713867
-.0005340576
-.0006713867
-.0007934570
-.0005035400
-.0006408691
-.0004425049
-.0006103516
-.0006408691
.0002441406
-.0006103516
-.0004272461
-.0006103516
-.0005187988
-.0005187988
-.0005645752
-.0004425049
-.0005950928
-.0005950928
-.0003662109
-.0007019043
-.0004119873
-.0007019043
-.0007476807
-.0005035400
-.0011596680
.0107727051
.0248413086
.0486145020
-.0597686768
.0416107178
-.0536956787
.0703125000
.0802001953
.0588226318
.0507354736
.0659942627
.0426177979
.0469360352
-.0432434082
-.0447387695
.0590820313
-.0272674561
.0316925049
-.0343322754
.0155639648
-.0148315430
.0140380859
.0136413574
.0088043213
-.0171508789
.0083770752
.0069580078
-.0070343018
-.0039215088
-.0036010742
-.0054473877
.0059051514
.0022430420
.0029144287
-.0045471191
-.0033264160
-.0015106201
-.0025787354
-.0027770996
-.0034484863
-.0023345947
-.0019226074
-.0019836426
.0027923584
-.0018768311
.0019531250
-.0009765625
.0015106201
.0008087158
.0018768311
-.0025939941
.0010528564
-.0016784668
.0011901855
-.0022583008
.0014953613
-.0018463135
.0012054443
-.0024261475
-.0014495850
-.0025787354
-.0014648438
-.0027313232
-.0017395020
-.0020599365
-.0013122559
.0019683838
.0017242432
.0016479492
-.0016479492
-.0018463135
-.0020904541
.0011749268
-.0020446777
.0009613037
-.0014648438
-.0011901855
-.0018005371
-.0017395020
-.0017242432
-.0010986328
.0008087158
-.0011749268
-.0016784668
-.0008087158
-.0014038086
-.0014343262
-.0005493164
-.0013427734
-.0006256104
-.0017700195
-.0024108887
.0010833740
-.0018615723
-.0013122559
-.0018615723
-.0040740967
-.0037994385
-.0125122070
.0161895752
.0386962891
.0522308350
-.0825958252
.0683898926
.0897827148
.0815429688
.0638122559
.0731964111
.0621795654
.0520477295
.0596466064
.0483245850
.0558929443
-.0576782227
-.0548553467
-.0280609131
.0241088867
-.0302429199
-.0278625488
.0260162354
.0222930908
-.0297851563
.0229492188
-.0079956055
-.0151367188
-.0143890381
.0094909668
.0090942383
-.0120239258
-.0088653564
-.0066375732
-.0055389404
-.0070037842
.0027465820
-.0038909912
-.0043182373
-.0023193359
.0033569336
-.0031433105
-.0023498535
-.0019378662
-.0011749268
-.0019531250
-.0009002686
-.0014038086
-.0009002686
.0007324219
-.0012969971
.0006408691
-.0007019043
-.0007171631
-.0004730225
-.0007629395
-.0003662109
-.0008697510
-.0005645752
-.0006103516
-.0005645752
-.0003967285
-.0004577637
-.0005493164
-.0003509521
-.0004577637
-.0001525879
-.0004882813
-.0004730225
-.0004272461
-.0004882813
-.0001831055
-.0004425049
-.0003814697
-.0003204346
-.0003662109
-.0002288818
-.0003356934
-.0002441406
-.0002746582
-.0003051758
-.0001373291
-.0003204346
-.0002288818
-.0002136230
-.0002593994
-.0000915527
-.0002441406
-.0001678467
-.0001831055
-.0001678467
-.0000762939
-.0001678467
-.0000762939
-.0001373291
-.0001525879
-.0000610352
-.0001068115
-.0000457764
-.0000915527
-.0000762939
-.0000457764
-.0000457764
-.0000457764
-.0000457764
-.0000305176
.0000305176
