-.0000305176
.0000305176
-.0000305176
.0000305176
-.0000305176
.0000305176
-.0000457764
.0000305176
-.0000305176
-.0000610352
-.0000915527
-.0001983643
.0003356934
-.0004730225
-.0007781982
-.0009155273
-.0011901855
-.0014495850
-.0013275146
.0010375977
.0014190674
-.0015869141
-.0018615723
-.0022735596
.0020904541
.0026855469
.0024871826
.0025024414
-.0033874512
.0034637451
.0044403076
-.0040283203
-.0033721924
.0037994385
-.0033111572
.0031433105
-.0031890869
-.0030670166
.0026855469
.0023193359
.0031890869
.0034942627
.0041198730
-.0038146973
.0033721924
.0036926270
-.0039215088
-.0042877197
.0044860840
-.0043640137
-.0054779053
.0053558350
.0066528320
.0068664551
-.0072021484
-.0077362061
.0074462891
-.0085754395
.0073394775
-.0077667236
-.0110473633
-.0101776123
-.0080261230
.0070343018
.0105590820
.0095977783
.0098876953
.0072174072
.0087890625
.0092163086
-.0123138428
-.0099792480
.0148773193
-.0121765137
-.0124359131
.0107879639
-.0081481934
.0090179443
-.0072326660
-.0088043213
.0087127686
.0110168457
-.0108337402
-.0105895996
.0136413574
-.0126495361
.0098876953
.0115509033
-.0092315674
-.0072631836
.0111083984
-.0133209229
.0128326416
.0137329102
-.0150909424
.0147094727
-.0104370117
-.0084686279
-.0051116943
.0060577393
.0072631836
.0053253174
.0068206787
.0057220459
.0112457275
.0079193115
.0042572021
.0086517334
-.0071716309
-.0067901611
.0077972412
-.0076904297
.0082855225
.0081024170
.0053253174
.0056915283
.0056915283
.0058441162
.0061340332
.0077514648
.0044097900
.0051422119
-.0055084229
-.0076446533
-.0081176758
.0062103271
.0079650879
-.0050354004
.0066986084
-.0067749023
-.0073699951
.0094146729
-.0058898926
.0080261230
-.0060577393
.0054321289
.0076599121
-.0082397461
-.0064239502
-.0082244873
-.0056915283
.0081939697
.0076446533
-.0127258301
.0097503662
.0106964111
.0109710693
.0110931396
-.0095672607
-.0096282959
-.0109405518
.0100097656
-.0081939697
.0077514648
.0083465576
-.0054626465
.0073852539
-.0078582764
-.0071105957
-.0060729980
-.0083465576
.0091857910
-.0090179443
.0083923340
-.0063171387
.0073089600
-.0071563721
.0116882324
.0089111328
-.0079193115
.0088500977
-.0076293945
-.0083465576
-.0050659180
-.0084838867
.0114288330
.0077362061
-.0082092285
.0094146729
.0084381104
.0105895996
-.0129547119
-.0118255615
.0126190186
.0110626221
-.0092010498
.0093994141
-.0067901611
.0090332031
.0082244873
-.0105285645
.0124206543
-.0103302002
-.0122070313
-.0148010254
-.0152587891
.0253601074
-.0233001709
.0259704590
-.0199584961
-.0202178955
.0195617676
-.0178527832
.0183410645
-.0152435303
.0136260986
.0144042969
-.0272979736
-.0256195068
.0227050781
-.0161590576
.0127716064
.0113220215
.0090484619
-.0088348389
-.0083618164
-.0069122314
.0069427490
.0104675293
.0080871582
-.0106353760
.0164337158
-.0110626221
-.0123138428
.0144348145
.0147705078
.0117950439
.0141754150
-.0080718994
-.0129089355
.0124053955
-.0133209229
-.0119018555
-.0111846924
-.0084228516
-.0101165771
.0082397461
-.0100402832
-.0132598877
.0076141357
.0104827881
-.0127105713
.0090026855
.0091247559
-.0103302002
-.0064239502
.0075225830
-.0110626221
-.0094604492
-.0104980469
-.0119171143
-.0137939453
-.0102539063
-.0087738037
-.0080413818
-.0068359375
-.0096130371
.0120391846
.0138244629
.0117950439
-.0107574463
.0116882324
-.0087280273
.0108795166
-.0088958740
-.0100097656
.0090332031
.0106811523
-.0131225586
-.0116577148
-.0144653320
-.0131072998
-.0149688721
-.0104064941
.0088500977
.0074310303
.0097045898
-.0072326660
-.0111541748
-.0130004883
-.0138549805
-.0105743408
.0132751465
-.0118103027
.0127868652
.0093383789
.0117340088
.0126190186
-.0111236572
-.0114288330
-.0093688965
-.0080871582
.0082092285
.0082855225
.0120544434
-.0126953125
-.0129394531
-.0111083984
-.0082702637
-.0103302002
.0079650879
-.0086059570
.0081176758
-.0060729980
-.0049743652
.0068969727
-.0085601807
.0094146729
.0075988770
-.0085601807
.0084533691
-.0085449219
-.0089263916
.0085296631
.0099639893
-.0101318359
-.0090789795
.0106658936
.0094146729
-.0083465576
.0077972412
.0082855225
-.0079345703
.0058135986
.0082397461
-.0096893311
.0072784424
-.0100250244
.0095367432
-.0102539063
-.0102386475
-.0102539063
.0093841553
.0098571777
-.0084533691
-.0099334717
.0091857910
-.0098266602
.0085601807
-.0094299316
-.0104980469
.0109558105
-.0077667236
-.0081481934
.0081329346
-.0090179443
.0102996826
-.0099945068
-.0085754395
.0094604492
.0106964111
-.0106811523
.0103912354
.0106964111
-.0105590820
-.0100555420
-.0075683594
.0071105957
.0066070557
.0101470947
-.0110931396
-.0089416504
-.0078430176
-.0095214844
-.0083007813
-.0051879883
.0085144043
.0094604492
-.0093078613
.0092620850
-.0086822510
.0079193115
-.0103302002
.0086212158
-.0087432861
-.0058441162
.0070343018
.0106353760
-.0083465576
.0081024170
.0089263916
-.0087890625
.0077514648
.0111999512
-.0091400146
.0071868896
.0077514648
-.0065917969
.0083465576
-.0087585449
-.0091094971
.0070953369
-.0098876953
.0089111328
.0072937012
.0088348389
-.0061187744
.0058288574
.0070343018
-.0084228516
.0099029541
-.0082092285
-.0080718994
.0088195801
.0075683594
.0085601807
.0090332031
-.0083618164
.0085296631
.0070648193
-.0097503662
.0112152100
.0069885254
-.0066986084
-.0062713623
-.0062713623
-.0044097900
.0039215088
.0041503906
.0057373047
.0054168701
-.0056915283
.0078735352
.0130310059
-.0133209229
-.0236511230
-.0162506104
.0199279785
-.0101318359
-.0079650879
.0111999512
.0097045898
.0095825195
.0092926025
-.0071258545
-.0112304688
-.0090789795
.0083923340
-.0054016113
-.0066528320
-.0054168701
-.0070648193
-.0061645508
-.0055694580
.0081634521
-.0173797607
.0180816650
-.0167999268
.0125885010
-.0110931396
-.0083923340
-.0079956055
.0050354004
-.0041961670
-.0057983398
.0060729980
-.0044097900
.0070800781
.0060272217
-.0045623779
.0056762695
.0047302246
-.0038909912
.0043640137
.0041809082
.0050354004
.0038909912
-.0051116943
.0030059814
.0037536621
-.0043029785
.0025329590
.0036926270
-.0028533936
.0043945313
.0035095215
.0036010742
.0041809082
.0027923584
-.0052947998
.0047149658
.0033416748
-.0048370361
-.0056762695
-.0041351318
.0037384033
.0039215088
.0038452148
-.0044708252
.0037841797
-.0034942627
-.0035400391
-.0038604736
.0032501221
-.0027618408
.0031280518
.0038909912
-.0024719238
-.0029754639
-.0040130615
-.0040130615
.0051116943
.0033721924
.0033264160
-.0036010742
-.0039520264
.0028839111
.0040893555
.0044097900
-.0032501221
.0031433105
.0030975342
-.0034027100
.0041656494
.0027618408
.0035552979
-.0051116943
-.0048980713
-.0054626465
.0046691895
.0051269531
.0061492920
-.0060424805
-.0039062500
.0031280518
-.0027160645
.0033874512
.0034179688
.0035400391
.0036773682
.0035095215
-.0032958984
.0041961670
.0036010742
-.0038452148
-.0056152344
-.0053253174
.0063781738
.0049591064
.0076446533
.0050048828
.0043334961
-.0040740967
-.0036010742
.0045318604
-.0050354004
.0050811768
.0028533936
-.0038146973
-.0039062500
-.0034942627
.0032806396
-.0045013428
-.0062713623
.0102996826
.0100402832
.0102691650
-.0068206787
-.0056152344
-.0073242188
-.0060424805
-.0065155029
.0071563721
-.0068206787
-.0044555664
.0083618164
.0064544678
-.0055389404
.0042724609
-.0062561035
.0041351318
-.0078277588
-.0052947998
.0043487549
.0055541992
-.0040893555
.0055847168
.0036010742
-.0035247803
.0041503906
.0040740967
.0055236816
.0033874512
.0034790039
.0048675537
.0061340332
.0050506592
-.0062866211
.0061035156
.0090942383
-.0077972412
.0061798096
.0094299316
.0081176758
.0108947754
-.0084533691
.0054626465
-.0099029541
-.0064086914
.0064849854
.0073547363
.0052032471
-.0077972412
.0062408447
-.0077667236
.0099792480
.0083770752
.0128173828
.0098266602
.0106353760
.0093231201
.0101013184
.0084381104
-.0091247559
.0066833496
.0077514648
.0068511963
-.0065307617
.0054016113
-.0073547363
.0048828125
.0052337646
-.0034942627
.0039367676
.0054931641
-.0040283203
-.0042877197
.0046386719
.0038452148
.0042266846
.0047760010
-.0047302246
.0045928955
-.0045928955
.0039062500
.0052642822
-.0043029785
-.0037689209
-.0036926270
-.0043487549
.0031738281
.0034942627
-.0028686523
.0035858154
-.0035400391
.0030822754
.0027923584
.0063018799
.0056915283
-.0073852539
.0141448975
-.0139465332
-.0130462646
.0168914795
.0196075439
.0215301514
.0185852051
.0175170898
.0193023682
-.0192260742
-.0188140869
-.0184783936
-.0213012695
-.0228271484
-.0296478271
-.0287628174
-.0219726563
-.0211486816
-.0213470459
.0204467773
-.0166778564
.0127716064
.0095977783
-.0077514648
.0104370117
-.0097961426
-.0095520020
.0081634521
.0066375732
-.0071258545
.0160980225
.0292053223
.0239105225
.0215606689
.0267791748
.0320129395
.0355834961
-.0348358154
.0337371826
-.0344848633
-.0356292725
.0273895264
-.0234985352
-.0236816406
-.0261383057
-.0245819092
-.0310058594
.0299072266
.0234985352
.0140838623
.0206298828
.0191040039
.0176696777
.0196838379
-.0134735107
-.0149688721
.0179901123
.0167083740
-.0182037354
.0214233398
-.0174713135
.0210418701
.0233001709
-.0171966553
-.0191345215
-.0243682861
.0233917236
.0288085938
-.0322418213
-.0379486084
.0327758789
.0215759277
.0300903320
.0328216553
-.0358886719
.0255889893
-.0250549316
-.0339050293
-.0266113281
-.0250549316
-.0310363770
.0228729248
-.0239257813
.0283050537
.0271911621
.0205993652
.0202941895
.0149536133
.0171051025
-.0181732178
.0163574219
.0182342529
.0149230957
.0183410645
-.0162963867
.0157775879
.0185852051
.0271911621
-.0209197998
-.0228881836
.0292663574
.0170135498
.0213012695
.0231018066
-.0182647705
.0273284912
-.0171508789
.0187835693
.0185699463
.0229797363
.0235595703
.0167388916
.0190277100
.0221099854
.0242767334
.0242919922
.0303955078
.0284118652
.0314788818
.0288085938
.0284729004
.0289306641
.0247650146
.0238037109
.0177612305
.0197448730
-.0191650391
.0273437500
.0249176025
-.0227203369
.0174407959
.0177307129
.0221099854
.0264892578
.0263366699
.0242462158
.0296783447
.0291595459
.0291748047
.0212860107
-.0210266113
.0156097412
.0193481445
.0143432617
.0240631104
.0241394043
.0238800049
-.0199584961
.0231781006
.0214843750
.0207824707
.0189361572
.0153961182
.0204772949
.0250244141
.0187377930
.0227966309
.0198516846
.0162811279
-.0168914795
-.0180511475
.0184173584
.0172119141
-.0161285400
-.0117492676
-.0152740479
.0134735107
.0183715820
.0173187256
-.0167846680
-.0185852051
.0149536133
-.0212554932
-.0188293457
-.0160827637
-.0170288086
-.0145568848
-.0145263672
.0120086670
-.0110168457
-.0108184814
-.0124816895
-.0117187500
-.0085296631
-.0105438232
-.0135498047
-.0137481689
-.0164489746
-.0158081055
-.0153656006
-.0161132813
.0146942139
.0140380859
-.0167999268
.0128479004
.0121002197
.0144500732
-.0106048584
-.0153503418
.0156402588
-.0137329102
-.0113830566
.0178222656
-.0186767578
-.0221710205
.0181884766
.0201873779
-.0161437988
.0198669434
-.0179595947
-.0143280029
-.0130310059
-.0137634277
-.0125579834
.0148773193
.0164184570
.0139312744
-.0129852295
-.0098419189
.0103149414
.0123138428
.0115203857
.0134887695
.0175933838
-.0093078613
-.0078430176
.0136260986
.0115966797
-.0098724365
.0128173828
.0120391846
.0156097412
.0167694092
.0115814209
.0109252930
-.0159454346
-.0137481689
-.0119476318
.0101776123
.0102081299
-.0167846680
-.0128326416
-.0120391846
.0101776123
-.0102996826
.0066833496
.0084686279
.0114898682
.0117034912
.0104980469
-.0078125000
.0090637207
-.0110015869
-.0101165771
.0113220215
.0081481934
.0065307617
-.0096130371
-.0101776123
.0084381104
-.0096740723
-.0091400146
.0097808838
-.0090789795
.0087738037
-.0078277588
-.0065155029
.0071563721
.0170745850
-.0234069824
-.0166778564
-.0171051025
-.0149993896
-.0262603760
.0132446289
-.0075073242
-.0060729980
.0079803467
-.0163269043
.0112762451
-.0139770508
-.0150451660
.0124664307
.0128631592
-.0140686035
-.0093841553
.0110168457
.0096282959
.0148620605
.0203552246
-.0235900879
.0213165283
.0149230957
.0105895996
.0113067627
-.0128479004
.0171051025
-.0120544434
.0134277344
.0150146484
.0155639648
-.0098571777
-.0076293945
.0083160400
-.0081939697
-.0058441162
.0069732666
.0077056885
-.0083465576
-.0059509277
.0060729980
-.0042877197
-.0058746338
.0034942627
.0057983398
-.0049285889
-.0048980713
.0036926270
-.0035400391
-.0037841797
-.0045776367
.0032348633
.0038299561
-.0029754639
-.0025329590
-.0027313232
.0037384033
-.0039062500
.0031127930
.0032958984
-.0029907227
-.0023651123
.0026245117
-.0038146973
-.0021209717
-.0029296875
.0019378662
.0026245117
-.0025787354
-.0028839111
.0027160645
.0018310547
.0017395020
.0024261475
.0025482178
-.0024719238
.0020294189
-.0020294189
.0015258789
-.0025177002
.0023651123
-.0011444092
-.0110015869
