.0000305176
.0000305176
-.0000305176
.0000305176
-.0000305176
.0000305176
.0000305176
.0000305176
-.0000305176
-.0000305176
-.0000305176
.0000305176
-.0000305176
.0000305176
-.0000305176
.0000305176
-.0000305176
.0000305176
.0000305176
-.0000305176
.0000305176
-.0000305176
-.0000305176
.0000305176
.0000305176
.0000305176
-.0000305176
-.0000305176
-.0000305176
.0000305176
.0000305176
-.0005187988
-.0007324219
.0012207031
.0021972656
-.0025177002
-.0014648438
-.0030059814
.0041961670
.0015869141
.0019531250
-.0031738281
-.0039825439
.0031433105
.0046997070
-.0054016113
.0036773682
-.0082702637
.0077514648
-.0036468506
.0095214844
-.0056762695
.0041809082
-.0081024170
.0074920654
-.0071258545
.0050048828
-.0081329346
.0043945313
-.0102386475
.0152130127
.0086669922
.0125122070
-.0164794922
-.0344085693
-.0196990967
.0082244873
.0097045898
-.0046844482
.0076751709
.0077362061
.0080871582
-.0131530762
.0086669922
.0183715820
-.0107574463
-.0119018555
.0058593750
-.0193481445
-.0071868896
-.0119476318
-.0132598877
-.0181121826
.0189514160
-.0100250244
.0201568604
-.0124969482
-.0162506104
-.0148925781
-.0078582764
.0116729736
-.0149536133
-.0110473633
-.0148620605
-.0147857666
.0103302002
-.0143432617
-.0080108643
-.0084991455
-.0178985596
.0241699219
-.0111236572
.0174865723
-.0248718262
-.0114440918
.0175323486
.0191345215
.0213470459
.0107421875
-.0156402588
.0188751221
.0096740723
-.1371154785
-.0445861816
.0262298584
-.0210113525
.0266418457
.0102386475
-.0210113525
-.0154266357
.0089263916
.0156097412
.0162963867
-.0192108154
-.0122833252
-.0097961426
.0234680176
.0135498047
.1027526855
.0164947510
.0172729492
-.0090789795
.0108642578
.0174865723
-.0201721191
-.0134582520
.0116729736
-.0198364258
.0182647705
.0143280029
-.0139160156
-.0060119629
.0085754395
-.0109863281
.0172729492
-.0093536377
-.0170135498
-.0168762207
.0254058838
-.0189514160
.0182037354
.0175018311
.0122833252
-.0185546875
.0122528076
-.0239410400
-.0193176270
.0166473389
.0207366943
-.0151672363
.0225524902
-.0142974854
-.0147094727
-.0173339844
-.0165100098
-.0114746094
.0141296387
.0248718262
.0095062256
.0076446533
.0117645264
-.0097961426
-.0092315674
-.0136718750
-.0105438232
.0108032227
.0168762207
.0102081299
-.0119323730
.0214996338
-.0096588135
-.0200042725
.0166015625
.0226135254
.0149078369
-.0101470947
-.0182189941
.0180816650
-.0237121582
.0184020996
-.0183258057
.0132141113
.0214385986
-.0133819580
-.0206604004
-.0197296143
-.0210876465
.0309906006
.0240173340
-.1460723877
-.0290832520
.0235748291
-.0231018066
-.0207824707
.0228729248
-.0176239014
.0287322998
.0245056152
.0199432373
-.0410003662
-.0250244141
-.0320739746
.0282287598
-.0436401367
.0173034668
-.0160980225
-.0171356201
-.0132141113
-.0243530273
.0187835693
.0258331299
.0208435059
.0147399902
.0192565918
-.0218811035
-.0176544189
-.0231018066
-.0156707764
.0222778320
.0284118652
.0127410889
-.0404968262
.0219268799
-.0162506104
-.0276031494
-.0233459473
.0194549561
-.0150604248
.0189971924
-.0256042480
-.0164337158
-.0193481445
.0134887695
.0085449219
-.0087432861
-.0110015869
-.0140533447
-.0173797607
-.0123901367
.0095977783
.0101318359
.0204772949
.0152130127
-.0280303955
-.0177459717
-.0283203125
-.0213775635
-.0084228516
-.0112915039
-.0050964355
.0126190186
-.0104064941
-.0160522461
-.0203247070
-.0113067627
-.0137786865
.0084991455
.0094146729
.0126953125
-.0275268555
.0215911865
-.0195922852
.0172424316
.0074310303
-.0144042969
-.0090179443
-.0062713623
-.0080261230
-.0101318359
-.0086975098
.0139770508
-.0096893311
.0114440918
-.0068969727
-.0096893311
-.0176391602
-.0117187500
-.0186462402
.0135040283
-.0199890137
.0110931396
.0129547119
.0081024170
-.0338745117
-.0125427246
-.1075897217
-.0179595947
-.0124206543
-.0104522705
-.0068359375
.0105285645
.0090179443
-.0110626221
-.0184020996
-.0109710693
-.0170593262
-.0157623291
-.0079803467
.0098419189
-.0164184570
.0085906982
-.0204467773
.0087280273
-.0076751709
.0064697266
.0112762451
.0124511719
-.0092163086
-.0175933838
.0104217529
.0040435791
.0166778564
-.0084991455
.0092620850
-.0059661865
.0145416260
-.0122985840
.0060577393
-.0065460205
.0060882568
-.0188598633
.0076446533
.0810394287
-.0124664307
-.0217590332
.0181732178
.0163116455
-.0146789551
-.0141143799
.0157775879
-.0187225342
.0174102783
-.0175170898
.0089416504
-.0083923340
.0090484619
.0140380859
.0098876953
-.0126495361
.0105438232
.0117797852
.0175170898
.0103912354
-.0083312988
-.0171508789
-.0090026855
-.0055236816
.0091247559
.0186462402
.0139007568
-.0070800781
-.0185852051
-.0085449219
.0091400146
.0133361816
-.0199127197
-.0211944580
-.0173950195
.0220794678
.0083007813
-.0215759277
-.0126800537
-.0109558105
.0159454346
-.0199432373
-.0251770020
-.0120544434
.0096435547
.0131835938
-.0234375000
.0109405518
-.0142974854
-.0207519531
.0133361816
.0179290771
.0119323730
.0146331787
.0183105469
-.0157470703
-.0128173828
.0110778809
.0094451904
-.0110778809
-.0148468018
.0193634033
.0183410645
.0171661377
-.0172576904
.0207672119
.0134887695
-.0085754395
-.0108184814
.0197753906
-.0104522705
.0182495117
-.0146636963
-.0110778809
.0158843994
.0165710449
-.0100402832
-.0221099854
-.0142669678
-.0080108643
-.0090332031
.0188751221
-.0125274658
.0180053711
-.0094757080
.0068664551
-.0082855225
-.0092010498
.0076599121
.0094604492
.0066070557
-.0120391846
-.1539764404
.0433197021
-.0124206543
-.0129394531
-.0051574707
-.0051269531
-.0082244873
.0079345703
-.0086364746
.0105438232
.0173339844
.0169677734
-.0297241211
-.0199127197
-.0151519775
-.0241394043
.0270538330
-.0206756592
.0184631348
-.0184173584
.0147094727
.0165405273
.0205688477
.0286712646
.0197601318
.0201110840
.0182037354
.0299987793
.0232086182
-.0497436523
.0373840332
-.0675354004
.0378875732
.0237121582
-.0137939453
-.0174713135
.0232543945
.0176086426
.0532226563
.0308380127
.0180816650
-.0210266113
.0176849365
-.0201568604
.0207519531
-.0285797119
.0346984863
-.0252380371
-.0195312500
-.0221557617
-.0173034668
-.0243835449
.0293731689
.0196533203
.0161590576
-.0398864746
-.0113983154
.0160369873
-.0143280029
-.0249481201
.0226898193
-.0160522461
-.0178833008
-.0289916992
.0229187012
.0186004639
-.0224914551
-.0202789307
-.0216674805
.0189361572
-.0214385986
-.0229492188
-.0201110840
.0110015869
.0245361328
-.0178527832
-.0123291016
-.0090942383
.0164794922
-.0101013184
-.0102844238
-.0145874023
.0233612061
-.0111083984
.0117645264
-.0225982666
.0075225830
.0115051270
-.0111083984
.0125732422
.0117797852
-.0228118896
.0126953125
.0147399902
.0139465332
.0156097412
.0207824707
.0172119141
-.0189514160
-.0187377930
.0182342529
-.0142822266
.0218048096
-.0141906738
-.0158386230
.0143737793
-.0131835938
.0066375732
.0095214844
.0135192871
-.0136108398
.0657806396
.0130615234
-.0127716064
.0153961182
-.0196533203
.0211639404
-.0291595459
.0240020752
.0241241455
.0251159668
-.0359039307
-.0346527100
.0318603516
.0329895020
-.0348815918
-.0252838135
.0244293213
-.0163116455
-.0110473633
-.0129089355
.0092315674
.0110626221
-.0092315674
-.0064239502
.0104827881
-.0086364746
-.0170593262
.0101623535
-.0133666992
.0140686035
.0079956055
-.0110321045
-.0380249023
.0218811035
-.0133819580
-.0369720459
.0221862793
-.0121154785
.0141448975
.0213928223
.0194549561
-.0202026367
-.0093536377
-.0083923340
.0133819580
-.0164794922
.0080718994
.0079040527
.0113677979
.0111846924
-.0120239258
.0127105713
.0098571777
.0086517334
-.0120849609
.0187377930
.0336456299
-.0240478516
-.0299377441
.0171051025
-.0171356201
.0170440674
-.0173797607
.0150451660
-.0157928467
.0232543945
-.0160522461
-.0158843994
-.0172271729
.0157165527
-.0240020752
.0187225342
-.0128479004
.0090637207
-.0146179199
.0159149170
-.0087585449
.0099792480
-.0103607178
.0106811523
.0091400146
.0164184570
-.0114898682
.0085296631
.0121459961
-.0124816895
-.0190734863
.0140380859
-.0177459717
.0100250244
.0073699951
.0122833252
.0157470703
.0192108154
-.0154571533
-.0202178955
.0098419189
.0125427246
-.0174255371
-.0131378174
-.0119018555
.0061492920
-.0108337402
.0132141113
-.0193023682
-.0094604492
-.0102081299
.0111236572
.0129241943
-.0105895996
-.0166015625
.0143737793
-.0107116699
-.0129089355
.0106658936
.0212097168
.0084686279
-.0060424805
-.0730285645
-.0170745850
.0088348389
-.0145263672
.0088806152
-.0112457275
.0133514404
-.0089111328
.0184631348
-.0168914795
-.0193176270
-.0232849121
.0221710205
.0160217285
-.0129547119
.0202026367
-.0124206543
-.0244903564
-.0235290527
.0141296387
.0140075684
-.0182037354
.0150146484
-.0085144043
.0119171143
.0113372803
-.0110015869
-.0106506348
-.0119171143
-.0148010254
-.0145416260
-.0166320801
-.0129852295
.0116882324
.0102081299
-.0124511719
-.0081329346
-.0073242188
-.0079345703
-.0073242188
-.0185852051
.0126342773
-.0120239258
.0065460205
-.0136260986
.0063476563
.0138549805
-.0069885254
-.0093688965
-.0096282959
.0161132813
.0141906738
-.0087890625
.0063781738
-.0129547119
.0159149170
.0045928955
.0080413818
-.0112762451
.0077819824
-.0092163086
-.0101470947
-.0059509277
.0103607178
-.0127868652
.0148162842
.0077209473
.0079345703
.0144500732
-.0144958496
.0110473633
.0088348389
-.0120544434
-.0182495117
.0217285156
-.0166168213
.0203399658
.0199584961
.0287017822
.0304260254
-.0246582031
.0192413330
-.0177764893
.0134735107
.0189056396
.0113525391
-.0094604492
-.0156555176
.0174255371
.0165100098
-.0090637207
-.0130004883
.0167083740
-.0169372559
-.0123291016
.0137329102
.0125427246
.0083160400
-.0093994141
-.0111236572
-.0094451904
-.0070800781
-.0242156982
.0251770020
.0178527832
-.0167083740
.0200958252
-.0570526123
-.0374145508
-.0223083496
.0187530518
-.0172729492
-.0183715820
.0166015625
-.0113525391
.0138702393
-.0085296631
.0115814209
-.0117034912
-.0113372803
.0091857910
.0097045898
.0120239258
.0126037598
.0049896240
-.0163421631
-.0144042969
-.0137481689
.0102233887
.0102996826
-.0147399902
-.0120544434
-.0085906982
.0142211914
.0147705078
-.0207824707
.0258941650
.0366821289
.0338439941
-.0316619873
.0381011963
.0419769287
.0383453369
.0304107666
-.0349731445
-.0265655518
-.0245971680
-.0151977539
-.0268554688
-.0152282715
-.0156555176
-.0096282959
.0119171143
.0145721436
-.0054779053
-.0059661865
-.0141448975
-.0211639404
-.0098876953
.0256805420
-.0106811523
.0093841553
-.0132141113
-.0115814209
.0131225586
.0086975098
-.0137329102
-.0608062744
-.0276031494
.0288848877
.0195617676
-.0261840820
-.0333099365
-.0223236084
-.0250244141
.0452117920
-.0361022949
.0444641113
.0376434326
-.0244445801
-.0269012451
-.0219879150
-.0251617432
.0215301514
.0088043213
.0125885010
.0121154785
-.0109100342
-.0077819824
-.0062713623
-.0084228516
.0040130615
.0037078857
.0088958740
.0124816895
.0101470947
.0060424805
.0142211914
-.0123291016
.0067443848
-.0060119629
-.0287017822
-.0124511719
.0184783936
-.0293579102
-.0179443359
-.0262908936
-.0136260986
.0180206299
.0186614990
-.0193176270
.0179290771
.0200653076
-.0230102539
.0186614990
-.0248565674
.0174865723
.0218658447
-.0146636963
.0186309814
-.0183410645
-.0123748779
.0143890381
.0105895996
.0150909424
-.0216064453
.0130767822
-.0131378174
.0207519531
.0102539063
-.0202789307
.0123901367
-.0126190186
.0163879395
.0263671875
-.0180969238
-.0178070068
.0163879395
.0127868652
.0144348145
-.0125427246
.0161743164
.0180664063
.0177764893
.0098876953
-.0071411133
-.0134124756
-.0137023926
-.0072326660
.0137176514
.0114288330
.0035095215
-.0181732178
-.0130310059
-.0086822510
-.0105133057
.0128326416
.0149688721
.0112762451
-.0059204102
.0161743164
-.0066528320
-.0064697266
.0195617676
.0086669922
-.0048217773
-.0080718994
-.0073852539
-.0093688965
-.0074768066
-.0163269043
.0292358398
.0202941895
.0125274658
.0263366699
-.0100250244
-.0161743164
.0106964111
-.0141296387
-.0114440918
.0132598877
.0150909424
.0101470947
.0127563477
.0087585449
.0142211914
.0189971924
.0128173828
.0154113770
.0105285645
.0153961182
.0090484619
.0080566406
-.0074462891
.0089721680
.0590057373
-.0144195557
.0144195557
-.0178375244
.0059661865
-.0203552246
-.0181732178
-.0129089355
-.0135650635
-.0082244873
-.0108795166
.0151977539
-.0119781494
.0065917969
.0061950684
.0119934082
.0050354004
.0083160400
-.0054016113
-.0050506592
-.0064086914
.0068664551
-.0068054199
-.0068511963
-.0043487549
-.0031127930
-.0074157715
.0069122314
.0025177002
.0073394775
-.0047912598
.0141754150
.0123138428
-.0110931396
-.0049591064
.0048828125
.0050354004
.0053710938
-.0046844482
.0044097900
.0038299561
.0042266846
.0025787354
.0038909912
.0015869141
.0013885498
.0016479492
.0010833740
.0006408691
.0003967285
-.0002899170
-.0134124756
