-.0000305176
-.0000305176
-.0000457764
-.0000305176
-.0000305176
.0000305176
-.0000305176
-.0000305176
.0000305176
-.0001068115
.0003967285
-.0044250488
-.0136260986
-.0094146729
-.0087280273
.0115814209
.0198974609
-.0223388672
-.0140686035
.0162506104
-.0302734375
.0218505859
.0150299072
-.0084686279
-.0136108398
-.0188903809
-.0128936768
-.0147552490
-.0144042969
-.0095367432
-.0089569092
-.0097351074
.0081329346
.0093078613
.0079498291
-.0076446533
-.0056152344
-.0085906982
.0042724609
.0085906982
.0061035156
.0069122314
.0072021484
.0068359375
-.0064392090
.0054931641
.0050354004
.0045166016
.0057830811
.0044555664
.0056152344
.0063323975
.0052642822
.0052642822
.0096282959
-.0095367432
.0086517334
.0052947998
.0050354004
.0027008057
.0031890869
-.0037078857
.0037384033
.0028991699
-.0016937256
.0037841797
.0030059814
.0037841797
-.0021362305
.0017089844
.0027008057
-.0016174316
.0013122559
.0025634766
.0016937256
-.0011138916
-.0074157715
.1084289551
-.0921783447
.0468597412
.0237731934
-.0335998535
-.0425872803
-.0576324463
-.0253295898
-.0304870605
-.0305786133
.0251007080
.0279235840
.0246124268
.0204620361
.0190582275
.0139465332
-.0175323486
-.0144805908
.0115814209
.0119018555
-.0105285645
.0150604248
-.0141906738
-.0118865967
-.0075836182
.0106048584
-.0121612549
-.0147705078
-.0082855225
-.0047454834
.0109558105
-.0048522949
.0069427490
.0058288574
.0084686279
-.0063781738
.0052795410
.0115966797
-.0074310303
.0143737793
-.0092773438
.0339050293
.0047760010
-.0028381348
.0048980713
-.0043945313
-.0034637451
-.0051422119
.0021820068
-.0031890869
.0028839111
.0027923584
-.0110778809
-.1224060059
-.1514129639
.1215667725
.0549316406
.0416870117
-.0981140137
.0614776611
.0304107666
.0373535156
-.0287933350
-.0279998779
.0176239014
.0235290527
.0381011963
-.0299530029
-.0145416260
-.0171508789
.0169677734
.0134124756
-.0165863037
.0172119141
-.0137329102
.0113830566
-.0087585449
-.0112304688
.0132446289
-.0073089600
.0090942383
-.0118255615
.0148315430
-.0120544434
-.0122375488
-.0072174072
-.0093078613
.0065917969
-.0092620850
-.0058593750
-.0065002441
-.0060577393
-.0059814453
-.0058593750
-.0131835938
.0144500732
.0122375488
-.0183258057
.0057525635
.0068664551
.0052490234
.0056304932
.0034637451
.0063323975
-.0042266846
.0048217773
.0034790039
.0040283203
.0027008057
.0040740967
-.0018463135
.0041656494
-.0055694580
-.0091400146
-.1442260742
.0901641846
.1490325928
.1351318359
-.0283203125
.0502014160
.0266418457
.0353698730
.0394897461
.0145416260
-.0456237793
.0183868408
.0171813965
.0300445557
.0248870850
.0176696777
-.0233001709
.0157470703
.0126495361
.0211181641
-.0116729736
-.0108489990
.0133666992
.0124206543
.0056915283
-.0121612549
-.0084686279
-.0115203857
-.0100250244
-.0103912354
-.0141601563
-.0078125000
-.0120697021
-.0067138672
.0102386475
-.0104827881
-.0088958740
-.0086517334
-.0093688965
-.0048980713
-.0073699951
.0057067871
.0074615479
.0037994385
.0119934082
.0064544678
.0055694580
.0048828125
-.0041351318
.0046081543
.0045776367
.0054473877
-.1048889160
.0404968262
-.0387420654
.0484771729
.0323486328
-.0842742920
.0248107910
.0227966309
.0232238770
.0184478760
.0277557373
-.0156860352
.0184326172
.0242462158
-.0208435059
-.0201721191
.0251617432
.0164031982
.0122528076
.0094757080
.0111236572
-.0136108398
-.0175018311
-.0146331787
.0101318359
.0065917969
.0124816895
-.0055541992
.0116882324
-.0087585449
-.0120239258
.0104217529
.0073547363
.0071716309
-.0084838867
.0044860840
-.0059204102
.0035705566
.0060882568
.0032501221
.0053405762
-.0075683594
-.0042572021
-.0245513916
.0509338379
-.0836791992
.0215606689
-.0211486816
-.0264282227
.0193634033
.0210266113
.0260925293
-.0184173584
-.0197753906
-.0225830078
.0188446045
.0221405029
-.0126342773
-.0154418945
.0112915039
-.0195465088
.0103454590
-.0146026611
-.0102691650
-.0062561035
.0121154785
-.0101318359
.0084991455
-.0111999512
.0078430176
-.0061492920
.0099029541
-.0068969727
.0120849609
.0078887939
-.0066223145
.0055084229
.0084075928
.0063171387
-.0059509277
.0036926270
.0065307617
.0048980713
-.0039062500
.0026245117
-.0037078857
.0045471191
.0908508301
-.0383300781
-.0204925537
-.0146789551
.0485534668
.0292663574
.0231475830
.0147857666
-.0232086182
-.0229644775
.0198364258
-.0120544434
-.0088806152
.0149841309
-.0105895996
-.0167541504
.0207977295
.0078430176
-.0126800537
-.0117645264
.0103607178
.0089111328
.0102996826
.0080871582
-.0093841553
.0089569092
-.0080871582
.0105133057
-.0127563477
-.0050201416
.0131225586
-.0060729980
-.0048828125
.0030670166
.0030975342
.0088500977
.0052795410
.0052490234
.0039215088
.0049591064
.0044860840
.0052490234
.0025787354
-.0042877197
-.0031433105
-.0024261475
.0019073486
-.0039215088
-.0037994385
-.0027160645
-.0034484863
-.0024719238
-.0018768311
.0674743652
-.0215911865
.0102691650
-.0173034668
-.0464630127
-.0254821777
.0263824463
-.0177154541
.0368957520
.0193328857
-.0173645020
.0138854980
.0090332031
.0127563477
-.0132598877
.0098876953
-.0176544189
-.0143585205
.0132293701
.0123596191
.0126037598
-.0084991455
.0081329346
.0095520020
-.0072326660
.0079956055
.0071868896
.0074005127
-.0112915039
.0051116943
-.0090637207
.0119476318
-.0041809082
.0038909912
.0070343018
.0040893555
.0040588379
.0044250488
.0072784424
.0038146973
.0045318604
-.0041809082
-.0040740967
-.0046691895
.0046539307
.0054016113
.0040283203
.0024871826
.0031890869
-.0025939941
.0017395020
-.0024261475
-.0012969971
-.0020294189
-.0018768311
.0017089844
.0015869141
.0012054443
.0016021729
.0014953613
.0051269531
-.0226745605
-.0310668945
-.0218200684
-.0102386475
-.0181121826
.0133819580
.0157470703
.0334930420
-.0254669189
.0316772461
-.0103607178
-.0161895752
-.0142211914
.0116119385
.0153808594
-.0132904053
.0144195557
-.0222015381
-.0082092285
-.0179138184
.0081481934
-.0073699951
-.0083923340
.0067443848
-.0110015869
.0107727051
.0104675293
.0071563721
-.0043945313
-.0052490234
.0057678223
-.0062255859
.0036010742
-.0087738037
.0077514648
.0066528320
.0066375732
-.0039215088
-.0050811768
-.0046539307
-.0030517578
.0042419434
-.0029449463
.0037994385
.0029144287
-.0023345947
.0020294189
.0023040771
.0027313232
-.0024261475
.0023498535
-.0016632080
.0026702881
.0022735596
-.0021667480
.0021667480
.0028839111
.0033721924
.0020141602
-.0019683838
.0008697510
-.0008544922
.0011138916
.0014343262
.0007934570
.0013885498
-.0032043457
-.0310211182
.0463256836
-.0215606689
.0168762207
.0614776611
-.0263061523
.0251159668
-.0247192383
.0406494141
-.0408935547
.0242919922
-.0132446289
.0285644531
-.0269622803
.0154113770
.0134582520
-.0279541016
-.0170745850
.0312347412
-.0160980225
-.0140533447
-.0177307129
-.0205535889
.0140380859
.0195007324
-.0228881836
-.0149078369
.0154266357
-.0122680664
.0145568848
-.0152435303
.0128784180
-.0056152344
.0067901611
-.0066986084
.0100860596
.0047760010
-.0054473877
-.0093078613
-.0126037598
.0073394775
.0095977783
.0090942383
.0071258545
-.0073089600
-.0066833496
-.0059967041
.0059204102
.0077667236
.0089874268
.0042266846
.0037689209
-.0045623779
-.0073089600
-.0045471191
.0042877197
.0055236816
-.0090484619
-.0050506592
.0988159180
-.0381774902
-.0355377197
-.0400085449
.0279998779
.0295867920
.0384216309
-.0248718262
.0369720459
.0324249268
-.0297241211
.0328063965
-.0112304688
.0168304443
-.0197753906
-.0160522461
-.0251770020
-.0205535889
.0241699219
-.0091552734
-.0138244629
-.0211181641
-.0113220215
-.0121612549
.0098419189
.0169677734
-.0107116699
.0104217529
.0084991455
.0079650879
.0120239258
.0070648193
.0052337646
-.0068969727
.0088195801
.0085601807
.0104522705
.0113372803
-.0079345703
-.0067443848
.0060272217
.0082702637
.0066833496
.0060882568
-.0038452148
.0043945313
.0093231201
-.0045166016
.0042114258
-.0039825439
.0028076172
.0034332275
-.0041656494
-.0037384033
-.0037689209
-.0053710938
.0110015869
.1632690430
-.0811462402
-.0859680176
.0309295654
-.0266418457
.0888519287
.0620574951
-.0408782959
.0633850098
-.0262603760
-.0377655029
-.0327606201
.0386962891
-.0329132080
.0633239746
-.0343475342
.0619659424
.0222473145
.0326690674
.0193328857
-.0281066895
-.0287170410
-.0256347656
.0178985596
-.0193328857
.0155792236
.0183258057
.0147399902
.0212249756
-.0100250244
-.0158538818
.0148925781
.0156250000
.0156860352
.0102691650
-.0181732178
.0165100098
.0178985596
.0123443604
.0100708008
.0088043213
-.0062866211
.0078125000
.0121917725
.0085906982
.0055389404
.0098876953
.0061950684
.0088806152
-.0045166016
-.0048828125
-.0073089600
.0131530762
-.1874389648
.1798553467
.1783447266
.1278228760
.1105041504
.0555877686
.0416107178
-.0575256348
-.0373992920
-.0410919189
-.0646820068
.0618286133
.0275878906
.0409088135
-.0345764160
-.0239715576
-.0530090332
.0281982422
-.0157318115
.0399017334
.0482788086
.0185699463
-.0322113037
-.0186309814
-.0211639404
-.0165405273
-.0153503418
.0252990723
-.0173797607
-.0117492676
.0110473633
-.0173797607
.0123443604
-.0182952881
-.0094604492
.0094909668
.0091857910
.0096282959
.0094146729
.0315856934
-.0108795166
.0069427490
-.0110626221
.0068664551
.0148162842
.0124511719
.0136566162
.0086364746
.0085449219
.0270080566
-.0079193115
-.0051269531
.0096282959
.0040130615
.0082702637
-.0045471191
.0066680908
-.0091094971
.0072479248
-.2433929443
.1006164551
-.0633697510
.0515594482
-.0458068848
.1255340576
-.0387725830
-.0704193115
-.0607757568
-.0336761475
.0335845947
-.0242919922
-.0355529785
-.0282287598
.0270538330
.0229339600
.0213470459
-.0291595459
-.0280914307
.0186157227
.0212860107
.0216979980
-.0168762207
-.0169219971
-.0114593506
.0147247314
.0212402344
.0180664063
.0134124756
-.0132904053
.0132598877
.0161895752
.0079803467
-.0146026611
-.0136260986
.0095214844
.0067138672
.0097198486
.0094146729
-.0104675293
.0074920654
.0109405518
.0072631836
-.0115356445
-.0192565918
.0122985840
.0163116455
.0108184814
.0259246826
-.0075988770
.0046386719
-.0054779053
.0050201416
-.0071563721
.0063171387
-.0046081543
-.0041809082
-.0049743652
.0213928223
-.0223541260
.1505126953
.1029815674
.0635223389
-.0239562988
-.0587005615
-.0343322754
.0482025146
.0247497559
-.0281066895
-.0656585693
.0367584229
.0377197266
.0109863281
-.0477142334
.0423278809
-.0177612305
.0243530273
.0199279785
-.0204010010
-.0151519775
-.0164794922
-.0203399658
.0155639648
-.0105590820
.0148620605
.0121765137
.0174560547
.0090484619
.0152740479
-.0077056885
-.0143127441
-.0079193115
.0080871582
-.0059051514
.0086669922
-.0090332031
.0100250244
.0082550049
.0099792480
.0114593506
-.0048217773
.0092773438
.0074462891
.0042877197
-.0048370361
-.0047149658
.0036621094
.0065307617
.0046691895
.0041656494
-.0037536621
.0041503906
.0044860840
.0026397705
.0043640137
-.0043029785
.0034484863
.0027770996
-.0023040771
.0050048828
.1234893799
-.0916900635
.0788879395
-.0590057373
.0278015137
-.0493164063
.0450592041
-.0486602783
.0395507813
.0610046387
.0637512207
-.0525970459
.0386962891
.0375061035
.0303497314
-.0386962891
.0216674805
-.0316162109
.0233764648
-.0263214111
-.0246887207
.0119476318
-.0126342773
-.0178680420
.0126953125
.0251007080
.0172424316
.0109710693
-.0078430176
-.0146942139
.0137176514
.0084991455
.0108489990
-.0140075684
.0120849609
.0116729736
.0118408203
.0084991455
.0082550049
.0118255615
.0130920410
.0071716309
.0092773438
-.0057373047
.0079193115
.0050506592
.0136108398
.0077819824
.0053710938
.0078887939
.0057373047
.0057830811
.0040740967
.0043182373
.0044708252
-.0035247803
.0035095215
.0045928955
.0047912598
-.0033569336
-.0037536621
.0028686523
-.0153350830
-.0859832764
-.0450592041
-.0347290039
.0937652588
.0319366455
.0620269775
-.0241088867
-.0295562744
-.0394287109
-.0204467773
.0290985107
.0171508789
-.0271148682
.0284423828
.0166625977
.0233917236
-.0166168213
.0082855225
-.0134124756
-.0182952881
.0166473389
.0155944824
.0160369873
-.0109100342
-.0118255615
-.0103302002
-.0124206543
.0129241943
-.0077514648
.0089721680
.0103607178
.0079956055
.0089569092
-.0067596436
.0069122314
.0091400146
.0055389404
.0069580078
-.0036621094
.0077056885
.0046386719
-.0059356689
.0041809082
-.0034484863
.0042724609
.0032958984
.0051116943
.0048370361
-.0033569336
-.0025177002
-.0020294189
.0030975342
-.0028076172
.0012359619
.0020294189
-.0017700195
.0014953613
.0014190674
-.0017395020
-.0009613037
.0009460449
-.0008239746
-.0008544922
-.0008392334
.0004272461
-.0006866455
-.0006103516
-.0005493164
-.0003814697
-.0003356934
-.0003814697
-.0002441406
.0002899170
-.0002441406
-.0001220703
-.0000762939
-.0000915527
-.0000915527
-.0000610352
.0000305176
