-.0003662109
-.0061492920
.0619201660
-.0664520264
.0819244385
.0453338623
-.0351257324
-.0384216309
-.0533294678
.0457611084
.0386505127
.0413513184
.0430603027
.0537719727
-.0599822998
.0431976318
-.0303192139
.0367431641
.0439147949
.0352478027
.0584716797
-.0555114746
-.0696411133
.0551300049
-.0460205078
.0378112793
.0408172607
-.0211334229
.0196533203
.0324249268
.0242767334
-.0202331543
-.0174255371
-.0192871094
-.0240173340
-.0196685791
.0257873535
-.0161895752
-.0194549561
.0177154541
.0258026123
.0221252441
-.0160980225
-.0261383057
-.0234222412
-.0193634033
.0231170654
.0212554932
-.0196990967
-.0248870850
-.0152587891
.0190887451
.0201416016
.0332946777
-.0287322998
-.0322113037
-.0189971924
-.0258483887
-.0221405029
.0242767334
-.0403289795
-.0390167236
-.0288848877
.0216827393
.0242767334
.0173339844
-.0147705078
-.0151062012
-.0135650635
-.0207977295
-.0544586182
-.0610809326
.0591735840
-.0380401611
-.0313262939
-.0357360840
.0187988281
.0231628418
.0280303955
.0193481445
-.0212860107
-.0212707520
.0387725830
-.0471343994
-.0525665283
-.0411376953
-.0287933350
.0156555176
.0186309814
.0150756836
-.0149841309
-.0141448975
.0193176270
-.0410461426
.0527801514
-.0516967773
-.0463562012
.0329437256
-.0308685303
.0422363281
-.0399169922
.0774078369
-.0844726563
-.0619659424
-.0519866943
-.0469665527
.0429534912
.0297546387
.0308990479
.0270233154
-.0306243896
-.0220642090
-.0259552002
.0267944336
.0268096924
.0316314697
-.0200500488
.0405120850
-.0196685791
-.0184020996
.0252380371
-.0150146484
-.0205383301
.0220642090
-.0222320557
-.0248565674
-.0383148193
-.0270385742
.0243225098
-.0182189941
-.0240631104
.0192260742
-.0300598145
-.0326385498
-.0307922363
-.0558319092
-.0469055176
-.0380706787
.0281372070
.0227355957
.0430145264
-.0464935303
.0294342041
.0134429932
-.0180206299
.0238494873
.0142669678
.0169525146
-.0108795166
.0250549316
.0284576416
-.0222473145
-.0220031738
-.0166625977
.0174407959
.0138702393
.0150756836
-.0112152100
.0098266602
.0132293701
-.0081329346
-.0054626465
.0121612549
.0109558105
.0155792236
-.0070495605
-.0073699951
-.0081176758
.0107421875
.0148620605
-.0123901367
-.0075836182
-.0203094482
.0164794922
.0126190186
.0136108398
.0133361816
.0132141113
.0115203857
-.0100402832
-.0050964355
.0028076172
.0141296387
.0049438477
-.0085601807
-.0099487305
-.0074310303
.0095214844
.0087280273
-.0144348145
-.0418853760
-.0694427490
-.0751342773
-.0386657715
.0459594727
-.0340881348
-.0414733887
.0296630859
-.0392456055
.0362701416
-.0255737305
-.0240020752
-.0318298340
-.0555114746
.1139678955
.0864105225
-.0653686523
.0491790771
.0413513184
-.0250396729
-.0299224854
.0443420410
.0379028320
.0284118652
.0228576660
-.0164031982
.0180664063
.0148010254
.0166320801
.0223846436
-.0742645264
-.1211242676
-.0932159424
.0655059814
-.0625610352
.0447692871
.0349578857
-.0456542969
-.0273895264
-.0316009521
-.0305480957
.0173950195
.0219879150
.0750579834
.0577087402
.0503845215
-.0389099121
-.0438690186
-.0321197510
-.0244293213
.0368804932
-.0443420410
.0328979492
.0206604004
.0149383545
.0209960938
.0193939209
.0119171143
.0364837646
.0418701172
-.0674743652
-.0484924316
-.0259704590
-.0193481445
.0159454346
-.0137329102
.0138244629
-.0115051270
-.0280914307
-.0819549561
-.0812225342
-.0652008057
.0586090088
.0547027588
-.0489349365
.0481414795
-.0333557129
-.0389099121
-.0255432129
.0250854492
-.0223999023
-.0304718018
-.0285949707
.0308685303
-.0305938721
.0413665771
-.0498809814
-.0520324707
-.0570373535
-.0514068604
-.0500335693
.0349884033
-.0497741699
-.0508117676
-.0404205322
.0391387939
.0517120361
.0528259277
.0497436523
-.0278167725
-.0327911377
.0401153564
-.0648651123
-.1001892090
-.0713500977
-.0564117432
-.0530090332
-.0281982422
-.0715789795
-.0645599365
.0707702637
.0365142822
-.0204620361
.0245056152
.0248870850
-.0124664307
-.0122528076
.0323944092
.0195312500
-.0215148926
-.0197143555
.0247497559
.0151672363
.0185852051
.0146789551
.0155792236
-.0126953125
.0068664551
-.0054779053
.1042022705
-.1208190918
-.1080780029
-.1555633545
-.1446228027
-.1056671143
-.0404815674
.0370941162
-.0275115967
.0308990479
.0690765381
-.1308593750
-.1720428467
-.1143646240
-.0831146240
.0874786377
.0575256348
-.0293579102
.0293884277
.0235900879
-.0639648438
-.2290496826
-.1859588623
-.1733093262
-.1668090820
-.1420440674
-.1303100586
-.1447753906
-.1541595459
-.0892181396
-.1141052246
-.1458282471
.0939941406
.0954895020
-.0875549316
-.0886688232
-.1181488037
-.0891571045
-.1104583740
.0893249512
-.0849456787
-.0748901367
-.0832214355
-.0959777832
-.0964202881
.0768585205
.0754852295
-.0512695313
-.0773925781
.0688629150
.1165313721
-.0998992920
.1653900146
.1710357666
-.1925506592
-.1084747314
-.1399536133
-.0830230713
.0990447998
-.1775970459
-.2081451416
-.1421661377
-.1627655029
.1199035645
-.1382141113
-.1323242188
-.1106262207
.1380615234
-.1082916260
-.1109313965
-.0852508545
-.1333923340
-.1417694092
.1019439697
.0779266357
-.1397857666
-.1045837402
.0873870850
.0785064697
.0638122559
.0894775391
-.0911560059
.0864105225
-.0960998535
.0825805664
-.0564575195
-.0637054443
-.0729370117
-.0650329590
.0715179443
-.0910949707
-.1946563721
-.1660461426
.1339416504
-.1081390381
-.1499938965
-.1096954346
-.1140899658
.1140594482
.1505279541
.1494140625
.1800689697
-.1169128418
.0834503174
-.1521759033
-.0968780518
.1166229248
.0779266357
-.0963134766
-.1042633057
-.0925598145
-.0907592773
.0888214111
-.0741119385
-.0864868164
-.0964813232
-.0898895264
-.0775756836
-.0939788818
.0782165527
-.0699615479
.0757598877
-.0698394775
-.0716247559
-.0792236328
-.0979461670
.0834197998
-.0800018311
-.0839996338
-.0899658203
-.1297454834
-.1017303467
.1411743164
-.1614074707
-.1357116699
-.1093902588
.1060638428
-.1489257813
-.1025543213
.1432800293
-.1341247559
-.0740814209
.0721740723
.0520019531
.0488128662
-.0334167480
.0357971191
-.0395355225
-.0478973389
.0580749512
-.0635681152
-.0924682617
.0678253174
.0658874512
-.0414428711
.0452880859
.0340881348
-.0318908691
.0312957764
-.0240631104
.0422058105
.0376281738
.0395812988
-.0220184326
.0149993896
-.0827331543
-.1075286865
-.1122283936
.1263275146
-.1203308105
.0937500000
-.0780639648
-.0744323730
-.0892181396
-.1021881104
-.0958862305
.0900878906
-.1344451904
-.1433105469
.0894165039
.1038055420
-.0981445313
.0640869141
.0763244629
.0915832520
.0666503906
.1003417969
-.0866088867
-.1273956299
-.1916656494
-.1860961914
-.2016143799
-.1661376953
-.1548309326
-.1460571289
-.1161041260
-.1086273193
-.1201171875
-.1366577148
-.0824279785
-.0668792725
-.0739898682
.0870208740
-.0805206299
-.1096343994
-.0879364014
-.1277160645
.1092681885
.1020355225
-.1020050049
-.1714172363
-.1060791016
-.1063537598
-.1154327393
-.1136474609
.1159057617
-.1588897705
.1714019775
.1732177734
.1760864258
-.1316680908
.1310272217
-.1089782715
-.1107177734
.0962066650
-.0788269043
-.1007690430
-.1040954590
-.1075897217
-.1274566650
-.1149749756
-.1098175049
-.0941009521
-.0604858398
-.0984344482
-.1005249023
-.1040191650
-.1127777100
-.1115875244
-.0745544434
.0811309814
-.0924224854
-.0873870850
-.0646514893
-.0584106445
-.0836486816
-.0516662598
-.0821533203
.1073455811
-.1142425537
-.1413726807
-.1241607666
.0910034180
.1496582031
-.1555175781
.1085510254
-.1773986816
-.1401367188
-.1579742432
-.1318359375
.1433563232
-.1246795654
-.1296691895
-.0969390869
-.1366271973
.0681915283
-.1082153320
-.1333160400
-.1521606445
-.1452026367
-.1104431152
-.0996093750
-.1109619141
.1002655029
-.1089630127
-.1360931396
-.1230316162
-.1376647949
-.1259002686
-.1419982910
-.1026611328
-.1070404053
-.0841522217
-.1238098145
-.0846862793
-.1215362549
-.0902099609
-.1345062256
-.1635894775
-.1331634521
-.1099395752
-.0869750977
-.0920562744
-.1135711670
-.1066284180
.1150817871
-.1557464600
-.1965179443
-.1263580322
-.1124877930
-.1064300537
-.1250610352
.1551361084
-.1095275879
-.1237182617
-.1289978027
-.0925903320
-.1149597168
.1109771729
.1063995361
-.1158752441
-.0834503174
-.1078948975
-.1290435791
-.1602325439
-.1422576904
-.1174011230
-.1310577393
-.1187591553
-.1011657715
-.1403656006
-.1248321533
-.1663208008
-.1165161133
-.0949707031
.1175384521
-.1211242676
.0999450684
.0880584717
-.1077728271
-.1030120850
.1088409424
-.1295623779
-.1145324707
.0980072021
.1860656738
.1444396973
-.0836944580
.0949859619
.0820770264
-.0767517090
.0657043457
.0668640137
-.0558776855
-.0831756592
-.0624237061
-.1067657471
-.0772705078
-.0871582031
-.0703582764
-.0657806396
-.0969696045
.0863037109
-.2120971680
-.1627349854
-.2090148926
-.2104339600
.2354431152
-.1211547852
-.1364288330
-.1853485107
-.1960754395
-.1345977783
-.1038513184
-.0846405029
-.1193084717
-.1096343994
-.1038665771
-.1331787109
.0850067139
.1054840088
-.0983886719
.1183624268
.1779022217
-.1255035400
-.1780548096
-.1460418701
-.0948028564
.0866241455
-.0959930420
-.1304321289
.1407165527
-.1010284424
-.1194915771
.1109466553
.1045684814
.1212310791
-.1135711670
-.1058654785
-.1036529541
-.0939483643
.0916748047
-.0884094238
-.1537780762
-.2819366455
-.2326354980
-.2621002197
-.1839904785
-.1846923828
-.1654663086
-.1261749268
-.1233215332
-.1719360352
-.1517791748
-.1042327881
-.1411437988
-.1361083984
.0966186523
.1567382813
-.1412200928
-.1575622559
-.1254730225
-.1419677734
-.1142425537
-.1300811768
-.0841217041
-.1128234863
.1040496826
.1220397949
-.1181488037
.1150207520
-.0975189209
-.0865936279
.1085662842
-.0683593750
.0818176270
.0653839111
-.0684967041
-.0759582520
-.0842895508
-.1182708740
-.0939178467
-.1017456055
-.0777435303
-.2135162354
-.2257690430
-.2473144531
-.1730651855
-.2290649414
-.1470031738
-.1505584717
-.1397094727
.1145172119
-.1494445801
-.1322631836
-.1012268066
-.0859069824
-.0997009277
-.0767822266
-.1241912842
-.0979003906
-.1074523926
-.1338348389
-.1226348877
-.1450500488
-.0979003906
.1335754395
-.0995941162
.0905303955
-.1227569580
.0788879395
-.0745239258
-.0839385986
-.0937194824
-.0913085938
.0629119873
.0641784668
.0811614990
-.0912322998
-.0788269043
-.0950622559
.0900421143
-.0845031738
.0927276611
-.1223449707
-.2242889404
-.1743774414
-.1467437744
-.1747589111
-.1644439697
-.1537017822
-.1752471924
-.1225128174
.0843963623
.1198730469
-.1068420410
.0968627930
.1128845215
-.1438140869
-.2252655029
-.1628112793
-.1350250244
-.1380920410
-.1143188477
-.1506347656
.1089935303
.1393127441
.1653442383
-.1799621582
-.0952301025
.0458221436
.0314025879
-.0340270996
-.0218048096
-.0354614258
-.0311126709
-.0342559814
-.0223693848
-.0280609131
.0242767334
-.0178375244
-.0154266357
-.0124206543
-.0107116699
-.0099182129
.0125579834
-.0085144043
.0079040527
.0064239502
-.0295562744
.0261383057
.0186309814
.0125732422
.0090637207
-.0075836182
.0075225830
-.0047149658
.0034637451
.0037078857
.0135650635
.0105590820
.0101928711
.0085144043
-.0075531006
.0097656250
-.0076293945
.0073242188
-.0057678223
-.0066223145
-.0105285645
.0117187500
-.0091705322
.0087127686
.0070800781
.0051727295
.0049896240
.0066986084
-.0081634521
-.0074615479
-.0249938965
.0164489746
-.0128479004
.0086975098
.0078582764
-.0064849854
.0070953369
.0094757080
-.0084228516
.0059051514
-.0278778076
.0236816406
-.0221710205
.0153961182
.0126495361
.0093231201
.0085906982
-.0110473633
-.0115814209
-.0123596191
.0182342529
-.0248260498
-.0156707764
.0106811523
.0089721680
-.0081176758
.0106506348
.0404052734
-.0240783691
-.0219421387
-.0183868408
-.0122528076
.0115661621
-.0116424561
.0091857910
.0083465576
-.0066070557
-.0057220459
-.0039825439
-.0041961670
.0036773682
-.0031433105
-.0027160645
-.0019378662
-.0020141602
.0019226074
.0019378662
.0018920898
.0018920898
-.0021667480
.0537414551
-.0305328369
.0261230469
.0256805420
.0163269043
.0102539063
.0076446533
-.0059967041
.0044708252
.0055236816
.0064086914
-.0054168701
.0051422119
-.0035400391
-.0046539307
-.0023193359
.0022735596
-.0023498535
-.0019073486
.0015869141
.0384368896
-.0246124268
.0322418213
-.0207824707
.0227355957
.0119171143
.0090332031
.0063323975
-.0079040527
-.0055999756
-.0063781738
.0052185059
.0053710938
.0040893555
-.0034484863
-.0254974365
-.0429840088
-.0232849121
-.0218963623
.0154724121
.0087890625
.0069274902
.0070495605
-.0081787109
.0053710938
-.0061340332
.0058593750
-.0051879883
-.0040588379
-.0039215088
-.0654296875
-.2129669189
-.1882476807
-.2274017334
-.2173004150
-.2532196045
-.1820831299
-.1255493164
.1157684326
.0675048828
-.0605316162
-.0512237549
.0545043945
-.0460052490
.0367126465
-.0289154053
-.0202026367
.0206756592
-.0185241699
-.0131988525
-.0106658936
.0129547119
.0083618164
-.0099639893
.0065002441
.0058898926
-.0046844482
.0035858154
-.0027008057
.0019989014
-.0021362305
-.0016632080
.0011596680
