-.0007324219
-.0014495850
.0008697510
-.0016021729
-.0022735596
-.0016937256
-.0015258789
.0029296875
-.0030517578
.0031890869
-.0051269531
.0046997070
.0090789795
-.0037841797
.0070190430
-.0041809082
-.0043792725
-.0046691895
.0067901611
.0094299316
-.0037536621
.0108947754
-.0063629150
.0066070557
.0065765381
.0108947754
-.0108947754
-.0128479004
.0104827881
-.0069122314
-.0072631836
-.0086517334
-.0117797852
.0141296387
-.0089874268
.0095367432
-.0123901367
.0057678223
.0068817139
.0106658936
-.0079650879
-.0111541748
-.0126342773
.0135498047
.0118713379
-.0134277344
.0112915039
.0197906494
.0107879639
.0127258301
-.0103149414
.0195159912
-.0125122070
.0115051270
-.0180053711
.0114593506
.0111236572
.0164184570
-.0085601807
-.0114440918
.0099792480
.0124816895
-.0137329102
-.0162811279
-.0099029541
.0130767822
-.0153045654
-.0097808838
.0099945068
.0189819336
-.0085144043
-.0156860352
.0101165771
.0097198486
-.0101776123
.0147094727
-.0111236572
.0106811523
.0109252930
.0111083984
.0071563721
-.0097656250
-.0180969238
.0116271973
-.0072631836
.0094146729
-.0093688965
.0093383789
.0104217529
-.0110015869
-.0133209229
.0166473389
.0110168457
-.0115509033
.0101318359
-.0110015869
-.0083465576
.0181274414
-.0202026367
-.0141143799
-.0129852295
.0104522705
.0175170898
-.0111083984
.0192565918
-.0215759277
-.0170593262
-.0175170898
.0102233887
-.0154418945
-.0123443604
-.0153656006
-.0114746094
-.0179138184
.0122528076
.0088348389
.0090179443
-.0161590576
.0122985840
.0158996582
-.0111236572
-.0153350830
.0141601563
.0073852539
-.0142059326
.0144958496
-.0149688721
.0132141113
.0143890381
-.0068054199
.0124359131
.0185852051
.0152130127
-.0172882080
-.0196380615
-.0169067383
-.0102386475
.0163116455
-.0088348389
-.0113830566
.0190734863
.0074157715
-.0111846924
.0095062256
-.0133056641
.0112152100
.0106964111
-.0194396973
-.0153961182
.0109100342
-.0156555176
.0075225830
-.0121307373
.0104522705
.0148773193
-.0218200684
-.0144653320
.0166625977
.0090026855
-.0092773438
-.0133666992
-.0116577148
.0134735107
-.0237426758
-.0092773438
-.0126647949
-.0099029541
-.0133666992
-.0168151855
.0151977539
-.0097961426
-.0199279785
.0074310303
.0213317871
.0163116455
-.0144195557
-.0189819336
.0165405273
.0129699707
-.0102996826
.0089874268
-.0143890381
-.0087432861
-.0122375488
.0094146729
-.0087127686
-.0082092285
-.0101470947
.0075683594
-.0072479248
.0157775879
.0155487061
-.0149688721
-.0093231201
.0131530762
.0294952393
-.0101165771
.0135650635
.0190887451
-.0101165771
-.0104980469
.0144805908
-.0127410889
-.0178222656
-.0124664307
.0058898926
-.0142059326
-.0072021484
.0086059570
-.0149993896
-.0136260986
-.0226593018
-.0115814209
-.0173187256
.0157165527
.0270233154
.0086364746
.0140991211
.0174713135
-.0211791992
-.0143432617
.0121612549
-.0190582275
.0118408203
-.0130004883
-.0144805908
.0160675049
-.0098419189
.0167999268
.0136413574
.0081787109
.0117034912
-.0078887939
.0196685791
-.0274658203
-.0123291016
-.0150756836
.0102233887
-.0111541748
-.0166320801
-.0197753906
.0188293457
-.0097198486
-.0095825195
-.0127716064
.0152587891
-.0201263428
.0170593262
.0158538818
-.0188446045
-.0108642578
.0147705078
-.0111846924
-.0080566406
.0220031738
.0149841309
-.0162963867
.0132141113
-.0135192871
-.0164642334
-.0121154785
.0098266602
.0128326416
.0168457031
-.0167388916
.0111083984
.0144500732
-.0175170898
.0140686035
-.0249938965
-.0146942139
-.0127868652
.0181884766
.0128631592
.0127105713
-.0166625977
.0115661621
-.0133819580
-.0117034912
.0099487305
.0152130127
-.0110321045
.0141754150
-.0090026855
-.0048980713
-.0092773438
-.0086669922
-.0146179199
-.0175933838
.0069274902
-.0154571533
.0171051025
.0157318115
-.0157012939
.0129852295
.0116424561
-.0122222900
-.0107727051
-.0198974609
-.0151519775
-.0129394531
-.0118713379
-.0118103027
-.0173492432
.0124511719
-.0157318115
.0094604492
.0131530762
.0074310303
-.0129547119
.0129699707
.0137786865
.0224304199
-.0207824707
.0099639893
-.0180511475
-.0101318359
.0064239502
-.0107727051
-.0159606934
.0155792236
.0113830566
.0182037354
-.0102844238
.0154876709
-.0112304688
.0090637207
.0119781494
-.0103607178
.0078582764
.0090179443
.0102691650
-.0136108398
.0160369873
-.0101928711
-.0171508789
-.0102233887
-.0158996582
.0101623535
-.0106353760
.0168914795
.0129699707
-.0168457031
-.0156555176
.0116424561
.0115509033
.0126037598
.0127868652
-.0109710693
.0193786621
.0222015381
-.0110168457
-.0144348145
.0157775879
.0140380859
-.0131530762
-.0142822266
.0151519775
-.0137023926
.0131378174
-.0180358887
-.0126495361
.0095825195
.0072326660
-.0127410889
-.0097045898
.0095977783
.0191955566
-.0078582764
.0083923340
.0106964111
-.0092620850
.0075836182
.0063476563
-.0105743408
.0088195801
.0188598633
-.0090942383
.0137023926
-.0093231201
.0042266846
.0094299316
-.0146026611
.0123291016
.0092315674
.0118713379
.0097656250
-.0305023193
-.0135650635
.0067749023
.0085754395
-.0072631836
-.0146484375
-.0115814209
-.0093383789
.0133819580
-.0108337402
.0065917969
.0087280273
-.0136566162
-.0113220215
-.0093688965
-.0063171387
.0104064941
-.0099029541
.0208587646
-.0144805908
-.0074768066
-.0076446533
.0148925781
-.0068817139
-.0073089600
.0116729736
.0133056641
.0072784424
.0146942139
.0085144043
.0066680908
-.0104675293
-.0112457275
-.0070800781
.0202636719
.0113525391
.0076751709
.0114288330
.0124664307
-.0127563477
-.0092010498
.0106353760
-.0047912598
-.0134124756
.0106353760
.0081787109
.0064697266
.0109863281
.0159301758
.0114898682
-.0096130371
-.0136566162
-.0121459961
.0128631592
.0078887939
-.0123596191
.0145416260
-.0086517334
-.0085601807
.0118560791
-.0051116943
-.0073242188
.0125885010
-.0162811279
-.0100097656
.0073394775
-.0098876953
-.0167846680
.0111236572
-.0120391846
-.0100250244
.0100097656
-.0153656006
-.0077209473
-.0068817139
.0108642578
-.0107269287
.0083312988
.0093994141
-.0085906982
-.0113372803
-.0164337158
.0112915039
.0103454590
-.0087890625
-.0115051270
.0096588135
-.0094604492
-.0078430176
-.0117950439
-.0103149414
.0195007324
-.0201263428
.0105743408
.0131072998
.0139770508
-.0106811523
-.0116729736
-.0075836182
.0059051514
.0100402832
.0100097656
-.0124359131
.0157928467
-.0087738037
.0092315674
-.0126647949
.0143585205
-.0069580078
.0140533447
.0149230957
-.0122680664
-.0084228516
.0106353760
-.0090942383
-.0113525391
-.0048370361
-.0088043213
-.0173339844
.0062408447
.0069122314
.0092773438
-.0168609619
-.0090789795
.0090332031
-.0164184570
.0100097656
.0073394775
.0079650879
-.0085601807
.0085449219
.0069122314
.0103912354
.0110626221
.0115814209
-.0169982910
-.0071868896
-.0073242188
.0256958008
.0247802734
-.0241394043
-.0182800293
-.0230102539
-.0076446533
.0182495117
.0235748291
.0195922852
-.0210266113
-.0220184326
.0158691406
.0169982910
.0118865967
-.0116424561
-.0296173096
-.0362091064
.0086975098
-.0096130371
.0121612549
.0181579590
-.0133514404
-.0240936279
-.0229187012
-.0150909424
.0255584717
-.0094146729
-.0097045898
.0150146484
.0190582275
-.0157623291
-.0166015625
-.0172882080
-.0118255615
-.0270385742
.0154113770
.0167083740
.0165252686
.0099945068
.0135650635
.0073547363
-.0179443359
.0163421631
.0183105469
.0142974854
-.0101470947
-.0142822266
-.0110473633
.0075073242
-.0158386230
.0137939453
.0114746094
.0187683105
-.0236816406
-.0210571289
-.0152282715
.0193481445
.0174255371
-.0094299316
.0116729736
-.0135040283
-.0241851807
-.0182189941
.0213165283
.0257415771
.0225524902
-.0202026367
-.0213928223
-.0096282959
.0145721436
-.0141448975
.0223846436
.0233001709
.0191497803
-.0245819092
-.0157623291
-.0170288086
.0155181885
.0136718750
.0143585205
.0172271729
-.0159606934
-.0118255615
.0087585449
.0154266357
.0169982910
.0174560547
-.0191192627
-.0229949951
-.0175323486
.0197296143
.0162811279
.0226898193
.0124664307
-.0234985352
-.0090789795
.0153656006
.0215454102
.0188140869
.0147094727
-.0226745605
-.0233764648
-.0132904053
.0101013184
.0216674805
.0214385986
.0248413086
.0179901123
-.0271759033
-.0304870605
-.0307159424
-.0136413574
.0201873779
.0332489014
.0386657715
-.0242156982
-.0243225098
-.0264129639
-.0279693604
.0167541504
.0089874268
.0267791748
.0243530273
.0114135742
-.0200653076
-.0168304443
-.0142059326
-.0250091553
.0147399902
.0238800049
.0161895752
.0185546875
.0114135742
.0085296631
-.0148925781
-.0129852295
-.0106964111
.0140686035
.0184020996
.0106353760
.0195922852
.0250549316
-.0258941650
-.0259094238
-.0182189941
.0256042480
-.0130157471
-.0117187500
.0266113281
.0258941650
.0261688232
-.0195617676
-.0191650391
.0120391846
-.0181579590
-.0117645264
.0198974609
.0287628174
-.0167999268
.0211486816
.0133666992
-.0135498047
.0181579590
-.0209197998
-.0277404785
-.0244140625
-.0116882324
.0203704834
.0240325928
.0209808350
.0170135498
-.0166778564
-.0202026367
-.0313415527
-.0137023926
-.0179595947
.0110015869
.0193634033
-.0145568848
-.0091552734
.0144653320
-.0058288574
-.0169067383
-.0071258545
.0110168457
-.0114135742
.0239868164
.0170440674
.0147094727
-.0195007324
-.0083160400
-.0213317871
-.0299224854
.0244293213
.0142822266
.0249023438
.0195770264
-.0254516602
-.0293121338
-.0191497803
-.0225067139
.0161132813
.0187225342
.0231781006
.0324707031
.0325012207
-.0293273926
-.0157928467
-.0127410889
.0225982666
.0382080078
.0285186768
.0099792480
-.0125732422
-.0184783936
-.0231933594
-.0125732422
.0084991455
-.0089416504
-.0186920166
.0173950195
.0252532959
.0165557861
.0192565918
-.0103149414
.0120239258
.0072021484
-.0151062012
-.0195159912
-.0285339355
-.0111541748
-.0164947510
-.0139770508
.0112609863
.0150146484
.0134582520
.0211029053
.0180206299
.0068969727
-.0135955811
-.0188903809
-.0221862793
-.0143127441
-.0105895996
.0090332031
-.0178680420
.0105438232
.0223846436
.0182037354
.0160827637
.0096130371
-.0124816895
-.0170898438
-.0261688232
-.0259094238
-.0252838135
-.0128173828
-.0100860596
-.0104217529
.0128631592
-.0172424316
.0077056885
.0179138184
.0174865723
.0069885254
-.0083618164
-.0088043213
-.0152587891
-.0151214600
-.0183868408
-.0238189697
-.0244293213
-.0122833252
.0119323730
.0220642090
.0206756592
-.0104675293
-.0076904297
-.0132293701
-.0112762451
.0159149170
-.0244750977
.0113983154
.0175781250
.0138397217
.0118713379
.0136260986
.0182952881
-.0107269287
.0104827881
.0121917725
-.0130767822
-.0161132813
-.0073089600
.0151977539
.0098266602
-.0069580078
-.0187377930
-.0135650635
-.0201416016
-.0123748779
-.0159606934
-.0087738037
-.0140991211
-.0060729980
-.0135040283
-.0181427002
-.0182342529
-.0126800537
-.0101470947
-.0123748779
-.0080108643
.0155792236
.0157928467
-.0118713379
-.0101928711
.0103302002
-.0132446289
-.0086822510
-.0119781494
.0156250000
.0306396484
.0105133057
.0129089355
-.0162658691
.0068054199
.0113372803
-.0171051025
-.0187988281
.0129699707
.0159301758
.0177459717
.0096130371
-.0079193115
-.0117950439
-.0104980469
-.0193634033
.0117797852
-.0094299316
-.0141296387
.0089569092
.0171356201
.0138244629
.0077209473
-.0123596191
.0095672607
-.0151519775
-.0167083740
.0097808838
-.0196838379
-.0111083984
.0127563477
.0190124512
.0174713135
.0114135742
.0174255371
-.0102233887
-.0128784180
-.0164031982
-.0178985596
-.0211486816
.0206909180
-.0187377930
.0145263672
.0106353760
.0158843994
.0072479248
.0160217285
-.0083923340
-.0095825195
-.0185852051
-.0082397461
.0137634277
.0123748779
.0196990967
.0175018311
.0170898438
.0065307617
-.0151062012
-.0089569092
.0070800781
.0152740479
.0144042969
-.0137481689
.0080566406
.0132293701
-.0135498047
.0069427490
-.0151672363
.0205535889
.0159912109
.0109405518
.0114898682
.0100402832
-.0212097168
-.0114593506
.0104827881
.0146636963
.0137176514
-.0057678223
.0108489990
.0205230713
.0194702148
.0067596436
.0186157227
.0092010498
-.0110168457
-.0120239258
-.0125579834
-.0061035156
-.0079345703
-.0089111328
.0140075684
.0149383545
.0059509277
-.0159606934
.0080871582
-.0119781494
.0190277100
-.0094757080
-.0116882324
-.0091247559
.0078887939
.0066070557
-.0152893066
.0112915039
-.0093688965
.0076904297
-.0090332031
.0057373047
-.0085144043
.0098266602
.0051727295
.0101928711
.0093231201
-.0134124756
-.0069580078
-.0063629150
-.0095367432
-.0072937012
.0083923340
-.0050506592
.0093994141
.0072937012
-.0065612793
-.0097808838
-.0052947998
-.0071258545
-.0068817139
-.0060272217
-.0072784424
.0078277588
.0056304932
-.0059356689
-.0070648193
-.0050506592
-.0082855225
-.0084686279
-.0072479248
-.0043487549
.0050354004
.0046539307
-.0090484619
.0128021240
.0054168701
-.0120697021
.0104522705
-.0063934326
.0069427490
-.0036773682
-.0055389404
.0064392090
.0032653809
.0036010742
-.0043487549
-.0041809082
.0034942627
-.0037078857
