.0147705078
.0135955811
.0081329346
-.0247650146
-.0135498047
.0205993652
.0188140869
-.0142822266
-.0265350342
.0117034912
.0204925537
.0101623535
-.0056152344
-.0330200195
-.0137634277
.0194702148
.0214080811
-.0141601563
-.0193023682
.0059814453
.0103912354
.0037231445
-.0104522705
-.0077514648
.0110168457
.0187683105
.0076904297
-.0237121582
-.0613098145
.0434570313
.0190124512
-.0145568848
-.0252380371
-.0086822510
.0210113525
.0317840576
-.0122222900
-.0352325439
-.0066223145
.0280303955
.0127258301
-.0133972168
-.0142974854
.0029602051
.0072021484
.0111846924
-.0113983154
-.0164184570
.0123748779
.0211791992
-.0064544678
-.0199890137
-.0122070313
.0124969482
.0137329102
-.0054779053
-.0201263428
-.0085754395
.0223999023
.0235290527
-.0216827393
-.0246734619
.0073394775
.0120697021
.0057067871
-.0077056885
-.0102996826
-.0063476563
.0102233887
.0065307617
-.0054473877
-.0097045898
.0115203857
.0119018555
-.0047302246
-.0115051270
-.0121307373
.0067291260
.0177154541
.0087890625
-.0196533203
-.0095214844
.0188903809
.0112762451
-.0030364990
-.0156555176
-.0100402832
.0086364746
.0142211914
.0068359375
-.0183258057
-.0074005127
.0120849609
.0035552979
-.0038909912
-.0081481934
.0047454834
.0138702393
.0110015869
-.0152893066
-.0162048340
.0111083984
.0251922607
.0044250488
-.0200653076
-.0067596436
.0119323730
.0070190430
.0129241943
-.0155334473
-.0186309814
.0091247559
.0148010254
.0065917969
-.0111236572
-.0072326660
.0021209717
.0040283203
.0089111328
-.0087738037
-.0096435547
.0085906982
.0137329102
-.0062866211
-.0147705078
.0024719238
.0074157715
.0077362061
-.0047302246
-.0121459961
-.0047149658
.0130004883
.0138092041
-.0126495361
-.0124969482
.0037231445
.0062103271
.0097351074
-.0068359375
-.0146026611
-.0082855225
.0115356445
.0089416504
-.0116271973
-.0070190430
.0209503174
.0124206543
-.0034179688
-.0115661621
-.0113220215
.0068969727
.0159454346
-.0045166016
-.0188751221
-.0045013428
.0140380859
.0092315674
-.0025482178
-.0101318359
-.0103759766
.0141143799
.0200500488
-.0106353760
-.0197296143
-.0043792725
.0115509033
.0095977783
.0023193359
-.0137481689
-.0069580078
.0194091797
.0130157471
-.0172271729
-.0157318115
.0122375488
.0145568848
-.0057373047
-.0175476074
-.0105590820
.0141906738
.0179901123
.0053558350
-.0214538574
-.0143890381
.0191497803
.0160522461
-.0057220459
-.0152435303
-.0092315674
.0102691650
.0218048096
-.0073547363
-.0186004639
-.0058135986
.0201263428
.0089416504
-.0168762207
-.0145416260
.0109252930
.0138092041
-.0049285889
-.0142517090
-.0114593506
.0132904053
.0191345215
-.0044708252
-.0213775635
-.0082244873
.0120391846
.0116424561
.0047607422
-.0180053711
-.0101318359
.0114440918
.0084533691
-.0051727295
-.0164642334
.0079345703
.0185699463
.0055236816
-.0125427246
-.0160827637
-.0038299561
.0177917480
.0118713379
-.0200500488
-.0153961182
.0153045654
.0122985840
.0042114258
-.0174713135
-.0181579590
.0080108643
.0303344727
.0132751465
-.0257110596
-.0148620605
.0145721436
.0094146729
.0029449463
-.0170288086
-.0086059570
.0165405273
.0178985596
-.0135650635
-.0218048096
.0079193115
.0152435303
.0116882324
-.0146026611
-.0171813965
.0088195801
.0153808594
.0132141113
-.0185241699
-.0240020752
.0138397217
.0195007324
.0069885254
-.0159301758
-.0104980469
.0057983398
.0128936768
.0110626221
-.0205841064
-.0138244629
.0216522217
.0208740234
-.0146484375
-.0205535889
.0055236816
.0135650635
.0082702637
-.0087890625
-.0183258057
.0062866211
.0212249756
.0126647949
-.0262603760
-.0271759033
.0111236572
.0182495117
.0079650879
-.0115203857
-.0145874023
.0061950684
.0169067383
.0064239502
-.0195159912
-.0092926025
.0184783936
.0143280029
-.0054931641
-.0198822021
-.0128021240
.0170440674
.0148468018
-.0127563477
-.0204010010
.0077056885
.0207061768
.0090179443
-.0117797852
-.0130157471
-.0027465820
.0099182129
.0134124756
-.0103759766
-.0199737549
.0065460205
.0161285400
-.0040588379
-.0065307617
-.0059509277
.0076446533
.0145111084
.0075683594
-.0186767578
-.0160675049
.0121917725
.0151062012
-.0127563477
-.0225372314
-.0088348389
.0153045654
.0117340088
.0074310303
-.0198669434
-.0146484375
.0119018555
.0137634277
.0024108887
-.0106811523
-.0053863525
.0064697266
.0084381104
-.0049285889
-.0183258057
.0079956055
.0175933838
.0062408447
-.0154418945
-.0107421875
.0103454590
.0096282959
.0079803467
-.0165100098
-.0141143799
.0107421875
.0145263672
.0062713623
-.0182952881
-.0096893311
.0102996826
.0095214844
.0080871582
-.0107574463
-.0133056641
.0065612793
.0125274658
-.0052795410
-.0160369873
.0100402832
.0107116699
.0031280518
-.0107727051
-.0118408203
.0135040283
.0180206299
.0128021240
-.0201721191
-.0158081055
.0128479004
.0125732422
.0064239502
-.0160369873
-.0099945068
.0031890869
.0119171143
.0125579834
-.0188446045
-.0097198486
.0121307373
.0043792725
-.0045776367
-.0062713623
.0041656494
.0081787109
.0122833252
-.0129394531
-.0189971924
.0068817139
.0163879395
.0099487305
-.0189361572
-.0086059570
.0109863281
.0062103271
.0107879639
-.0122070313
-.0171356201
.0068206787
.0198822021
.0073699951
-.0166473389
-.0068206787
.0014953613
.0060424805
.0094757080
-.0084533691
-.0131835938
.0146636963
.0181274414
-.0086364746
-.0146026611
-.0030670166
.0078582764
.0082550049
-.0048370361
-.0165557861
-.0062561035
.0200500488
.0177917480
-.0167694092
-.0190277100
.0022430420
.0116577148
.0116271973
-.0050201416
-.0166168213
-.0093383789
.0162200928
.0129547119
-.0169830322
-.0165557861
.0132751465
.0137176514
.0032348633
-.0114746094
-.0132141113
.0110626221
.0185394287
-.0095062256
-.0224456787
-.0037841797
.0175323486
.0145111084
-.0078277588
-.0175781250
-.0084838867
.0138702393
.0161743164
-.0089111328
-.0230102539
.0043640137
.0378112793
.0120239258
-.0135650635
-.0147857666
.0061950684
.0184173584
.0115509033
-.0170440674
-.0197448730
.0158233643
.0195007324
-.0090179443
-.0207214355
-.0073699951
.0147247314
.0154418945
.0057830811
-.0241546631
-.0144195557
.0200195313
.0187530518
-.0125427246
-.0187225342
.0037231445
.0120391846
.0091247559
-.0070800781
-.0179748535
.0064392090
.0207824707
.0077972412
-.0208435059
-.0161590576
.0142669678
.0184478760
-.0114135742
-.0217285156
-.0091552734
.0155487061
.0171203613
-.0074157715
-.0257110596
-.0083465576
.0279541016
.0169372559
-.0133209229
-.0178375244
-.0070495605
.0137176514
.0123291016
-.0120697021
-.0178222656
.0107421875
.0184478760
.0043945313
-.0174865723
-.0141754150
.0078277588
.0181579590
.0097656250
-.0230407715
-.0151824951
.0186920166
.0191497803
-.0053100586
-.0241851807
-.0099792480
.0106048584
.0160369873
.0093536377
-.0166931152
-.0133361816
.0168609619
.0164184570
-.0126953125
-.0186157227
.0087432861
.0147094727
.0091400146
-.0167388916
-.0204925537
.0115051270
.0252685547
.0059356689
-.0247192383
-.0122375488
.0175781250
.0156555176
-.0087738037
-.0229797363
-.0177459717
.0144042969
.0178833008
-.0045776367
-.0201110840
-.0042724609
.0129089355
.0062255859
-.0046997070
-.0111236572
-.0049743652
.0189514160
.0110168457
-.0199584961
-.0173950195
.0154724121
.0210418701
-.0056915283
-.0189819336
-.0077819824
.0104064941
.0149383545
.0104370117
-.0215454102
-.0159912109
.0174102783
.0165710449
-.0059204102
-.0147399902
-.0058593750
.0077819824
.0069732666
.0037384033
-.0159301758
-.0059661865
.0211639404
.0044250488
-.0144653320
-.0114135742
.0044097900
.0141143799
.0099945068
-.0159149170
-.0132141113
.0219726563
.0195465088
-.0080566406
-.0128173828
-.0099334717
.0091857910
.0098724365
.0091094971
-.0111694336
-.0174713135
.0089416504
.0083770752
-.0036926270
-.0072021484
.0032501221
.0127410889
.0066833496
.0039062500
-.0156097412
-.0152435303
.0155181885
-.0051574707
.0080413818
.0098419189
.0068359375
.0022735596
-.0182800293
-.0091400146
.0077362061
.0121307373
.0060577393
-.0183868408
-.0047760010
.0090179443
.0050354004
.0023956299
-.0130462646
-.0069732666
.0158081055
.0150756836
-.0164642334
-.0245361328
.0185089111
.0139617920
-.0043792725
-.0137023926
-.0111694336
.0048980713
.0152130127
.0097961426
-.0186004639
-.0160675049
.0132598877
.0139923096
-.0017700195
-.0111694336
-.0093231201
.0021820068
.0114593506
.0062866211
-.0139770508
.0043945313
.0132446289
.0069122314
-.0112609863
-.0106048584
.0026092529
.0117340088
.0135803223
-.0160522461
-.0190277100
.0132751465
.0169067383
.0061950684
-.0155639648
-.0117340088
.0057373047
.0140991211
.0099334717
-.0152893066
-.0120849609
.0054168701
.0098876953
-.0037994385
-.0229492188
.0099487305
.0166320801
.0053253174
-.0074157715
-.0195770264
-.0090026855
.0186767578
.0128936768
-.0220031738
-.0120849609
.0141754150
.0097351074
.0076446533
-.0152130127
-.0150299072
.0049591064
.0173950195
.0112457275
-.0189514160
-.0120239258
.0093078613
.0097961426
.0011749268
-.0140533447
-.0053100586
.0113983154
.0143127441
-.0106964111
-.0194244385
.0079345703
.0180664063
.0057678223
-.0151824951
-.0137481689
.0092468262
.0195922852
.0142059326
-.0205078125
-.0190277100
.0110778809
.0177154541
.0078887939
-.0169525146
-.0070648193
.0120697021
.0125274658
.0121459961
-.0158691406
-.0120849609
.0237579346
.0183258057
-.0212860107
-.0184173584
.0079040527
.0132904053
.0076446533
-.0160522461
-.0186920166
.0121765137
.0230407715
.0106353760
-.0265655518
-.0198211670
.0124206543
.0147552490
.0075988770
-.0143890381
-.0142974854
.0124053955
.0143127441
-.0069885254
-.0178527832
.0093383789
.0186920166
.0042114258
-.0178680420
-.0140380859
.0081329346
.0176391602
.0105438232
-.0255432129
-.0180358887
.0190429688
.0174102783
-.0014495850
-.0182495117
-.0154266357
.0143280029
.0257415771
.0102233887
-.0211181641
-.0154266357
.0164337158
.0116577148
-.0124053955
-.0117645264
.0094909668
.0134277344
.0076141357
-.0144958496
-.0204772949
.0098724365
.0215301514
.0061492920
-.0279388428
-.0126342773
.0193634033
.0159606934
.0043487549
-.0200805664
-.0198364258
.0171051025
.0192108154
-.0082244873
-.0224151611
.0053253174
.0154571533
.0033569336
-.0099639893
-.0145874023
.0051879883
.0201721191
.0116119385
-.0214843750
-.0214385986
.0156555176
.0174102783
-.0046081543
-.0170135498
-.0083465576
.0139465332
.0163116455
.0051727295
-.0335388184
-.0178222656
.0205535889
.0169372559
-.0079650879
-.0139312744
.0026397705
.0089721680
.0087890625
-.0082092285
-.0203094482
.0136413574
.0242004395
-.0039825439
-.0260314941
-.0155944824
.0144958496
.0168304443
.0037841797
-.0209960938
-.0147399902
.0180358887
.0243072510
-.0084381104
-.0295867920
-.0115966797
.0161132813
.0141754150
.0095367432
-.0202941895
-.0115356445
.0168914795
.0149078369
-.0155792236
-.0214996338
.0117797852
.0174407959
.0080108643
-.0169982910
-.0169067383
.0124053955
.0210266113
.0061492920
-.0349731445
-.0152435303
.0232543945
.0163116455
-.0046539307
-.0232543945
-.0097961426
.0131072998
.0184631348
-.0058441162
-.0202636719
-.0079345703
.0178222656
.0096435547
-.0159301758
-.0135955811
.0119934082
.0169525146
.0068969727
-.0229644775
-.0200653076
.0168151855
.0232086182
-.0099792480
-.0286712646
-.0060882568
.0209503174
.0169525146
-.0074615479
-.0208282471
-.0112609863
.0203247070
.0142364502
-.0171508789
-.0183105469
.0079803467
.0154418945
.0032958984
-.0150451660
-.0134582520
.0117034912
.0228118896
.0052947998
-.0270996094
-.0114746094
.0341033936
.0163726807
-.0100708008
-.0229949951
-.0067749023
.0215148926
.0174713135
-.0116577148
-.0230407715
-.0065765381
.0183868408
.0072174072
-.0153045654
-.0106811523
.0078277588
.0101165771
.0044555664
-.0138702393
-.0174865723
.0298919678
.0548095703
-.0154418945
-.0305938721
-.0115509033
.0188598633
.0180816650
-.0158081055
-.0221862793
-.0087890625
.0219116211
.0165863037
-.0144348145
-.0202484131
.0068969727
.0165710449
.0101013184
-.0097045898
-.0150451660
-.0113372803
.0189971924
.0078430176
-.0186157227
-.0151214600
.0217590332
.0194091797
-.0093536377
-.0168609619
-.0100402832
.0167541504
.0167388916
-.0159606934
-.0267028809
.0113983154
.0264892578
.0091400146
-.0146942139
-.0170745850
-.0049743652
.0152282715
.0119934082
-.0115661621
-.0167236328
.0115203857
.0128173828
-.0088653564
-.0165405273
-.0057220459
.0170745850
.0134124756
-.0075988770
-.0194702148
-.0120391846
.0238189697
.0137023926
-.0213775635
-.0171813965
.0133819580
.0199737549
.0068817139
-.0113983154
-.0222320557
.0068206787
.0201263428
.0097351074
-.0172424316
-.0121765137
.0105895996
.0076904297
-.0052795410
-.0113067627
-.0048065186
.0168304443
.0144653320
-.0111694336
-.0216217041
.0048217773
.0219726563
.0084228516
-.0159149170
-.0156250000
.0084228516
.0185699463
.0121917725
-.0175476074
-.0222778320
.0139007568
.0187683105
-.0053710938
