.0000305176
-.0000305176
.0000305176
-.0000305176
.0000305176
-.0000305176
.0000305176
-.0000305176
-.0000305176
-.0000305176
.0000305176
-.0000305176
-.0000305176
-.0000152588
-.0005493164
.0013580322
-.0018005371
-.0023345947
-.0015258789
-.0021209717
.0013580322
.0012969971
.0020751953
.0033111572
-.0029754639
-.0022583008
-.0038146973
-.0024871826
-.0045623779
.0069885254
-.0064392090
.0106811523
-.0036468506
-.0068511963
-.0056304932
-.0054473877
.0077972412
.0043182373
-.0046234131
-.0065765381
.0056762695
.0036468506
.0046997070
-.0018310547
-.0013885498
.0036926270
.0036621094
-.0160064697
-.0131988525
-.0064697266
.0047760010
.0057373047
.0075683594
.0047760010
.0029296875
.0025024414
.0029449463
-.0012969971
.0027618408
.0016326904
-.0008087158
-.0012664795
.0034332275
-.0028381348
-.0015258789
-.0026092529
-.0032501221
.0053558350
-.0065460205
-.0028991699
.0011749268
-.0018768311
-.0037536621
-.0031585693
.0049285889
-.0072174072
.0071105957
.0059204102
-.0037841797
.0030517578
-.0022430420
-.0030670166
-.0032958984
.0046081543
.0020294189
-.0019836426
.0017242432
.0025329590
-.0037078857
-.0047302246
.0094604492
-.0123596191
-.0151367188
.0362396240
.0127563477
-.0377044678
.0143280029
.0157775879
.0367126465
-.0176849365
-.0100555420
-.0201263428
.0094299316
-.0078735352
-.0126037598
-.0088500977
.0082550049
.0092010498
.0037841797
-.0064392090
-.0064849854
.0033416748
.0068511963
.0032501221
-.0051574707
-.0082550049
-.0061492920
-.0046844482
-.0015411377
.0016174316
-.0054168701
.0023345947
-.0041656494
.0043029785
-.0023803711
-.0016784668
-.0012207031
.0023193359
-.0014343262
-.0020446777
-.0035247803
-.0037384033
-.0030364990
-.0045013428
-.0039672852
-.0014953613
-.0011291504
-.0010833740
-.0010833740
-.0013580322
-.0010986328
.0017089844
.0018920898
-.0007019043
-.0024719238
-.0012359619
-.0007781982
.0008239746
-.0009918213
-.0016021729
-.0008544922
-.0009002686
-.0015869141
-.0029602051
-.0026550293
.0026245117
.0012054443
-.0015716553
-.0034332275
-.0022583008
-.0020599365
-.0054168701
.0104522705
-.0090637207
.0054168701
.0055389404
-.0065460205
-.0089874268
.0249786377
.0255584717
-.0159912109
-.0122833252
-.0047302246
-.0076141357
-.0062408447
-.0043029785
.0047302246
-.0028533936
-.0049285889
-.0032501221
-.0019531250
-.0026397705
.0016174316
.0020141602
-.0016632080
-.0096893311
-.0020904541
.0022125244
-.0010375977
-.0039367676
.0017852783
.0015869141
.0008697510
.0018463135
-.0016784668
-.0017089844
-.0007476807
-.0020751953
-.0010375977
-.0025329590
-.0016174316
-.0014953613
-.0011291504
-.0012207031
-.0006408691
.0004119873
.0014801025
-.0012969971
-.0025329590
-.0028533936
-.0010833740
.0011291504
.0008697510
.0007629395
.0016784668
-.0032501221
-.0017852783
.0011138916
-.0009460449
.0014190674
-.0006713867
-.0028839111
-.0029296875
-.0015716553
.0017852783
-.0020599365
-.0048217773
.0077056885
.0031585693
-.0162658691
.0076904297
-.0066833496
-.0052185059
-.0051879883
-.0250091553
.0174255371
.0363006592
-.0115203857
-.0234680176
-.0216369629
.0141906738
-.0147247314
-.0138092041
.0060577393
.0076904297
.0055084229
.0087432861
.0055084229
.0044708252
-.0034027100
-.0041046143
-.0086364746
.0044250488
-.0061492920
-.0033721924
-.0036926270
.0024414063
-.0017242432
.0019683838
-.0015411377
.0012054443
-.0035705566
-.0041961670
-.0019836426
-.0013885498
-.0009460449
-.0027313232
-.0030517578
-.0013275146
.0010528564
-.0016479492
.0005950928
.0012207031
.0016632080
-.0009155273
-.0008544922
.0013122559
-.0029296875
.0027160645
.0022125244
-.0041809082
-.0076141357
.0029907227
-.0042114258
.0017852783
.0015869141
.0037994385
-.0020141602
-.0028839111
-.0057678223
-.0111694336
.0227050781
-.0128479004
-.0120697021
-.0073699951
-.0121765137
.0069427490
.0164337158
-.0029907227
.0137939453
.0062408447
-.0054779053
-.0132598877
.0077514648
-.0201416016
-.0068969727
.0066070557
.0230865479
-.0144958496
-.0199279785
-.0111846924
.0078582764
-.0036163330
.0108642578
.0050964355
-.0053253174
-.0048675537
-.0035095215
.0018463135
-.0036621094
-.0027008057
.0032196045
.0072021484
-.0051727295
-.0033721924
-.0016021729
-.0010833740
.0014495850
-.0015716553
-.0015716553
-.0033264160
-.0024871826
-.0057678223
-.0036773682
.0018463135
.0009613037
.0023803711
-.0010833740
-.0015106201
-.0018463135
.0019531250
.0012359619
.0011901855
-.0028228760
.0025939941
-.0081024170
-.0099029541
-.0034027100
.0088653564
.0068054199
.0064086914
.0050506592
.0065155029
-.0053253174
-.0084686279
-.0090179443
-.0070648193
-.0054473877
.0051879883
.0062255859
.0024719238
-.0049591064
-.0081329346
.0104370117
.0043029785
-.0091400146
.0101776123
.0066223145
.0188903809
-.0068054199
-.0182800293
-.0222167969
.0233154297
-.0279388428
-.0185089111
.0041503906
.0102844238
.0120239258
.0095672607
-.0043182373
-.0044708252
-.0043640137
-.0069274902
-.0059204102
.0047149658
.0043792725
.0040435791
.0040588379
.0040283203
-.0021209717
-.0045471191
-.0039367676
-.0024871826
-.0019073486
-.0017242432
-.0021820068
-.0043029785
-.0031738281
-.0022888184
-.0020751953
-.0022888184
-.0021362305
-.0023345947
-.0017089844
-.0026550293
.0008544922
.0030822754
-.0036468506
.0015106201
.0017242432
.0026245117
.0042419434
.0018157959
.0038909912
.0009460449
.0068817139
.0018920898
-.0015258789
-.0025939941
-.0052795410
-.0063018799
-.0044708252
-.0034332275
-.0037078857
-.0015563965
.0026855469
.0029907227
-.0055847168
.0056304932
-.0032348633
.0033721924
-.0094757080
.0132141113
.0137023926
-.0430755615
.0160827637
.0244903564
.0230712891
-.0235595703
-.0384368896
-.0272216797
.0099182129
.0234680176
.0104675293
-.0037841797
-.0044860840
-.0096282959
-.0085144043
-.0060882568
-.0042724609
-.0040588379
.0057678223
.0038299561
-.0062408447
-.0046386719
-.0048675537
.0021667480
.0028381348
.0028533936
.0023498535
-.0032653809
-.0045623779
-.0034179688
-.0007781982
-.0023803711
-.0035705566
-.0023345947
-.0037841797
-.0020446777
-.0023040771
-.0027923584
.0016021729
.0052337646
.0015411377
-.0011291504
-.0015869141
-.0014343262
.0020904541
.0020294189
.0018920898
-.0006713867
-.0016632080
-.0027465820
-.0037994385
-.0044708252
-.0034027100
-.0012207031
.0009002686
-.0025939941
-.0026702881
-.0034332275
-.0028228760
-.0042724609
.0062103271
.0041503906
-.0108489990
.0074920654
-.0171203613
-.0193634033
.0077667236
-.0077972412
.0074005127
.0084228516
.0369567871
-.0158081055
-.0165252686
-.0154876709
-.0067138672
.0068054199
.0084991455
.0068054199
.0048522949
-.0021057129
-.0041046143
-.0197143555
.0130615234
-.0038604736
.0046386719
-.0046539307
-.0063934326
.0026092529
.0029296875
.0015258789
.0019683838
-.0011596680
-.0023956299
-.0030059814
-.0030364990
-.0034179688
-.0029602051
.0016784668
.0009918213
-.0026550293
-.0022888184
-.0026245117
-.0015411377
.0016632080
-.0009460449
-.0099487305
-.0098571777
.0057678223
.0053558350
-.0021209717
-.0027618408
-.0033416748
.0030059814
-.0020294189
-.0019683838
-.0032958984
-.0017547607
-.0020446777
-.0049591064
-.0026702881
-.0044555664
-.0048980713
-.0042419434
.0046386719
-.0050659180
.0137176514
-.0066833496
-.0100860596
.0138854980
-.0060424805
.0066833496
-.0167694092
.0054473877
.0319976807
.0065307617
.0073242188
-.0076751709
-.0452728271
-.0203247070
-.0130920410
-.0124053955
.0062408447
.0123138428
.0105438232
.0054626465
-.0044555664
-.0033416748
.0179595947
-.0065307617
-.0128479004
.0033416748
.0039978027
-.0066223145
-.0067291260
-.0037689209
-.0034637451
-.0016479492
.0026702881
-.0012817383
-.0027160645
-.0036773682
-.0030517578
-.0037689209
.0027313232
-.0023956299
.0024566650
.0035858154
.0010528564
-.0030670166
-.0018920898
.0022277832
.0034637451
.0018005371
-.0014801025
-.0033264160
.0016326904
-.0028839111
.0020751953
-.0011901855
.0060729980
-.0028381348
.0034027100
-.0032043457
-.0041046143
-.0066986084
-.0062561035
-.0045318604
-.0032348633
-.0028839111
.0031890869
.0093231201
.0182037354
-.0158996582
-.0100860596
.0284881592
.0050659180
-.0178527832
.0062103271
.0102233887
.0083770752
-.0062255859
-.0154724121
-.0352783203
.0398101807
-.0323486328
-.0372467041
.0046234131
.0157318115
.0121307373
.0134887695
.0031585693
-.0063323975
-.0043182373
-.0066223145
-.0034790039
.0035705566
.0019226074
-.0032806396
-.0045013428
-.0033721924
-.0042419434
-.0016479492
-.0022125244
.0027008057
.0017089844
-.0025177002
-.0026550293
-.0019836426
-.0016326904
-.0015411377
.0008239746
.0020599365
-.0019378662
-.0024871826
.0007934570
-.0019073486
-.0030975342
.0013885498
.0030059814
.0018920898
-.0059967041
-.0020751953
-.0043182373
.0024414063
-.0027160645
.0048675537
.0032958984
-.0048675537
-.0058593750
-.0067749023
-.0033721924
-.0126647949
.0086822510
.0028076172
-.0091247559
.0077514648
.0068969727
.0052795410
.0191955566
-.0099639893
.0062255859
.0185394287
-.0048065186
-.0066223145
.0180206299
-.0138702393
-.0128021240
.0053253174
-.0049285889
.0079345703
.0032501221
-.0046997070
-.0065307617
-.0029144287
.0044097900
.0059051514
.0032043457
-.0059967041
-.0017852783
-.0053100586
.0022277832
-.0044860840
-.0029907227
.0010070801
-.0042572021
.0041503906
-.0014801025
-.0013427734
-.0033721924
-.0017089844
.0027923584
.0059509277
-.0034942627
.0026092529
-.0065765381
-.0034332275
-.0029144287
-.0029754639
-.0032043457
.0055541992
.0027008057
.0017242432
.0005035400
-.0066070557
.0045166016
.0063476563
.0071105957
-.0042419434
-.0035705566
-.0030975342
-.0042724609
-.0022583008
-.0022430420
-.0016479492
-.0038146973
-.0034332275
-.0078887939
.0126647949
-.0030670166
-.0034179688
-.0074157715
.0026397705
-.0074310303
.0127105713
-.0111389160
.0058898926
.0092163086
-.0076599121
-.0044860840
-.0040435791
.0135192871
-.0393829346
-.0089569092
.0102996826
.0081481934
.0067749023
-.0077972412
.0052337646
.0035247803
-.0025329590
-.0029296875
.0035552979
-.0084228516
-.0061645508
-.0044097900
-.0019836426
.0028076172
.0062561035
.0022125244
.0025634766
-.0024566650
.0017395020
-.0030364990
-.0024261475
-.0019378662
-.0016326904
-.0015258789
-.0023651123
-.0029144287
-.0024261475
-.0016784668
.0011901855
.0008544922
-.0013427734
-.0007476807
-.0041046143
.0023803711
.0031127930
.0010681152
-.0009918213
-.0022583008
-.0019226074
-.0025177002
-.0017852783
-.0008544922
-.0019531250
-.0031433105
-.0038146973
-.0027465820
.0014953613
.0018005371
.0030517578
.0065307617
.0086059570
-.0103302002
.0097808838
.0033416748
-.0045013428
.0038757324
-.0070343018
.0029754639
.0054626465
-.0041503906
-.0125122070
.0084686279
.0158081055
.0096740723
-.0062561035
-.0048675537
.0032043457
.0059204102
-.0035247803
-.0110778809
.0064392090
.0050506592
-.0079803467
.0091400146
-.0096435547
-.0144348145
-.0076599121
-.0046539307
.0036163330
.0053863525
-.0037384033
.0033416748
-.0013885498
-.0036163330
-.0017852783
-.0025634766
-.0014495850
-.0030212402
-.0018463135
-.0033874512
-.0040893555
-.0012969971
-.0013885498
.0017089844
-.0035858154
.0018768311
.0011138916
.0014648438
.0014801025
.0012664795
.0077056885
-.0041351318
-.0031585693
.0036926270
.0030517578
.0018920898
-.0043945313
-.0038909912
-.0055541992
-.0034027100
-.0042877197
.0096740723
.0057678223
-.0067443848
-.0066070557
-.0034179688
.0041656494
-.0040740967
.0043640137
.0064697266
-.0133819580
.0084533691
-.0083465576
.0045013428
-.0087585449
-.0124206543
-.0076446533
-.0050964355
-.0035705566
-.0099945068
-.0051879883
.0051879883
.0062561035
.0043182373
.0033264160
.0031585693
-.0017547607
-.0032958984
-.0027923584
-.0062561035
-.0051727295
-.0035858154
-.0041503906
-.0027465820
.0020294189
-.0031433105
-.0014343262
-.0011749268
.0034637451
.0044555664
-.0041961670
-.0018920898
-.0043334961
-.0027923584
-.0031585693
-.0018463135
-.0017547607
.0011138916
-.0005645752
-.0009002686
-.0017547607
.0007324219
.0019683838
.0015563965
.0005798340
-.0016784668
-.0017089844
-.0012359619
-.0009613037
-.0015258789
-.0011444092
-.0016632080
-.0019378662
-.0015716553
-.0025177002
-.0012207031
-.0023498535
-.0010833740
.0012512207
.0004425049
-.0005035400
-.0004119873
-.0005645752
.0007934570
-.0013580322
-.0010375977
-.0012054443
-.0008850098
.0008544922
-.0010833740
-.0006561279
-.0007934570
.0007171631
-.0005798340
-.0009918213
-.0016326904
-.0008087158
-.0008239746
-.0010375977
.0007629395
-.0012207031
.0003662109
-.0004577637
-.0011749268
-.0007934570
-.0005950928
.0005493164
-.0006256104
-.0010681152
-.0008850098
-.0011291504
-.0005035400
-.0009155273
-.0008239746
-.0005950928
-.0007781982
-.0005798340
.0005035400
-.0008239746
-.0007171631
-.0009307861
.0005950928
.0004577637
.0003814697
.0007476807
.0007934570
.0004272461
-.0010681152
-.0004425049
.0010986328
.0004882813
-.0009460449
-.0012664795
-.0015411377
-.0008087158
.0009918213
-.0004882813
-.0008544922
-.0007629395
