-.0000762939
-.0000457764
-.0000610352
.0000610352
-.0000457764
.0000457764
-.0000762939
.0003356934
-.0012512207
-.0030975342
-.0033111572
-.0034942627
.0042419434
-.0046386719
.0047454834
-.0057525635
.0088958740
-.0062561035
.0086669922
-.0081939697
-.0095520020
.0079345703
.0113830566
.0079803467
-.0099792480
.0134887695
.0098419189
.0139770508
-.0094757080
.0103759766
-.0114746094
.0104522705
-.0153350830
-.0137176514
-.0108947754
.0157623291
.0183868408
.0148468018
-.0130157471
-.0147705078
-.0119934082
.0139160156
.0139465332
-.0174407959
.0168151855
-.0118408203
-.0231628418
.0177917480
.0138092041
-.0197448730
.0213317871
.0236053467
.0211486816
-.0193634033
-.0217590332
.0210113525
-.0210571289
-.0230712891
.0289764404
-.0209503174
-.0340881348
.0309906006
.0220489502
.0248870850
-.0195007324
-.0209197998
-.0223846436
-.0163574219
.0263824463
-.0232543945
.0258483887
-.0233612061
.0202636719
.0253295898
.0220947266
.0235290527
-.0205841064
.0228118896
-.0275268555
.0218811035
.0236816406
-.0126647949
-.0142517090
.0052185059
.0037078857
-.0026702881
-.0013122559
.0007476807
-.0006103516
-.0004882813
.0003051758
-.0001678467
-.0001525879
.0001525879
.0001220703
-.0002136230
.0001678467
-.0002746582
-.0001220703
.0001373291
-.0001068115
.0001220703
-.0005798340
-.0001220703
-.0001068115
-.0000762939
-.0001068115
.0000915527
-.0000915527
-.0000915527
.0000762939
.0001068115
-.0001068115
.0001220703
.0001220703
.0001068115
.0001525879
-.0001068115
.0000915527
-.0005187988
-.0000915527
.0000915527
-.0001068115
.0000762939
.0000610352
-.0001373291
.0001068115
.0000915527
-.0002288818
-.0012969971
-.0012664795
-.0017089844
.0026550293
.0027160645
-.0028533936
-.0020599365
-.0029602051
.0027618408
-.0041656494
.0048065186
.0059356689
-.0052642822
.0053253174
-.0043640137
-.0058593750
.0055084229
-.0097198486
-.0075073242
-.0068817139
.0079650879
.0062408447
.0055541992
.0071563721
.0078887939
.0074768066
.0080871582
.0081329346
-.0078735352
.0061492920
.0072479248
-.0101318359
-.0088348389
.0064239502
.0109710693
.0069885254
-.0074310303
.0132598877
-.0087585449
-.0108184814
-.0094757080
-.0105285645
.0114593506
-.0135650635
-.0107269287
.0106658936
.0148925781
-.0110778809
-.0122985840
.0083923340
.0107269287
.0104064941
.0123901367
.0124511719
-.0124511719
.0125732422
-.0189514160
-.0185699463
-.0173187256
-.0139617920
-.0131683350
.0201416016
-.0179290771
-.0263214111
-.0149078369
.0114135742
-.0145721436
.0147705078
.0156860352
-.0164489746
.0242004395
-.0160827637
.0188446045
.0128631592
.0137023926
.0150604248
.0129699707
-.0168457031
.0191345215
-.0252990723
-.0187835693
.0129852295
-.0213928223
.0176086426
-.0175323486
.0173645020
.0146942139
-.0142974854
.0101623535
-.0155792236
-.0142974854
.0123901367
.0121459961
.0131835938
-.0104827881
.0104675293
-.0101623535
-.0073852539
-.0036926270
.0022583008
.0022583008
-.0012817383
.0007476807
.0003356934
.0003967285
-.0002899170
-.0001983643
-.0001373291
.0001525879
-.0002593994
-.0001831055
.0001220703
.0000915527
-.0001220703
-.0001068115
.0000915527
.0000915527
.0000457764
.0000610352
-.0000610352
.0000457764
-.0000457764
.0000457764
.0000457764
.0000762939
-.0007476807
.0040740967
.0047149658
.0045623779
.0048980713
.0045776367
-.0054931641
.0084991455
-.0089721680
-.0077209473
.0079040527
-.0082092285
.0130157471
.0131988525
-.0129699707
.0139312744
-.0136413574
-.0127105713
-.0165557861
-.0172729492
-.0174713135
-.0174407959
.0189666748
.0149688721
-.0182647705
.0208587646
-.0130462646
.0170593262
.0155334473
-.0178985596
-.0198822021
.0175781250
-.0201110840
.0199127197
.0215301514
.0216522217
.0223999023
-.0236511230
.0233459473
-.0264739990
-.0284118652
-.0330352783
.0240325928
.0338592529
-.0328216553
.0325927734
-.0325927734
-.0244140625
-.0241394043
-.0242767334
.0326385498
.0236663818
-.0318145752
.0341949463
-.0238189697
-.0243225098
.0208892822
.0163116455
.0060882568
-.0024566650
-.0016632080
.0013122559
-.0007019043
-.0005035400
.0003509521
-.0004272461
.0003051758
-.0001678467
.0001983643
.0001373291
-.0001220703
.0001373291
-.0001525879
-.0001068115
-.0000915527
.0001220703
-.0001068115
-.0001068115
.0001068115
.0000762939
-.0000610352
-.0000762939
-.0000610352
.0000610352
.0000762939
.0000762939
-.0000610352
-.0000762939
-.0000457764
-.0000610352
.0000762939
-.0000762939
-.0005950928
-.0023498535
-.0034942627
.0052795410
.0058898926
.0048980713
-.0063476563
.0054779053
.0054473877
.0068511963
-.0080413818
-.0084991455
-.0099487305
.0124816895
.0096588135
.0122985840
-.0101318359
-.0133209229
.0142059326
-.0114746094
.0106048584
.0138092041
-.0135955811
.0149230957
-.0133972168
.0113067627
-.0119018555
-.0128021240
-.0160369873
-.0175781250
-.0154571533
-.0193634033
-.0172882080
-.0270385742
.0279693604
.0225677490
-.0342864990
-.0385437012
.0201263428
.0180053711
-.0219573975
-.0293884277
-.0211334229
-.0260314941
-.0297393799
.0217285156
-.0216064453
-.0297698975
.0292358398
.0202484131
.0220794678
-.0168762207
.0113067627
.0042572021
-.0033721924
.0014953613
-.0010223389
-.0007629395
.0004730225
-.0007324219
-.0002441406
-.0001678467
.0001525879
.0001373291
-.0000610352
-.0000610352
.0000610352
.0000915527
.0000762939
-.0000610352
.0000762939
-.0000762939
.0000610352
-.0000610352
-.0000762939
-.0000610352
-.0000762939
-.0000610352
.0000457764
-.0000457764
.0000762939
.0000610352
.0000610352
.0000762939
.0000610352
-.0000610352
.0000762939
.0000762939
-.0000762939
-.0000762939
.0000762939
-.0000762939
.0000762939
.0000610352
-.0000915527
-.0000610352
.0000762939
-.0000915527
-.0000915527
-.0000762939
.0000762939
.0000610352
-.0000762939
-.0013122559
.0050811768
.0054626465
-.0025482178
-.0029754639
-.0021514893
-.0023498535
-.0039215088
-.0082397461
-.0098876953
.0111083984
.0119476318
.0167388916
-.0196533203
-.0204315186
.0218505859
.0257110596
-.0345001221
.0359954834
-.0308380127
.0203857422
-.0225677490
-.0184783936
-.0126800537
-.0067291260
-.0029754639
.0016632080
-.0013885498
-.0007476807
-.0004577637
-.0004425049
-.0002899170
.0002746582
-.0001525879
.0001525879
-.0001220703
-.0001220703
.0001068115
.0000762939
.0001068115
.0001068115
-.0000915527
.0000610352
.0000762939
.0000762939
-.0000457764
-.0000610352
-.0000457764
-.0000610352
-.0000915527
-.0000610352
.0000762939
.0000610352
-.0000610352
-.0000610352
-.0000457764
-.0000762939
-.0000457764
-.0000610352
.0000762939
.0015411377
.0064849854
-.0064239502
-.0077972412
.0067596436
-.0092468262
-.0114288330
.0135040283
-.0139007568
-.0084381104
.0098724365
.0064239502
-.0027923584
-.0014495850
-.0014343262
.0017852783
-.0025787354
.0034484863
-.0040893555
-.0026092529
-.0032348633
-.0041046143
-.0031585693
-.0028686523
.0059661865
-.0066833496
.0047912598
.0079803467
.0158843994
.0126190186
.0118713379
-.0121002197
-.0107421875
.0084228516
.0089721680
-.0086212158
-.0033264160
-.0024414063
.0021820068
-.0023803711
.0032196045
-.0038146973
.0051574707
.0056457520
.0073242188
-.0082550049
.0069580078
-.0059814453
.0051574707
-.0081634521
.0045013428
.0046844482
-.0035705566
.0017089844
.0016174316
.0012817383
.0022125244
.0034332275
-.0023956299
-.0025024414
-.0028686523
.0042572021
.0034637451
.0028076172
-.0033721924
-.0045928955
.0067138672
.0081939697
-.0081787109
-.0162353516
.0154266357
-.0092926025
.0049743652
-.0018157959
.0023956299
.0019836426
-.0030059814
-.0032806396
.0038452148
.0061645508
-.0052795410
.0094146729
-.0089263916
-.0123901367
-.0100860596
-.0095062256
.0093231201
.0060577393
.0095825195
-.0049896240
.0040893555
.0038604736
-.0032501221
-.0027313232
-.0042419434
-.0032806396
-.0059509277
.0043182373
-.0068664551
.0064392090
.0049438477
.0049285889
-.0036773682
-.0045471191
.0073242188
.0064392090
.0070190430
.0071411133
-.0112304688
-.0048522949
.0033721924
.0024719238
-.0016479492
-.0023956299
-.0034332275
-.0038604736
.0038909912
-.0041046143
.0052642822
.0104522705
-.0081939697
-.0071868896
.0100402832
-.0100402832
.0102233887
-.0119934082
-.0095520020
.0064697266
.0055694580
.0051727295
-.0037841797
-.0006408691
.0003967285
.0002593994
.0001831055
-.0001068115
-.0000762939
-.0000762939
-.0000762939
-.0000762939
-.0000915527
.0000762939
-.0000610352
.0000762939
.0000762939
.0000762939
-.0000610352
-.0000610352
.0000762939
-.0000610352
.0000762939
.0000610352
.0000610352
.0000915527
-.0000915527
-.0000762939
.0000610352
.0000915527
-.0000610352
-.0000610352
-.0000762939
-.0000610352
.0000915527
-.0000762939
-.0000610352
-.0000610352
.0001068115
-.0007629395
.0012664795
.0017852783
-.0022888184
.0033721924
.0022888184
-.0028076172
-.0032806396
.0039367676
-.0057220459
-.0039825439
.0077056885
-.0067138672
.0080566406
-.0063476563
.0071716309
-.0075225830
-.0083160400
-.0061035156
.0057983398
.0055541992
.0048828125
.0039215088
.0010528564
.0009002686
.0004425049
.0003356934
.0001983643
.0001220703
.0001068115
.0001220703
-.0000915527
.0000762939
.0000610352
.0000762939
-.0000610352
.0000610352
-.0000610352
-.0000915527
.0000610352
.0000610352
.0000762939
.0000457764
-.0000762939
.0000610352
.0000762939
.0000610352
-.0000610352
.0000457764
.0000610352
.0000762939
.0001068115
.0002441406
-.0010986328
.0012969971
-.0016021729
.0022888184
-.0027160645
-.0037841797
.0053863525
-.0057678223
.0067291260
-.0084991455
-.0079193115
.0087432861
.0092010498
-.0107727051
.0097961426
-.0099639893
-.0097656250
-.0070190430
-.0072326660
.0066833496
-.0057525635
-.0049438477
-.0029296875
-.0032653809
-.0015869141
-.0010528564
-.0004882813
-.0003662109
-.0002899170
.0001678467
-.0001831055
-.0001220703
.0000915527
-.0000762939
-.0000915527
.0000915527
.0000610352
.0000610352
.0000610352
.0000762939
-.0000762939
-.0000762939
.0000610352
-.0000457764
-.0000610352
-.0013580322
-.0030517578
.0031280518
.0031738281
.0019836426
.0033264160
.0042724609
-.0063781738
-.0092315674
.0090179443
-.0067291260
-.0100250244
-.0124511719
-.0079193115
.0080871582
.0091247559
.0070343018
-.0075225830
-.0082244873
-.0058593750
-.0056610107
.0051422119
-.0046234131
.0032806396
-.0031890869
.0015716553
.0009002686
.0005493164
-.0003662109
-.0002136230
-.0001373291
-.0001220703
-.0000915527
-.0000762939
-.0000762939
.0000610352
.0000915527
-.0000762939
-.0000762939
-.0000762939
-.0000610352
-.0000457764
.0000915527
.0000762939
-.0000762939
.0000610352
.0016174316
-.0023498535
.0039520264
.0040588379
-.0035095215
-.0034179688
-.0041961670
.0065155029
-.0058441162
-.0048522949
-.0072784424
-.0072631836
.0097656250
-.0108947754
.0122985840
.0114593506
-.0100708008
-.0080261230
.0116882324
-.0100250244
.0152130127
-.0090942383
.0047149658
-.0061187744
-.0054168701
.0032043457
-.0020751953
-.0009002686
.0005798340
-.0004730225
-.0002288818
.0001678467
-.0000915527
-.0000915527
.0000915527
-.0000610352
.0000610352
-.0000762939
.0000610352
-.0000762939
.0000762939
.0000610352
-.0000762939
.0000457764
.0000762939
.0000762939
-.0000915527
.0000610352
-.0000762939
.0000915527
.0000762939
-.0000457764
-.0000457764
.0000762939
-.0000610352
.0000610352
.0000762939
.0000610352
-.0000762939
-.0000915527
-.0000762939
.0000610352
-.0000610352
.0000610352
-.0000610352
.0000762939
-.0000762939
-.0000762939
.0000762939
-.0003204346
.0041046143
-.0048065186
.0066375732
.0043182373
-.0035552979
.0035095215
.0020141602
-.0026245117
.0030822754
-.0034790039
.0052642822
-.0039367676
.0049438477
-.0050659180
-.0042114258
.0021209717
.0019226074
.0009765625
.0004272461
-.0003967285
-.0001983643
.0001831055
-.0001373291
-.0001068115
.0001068115
.0000915527
.0000762939
.0000762939
-.0000762939
-.0000762939
-.0022888184
-.0039215088
-.0040435791
-.0046691895
.0036468506
-.0025024414
-.0023498535
-.0043945313
-.0025177002
.0034332275
.0027465820
-.0030212402
.0017242432
.0012817383
-.0003356934
-.0001831055
.0000915527
-.0000915527
.0001220703
-.0000915527
-.0000610352
-.0000610352
-.0000762939
.0000610352
.0000610352
-.0000915527
-.0000915527
.0000610352
.0059356689
-.0044860840
-.0048217773
.0041656494
-.0026855469
.0018005371
.0021362305
-.0022735596
-.0033111572
.0033111572
-.0034484863
-.0033264160
.0046539307
.0043792725
-.0046386719
-.0041809082
.0037231445
.0033416748
.0034942627
.0024108887
.0018157959
.0014648438
-.0004882813
-.0002899170
-.0001678467
.0001373291
-.0001220703
-.0001068115
-.0000915527
-.0000610352
.0000610352
.0000610352
-.0000610352
.0000610352
-.0000610352
.0000457764
-.0000610352
.0000457764
.0000610352
.0000610352
-.0000457764
-.0000610352
.0000457764
.0000610352
.0000457764
.0000762939
-.0000610352
.0000610352
.0000457764
.0000457764
.0000457764
-.0000457764
.0000610352
.0000610352
.0000610352
-.0050659180
