.0056762695
.0034637451
-.0064697266
-.0073699951
.0077514648
.0108795166
-.0133361816
-.0115814209
.0160369873
.0155792236
-.0205230713
-.0155334473
-.0197753906
.0276947021
-.0348968506
-.0183410645
.0393829346
.0470886230
-.0316009521
-.0336914063
.0234985352
.0342559814
-.0408477783
-.0415496826
-.0254211426
.0302124023
.0312652588
-.0387725830
-.0495147705
.0400238037
.0331115723
-.0403747559
-.0325775146
-.0274810791
.0277404785
.0301971436
-.0350341797
-.0405273438
.0475006104
.0496826172
.0402984619
-.0405578613
.0479736328
.0461120605
-.0471801758
-.0309295654
-.0442962646
.0355987549
.0428619385
-.0317382813
-.0368499756
.0353393555
.0331726074
-.0312500000
-.0380401611
.0251007080
-.0296936035
-.0430145264
-.0293884277
.0450134277
.0384826660
-.0411682129
.0419311523
.0417022705
-.0501251221
-.0461273193
.0386047363
.0475158691
-.0495910645
-.0638732910
.0576629639
.0658721924
-.0690612793
.0638275146
.0575714111
-.0516662598
-.0626678467
.0644989014
.0581207275
-.0647888184
-.0685272217
.0761108398
-.0847320557
-.0826721191
.0673370361
.0842437744
-.0928649902
-.0842132568
.0921020508
.0937042236
-.0677185059
-.0977020264
.0934906006
.0719757080
-.0921325684
.0984649658
.0932617188
-.1026000977
-.0948333740
.0862121582
.0872039795
-.0769042969
.0811157227
.0897521973
-.0752258301
-.0867919922
.0856170654
.0658416748
-.0770263672
-.0910949707
.0650939941
-.0768737793
-.0817108154
.0491485596
.0716552734
-.0775451660
-.0636138916
.0620117188
-.0720977783
-.0595397949
.0669097900
.0695800781
-.0856323242
-.0840301514
.0862731934
.0559692383
-.0643615723
-.0593414307
.1068878174
-.0703430176
-.0821228027
.0632019043
.0816802979
-.0760955811
-.0445251465
.0790405273
-.0444793701
-.0689392090
.0399627686
.0312957764
-.0718536377
-.0682373047
.0713348389
-.0628662109
-.0586395264
.0473327637
.0861968994
-.0836639404
.0725860596
.0610046387
-.0743255615
-.0556945801
.0636138916
-.0537109375
-.0608825684
.0659332275
.0590209961
-.0551147461
-.0504302979
.0426483154
-.0644989014
-.0690765381
.0541381836
.0465393066
-.0487823486
.0450134277
.0401611328
-.0431823730
.0354614258
.0535736084
-.0420989990
.0439910889
.0567932129
-.0506439209
-.0530853271
.0624542236
-.0413665771
-.0664215088
.0466766357
-.0510864258
-.0566406250
.0582885742
.0503540039
-.0503234863
.0491485596
.0443267822
-.0616760254
.0646972656
.0732421875
-.0854797363
.0713348389
.0797424316
-.0718688965
-.1018371582
.1046142578
.1750030518
-.1018218994
-.1330718994
.1062622070
-.0905456543
-.0926971436
.0600128174
.1501617432
-.0982818604
.1165618896
-.1011810303
-.0935821533
-.0717163086
.0697631836
-.1178131104
-.0998077393
.0689392090
.0762481689
-.0779266357
.0696411133
.0666961670
-.0660095215
-.0665740967
.0835418701
.1033172607
-.0436553955
-.0563201904
.0938720703
-.0541534424
-.0899505615
.0557556152
-.0732574463
-.0658721924
.0843200684
.0652160645
-.0544281006
.0521545410
.0556488037
-.0510559082
-.0523681641
.0738220215
.0657653809
-.0643005371
.0445709229
-.0721130371
-.0870361328
-.0815277100
.0681762695
.0596313477
-.0779571533
-.0668182373
.1156616211
-.0932922363
-.0761413574
.0762176514
.0603637695
-.0639801025
.0641326904
.0651702881
-.0670471191
-.0588684082
.0656585693
-.0537261963
-.0736541748
-.0720062256
-.1090698242
-.0800781250
.0565185547
-.0817260742
-.0405120850
-.0815734863
.0548706055
.0722198486
-.0384826660
-.0268096924
.0399017334
-.0241088867
-.0221862793
.0231933594
-.0260314941
-.0227050781
-.0220947266
.0392456055
-.0384368896
-.0373840332
.0363464355
.0124969482
-.0206298828
-.0300750732
-.0482635498
.0534210205
-.0419769287
.0388183594
-.0525207520
-.0339355469
-.0307769775
.0485534668
-.0585479736
-.0326690674
.0266723633
-.0397033691
-.0364227295
.0282440186
-.0426788330
.0491333008
-.0336456299
.0423583984
-.0792846680
-.0609283447
.0833435059
-.0489501953
-.0714721680
-.0700683594
.0491027832
.0635070801
-.0553894043
-.0536041260
-.0578765869
-.0427703857
.0436706543
-.0430755615
-.0387573242
-.0637207031
.0906677246
-.0588531494
-.0399322510
-.0323028564
.0336151123
-.0245513916
-.0377655029
.0404968262
.0565338135
-.0642547607
-.0577545166
.0385131836
-.0332489014
-.0425262451
-.0522308350
.0691223145
-.0503234863
-.0586090088
.0538482666
-.0465698242
-.0577697754
.0564422607
-.0426025391
-.0399475098
-.0670623779
.0659637451
-.0443725586
-.0555267334
-.0834808350
-.0069580078
-.0185241699
.0089263916
-.0288085938
-.0159301758
-.0189819336
-.0211944580
.0151214600
.0149841309
-.0162811279
.0133361816
-.0270385742
-.0252075195
-.0155487061
-.0206451416
-.0135192871
.0113220215
-.0156555176
-.0249633789
.0207366943
.0257873535
-.0338592529
-.0148925781
.0108337402
.0194549561
-.0174865723
-.0279846191
.0323638916
-.0322265625
-.0345001221
-.0254821777
-.0305633545
.0267639160
-.0523223877
-.0233001709
.0345153809
-.0312347412
-.0550842285
.0504608154
.0338134766
-.0499420166
-.0417327881
.0314941406
-.0502166748
-.0268249512
-.0355834961
.0259399414
.0386352539
.0511932373
.0231781006
-.0323486328
.0551452637
-.0506591797
.0588531494
-.0496063232
.0601654053
.0772399902
-.0334930420
-.0423278809
-.0619354248
-.0369873047
-.0308990479
.0275878906
-.0270996094
-.0294952393
.0378265381
-.0269622803
.0395812988
.0207214355
.0270843506
.0357971191
-.0598602295
.0429840088
-.0416564941
-.0286102295
.0290985107
.0340118408
-.0313720703
.0294036865
-.0425415039
.0391540527
.0255889893
-.0394134521
.0413665771
.0226593018
-.0393829346
.0402221680
.0309143066
-.0323181152
-.0571594238
.0487976074
-.0381164551
-.0633239746
-.0317077637
.0278015137
-.0545806885
.0550994873
.0249633789
.0368957520
.0391235352
-.0391693115
.0556335449
-.0606842041
-.0534973145
-.0365600586
.0414886475
.0642089844
.0456848145
-.0509033203
-.0800933838
-.0569458008
-.0441589355
-.0821380615
.0534210205
.0477447510
-.0615081787
-.0695800781
-.0656738281
.0681152344
-.0585937500
-.0478515625
.0659179688
-.0624389648
-.0848846436
-.0629425049
-.0537567139
-.0814208984
.0561981201
.0637664795
-.0578918457
-.0532836914
-.0442810059
.0630493164
-.0428009033
.0549468994
-.0524291992
-.0528717041
-.0827636719
.0580291748
.0481872559
.0491485596
.0491638184
-.0482635498
.0486907959
-.0463104248
-.0579376221
.0407562256
.0581512451
.0490722656
.0405426025
-.0296783447
-.0527496338
-.0371704102
.0333404541
-.0330657959
.0616149902
-.0570678711
.0373382568
-.0459747314
-.0439453125
-.0409545898
.0314788818
.0341796875
-.0615386963
.0468139648
-.0326843262
-.0440216064
.0479125977
.0553283691
.0333251953
-.0308990479
.0519714355
-.0511627197
.0232543945
-.0259552002
-.0556335449
-.0508575439
-.0459747314
.0273437500
.0465850830
.0395050049
-.0457916260
.0501403809
-.0364074707
-.0364990234
.0537567139
.0391540527
-.0566711426
.0337371826
-.0487670898
-.0401916504
-.0270233154
-.0404510498
-.0344085693
-.0433044434
.0385742188
-.0438995361
.0538635254
-.0319061279
.0396270752
.0328521729
-.0377197266
-.0428771973
-.0328521729
.0247344971
-.0346221924
.0253906250
-.0525207520
.0309448242
.0507659912
.0450744629
.0335083008
-.0397796631
.0502624512
-.0326843262
-.0364990234
.0289916992
-.0399322510
.0337677002
-.0391235352
.0223999023
.0314636230
.0248107910
-.0409851074
-.0289154053
-.0330047607
-.0338592529
-.0248413086
-.0328521729
-.0270385742
.0224914551
.0250854492
.0365295410
.0437469482
-.0293273926
-.0358123779
.0352478027
-.0400390625
-.0305480957
.0354766846
-.0430145264
.0428619385
-.0474243164
-.0438079834
-.0333709717
.0337371826
-.0186157227
-.0359802246
.0399475098
-.0271301270
-.0357360840
-.0182189941
-.0328826904
-.0337677002
-.0202789307
.0316009521
.0234527588
-.0446014404
-.0160522461
.0274353027
-.0387115479
.0220947266
-.0618438721
-.0393829346
-.0354919434
-.0335693359
-.0406341553
-.0422973633
-.0239105225
.0410308838
-.0318756104
-.0335693359
-.0335693359
.0305633545
-.0466308594
.0225067139
.0406951904
-.0344543457
.0266723633
-.0438079834
.0302429199
.0320587158
-.0286102295
-.0248107910
-.0446472168
-.0223999023
-.0399475098
-.0361633301
.0308990479
-.0305786133
.0205383301
-.0423126221
.0289154053
.0414123535
.0334472656
-.0245056152
-.0466003418
.0175323486
-.0360565186
-.0298309326
-.0254364014
.0451965332
-.0299224854
.0458221436
.0228729248
-.0420074463
.0363769531
.0280303955
-.0410003662
-.0245208740
.0471038818
-.0421295166
.0428009033
-.0430297852
-.0292968750
.0354614258
.0235290527
.0534973145
-.0330505371
-.0311584473
-.0331268311
.0182495117
-.0315246582
-.0377349854
.0345001221
.0287780762
.0370025635
-.0479583740
-.0225219727
-.0539855957
-.0361785889
-.0393981934
-.0488891602
.0663909912
-.0691070557
-.0486145020
-.0321350098
.0257110596
-.0328369141
-.0407409668
-.0232543945
-.0305023193
-.0264434814
-.0377807617
-.0299224854
.0331420898
-.0372161865
-.0156860352
-.0369873047
.0292510986
-.0238494873
-.0366210938
-.0211181641
-.0389251709
-.0347290039
.0297241211
.0337219238
-.0355224609
-.0502471924
.0269012451
-.0486602783
-.0502166748
.0456390381
.0384216309
-.0522918701
.0539855957
.0512237549
.0614318848
-.0523986816
-.0355987549
.0525512695
-.0379791260
-.0541076660
-.0423736572
-.0299072266
-.0494232178
-.0345458984
.0421905518
.0400543213
-.0543365479
-.0427246094
.0327758789
-.0468292236
-.0463714600
.0621337891
-.0459442139
-.0365447998
-.0529937744
.0350036621
-.0564422607
-.0690765381
.0479125977
-.0472717285
-.0800018311
-.0477600098
.0475006104
-.0718536377
.0400695801
.0599212646
.0592956543
-.0621490479
-.0492401123
.0262603760
-.0425109863
.0426483154
.0483245850
-.0396423340
-.0337677002
.0504302979
-.0492095947
-.0726928711
-.0550231934
.0551452637
.0634765625
-.0724639893
.0730285645
-.0307922363
.0590820313
.0330657959
-.0333557129
-.0642395020
-.0831604004
-.0464324951
.0496826172
.0675964355
.0328216553
-.0529632568
-.0710906982
-.0767211914
.0816497803
-.0557708740
-.0390319824
.0288085938
-.0755462646
-.0489959717
.0854034424
.0735626221
-.0533294678
.0644226074
-.0503845215
-.0770568848
.0528717041
.0596313477
-.0784149170
-.0935821533
.0543212891
.0462646484
.0644989014
-.0534973145
-.0575866699
-.0551910400
-.0703735352
-.0524597168
-.0649719238
.0639038086
-.0723266602
-.0595397949
-.0679321289
.0544738770
-.0587463379
-.0752258301
.0780334473
.0630493164
.0800933838
.0907745361
-.0613555908
-.0755920410
.0674743652
.0512695313
-.0884094238
.0712432861
-.0656280518
-.0602111816
.0369262695
-.0566558838
-.0606689453
-.0591735840
.0394287109
.0581359863
-.0524139404
.0330200195
-.0768432617
.0478515625
.0301513672
-.0809631348
-.0856475830
.0692291260
.0566253662
-.0439453125
.0461578369
-.0371856689
-.0358428955
-.0399475098
-.0319213867
-.0464019775
.0666961670
.0347442627
-.0800781250
.0716247559
.0603790283
-.0406036377
.0505676270
.0338592529
-.0817565918
.0703735352
.0730590820
.0500335693
.0610046387
.0969238281
-.0634307861
.0783386230
.0640258789
-.0793457031
.0457763672
.0489807129
.0505981445
.0796813965
-.0547943115
-.0522918701
.0548248291
.0307617188
-.0856628418
.0503387451
-.0389404297
.0767669678
-.0334930420
-.0640869141
-.0690002441
.0478210449
-.0631713867
-.0804595947
.0809631348
.0712738037
-.0632019043
.0503845215
-.0584716797
-.0273742676
.0553741455
-.0342102051
-.0751647949
.0619049072
-.0697631836
-.0582885742
.0542297363
.0536346436
.0550994873
-.0922851563
-.0771942139
.0680236816
.0363769531
-.0583648682
.0513763428
-.0711822510
-.0616302490
-.0567016602
-.0662078857
.0486297607
-.0668640137
-.0496520996
.0352478027
-.0484771729
.0650634766
-.0555419922
-.1011352539
.0580444336
-.0877838135
-.0682830811
.0872344971
-.0610198975
-.0787506104
-.0415039063
-.0452270508
.0572357178
-.0418853760
.0520324707
.0534362793
-.0742187500
.0449218750
.0585021973
-.0852355957
.0426940918
-.0737304688
.0369720459
-.0713958740
-.0453491211
-.0701599121
.0514984131
-.0298614502
-.0597686768
-.0789031982
.0765838623
-.0669250488
.0612792969
.0517425537
-.0508422852
.0631103516
-.0592498779
-.0700988770
-.0664062500
.0508117676
.0481567383
.0566253662
-.0616149902
-.0615386963
-.0645904541
.0692749023
.0489349365
-.0457611084
.0681457520
-.0421295166
.0656127930
.0490264893
-.0553894043
.0555877686
.0426940918
.0400543213
-.0609741211
-.0641479492
-.0483551025
-.0479278564
.0422363281
-.0313568115
-.0348052979
.0454559326
-.0382080078
.0454864502
.0371856689
-.0389556885
-.0205383301
-.0223999023
.0232391357
.0226745605
-.0316162109
.0152282715
-.0220642090
.0194091797
.0161285400
-.0199127197
.0225524902
-.0153350830
-.0220031738
.0163574219
.0212402344
-.0102691650
-.0140533447
.0078887939
-.0081176758
-.0076293945
-.0093841553
-.0089721680
.0069580078
-.0057983398
.0031585693
.0015869141
-.0009460449
