-.0000305176
-.0000305176
.0000305176
.0000305176
.0000305176
.0000305176
-.0000305176
.0000305176
.0000305176
-.0000305176
.0000305176
-.0000305176
-.0000305176
.0000305176
.0000305176
.0003814697
.0005950928
.0009460449
.0011901855
.0024108887
.0018310547
.0024719238
-.0030975342
.0031585693
.0035095215
.0026245117
.0041809082
.0054779053
.0034484863
.0046691895
.0045776367
.0087585449
.0089721680
-.0065460205
.0071105957
.0100860596
.0068206787
.0100555420
-.0100402832
.0085601807
-.0112457275
.0079803467
.0123748779
.0144500732
.0129241943
.0109405518
.0137023926
.0101318359
.0097503662
.0109558105
-.0183258057
.0168151855
.0128784180
.0138397217
.0171813965
.0126953125
.0115203857
.0137176514
.0174102783
.0179290771
.0234680176
.0158233643
.0169372559
.0255889893
.0212097168
.0327148438
-.0113983154
.0143585205
.0239257813
.0191192627
.0193023682
.0214233398
.0193481445
.0303039551
.0159454346
.0225982666
-.0212402344
.0199584961
.0220642090
.0301818848
.0227813721
.0149230957
.0443572998
.0254821777
.0333099365
-.0246429443
.0335235596
.0300140381
.0238189697
.0252990723
.0431518555
.0172882080
.0307006836
.0279998779
.0480957031
.0650939941
.0336608887
.0330963135
.0252227783
-.0419921875
.0353393555
.0317535400
.0780334473
-.0469818115
.0363159180
.0435638428
.0278625488
.0368499756
.0337982178
.0352020264
.0491943359
.0534820557
-.0398712158
.0571136475
-.0342559814
.0395965576
.0553588867
.0636901855
.0492248535
.0670776367
.0425415039
.0857543945
.0505218506
.0592498779
.0607147217
.0553588867
.0655212402
.0513305664
.0439758301
-.0421295166
.0517425537
-.0427856445
.0338745117
.0385894775
.0332641602
.0738677979
.0419769287
.0314483643
.0391082764
.0447692871
.0718688965
.0620574951
.0425262451
.0448608398
-.0400085449
.0492401123
.0356445313
.0601959229
-.0651245117
.0524291992
.0399017334
.0355987549
.0737304688
.0412292480
-.0427398682
.0419158936
.0378875732
.0375518799
-.0407257080
.0484619141
.0527038574
.0529632568
.0376129150
-.0491027832
.0545959473
.0481414795
.0482788086
-.0372314453
-.0307006836
.0536041260
.0517578125
-.0316467285
.0322875977
-.0491027832
-.0385589600
.0484619141
.0409088135
-.0362243652
.0544433594
-.0348052979
.0599670410
.0432281494
.0414581299
.0415191650
-.0329284668
-.0377807617
-.0301971436
.0349426270
-.0339813232
.0342407227
.0344390869
.0383300781
-.0332031250
-.0295867920
-.0293579102
-.0291290283
.0415649414
.0457305908
-.0457611084
-.0434570313
-.0459747314
.0431365967
.0324249268
-.0440521240
-.0379180908
.0400390625
.0433807373
-.0433349609
.0346984863
-.0322570801
.0559082031
.0429534912
.0654296875
.0492553711
.0370941162
.0455017090
.0352325439
.0433654785
-.0451965332
.0384826660
.0318450928
-.0306091309
-.0357666016
.0325164795
.0340576172
-.0601501465
-.0453338623
-.0445404053
.0419464111
-.0458526611
-.0435333252
.0521392822
.0480041504
-.0725860596
.0546722412
-.0374908447
-.0434875488
.0414581299
.0467071533
-.0336914063
.0393218994
.0373687744
.0369567871
.0618133545
.0712432861
-.0321350098
.0574951172
.0467987061
.0361480713
.0453491211
-.0458374023
.0552062988
.0577697754
.0357666016
.0464172363
-.0682678223
.0609130859
.0531463623
.1035003662
.0265045166
.0375976563
-.0341033936
.0382232666
-.0469207764
.0567321777
.0387725830
-.0741882324
-.0391082764
.0390167236
.0520324707
.0507965088
.0425415039
.0387115479
-.0864105225
.0348052979
.0449218750
.0630340576
.0446319580
-.0342712402
.0437774658
.0397338867
.0513000488
.0471343994
.0320892334
.0415039063
.0419311523
-.0440521240
-.0374145508
.0419006348
.0381011963
-.0491638184
.0393524170
.0542602539
.0596008301
.0568847656
.0618133545
.0459747314
.0465850830
-.0407867432
.0495758057
.0379486084
.0359191895
.0404052734
-.0543823242
.0548095703
-.0542602539
.0478668213
.0492553711
-.0439910889
.0486602783
.0541381836
.0549468994
.0468292236
.0651855469
-.0506439209
-.0535888672
.0408020020
-.0330505371
-.0481567383
.0652160645
-.0499572754
-.0338134766
.0458526611
.0463104248
-.0332641602
-.0487060547
.0356445313
-.0423736572
.0332489014
.0710906982
-.0817718506
.0487823486
.0584869385
.0471801758
-.0380859375
.0402679443
.0612487793
-.0497131348
.0396728516
.0433197021
-.0449523926
-.0314178467
-.0597991943
.0458068848
.0553741455
-.0471801758
.0565032959
.0790863037
-.0328826904
-.0685424805
.0462493896
.0330963135
.0741271973
.0713348389
-.0801239014
.1211547852
-.0618133545
.0721435547
-.0611114502
.0496673584
.1051635742
-.1057281494
.0816955566
.1098327637
-.0719909668
.0937957764
.0758056641
-.0634155273
-.0432586670
.0861053467
.0974578857
-.0391693115
.0928039551
.0576629639
.0618743896
.0762176514
-.0652160645
.0682525635
-.0958862305
-.0515899658
.0868225098
-.0666656494
.0771484375
.0736389160
.0650634766
.0541534424
.0580902100
-.0625305176
-.0572814941
-.1073303223
.0603027344
.0707550049
-.0589599609
-.0643005371
.0829315186
-.0614013672
.0729370117
.0931854248
-.0645294189
-.0948791504
-.0893554688
-.0495452881
-.0570373535
-.0617980957
.0532989502
.0639495850
.0533142090
-.0591430664
-.0517883301
.0628509521
-.0546112061
.0863037109
.0729370117
.0527191162
-.0697326660
-.0693359375
.0701904297
-.0412292480
-.0928649902
-.0600585938
.0923309326
.0600738525
-.0572967529
.0600128174
.0503234863
-.0798339844
.0834197998
.0812225342
-.0600280762
-.0713806152
.1085357666
-.0788574219
-.0555725098
-.1114501953
.0879821777
-.1092987061
-.0990600586
.0856628418
.0763702393
-.0897369385
.0994567871
-.1441802979
.0964660645
-.1096801758
.0872497559
.0924682617
-.0767822266
-.0856170654
-.1054840088
.0762939453
-.0927886963
-.0786743164
.0681457520
.0913848877
-.0675048828
.0914306641
.0978546143
.1009368896
-.0855407715
.1042633057
.1262969971
-.1242218018
.0551300049
.1332092285
-.1099395752
-.1396026611
-.0715026855
-.1213531494
-.0939331055
.0987396240
.1788482666
-.0994720459
.0953216553
.0956115723
-.1454010010
-.0963134766
.0811309814
-.1145935059
-.1183166504
.0869750977
.1046447754
.1265869141
-.1450042725
.1101684570
.1364135742
-.1649780273
-.0984954834
-.1095275879
.1518707275
-.1071472168
-.0857849121
.1475524902
.0955200195
-.1394195557
-.1348571777
.1352844238
-.1320495605
-.1368865967
.1881713867
-.1427612305
-.1398620605
-.1105346680
.2026519775
-.1151428223
-.1622772217
.1795196533
.1560363770
-.1903228760
-.1537933350
.2441864014
-.1376647949
-.1171875000
.1380157471
.1719360352
.1233520508
.1156768799
.1622314453
-.1763153076
.1573944092
.1641082764
.1304016113
-.1994781494
.1403198242
.2139892578
-.1571655273
.1140289307
.1659088135
-.1659393311
-.1509704590
.1395568848
-.2021026611
-.1716156006
.1221771240
-.1352539063
-.1475524902
.1286773682
.1166076660
-.1870269775
-.1393127441
.2353057861
-.1266326904
-.2335052490
.1895446777
-.1482238770
-.1612854004
.1893920898
.1886596680
-.1916503906
.1928558350
.1714935303
.1658477783
.1322326660
.1797485352
-.1273345947
-.1420745850
.1738586426
-.1149902344
-.1102294922
.2302246094
-.1314392090
-.1401062012
.1086883545
.2103118896
.1399841309
.1624145508
.1360626221
-.1681823730
-.2014465332
.1186523438
-.1322174072
.1427001953
.2162170410
-.1734466553
.2153930664
.2016296387
.1032562256
.1918334961
.1349639893
-.1633453369
-.1963806152
.1779022217
.0858459473
-.1399536133
.1898040771
-.1555633545
.1446228027
.1859588623
.1473693848
-.0981445313
.1411285400
.1520080566
-.1476135254
.1689453125
.1959838867
-.2466430664
.1014556885
.1617584229
-.1515350342
.2089691162
.0945281982
-.1476135254
.2490234375
.1384887695
.1024627686
-.1368865967
.2232208252
.1048126221
-.1838684082
.1344146729
.1683197021
.0984802246
-.0943450928
-.0830078125
.1626739502
.1120147705
.1139984131
.1353302002
-.1125030518
-.1138458252
.1345214844
.1098327637
-.0662384033
-.1058807373
.2039337158
-.1024322510
.0772857666
.2422027588
-.1044006348
-.0468750000
.1438903809
-.1543426514
-.0797729492
.1673889160
.1088867188
-.0830535889
.1266632080
.1031799316
.1243133545
.1008758545
.1080780029
-.1276702881
.1193847656
-.0738525391
.0877838135
.1588745117
.0683746338
-.1354064941
.0897827148
.0997467041
-.0611114502
-.0866088867
.1156463623
.0693817139
.1086273193
.1132812500
-.1470947266
.0639648438
.0983886719
.1139831543
.1325683594
.1062774658
-.0763397217
-.1063537598
.1159362793
.0760955811
-.0679931641
.0922088623
.1016082764
.0942535400
.0905914307
.0885162354
.0938262939
.0951232910
-.0905456543
.0696258545
-.1110382080
.0946502686
.0566406250
.0812683105
.0724487305
.1283416748
-.1138763428
-.0725097656
.0891571045
.1123504639
-.0980377197
-.0795135498
.1578063965
.0693054199
.0955963135
.0726928711
.1239013672
.0774536133
.0389099121
.1338958740
-.0534515381
.0639801025
-.0587005615
-.0738220215
.0854949951
.0589752197
-.0556793213
.0521087646
-.0765686035
.0614013672
.0867614746
.0601043701
-.0868072510
-.0836639404
.0684204102
-.0498657227
.0520782471
.0611419678
.1038970947
.1154174805
.0851898193
.0644226074
.0484924316
.0988006592
-.0835876465
.0769042969
-.0788269043
.0681915283
-.0617980957
-.0780792236
.0813751221
.1206512451
-.0536041260
-.0569152832
.0826873779
.0686340332
.0725555420
.0801086426
.0730895996
.0564117432
.0766448975
.0602416992
-.0398559570
.0777282715
.0763397217
-.0794067383
-.0785522461
.1179046631
-.0799407959
.0505676270
.0881652832
.0493927002
-.0506896973
.0634460449
-.0716247559
-.0984649658
.0479583740
.0927581787
-.0558319092
-.0620269775
.0605926514
.0639495850
.0682220459
.0596313477
.0725555420
-.0672149658
.0891418457
.0673217773
.0817260742
.0596313477
-.0592041016
-.0543975830
.0567626953
.0659942627
-.0599212646
.0534362793
.0458526611
.0384063721
.0436096191
.0690460205
.0374755859
.0438690186
.0643157959
-.0714569092
.0453186035
.0542907715
.0652923584
.0584716797
.0497589111
-.0373077393
-.0670623779
.0492553711
.0539093018
-.0371856689
.0618743896
-.0383148193
-.0409240723
.0440216064
.0626068115
-.0423431396
.0405426025
.0572357178
-.0415496826
.0372161865
.0428314209
.0868530273
.0521087646
.0664978027
-.0473327637
.0469970703
.0531921387
.0507202148
-.0515136719
-.0324707031
-.0375213623
.0340728760
.0469360352
.0434875488
.0396423340
-.0385589600
.0599975586
.0447845459
-.0389556885
.0323944092
-.0286102295
.0547637939
.0443725586
.0418548584
-.0419464111
.0402984619
.0379333496
.0382232666
.0383300781
.0385589600
.0406188965
.0243835449
.0509490967
-.0294952393
-.0328674316
.0282592773
.0352172852
.0401611328
.0245971680
.0402679443
-.0230560303
.0238494873
.0252685547
-.0295562744
.0304412842
.0481872559
.0295257568
.0466918945
.0308837891
-.0269317627
.0456695557
-.0435333252
-.0216369629
.0504760742
.0444335938
-.0218658447
.0263519287
-.0321502686
.0295715332
.0165100098
.0269317627
-.0322875977
.0308074951
-.0189666748
.0367889404
-.0338439941
-.0239715576
.0336761475
-.0313110352
.0416870117
-.0236511230
-.0200958252
.0304107666
-.0447998047
.0275726318
.0353240967
.0165710449
-.0305175781
.0327911377
.0307922363
.0258789063
-.0175933838
-.0182342529
.0229034424
.0210113525
.0160217285
-.0181884766
-.0178070068
.0204162598
.0245208740
-.0180511475
-.0173187256
.0292816162
.0180358887
-.0186462402
-.0143432617
.0212249756
-.0185546875
-.0244750977
.0197753906
-.0186767578
-.0142059326
.0161132813
.0120544434
-.0166625977
.0199584961
.0274047852
.0208892822
-.0153961182
.0232391357
.0196838379
.0101928711
-.0146026611
-.0144042969
.0134887695
.0140686035
.0147247314
.0095977783
.0088500977
-.0103454590
.0121307373
.0161285400
.0130462646
-.0136718750
.0132751465
.0134429932
.0128631592
-.0132904053
.0111389160
.0098876953
-.0166168213
.0144500732
.0105590820
.0083465576
.0120697021
.0131835938
.0095825195
-.0103759766
.0119323730
.0074005127
-.0069274902
-.0100097656
.0102691650
.0125274658
-.0086975098
-.0097198486
.0113220215
.0083618164
.0095520020
-.0085601807
.0086364746
.0093536377
-.0087738037
.0075073242
.0076904297
.0070037842
-.0088348389
.0090789795
.0068664551
-.0073852539
-.0103607178
.0104675293
-.0041046143
-.0056762695
.0077362061
.0067596436
-.0059509277
.0066528320
.0060424805
.0046844482
-.0057983398
.0047760010
.0054016113
-.0069122314
.0061798096
.0043182373
-.0061035156
-.0054016113
.0076293945
.0072937012
-.0046234131
-.0039367676
.0050201416
-.0022735596
-.0035400391
.0040893555
.0031280518
-.0030517578
-.0026092529
.0027008057
.0028533936
.0021057129
.0022125244
.0016326904
-.0016479492
.0014343262
.0018005371
.0010223389
-.0007019043
.0010986328
.0004272461
-.0003662109
.0001983643
