.0016937256
-.0019226074
-.0020751953
.0037689209
-.0030822754
.0045471191
.0049591064
-.0064392090
.0053863525
.0061187744
.0063018799
-.0049591064
.0088653564
-.0094604492
-.0099792480
.0103607178
.0119781494
.0080718994
.0107574463
.0102844238
.0065765381
.0091552734
.0074768066
-.0141143799
.0086364746
.0165252686
.0139465332
-.0145568848
-.0128326416
-.0102386475
.0174407959
.0145721436
.0144958496
.0140838623
-.0191345215
.0183258057
-.0176086426
-.0195770264
.0176849365
.0191802979
-.0141143799
.0198516846
-.0195312500
.0155792236
-.0214538574
-.0186767578
-.0260314941
-.0189971924
-.0312652588
-.0277252197
-.0266265869
.0285491943
.0344390869
.0223388672
-.0231628418
.0250701904
.0429534912
-.0343627930
-.0435485840
.0303649902
.0299377441
.0312500000
-.0196075439
.0243530273
-.0305786133
.0350646973
.0411224365
.0336303711
.0521240234
-.0362854004
.0351257324
.0372467041
.0363769531
.0326690674
.0340728760
-.0425567627
-.0440826416
.0446472168
.0520172119
.0478668213
.0363006592
-.0322265625
-.0371093750
.0326995850
-.0377655029
-.0414733887
.0431671143
.0342712402
.0423126221
.0376892090
-.0357360840
-.0343017578
-.0520019531
.0347290039
.0313415527
-.0303192139
-.0368499756
-.0388488770
.0348052979
-.0301666260
.0489501953
-.0497894287
.0374755859
-.0478057861
-.0378875732
-.0384826660
.0277099609
-.0393981934
.0425415039
-.0521240234
.0441131592
.0292968750
.0521240234
-.0482940674
.0471649170
-.0376129150
.0282592773
.0430755615
.0392608643
.0374145508
.0507507324
.0685119629
-.0556640625
-.0617523193
-.0590515137
.0575103760
-.0794982910
.0384674072
.0474090576
-.0406188965
.0502471924
-.0418243408
-.0559539795
-.0447082520
-.0417938232
.0417022705
.0354614258
.0568237305
-.0426635742
.0337982178
.0582885742
.0307464600
-.0364074707
-.0418548584
-.0629730225
-.0338592529
.0381164551
-.0354614258
-.0409698486
.0308990479
.0503234863
-.0369720459
.0377349854
.0485687256
.0473937988
.0511932373
.0628509521
-.0500488281
-.0417175293
.0570678711
-.0448303223
.0478973389
.0461730957
.0425415039
.0412292480
-.0319824219
.0235290527
-.0451202393
-.0335540771
.0347900391
-.0346374512
.0306854248
.0348815918
.0402221680
.0510253906
.0316009521
.0365447998
.0447998047
.0543975830
.0468444824
-.0324859619
-.0384521484
.0339355469
-.0360870361
-.0286712646
-.0354461670
.0342102051
.0296936035
.0289459229
.0569000244
-.0278320313
.0348205566
.0461730957
.0342712402
-.0329895020
.0279541016
.0380249023
.0346679688
.0363616943
-.0435943604
-.0312805176
-.0430145264
-.0317687988
.0411987305
.0383300781
-.0464782715
-.0494079590
-.0353088379
.0366516113
-.0305633545
.0260925293
-.0310363770
-.0353698730
.0554199219
.0300598145
.0378112793
-.0349121094
-.0384826660
-.0421447754
.0509338379
.0400695801
-.0372161865
.0541687012
-.0432434082
-.0441436768
-.0489196777
.0372924805
.0415191650
-.0584869385
.0520935059
.0438079834
-.0455780029
.0596923828
.0431060791
.0499877930
-.0342102051
.0405120850
-.0669097900
-.0385437012
-.0537567139
-.0443572998
.0311126709
.0393524170
.0452575684
-.0306091309
.0211334229
-.0238342285
-.0571441650
-.0627441406
.0457305908
-.0546875000
-.0391540527
.0579376221
.0457916260
-.0386352539
-.0421447754
.0474853516
-.0436096191
.0469818115
-.0312042236
-.0541229248
-.0644073486
-.0566864014
.0367126465
.0484161377
-.0368957520
.0494537354
.0500640869
.0370178223
.0411376953
.0447845459
-.0323486328
-.0330505371
-.0401763916
-.0258636475
-.0467681885
.0386810303
.0337066650
-.0331726074
.0316009521
.0453186035
.0575866699
-.0541076660
-.0433197021
.0681762695
-.0595245361
-.0475921631
.0510864258
-.0610351563
-.0620727539
-.0302429199
.0494842529
.0408935547
-.0428009033
-.0455474854
.0329895020
-.0547332764
.0397491455
-.0298767090
-.0390777588
.0431671143
-.0559082031
.0427093506
.0502624512
-.0383148193
.0510406494
.0439453125
.0447387695
-.0325012207
.0406646729
.0434112549
.0297698975
.0329895020
-.0307922363
-.0438537598
.0309448242
.0435638428
.0324707031
-.0413818359
-.0382232666
.0339965820
-.0432891846
.0357055664
.0254364014
-.0307159424
-.0318145752
.0296936035
-.0279541016
-.0328521729
-.0356903076
-.0267791748
.0333251953
.0444488525
-.0416259766
.0467071533
-.0331726074
-.0564880371
-.0269927979
-.0258331299
-.0522918701
.0283813477
.0315399170
-.0399017334
.0453033447
.0279998779
.0351715088
.0319976807
.0216217041
-.0330810547
.0562591553
-.0374298096
.0511322021
.0419921875
-.0338134766
.0274810791
-.0331726074
-.0250091553
.0276641846
-.0289001465
.0308837891
.0239868164
-.0173492432
-.0199890137
-.0317993164
.0339508057
-.0271148682
.0281066895
.0288391113
-.0301208496
.0254364014
.0343475342
-.0386962891
.0258483887
-.0380401611
.0357513428
.0302276611
.0236511230
-.0344848633
.0322723389
-.0322875977
.0406341553
.0560760498
-.0430145264
-.0319976807
.0436553955
.0383453369
.0336456299
.0349884033
-.0378112793
-.0428771973
.0498962402
.0316619873
.0396881104
.0487365723
.0386352539
.0535125732
-.0365295410
.0302581787
-.0501556396
.0616302490
-.0286254883
.0536956787
-.0454864502
.0434875488
.0581970215
.0483856201
-.0463867188
.0423278809
-.0534057617
.0561523438
.0361480713
.0401458740
.0397033691
.0483551025
-.0585479736
-.0420074463
.0442352295
.0674591064
.0463867188
.0561828613
-.0472717285
.0445251465
.0443572998
.0347290039
.0362396240
-.0575714111
.0331420898
.0463409424
.0444335938
-.0413513184
.0459594727
-.0450744629
-.0395202637
-.0336456299
.0375213623
.0395202637
-.0407257080
.0506896973
-.0442962646
-.0353393555
-.0567932129
.0622100830
.0273590088
-.0411529541
-.0329437256
.0354156494
.0302429199
-.0354156494
.0349578857
.0609893799
.0456542969
-.0401458740
.0372009277
.0346221924
.0245056152
.0506439209
-.0514373779
-.0510253906
-.0389251709
-.0352325439
.0499725342
.0384216309
.0491333008
.0487060547
-.0403747559
.0400695801
.0358886719
.0316467285
-.0371551514
.0334625244
-.0328979492
-.0351257324
-.0335083008
.0419464111
-.0562133789
-.0294799805
.0226287842
-.0252685547
.0411682129
-.0296173096
.0472259521
.0428924561
.0290069580
.0443420410
-.0304565430
.0366210938
.0257415771
-.0310821533
-.0236511230
-.0357360840
-.0181579590
.0254974365
-.0224151611
-.0196075439
-.0298919678
-.0258331299
-.0271606445
.0325164795
.0261383057
-.0260620117
.0254364014
-.0235290527
.0290985107
.0401611328
.0390014648
.0306091309
-.0231170654
.0325164795
.0268554688
-.0347290039
-.0212097168
-.0294647217
-.0262145996
.0248107910
-.0298004150
-.0225982666
-.0220947266
.0243072510
-.0295104980
-.0269165039
-.0270690918
.0243835449
.0262298584
-.0322723389
-.0268859863
-.0368347168
-.0258941650
.0313262939
-.0251159668
.0275115967
-.0261077881
-.0299377441
-.0440368652
-.0318603516
.0275421143
-.0366210938
.0338134766
-.0276031494
.0270690918
-.0270080566
.0209808350
.0238800049
-.0282287598
.0285339355
.0291137695
.0313262939
-.0369567871
-.0259094238
-.0233154297
.0318298340
-.0253143311
-.0498352051
-.0351257324
-.0348663330
.0339508057
.0264434814
.0335998535
-.0311584473
.0300903320
-.0292816162
.0365295410
.0233917236
-.0357208252
.0433502197
.0293884277
-.0413665771
.0320587158
-.0323181152
-.0345458984
.0240936279
-.0234527588
-.0256958008
-.0337066650
.0301666260
.0248718262
-.0321044922
.0306243896
.0252685547
-.0255584717
.0325164795
-.0156250000
-.0273895264
-.0258789063
.0300750732
.0216522217
.0225524902
.0284271240
-.0254364014
-.0272216797
-.0207519531
-.0306549072
.0342407227
-.0310211182
-.0308837891
.0231628418
.0362091064
.0297241211
.0324401855
-.0277252197
.0234985352
.0381622314
-.0325927734
-.0336151123
.0323638916
.0465087891
.0407257080
.0533142090
.0294799805
-.0304565430
.0267791748
.0304260254
-.0241546631
-.0347900391
.0334014893
.0381011963
-.0452117920
-.0367889404
-.0287933350
-.0298004150
.0448303223
.0380401611
-.0274047852
.0276184082
.0303955078
-.0236358643
.0245056152
.0368041992
.0242309570
-.0227813721
.0333404541
.0587768555
.0348663330
.0334625244
.0262145996
-.0366821289
-.0333862305
.0383453369
.0308380127
.0457305908
-.0325012207
.0324096680
-.0345764160
-.0248260498
-.0373229980
-.0326232910
-.0397186279
-.0364532471
-.0338897705
.0277709961
-.0295104980
.0296783447
.0264892578
-.0401763916
.0361938477
.0302429199
.0403442383
-.0392150879
.0349884033
.0379943848
-.0287017822
-.0245361328
.0335998535
.0301666260
.0379486084
.0262145996
.0386047363
.0321960449
.0358276367
.0290527344
.0341491699
.0503845215
-.0386047363
.0518035889
-.0395355225
.0345001221
-.0380401611
-.0331420898
.0397186279
.0384674072
-.0313568115
.0375061035
-.0401611328
-.0403289795
.0428009033
-.0417633057
-.0243835449
-.0281829834
-.0433654785
-.0485534668
-.0294952393
-.0336761475
-.0329589844
-.0411682129
-.0384674072
.0451507568
-.0360412598
-.0408782959
.0338897705
-.0190582275
.0307006836
-.0356750488
.0548858643
.0347137451
.0289764404
-.0355072021
-.0299682617
-.0290832520
.0408782959
-.0257415771
.0299682617
.0246887207
-.0272064209
.0304260254
-.0329589844
.0281066895
.0502777100
.0354919434
.0398864746
.0359191895
-.0257110596
-.0361022949
.0259399414
-.0334472656
-.0325012207
-.0351715088
-.0398254395
.0404968262
.0365753174
-.0508728027
.0362396240
.0383758545
-.0340423584
-.0374450684
-.0281829834
.0393981934
.0391845703
.0255126953
-.0434722900
.0281677246
.0318908691
.0434265137
.0360870361
-.0381317139
.0581512451
.0294952393
.0404663086
.0484924316
-.0611114502
-.0384826660
-.0454406738
-.0495605469
-.0407257080
.0341491699
-.0252838135
.0346221924
-.0536956787
-.0424041748
.0298156738
-.0426788330
.0453643799
.0423736572
-.0397033691
-.0305023193
-.0490264893
-.0511322021
.0425415039
.0512847900
.0362701416
.0491180420
.0362701416
.0725402832
-.0570220947
-.0512084961
.0419006348
-.0351715088
-.0317840576
.0399475098
-.0404968262
.0372314453
-.0275421143
.0337371826
-.0364227295
.0259094238
.0391998291
-.0427093506
.0592346191
.0435791016
.0444183350
-.0434570313
-.0422363281
-.0383758545
.0435180664
-.0385742188
.0411224365
.0441284180
-.0454406738
.0331268311
.0366058350
.0360870361
.0314483643
.0320587158
.0266876221
-.0418395996
.0295715332
-.0398864746
.0448760986
-.0391998291
.0493316650
-.0413513184
-.0558929443
.0570678711
.0483093262
-.0476531982
.0382690430
.0502014160
-.0450897217
-.0589904785
.0470275879
.0352020264
-.0346221924
.0518493652
-.0432281494
-.0449218750
-.0424957275
-.0420837402
-.0518188477
.0350494385
.0436096191
-.0397796631
.0364379883
.0333557129
.0467224121
.0482482910
-.0321807861
.0308532715
-.0384979248
-.0374603271
.0342864990
.0492706299
.0323333740
.0300140381
.0346069336
.0352935791
-.0363311768
-.0414276123
-.0491790771
-.0544281006
-.0324249268
.0396270752
-.0409545898
-.0330810547
.0365600586
.0402069092
-.0412445068
-.0393829346
.0323638916
.0489349365
-.0305938721
.0409088135
.0260772705
.0454864502
.0433502197
-.0376586914
-.0360717773
.0433044434
.0312957764
.0324707031
.0564727783
.0300140381
-.0412597656
-.0438079834
-.0380859375
.0502929688
-.0292510986
-.0453033447
-.0357208252
.0267639160
.0375518799
.0358276367
.0307159424
.0297698975
.0341186523
.0395507813
.0265350342
.0264282227
.0349426270
-.0323181152
-.0350646973
.0382843018
.0435638428
-.0398559570
.0366668701
.0329895020
.0327606201
.0423889160
-.0360870361
-.0501251221
-.0581970215
-.0548248291
-.0513458252
.0518035889
.0387725830
.0363159180
.0400085449
-.0310668945
-.0410308838
.0422973633
.0463256836
.0411682129
-.0277404785
-.0413208008
.0290679932
.0388641357
.0393218994
.0421905518
.0364837646
-.0393066406
-.0297241211
.0307922363
.0406494141
-.0470886230
.0467376709
-.0325317383
-.0379028320
.0344696045
-.0273437500
.0324249268
.0356597900
.0402679443
.0345611572
-.0398406982
.0235443115
-.0307769775
-.0278930664
.0289764404
.0266418457
-.0437469482
.0335845947
.0328063965
.0264282227
-.0254211426
-.0271301270
-.0276336670
-.0288696289
-.0283355713
-.0296478271
.0251464844
-.0264587402
-.0303192139
.0235748291
.0285186768
-.0279235840
-.0299530029
-.0227050781
.0158843994
-.0173339844
.0203552246
.0224304199
-.0202941895
-.0178680420
.0156097412
.0178833008
-.0120391846
-.0164031982
.0124053955
.0139923096
-.0128326416
.0103607178
.0117645264
-.0125274658
.0099792480
.0110778809
.0160369873
.0107269287
-.0110778809
.0124359131
.0086822510
-.0082092285
.0074768066
.0081329346
-.0077362061
.0072631836
-.0082092285
.0072631836
.0095214844
.0093994141
.0072479248
.0059204102
.0055847168
.0039062500
.0054168701
-.0044403076
.0040130615
-.0025024414
-.0030364990
-.0020904541
-.0032501221
.0019836426
.0010986328
.0014801025
-.0008087158
.0006561279
-.0000610352
