-.0000305176
.0000305176
.0000457764
-.0000305176
-.0000457764
-.0000457764
.0000305176
-.0000305176
-.0000305176
-.0000305176
-.0000305176
.0000305176
.0000457764
.0000457764
.0000305176
.0000305176
.0000305176
.0000457764
-.0000305176
.0000305176
.0000457764
-.0000305176
-.0000305176
.0000305176
.0000305176
.0000457764
.0000305176
.0000305176
.0009460449
-.0020751953
.0048370361
.0053253174
.0086669922
-.0102844238
.0080718994
.0062866211
.0097961426
-.0068359375
-.0044555664
-.0046691895
.0092163086
.0122070313
-.0078277588
.0077056885
-.0079803467
.0075988770
-.0105590820
-.0077972412
.0131378174
.0095062256
-.0068359375
.0148468018
-.0110626221
.0150146484
.0132141113
.0185699463
.0196990967
.0143890381
.0117950439
.0124359131
-.0195922852
.0126647949
.0097198486
-.0100860596
.0089416504
.0085449219
-.0113220215
.0102539063
.0184631348
-.0219116211
-.0123748779
.0140075684
-.0289001465
-.0166625977
.0131530762
-.0148773193
.0189514160
-.0211181641
.0193939209
-.0268402100
.0240783691
-.0264434814
-.0287322998
.0233306885
.0120086670
.0265502930
-.0271301270
-.0305328369
.0302581787
-.0489196777
.0435943604
-.0347290039
.0224304199
-.0460662842
-.0355987549
.0487365723
-.0351257324
-.0309295654
.0440521240
-.0333099365
-.0271301270
.0430908203
.0338134766
.0409240723
-.0213165283
.0308227539
-.0265502930
.0396728516
-.0264739990
.0350189209
-.0463562012
-.0352478027
.0389404297
.0280914307
.0234832764
-.0290222168
.0192260742
-.0355072021
.0436859131
-.0336914063
-.0360717773
-.0245513916
.0407257080
-.0283508301
-.0258789063
.0409088135
-.0354003906
.0254974365
.0224761963
.0493011475
.0247344971
.0270233154
.0417938232
.0542297363
.0387115479
-.0422363281
.0637664795
.0599517822
.0443572998
-.0547027588
-.0586547852
.0465240479
.0558624268
.0370178223
.0475921631
.0417785645
-.0352478027
-.0475921631
-.0632019043
-.0601654053
.0655822754
-.0443420410
-.0464324951
.0686187744
.0686492920
-.0439605713
.0521392822
-.0579833984
.0831756592
.0509185791
-.0557556152
-.0924987793
-.0821380615
.0628204346
-.0816802979
.0617523193
-.0981445313
.0593719482
-.0693817139
-.0647125244
.0839538574
-.1018218994
.0753631592
.0627288818
-.0579681396
-.0636596680
-.0610809326
.0734710693
-.0773620605
.0378875732
.0493011475
-.0539550781
.0543518066
-.0434875488
.0549163818
-.0746917725
.0930786133
.0827178955
-.0804138184
.0736846924
-.0578613281
.0743408203
.0598602295
-.0615844727
-.0602416992
-.0365600586
.0588226318
-.0461578369
-.0753784180
-.0312194824
.0372009277
.0306549072
.0628204346
-.0382385254
.0407104492
.0465240479
-.0496063232
-.0304565430
.0406341553
.0411224365
-.0419769287
-.0495910645
.0366516113
.0396728516
-.0789794922
.0421600342
.0541534424
-.0363464355
-.0239105225
.0487213135
-.0527191162
.0232086182
-.0273132324
.0282440186
-.0376892090
.0319061279
-.0231018066
-.0407257080
-.0353393555
.0280914307
-.0215454102
.0249176025
-.0465393066
-.0235137939
.0283660889
.0171203613
.0238800049
-.0150146484
.0240783691
.0249328613
-.0248413086
.0446472168
.0225372314
-.0133209229
.0198974609
-.0153350830
-.0137023926
-.0140991211
-.0278930664
.0135955811
-.0272216797
-.0130310059
.0360565186
-.0189361572
-.0161895752
.0141906738
.0155029297
.0123443604
-.0083770752
.0087280273
.0112609863
-.0055847168
-.0072174072
.0119171143
.0087585449
.0188598633
.0110473633
-.0089569092
.0158843994
-.0084686279
.0130615234
.0126495361
-.0115509033
.0092315674
-.0149536133
-.0209350586
.0098114014
.0371246338
.0065765381
.0102539063
.0128173828
.0169372559
-.0053253174
-.0185699463
.0129547119
-.0075073242
-.0091094971
.0112152100
-.0199890137
.0119628906
.0094299316
.0146484375
.0047607422
.0046844482
.0069274902
-.0166625977
.0071258545
.0067596436
-.0181884766
-.0068664551
-.0073242188
.0187683105
.0110473633
-.0056152344
-.0108489990
.0156250000
.0117340088
-.0138092041
-.0069580078
.0105590820
-.0069427490
-.0111083984
-.0094299316
-.0253295898
.0195007324
.0197906494
.0153350830
-.0425262451
.0127258301
.0255432129
-.0218811035
.0166778564
.0383453369
.0183563232
.0126647949
-.0140838623
-.0147552490
.0364379883
.0170440674
.0224609375
.0124053955
-.0314025879
.0308380127
.0165557861
-.0099639893
.0175018311
.0141601563
.0092010498
-.0081939697
-.0113372803
-.0171356201
-.0063934326
-.0121765137
-.0166931152
.0136108398
-.0173797607
.0118255615
-.0156707764
.0117187500
.0618743896
-.0154418945
-.0161743164
.0095367432
-.0063781738
-.0097045898
-.0133361816
.0068664551
.0139007568
.0194091797
-.0113372803
-.0204467773
-.0120849609
-.0238952637
-.0124359131
.0077667236
.0091552734
-.0062713623
.0119018555
-.0168304443
.0239105225
-.0146636963
-.0083770752
-.0101928711
-.0054168701
.0063781738
.0059814453
-.0060119629
-.0152130127
.0088500977
.0056152344
-.0172271729
.0116424561
-.0129547119
-.0120849609
.0114898682
-.0085906982
-.0294952393
-.0139160156
.0119018555
.0154113770
-.0085754395
.0140075684
-.0252227783
-.0158996582
.0157012939
.0553131104
.0131378174
-.0099945068
-.0093994141
.0088500977
.0101776123
-.0086669922
.0063781738
.0062866211
.0111694336
.0147552490
-.0094757080
-.0423583984
-.0195312500
.0189361572
.0102844238
.0265502930
.0103759766
.0169525146
-.0085754395
-.0099945068
.0106353760
.0070343018
.0142822266
.0096282959
.0256042480
-.0131378174
.0108337402
-.0131378174
.0130462646
.0101928711
-.0208435059
-.0222778320
.0131378174
.0135192871
-.0231170654
-.0154113770
-.0129394531
.0132293701
-.0142669678
-.0120697021
-.0238800049
.0115203857
.0080718994
-.0060272217
-.0088653564
.0087738037
.0070343018
.0096130371
.0122833252
-.0133361816
.0081939697
-.0104522705
.0096282959
.0139160156
.0082855225
.0180053711
-.0093383789
-.0067596436
.0156402588
.0094146729
-.0168457031
.0104370117
.0164794922
.0145721436
.0159759521
-.0148315430
.0229339600
.0117492676
-.0132293701
.0080871582
-.0192565918
.0130615234
-.0104827881
.0226440430
.0222625732
-.0331115723
-.0179748535
.0227508545
-.0150451660
-.0123596191
-.0167541504
.0280609131
-.0339813232
.0272216797
.0211181641
-.0231323242
.0199737549
.0233154297
-.0313110352
.0311279297
.0326538086
.0353851318
-.0536193848
.0714721680
.0680389404
-.0683441162
.0742492676
.0538635254
.0373229980
-.0428314209
.0467071533
.0468139648
.0457000732
-.0652618408
-.0557708740
-.0870971680
-.0650329590
-.0592956543
-.0862121582
.0485534668
-.0668334961
-.0558624268
.0714874268
.0655822754
.0690155029
.0689239502
-.0691833496
.0859375000
.0525360107
.0403442383
.0413970947
.0420532227
-.0356750488
-.0338897705
.0670013428
-.0297851563
-.0475921631
.0555725098
-.0391998291
-.0751800537
-.0620574951
.0657653809
.0763244629
-.0560913086
-.0500640869
.0536956787
.0618743896
-.0791015625
-.0631103516
.0704345703
-.0744018555
.0458831787
-.0943298340
.0580444336
-.0955657959
-.1070556641
-.0922241211
.0650024414
.0873565674
-.1091766357
.0919494629
.0816650391
-.1071472168
.0607299805
.0637054443
-.0884246826
-.1143646240
-.0703430176
-.0704345703
-.0549926758
.0669097900
.1143951416
-.0723419189
-.0690307617
-.0510864258
-.0471038818
.0651855469
-.0620574951
-.0401611328
-.0279693604
.0614929199
-.0432128906
-.0328063965
.0557403564
-.0231170654
.0331115723
-.0268249512
.0424499512
-.0487365723
-.0343627930
-.0249328613
-.0242614746
.0501556396
-.0305633545
.0334777832
-.0321807861
-.0638732910
.0507354736
-.0423583984
.0704040527
-.0448150635
.0499725342
.0529174805
.0572814941
.0635223389
.0467376709
.0507965088
-.0529327393
-.0611114502
-.0484466553
-.0378723145
.0683441162
.0636901855
.0561370850
-.0389556885
-.0662384033
.0783386230
.0914764404
-.0435028076
.0531158447
-.0396881104
-.0367431641
-.0401611328
.0411071777
-.0316009521
-.0345306396
.0294189453
-.0248413086
-.0289154053
-.0338592529
-.0312194824
-.0223693848
-.0304412842
.0309143066
-.0350494385
.0227355957
-.0167694092
.0151062012
.0159912109
-.0277709961
-.0275268555
.0263671875
-.0363769531
.0141754150
.0274047852
.0193176270
.0255126953
.0150451660
-.0127410889
-.0076904297
-.0087738037
.0098876953
.0139160156
.0243530273
-.0090484619
.0098114014
.0061950684
-.0056304932
.0084991455
-.0084686279
.0124664307
-.0107574463
.0166778564
.0100860596
-.0060882568
.0185546875
.0168457031
-.0229492188
.0079650879
.0100860596
-.0116882324
.0124664307
-.0485382080
.0351257324
-.0310058594
-.0102691650
-.0162963867
-.0108337402
-.0081939697
.0073242188
.0061187744
-.0042724609
.0167236328
-.0061950684
.0055236816
-.0025787354
.0066528320
-.0044860840
-.0110168457
.0044708252
.0061187744
.0097961426
-.0116729736
.0047760010
-.0041809082
.0024871826
-.0030364990
.0029449463
-.0037384033
.0065460205
.0132293701
-.0269622803
-.0551147461
.0858154297
-.1013641357
.0762329102
.0783233643
-.1168670654
-.0672912598
.0731964111
.1110687256
.0636901855
.0511322021
.0614929199
.0422515869
-.0632019043
.0734863281
.0470123291
-.0391998291
.0595092773
-.0626220703
-.0502624512
-.0484466553
-.0485382080
.0668182373
-.0542602539
.0703277588
.0382385254
.0349273682
-.0357055664
.0311889648
.0394897461
-.0303649902
-.0431365967
-.0391082764
-.0355987549
-.0273284912
-.0291137695
-.0387268066
.0272979736
-.0294189453
.0312347412
.0203857422
.0245361328
-.0270538330
-.0361480713
.0391998291
.0553741455
-.0298919678
.0393829346
.0527343750
.0821380615
-.0427246094
-.0327301025
-.0838470459
.0615844727
-.0573730469
-.0795898438
.0819549561
-.0717468262
.0662536621
.0397796631
-.0683441162
.0636749268
-.0465545654
.0480651855
-.0550079346
-.0397033691
.0842285156
-.0814666748
.0935516357
-.0719451904
-.0597839355
.0636596680
-.0413970947
.0397949219
-.0528106689
.0575714111
.0369262695
-.0537261963
.0413055420
-.0363616943
.0229339600
-.0169372559
.0142822266
-.0203857422
-.0192413330
.0495147705
-.0825347900
.0805969238
-.0569000244
-.0835571289
.0921478271
-.0673980713
.0430145264
.0376892090
-.0301666260
.0718688965
-.0589294434
.0584411621
-.0474243164
-.0318756104
.0457763672
-.0433807373
.0294342041
-.0255279541
.0247497559
-.0329284668
-.0419769287
.0501861572
-.0424346924
.0341796875
-.0121154785
.0244445801
-.0320892334
-.0352020264
.0677490234
-.0607147217
.0480957031
.0183715820
-.0256347656
.0335235596
-.0335998535
.0369415283
-.0509338379
.0360717773
.0502319336
-.0421600342
.0285644531
-.0225524902
.0129241943
-.0211486816
-.0184783936
.0313873291
-.0360717773
.0523376465
-.0549163818
.0278015137
.0461730957
-.0330352783
.0366516113
-.0485382080
.0542602539
-.0269470215
-.0307617188
.0398864746
-.0452270508
.0261688232
-.0137023926
-.0078887939
.0282592773
-.0269470215
.0263977051
-.0335083008
-.0175933838
.0292968750
-.0205688477
.0203857422
-.0215148926
-.0061798096
.0133209229
-.0088653564
.0165863037
-.0175170898
-.0203857422
.0239715576
.0178070068
.0283508301
-.0250396729
-.0215148926
.0277252197
-.0125427246
.0196990967
-.0141754150
.0194244385
-.0182037354
-.0130157471
.0215911865
-.0105743408
.0091552734
-.0177154541
.0153198242
.0119781494
-.0170440674
.0229339600
-.0096130371
-.0086669922
.0098876953
-.0093383789
.0149383545
-.0119018555
.0118865967
.0094146729
-.0116271973
.0159912109
-.0135040283
.0124511719
.0088500977
-.0073089600
.0117034912
-.0080108643
.0066070557
.0068054199
-.0077972412
.0095367432
-.0104522705
.0087738037
.0077972412
-.0057525635
.0065612793
-.0088195801
.0089874268
.0037384033
-.0038299561
.0052642822
-.0057067871
.0059509277
.0028076172
.0031280518
.0027465820
-.0055084229
.0068969727
-.0037078857
.0031738281
.0046234131
-.0068817139
.0067901611
-.0050506592
.0044250488
.0037078857
-.0034332275
.0040283203
-.0039062500
.0038452148
.0034027100
-.0033721924
.0043640137
-.0031890869
.0033111572
.0036315918
-.0040435791
.0036163330
-.0028686523
.0036163330
-.0017242432
-.0026855469
.0026855469
-.0020294189
.0036315918
-.0023345947
.0018310547
.0018157959
-.0021362305
.0036468506
-.0029754639
-.0046844482
.0048217773
-.0031585693
.0033111572
.0019989014
-.0029907227
-.0027465820
-.0023498535
.0043334961
-.0033874512
.0025634766
-.0022125244
-.0016632080
.0037231445
-.0017700195
.0019989014
.0016937256
-.0015258789
.0023040771
-.0011749268
.0020141602
-.0019378662
-.0043640137
.0026855469
-.0019531250
.0027465820
-.0025939941
.0018768311
.0025787354
-.0024261475
.0015716553
.0013580322
.0016326904
.0016632080
-.0015563965
.0014190674
-.0015563965
-.0013275146
.0015411377
.0008087158
.0019531250
-.0025787354
.0013885498
.0013122559
-.0016937256
.0015563965
-.0009613037
-.0014801025
.0013275146
.0013732910
.0012664795
-.0012512207
.0010528564
.0013732910
-.0017242432
.0018463135
-.0015258789
.0019378662
.0013122559
.0009765625
