-.0000457764
.0000457764
.0000457764
.0000457764
.0000305176
-.0000305176
-.0000457764
-.0000305176
.0012359619
.0069427490
-.0030212402
.0028228760
.0126190186
-.0086822510
-.0039215088
-.0032501221
-.0024261475
-.0024414063
-.0009155273
-.0033874512
.0240783691
-.0122222900
-.0231475830
-.0149230957
.0232696533
-.0378570557
.0376434326
.0408325195
.0216064453
.0128021240
.0204772949
.0197753906
-.0161895752
.0295715332
-.0148315430
.0194854736
.0213928223
-.0173492432
-.0162963867
-.0147094727
-.0306701660
-.0417480469
-.0339202881
.0295104980
-.0135803223
-.0195007324
.0226440430
-.0223541260
-.0156860352
.0252838135
.0433349609
-.0361328125
-.0433502197
.0317535400
-.0201263428
.0444641113
.0532226563
.0295867920
.0390625000
.0348815918
.0182189941
.0251159668
.0247802734
.0098724365
.0222320557
-.0185089111
-.0379791260
-.0550384521
.0301666260
-.0606231689
-.0591583252
.0250244141
-.0522003174
.0481262207
.0230865479
-.0388488770
.0143127441
.0096130371
.0173339844
.0181121826
.0142059326
.0388641357
-.0222473145
.0206756592
.0318298340
.0247497559
-.0339965820
-.0370483398
-.0251922607
.0214538574
-.0381927490
.0241241455
-.0134277344
-.0088653564
.0074920654
-.0179443359
.0080108643
-.0053710938
-.0109405518
-.0117034912
-.0148468018
.0165100098
-.0104217529
.0161285400
.0454254150
-.0123138428
.0177307129
.0121917725
.0209808350
.0512237549
.0770263672
-.0536956787
-.0407409668
-.0207977295
-.0155792236
-.0200653076
-.0077667236
-.0132446289
.0175933838
-.0216369629
.0128936768
-.0166168213
-.0221862793
.0116577148
.0156555176
.0133972168
-.0175323486
.0174713135
.0153808594
.0108184814
-.0070953369
-.0116424561
-.0133209229
.0190887451
.0166320801
-.0140686035
-.0412292480
-.0240478516
-.0161132813
-.0233154297
.0229339600
-.0191802979
.0115203857
-.0070343018
-.0111694336
.0107269287
-.0067901611
.0151672363
-.0114593506
.0106506348
-.0087890625
.0078735352
.0711212158
.0231475830
-.0151367188
.0122222900
-.0113830566
.0159454346
-.0191345215
-.0184631348
.0242004395
.0173034668
-.0104675293
-.0118408203
.0141601563
-.0085449219
.0165100098
.0127410889
-.0136871338
-.0115661621
-.0296020508
-.0135345459
.0200653076
.0107574463
.0180664063
-.0145721436
-.0236816406
-.0208892822
-.0298919678
-.0252685547
.0184478760
.0219116211
.0268249512
-.0207061768
-.0145416260
-.0107269287
-.0306854248
.0301666260
.0296630859
.0271148682
-.0462646484
.0328826904
.0476074219
-.0320587158
-.0290374756
-.0394897461
-.0339508057
-.0375061035
-.0549011230
-.0508728027
-.0504608154
-.0301055908
-.0165863037
-.0365600586
-.0418090820
-.0581054688
-.0392456055
-.0267944336
-.0364837646
-.0529632568
.0207977295
.0536956787
.0385284424
-.0341644287
.0541839600
.0223083496
-.0875549316
-.0341644287
.0480651855
-.0432434082
.0496673584
-.0413360596
.0322113037
-.0381927490
-.0715789795
-.0493774414
.0418701172
.0567321777
-.0339202881
.0437622070
.0774383545
.0469970703
-.0568084717
-.0575714111
-.0666656494
.0650787354
-.0312805176
.0625457764
-.0672912598
-.0619201660
.0933532715
.0580139160
-.0781555176
.0686950684
-.0546264648
-.0491485596
.0322113037
-.0420074463
.0199890137
-.0211486816
-.0309753418
-.0609588623
-.0282287598
-.0426025391
.0439147949
.0452880859
.0400543213
-.0341644287
-.0284118652
.0177154541
-.0473175049
.0317382813
.0407409668
-.0195465088
-.0253753662
-.0455627441
-.0280761719
.0509033203
-.0197448730
-.0474395752
-.0248718262
-.0411376953
-.0277252197
.0200500488
-.0415344238
-.0217742920
.0365600586
-.0316925049
-.0496063232
-.0386962891
-.0439758301
.0456085205
.0271606445
.0743865967
-.0399780273
.0433349609
-.0465240479
-.0594787598
-.0875244141
-.0829010010
.0702972412
.0656280518
-.0594329834
.0695343018
.0790252686
-.0339965820
-.0493774414
-.0459136963
.0620727539
-.0462951660
.0481567383
.0628204346
.0534515381
.0534057617
.0587310791
-.0866546631
-.0617065430
.0645446777
.0553436279
.0476837158
-.0626831055
.0458984375
-.0527343750
-.0608825684
-.0718688965
-.0595397949
.0520629883
.0549316406
.0514526367
-.0507812500
-.0410614014
.0514373779
.0697021484
.0637054443
-.0432586670
-.0572814941
-.0523681641
-.0581512451
-.0533142090
-.0358123779
-.0511474609
-.0536499023
-.0825958252
-.0651092529
.0551757813
-.0527954102
.0455017090
.0504302979
.0501251221
.0229644775
.0359344482
-.0438232422
-.0433044434
.0204010010
.0410766602
-.0426177979
.0514373779
.0379943848
.0453033447
.0387878418
-.0581359863
-.0464935303
.0305175781
.0576019287
-.0502319336
.0717010498
.0673522949
.0624237061
-.0323486328
.0360107422
.0478363037
-.0551605225
-.0534210205
.0474548340
-.0543365479
-.0452880859
.0485076904
.0440979004
.0430603027
.0588531494
.0466766357
-.0509948730
.0270843506
-.0482025146
-.0297088623
-.0473327637
-.0557098389
-.0719146729
.0428009033
.0428161621
.0496215820
-.0531768799
-.0429992676
-.0344390869
.0600280762
.0377349854
-.0354766846
.0408782959
.0655212402
.0634155273
.0529174805
-.0584259033
-.0627899170
-.0493621826
.0615844727
.0523071289
-.0460662842
-.0271453857
.0695495605
-.0515747070
.0511016846
-.0451812744
-.0541534424
.0582580566
-.0647735596
-.0720214844
.0670471191
.0561676025
.0562133789
-.0676116943
.0377655029
.0649108887
-.0358734131
-.0537872314
-.0414733887
.0425415039
.0479125977
.0332336426
-.0574493408
-.0463562012
-.0417633057
-.0493621826
-.0319671631
-.0549926758
-.0337829590
.0662994385
.0422973633
-.0343475342
.0380859375
.0507507324
-.0596771240
.0339660645
.0260314941
.0630798340
.0449981689
-.0484619141
-.0554351807
.0361938477
.0497283936
-.0463562012
-.0475769043
-.0432434082
.0236968994
-.0377960205
-.0609436035
-.0401916504
.0339813232
-.0500183105
-.0500335693
-.0480041504
-.0601348877
-.0403747559
-.0635528564
.0495605469
-.0593566895
.0262908936
.0739288330
.0474700928
-.0820007324
.0303192139
.0470886230
.0594635010
-.0617370605
.0492095947
.0305023193
.0581054688
.0443267822
-.0275878906
.0693054199
-.0472869873
-.0691833496
.0602416992
.0474548340
-.0283966064
.0386810303
.0508422852
-.0495758057
.0452575684
-.0392456055
-.0667114258
-.0456085205
-.0696868896
-.0465393066
.0508117676
.0388488770
-.0518341064
-.0520324707
.0438232422
-.0403594971
-.0310821533
-.0544891357
-.0885162354
.0680236816
.0812072754
-.0756988525
.0959167480
.0693359375
-.0606689453
.0612030029
-.0696105957
.0805206299
-.0486297607
.0592346191
-.0387878418
.0364837646
.0516204834
-.0471191406
.0628967285
.0878601074
-.0744934082
-.0632629395
.0592346191
-.0443878174
-.0486755371
.0472106934
.0534362793
.0735626221
.0744781494
.0299682617
.0708160400
.0519561768
.0637817383
-.0423431396
.0412139893
-.0339508057
-.0444183350
-.0848388672
-.0872039795
.0332641602
.0411834717
-.0614776611
-.0396575928
.0318756104
-.0427856445
-.0483856201
-.0612487793
-.0292816162
-.0303649902
-.0311279297
-.0520935059
-.0360412598
.0540924072
-.0491027832
.0561370850
.0416412354
-.0349121094
-.0569458008
-.0407409668
-.0464324951
-.0532836914
.0444335938
-.0555267334
.0352172852
-.0547027588
-.0671691895
-.0516662598
-.0545654297
-.0362854004
-.0427398682
-.0330810547
-.0522460938
-.0568084717
-.0416870117
.0264892578
-.0252990723
.0487823486
-.0716094971
.0528106689
-.0303192139
.0575103760
.0391845703
.0415191650
.0529022217
.0520477295
-.0620880127
.0537567139
.0661468506
-.0538024902
-.0401458740
.0399475098
-.0438995361
-.0500640869
-.0656127930
-.0370483398
.0728759766
-.0876159668
.0442962646
.0365905762
-.0491943359
.0366973877
.0406799316
-.0721435547
-.0813293457
.0603027344
-.0348968506
-.0431365967
.0529327393
-.0627746582
-.0698699951
.0613250732
-.0775756836
.0641784668
.0820770264
-.0787811279
-.0661621094
-.0888824463
-.0733642578
-.1216735840
-.0865325928
.0702362061
-.0623016357
-.0880432129
.0876007080
-.0743560791
-.0671691895
-.0559082031
.0706481934
.0838928223
-.0552520752
.0728302002
.0612792969
.0533905029
-.0494079590
.0428924561
.0769042969
.0623474121
.0582885742
.0640716553
-.0668029785
-.0478515625
-.0425872803
.0566864014
.0516052246
-.0440673828
-.0337219238
.0651092529
.0581970215
.0435333252
-.0576171875
-.0317993164
.0572509766
.0904083252
.0607452393
.0589752197
-.0528106689
.0538482666
-.0599975586
.0542449951
.0548095703
-.0327453613
.0332336426
-.0388336182
-.0549316406
-.0412597656
.0453643799
.0281982422
-.0612640381
.0607757568
.0390777588
.0302734375
.0354309082
-.0564270020
-.0598297119
.0575408936
-.0443725586
.0326232910
.0445098877
-.0233612061
.0555877686
-.0722045898
-.0443878174
.0423126221
-.0352478027
-.0296478271
-.0612792969
-.0307464600
-.0611267090
-.0362396240
-.0443267822
.0383148193
-.0349121094
-.0637969971
-.0425872803
-.0702056885
-.0811157227
.0252380371
.0308380127
.0537872314
-.0617065430
-.0691986084
.0563964844
-.0608215332
-.0397949219
-.0829925537
.0534362793
-.0404968262
.0584106445
.0433044434
.0591125488
-.0967559814
.0388488770
.0518341064
-.0740966797
-.0528717041
-.0508728027
.0317535400
-.0560302734
-.0466308594
.0401916504
.0564880371
.0595703125
.0850219727
-.0514221191
-.0632324219
.0516510010
-.0344543457
.0864715576
.0450744629
.0630187988
.0782318115
.0570831299
.0273132324
.0397796631
-.0502624512
-.0327758789
-.0426940918
-.0387420654
-.0624389648
.0527038574
-.0455627441
.0512695313
-.0588073730
.0291442871
-.0411376953
.0233612061
-.0399627686
-.0386352539
-.0615692139
-.0286560059
-.0372467041
-.0457153320
.0338287354
-.0441284180
-.0492248535
-.0489501953
.0631866455
.0441741943
.0221252441
-.0608978271
-.0366973877
-.0332031250
-.0662994385
-.0749511719
-.0653533936
-.0404663086
-.0545196533
-.0438385010
-.0800323486
-.0887145996
-.0297088623
.0609893799
-.0307769775
-.0493316650
.0728302002
.0780792236
-.0405883789
.0374145508
-.0674743652
-.0468292236
.0712585449
-.0570526123
-.0517730713
.0200805664
.0240173340
.0775451660
-.0502929688
.0591430664
-.0682678223
-.0488433838
-.0749511719
-.0684356689
.0568084717
-.0494537354
-.0551605225
-.0621337891
-.0733032227
-.0439910889
-.0295104980
-.0445098877
.0508880615
.0347290039
.0448913574
.0335083008
.0545806885
.0762786865
-.0619354248
.0567932129
-.0301361084
.0343933105
.0726318359
-.0564727783
.0407104492
.0210266113
-.0592651367
-.0531768799
-.0767517090
-.0665283203
-.0951385498
.0330810547
-.0619049072
-.0807800293
.0653839111
.0235290527
-.0404663086
.0240631104
.0542907715
.0320129395
-.0586547852
-.0337371826
-.0346984863
.0945587158
-.0727233887
-.0622863770
-.0852966309
-.0906982422
.0601959229
-.0376892090
.0552978516
-.0589294434
-.0422821045
.0822143555
.0464935303
-.0266418457
-.0263366699
.0528869629
-.0612182617
-.0441589355
-.0507202148
-.0591278076
-.0238342285
-.0747222900
-.0488586426
-.0402984619
.0647888184
-.0338134766
-.0742187500
-.0812072754
.0354309082
-.0529632568
-.0662384033
-.0532531738
-.0463714600
-.0355834961
-.0312957764
.0222015381
-.0439300537
-.0414123535
-.0281372070
-.0443267822
-.0276184082
.0235595703
.0300140381
-.0387420654
-.0569610596
.0716094971
-.0555267334
-.0277557373
.0178680420
-.0210418701
-.0296783447
-.0390319824
-.0435943604
.0220947266
.0427551270
-.0259399414
-.1522369385
-.1006469727
.0588073730
-.0446472168
-.0340728760
.0286712646
-.0382537842
-.0356597900
-.0245208740
.0263977051
.0264282227
-.0212860107
.0411224365
.0348815918
-.0329437256
-.0285339355
.0355529785
.0213317871
.0394287109
-.0267791748
-.0193634033
-.0360412598
-.0372467041
-.0334777832
-.0622558594
-.0399780273
-.1370849609
-.0642852783
.0583343506
.0255432129
.0164337158
-.0135040283
.0120697021
-.0161437988
-.0146789551
.0133056641
.0108642578
-.0106201172
-.0108489990
-.0142364502
.0094757080
.0084228516
-.0127410889
.0093536377
.0056457520
-.0047149658
.0218353271
-.0148315430
-.0098876953
-.0077972412
-.0095825195
-.0127868652
.0126037598
-.0155334473
-.0217590332
-.0317687988
-.0113067627
.0077667236
.0095520020
-.0122985840
-.0072784424
.0141296387
-.0191497803
-.0236968994
-.0788269043
.0309753418
.0246124268
.0153350830
.0069580078
-.0111389160
-.0067138672
-.0111694336
.0098114014
-.0124206543
.0146942139
-.0155639648
.0031127930
-.0058135986
.0052032471
-.0060882568
.0091857910
.0127563477
-.0136413574
-.0092468262
-.0190277100
.0142669678
.0106048584
-.0088653564
-.0087890625
.0068206787
.0068817139
-.0045928955
.0059509277
.0080871582
.0113372803
-.0084838867
-.0049591064
-.0079803467
.0042114258
-.0079956055
.0034027100
-.0125732422
-.0073547363
.0088195801
-.0056457520
.0055236816
.0079193115
-.0097351074
-.0025939941
.0028991699
-.0041656494
.0046081543
-.0031433105
-.0050048828
-.0045776367
-.0066833496
.0074920654
.0052337646
-.0077362061
-.0056762695
.0046234131
-.0038299561
-.0031433105
.0043334961
-.0028839111
-.0019226074
-.0023040771
