-.0000457764
-.0002899170
.0006561279
-.0011749268
-.0011749268
.0022125244
-.0029907227
.0028686523
.0032043457
-.0041046143
.0020294189
.0055389404
-.0055541992
-.0044250488
.0066528320
-.0035552979
-.0050354004
.0099029541
-.0091552734
.0034179688
.0072174072
-.0110473633
.0041809082
.0116119385
-.0055236816
-.0082855225
.0106353760
-.0101165771
-.0071563721
.0091552734
-.0187530518
-.0055389404
.0139617920
-.0126647949
-.0066223145
.0140686035
-.0226745605
-.0063171387
.0124511719
-.0177612305
.0092773438
.0117340088
-.0136718750
.0079803467
.0075531006
-.0153350830
.0065155029
.0191955566
-.0152587891
.0089416504
.0142974854
-.0159912109
-.0068054199
.0189056396
-.0248718262
.0109405518
.0200195313
-.0100402832
.0097045898
.0127410889
-.0202789307
-.0089874268
.0092163086
-.0131988525
.0131378174
.0097503662
-.0130615234
.0128936768
.0095825195
-.0224304199
.0152587891
.0122070313
-.0158538818
.0196228027
-.0110015869
.0047454834
.0128021240
-.0159454346
.0101623535
-.0105743408
-.0117492676
.0080566406
.0201416016
-.0190582275
.0213775635
-.0130157471
-.0064086914
.0065765381
-.0113983154
.0077972412
.0077056885
-.0126647949
.0132446289
-.0119476318
.0079193115
.0115051270
-.0139617920
.0245819092
-.0230865479
.0136718750
.0194396973
-.0176086426
.0154113770
-.0181884766
.0117797852
.0086059570
-.0145416260
.0223541260
-.0100097656
.0122222900
-.0063781738
.0059356689
-.0054473877
-.0131072998
.0094299316
-.0199584961
.0173950195
-.0254669189
.0137329102
.0097045898
-.0071716309
.0071411133
.0078430176
.0069274902
-.0160369873
.0089416504
-.0167694092
.0208740234
-.0140380859
.0195465088
-.0225830078
.0187530518
-.0111999512
.0139923096
-.0142211914
.0095520020
.0111846924
.0094909668
-.0129547119
.0152282715
-.0067443848
-.0082855225
-.0065460205
-.0072479248
.0099029541
.0060272217
-.0083465576
-.0071411133
.0169372559
-.0131225586
.0136718750
-.0079803467
.0203399658
-.0191955566
.0249786377
-.0173645020
.0226593018
-.0176239014
.0162200928
-.0197753906
.0080261230
-.0138854980
-.0078277588
.0111083984
-.0107879639
.0140686035
-.0198364258
.0202178955
-.0153961182
.0177001953
-.0173950195
.0191192627
-.0197753906
.0221557617
-.0150604248
.0180664063
-.0165863037
.0112762451
-.0123291016
-.0131988525
.0113220215
-.0067749023
.0141448975
-.0179595947
.0175476074
-.0191192627
.0221862793
-.0188751221
.0231323242
-.0211029053
.0246887207
-.0157928467
.0215606689
-.0221252441
.0266265869
-.0212860107
.0178680420
-.0173339844
-.0108032227
.0130310059
-.0164184570
.0118865967
-.0142364502
.0098419189
-.0169372559
.0146331787
-.0075836182
.0245056152
-.0225524902
.0150909424
-.0149993896
.0257263184
-.0211791992
.0193023682
-.0132141113
.0188598633
-.0226745605
.0225219727
-.0124816895
.0097351074
-.0135040283
-.0119476318
.0096740723
-.0123443604
.0185089111
-.0207519531
.0243225098
-.0226135254
.0195770264
-.0163574219
.0268554688
-.0279998779
.0289764404
-.0200347900
.0115509033
-.0136413574
.0276947021
-.0196685791
.0094604492
.0167999268
-.0159759521
.0187988281
-.0188446045
.0276794434
-.0243835449
.0146789551
-.0253448486
.0111083984
.0167541504
-.0168151855
.0152130127
-.0148162842
.0103607178
-.0122985840
.0162353516
.0122528076
-.0213470459
.0165405273
-.0085601807
.0143127441
-.0162963867
.0137939453
-.0086669922
.0088195801
.0131072998
-.0135803223
.0102386475
-.0123443604
-.0084075928
-.0089721680
.0077819824
.0101318359
.0121612549
-.0150756836
.0121612549
.0155944824
-.0142822266
-.0107269287
.0070343018
.0158233643
.0102386475
-.0094451904
.0103759766
-.0101470947
-.0114898682
.0206909180
-.0127716064
-.0118408203
.0189361572
-.0193634033
.0130462646
.0115509033
-.0117797852
.0169067383
-.0111389160
-.0131072998
.0180358887
-.0163574219
.0115051270
.0096893311
-.0082855225
.0090789795
-.0119628906
-.0127105713
.0241851807
-.0177307129
-.0090942383
.0213775635
-.0136108398
.0097961426
.0177612305
-.0206756592
.0180358887
.0124053955
-.0184936523
.0134277344
.0096588135
-.0101013184
.0122528076
-.0201416016
.0101928711
.0120391846
-.0109100342
.0139923096
.0122528076
-.0162963867
.0101318359
.0172576904
-.0206146240
-.0170593262
.0114746094
-.0154113770
-.0078430176
.0074310303
-.0105285645
-.0113220215
.0150299072
-.0196075439
.0193481445
.0146179199
-.0198211670
.0092926025
-.0171966553
.0091857910
.0131988525
-.0195465088
.0116271973
.0158081055
-.0232543945
.0155944824
.0191955566
-.0245513916
.0090026855
.0199432373
-.0222320557
-.0129852295
.0269622803
-.0119323730
-.0139770508
.0172882080
-.0258026123
.0094146729
.0174865723
.0097351074
-.0180206299
.0273437500
.0150909424
-.0167388916
.0142364502
-.0119781494
-.0127410889
.0182952881
-.0123901367
.0149383545
.0149383545
.0115966797
-.0126647949
.0192718506
-.0119018555
-.0115661621
.0219421387
.0148468018
-.0258636475
.0189971924
.0339965820
-.0133361816
-.0201873779
.0293426514
-.0219573975
-.0190277100
.0360412598
-.0195617676
-.0230407715
.0469360352
-.0224304199
-.0303497314
.0418243408
.0208435059
-.0176239014
-.0216369629
.0381927490
-.0196685791
-.0211029053
.0403442383
-.0225067139
-.0106811523
-.0211181641
.0278625488
-.0136108398
-.0251312256
.0344238281
-.0192565918
.0194396973
-.0280456543
.0336761475
.0141601563
-.0393981934
.0326690674
.0247039795
-.0134887695
-.0413055420
.0456390381
.0318603516
-.0307006836
-.0346527100
.0422973633
-.0187988281
-.0404052734
.0393218994
.0563964844
-.0207214355
-.0289764404
.0337829590
.0290832520
-.0285797119
-.0438995361
.0534057617
.0382843018
-.0326232910
-.0349731445
.0522003174
-.0167388916
-.0345001221
-.0318298340
.0554046631
-.0247344971
-.0332946777
.0308227539
.0570068359
-.0284881592
-.0316619873
-.0256500244
.0616912842
-.0350646973
-.0389251709
.0369415283
.0584106445
-.0371551514
-.0330657959
.0263061523
.0599365234
-.0308685303
-.0333862305
.0372924805
.0381164551
-.0379028320
-.0293426514
-.0159301758
.0515136719
-.0289459229
-.0308837891
.0208435059
.0485992432
-.0352020264
-.0254058838
-.0137939453
.0398406982
-.0326385498
-.0404968262
-.0177612305
.0489196777
.0227966309
-.0406036377
-.0151062012
.0476379395
.0389251709
-.0349426270
.0183715820
.0177459717
.0427856445
-.0454406738
.0234985352
-.0296783447
.0570983887
-.0441436768
-.0279235840
-.0195465088
.0511932373
.0415496826
-.0296020508
-.0301208496
.0370178223
.0629425049
-.0456085205
.0153961182
-.0274810791
.0638580322
-.0383453369
.0319519043
-.0332336426
.0513763428
-.0411529541
.0192871094
-.0398406982
.0475616455
-.0244293213
.0402069092
-.0385742188
.0432281494
.0452575684
.0223388672
-.0395507813
-.0270996094
.0492401123
-.0276184082
-.0344543457
-.0323028564
.0535125732
-.0139312744
.0193176270
-.0263977051
.0411987305
.0309295654
-.0237731934
-.0272064209
.0298614502
.0402984619
-.0166625977
-.0313415527
-.0399169922
.0586547852
.0243225098
-.0213928223
-.0239257813
.0510253906
.0402984619
-.0240325928
-.0274810791
.0549774170
.0511322021
-.0298309326
-.0141754150
-.0337524414
.0784301758
-.0354156494
.0250396729
-.0320129395
.0594787598
-.0310821533
-.0190429688
-.0320281982
.0609893799
.0471038818
-.0217132568
-.0210876465
-.0315093994
.0755767822
-.0431671143
-.0113677979
-.0342102051
.0702819824
.0482177734
-.0514068604
-.0169830322
.0366821289
.0674438477
-.0491333008
-.0217132568
-.0366210938
.0681915283
.0634613037
-.0508270264
-.0118255615
-.0343170166
.0713348389
.0423736572
-.0178680420
-.0290985107
.0494079590
.0537719727
.0220184326
-.0234222412
-.0426177979
.0674133301
.0613098145
-.0437469482
-.0195312500
-.0206909180
.0438232422
.0434265137
-.0296630859
-.0412597656
.0602569580
.0550537109
.0471191406
.0282592773
-.0326232910
.0492248535
.0645141602
.0353088379
-.0251007080
-.0432128906
-.0404510498
.0596771240
.0550384521
-.0269470215
-.0507202148
-.0534820557
.0633544922
.0705261230
-.0382385254
.0261688232
-.0642242432
.0773925781
.0699920654
.0327758789
.0285339355
-.0685119629
-.0688476563
.0764923096
.0684509277
.0409698486
.0383911133
-.0791778564
-.0863037109
.0886993408
.0778808594
-.0310363770
.0601348877
-.0874938965
-.0748748779
.0876617432
.0891723633
-.0473175049
.0455627441
-.0784301758
-.0796508789
.0890960693
.0888824463
.0477294922
.0627441406
-.0534973145
-.0722656250
.0762939453
.0822906494
.0489501953
.0434417725
.0509796143
-.0500183105
-.0597076416
.0674591064
.0621643066
-.0426788330
.0383148193
.0408935547
-.0536956787
.0806427002
.0621795654
.0406341553
.0496673584
.0442352295
-.0387115479
-.0511016846
.0670318604
.0388183594
.0317687988
.0382080078
.0310211182
-.0411376953
-.0414276123
.0520629883
.0314941406
-.0246734619
.0305938721
-.0266876221
-.0433349609
-.0363769531
.0488433838
.0368041992
-.0252990723
.0201721191
-.0260009766
-.0260620117
-.0261077881
.0430755615
.0320434570
.0374298096
-.0151824951
.0136260986
-.0202026367
-.0225524902
.0329284668
-.0260925293
.0352325439
.0280914307
-.0240173340
.0105438232
-.0178375244
-.0151824951
.0274658203
.0320129395
.0287628174
-.0191497803
-.0111236572
-.0230102539
-.0176239014
-.0142059326
.0281524658
.0179595947
.0299072266
-.0162048340
-.0249938965
.0189819336
-.0202178955
.0200805664
.0295410156
.0310058594
-.0202026367
-.0261230469
-.0297393799
-.0269775391
-.0131072998
.0283203125
.0333709717
.0392303467
.0223236084
-.0192108154
-.0249328613
-.0205993652
-.0285034180
.0223083496
.0409545898
.0391540527
.0292358398
.0236511230
-.0145721436
-.0308685303
-.0203399658
-.0215454102
.0195465088
.0393981934
.0438385010
.0350494385
.0284576416
-.0222320557
-.0188446045
-.0358581543
-.0359497070
-.0157928467
.0189819336
.0389251709
.0354156494
.0290679932
.0235900879
-.0266876221
-.0175323486
-.0155029297
-.0299682617
-.0274963379
.0144653320
-.0200195313
.0384826660
.0275573730
.0318450928
.0166778564
-.0205688477
-.0216674805
-.0297546387
-.0376434326
-.0184173584
-.0152587891
.0250396729
.0437164307
.0204315186
.0309906006
-.0187377930
-.0144805908
.0184783936
-.0265655518
-.0169982910
-.0203552246
-.0239562988
-.0234375000
.0301361084
.0222015381
.0297088623
-.0185852051
.0182800293
.0189514160
.0108184814
-.0210876465
-.0194091797
-.0176849365
-.0161590576
-.0154876709
-.0143280029
.0267028809
-.0162200928
.0241394043
-.0138092041
-.0168304443
.0199279785
-.0134582520
.0134124756
-.0113220215
-.0204162598
-.0216979980
-.0205383301
-.0122070313
.0216827393
-.0135803223
.0305023193
-.0162353516
.0182495117
.0108337402
-.0108184814
-.0124359131
.0089111328
.0167388916
-.0184783936
-.0127105713
-.0157928467
-.0155944824
-.0149230957
.0250854492
.0134582520
.0204925537
.0160522461
.0195007324
.0173492432
.0209197998
.0144653320
-.0078735352
-.0123443604
-.0078735352
-.0138244629
-.0147094727
-.0141296387
-.0154876709
-.0113525391
-.0100860596
.0170288086
-.0133514404
.0238952637
.0119476318
.0155944824
.0174102783
.0149993896
.0139923096
-.0117645264
.0127716064
.0049591064
-.0088043213
-.0168304443
-.0181121826
-.0111083984
-.0161437988
-.0195922852
-.0168609619
-.0096435547
.0218811035
-.0067443848
.0205078125
.0123291016
.0099792480
-.0109710693
.0222473145
.0108947754
.0151672363
.0101318359
-.0079040527
.0123291016
-.0078277588
-.0155181885
-.0079498291
.0133056641
-.0177154541
.0092163086
-.0079650879
-.0172119141
-.0106506348
-.0137023926
-.0090789795
.0174407959
-.0111999512
.0212707520
.0114593506
.0224151611
.0112609863
.0136871338
.0159912109
-.0100402832
.0135650635
.0171508789
-.0123596191
-.0115203857
-.0136566162
-.0093078613
.0092468262
-.0143890381
-.0164642334
.0084075928
-.0139160156
-.0102844238
-.0142211914
.0056304932
-.0148162842
.0110015869
-.0109405518
-.0115051270
.0218200684
.0085296631
.0169219971
.0098266602
.0139923096
.0121154785
.0188903809
.0131225586
.0159912109
-.0065155029
.0193023682
-.0087585449
.0072021484
.0136413574
-.0134735107
-.0063934326
-.0078277588
-.0145416260
.0080871582
-.0096435547
.0044403076
-.0106506348
.0065765381
-.0062255859
-.0072784424
-.0127410889
.0050201416
.0043487549
-.0057830811
-.0112915039
.0068054199
.0076293945
.0078125000
-.0106811523
-.0063781738
-.0060729980
-.0102691650
.0059661865
-.0081939697
.0096282959
.0093078613
-.0073394775
.0163116455
-.0087432861
.0127716064
.0132751465
.0152587891
-.0059509277
-.0047607422
.0148010254
.0117187500
.0089874268
.0149841309
-.0120544434
.0105285645
.0055694580
.0143127441
-.0078125000
.0114440918
-.0056762695
.0060882568
.0056610107
.0057067871
-.0067596436
.0054779053
-.0061950684
.0077514648
-.0071868896
-.0040740967
-.0063934326
-.0027923584
-.0045776367
.0024719238
-.0041656494
.0033721924
.0020599365
-.0031127930
-.0013275146
-.0013885498
-.0008850098
.0009155273
.0003204346
-.0001831055
