-.0038452148
-.0030822754
.0063476563
-.0025024414
-.0067138672
.0060882568
.0023193359
-.0043640137
.0033111572
.0034179688
-.0058441162
.0042572021
.0025177002
-.0064544678
.0066528320
.0058135986
-.0055236816
-.0042266846
.0060424805
-.0042572021
-.0034332275
.0036468506
-.0035705566
-.0039520264
.0045928955
.0047302246
-.0053100586
.0050659180
.0049896240
-.0062408447
-.0027923584
.0063629150
-.0052032471
-.0052490234
.0063323975
-.0034332275
-.0043182373
.0069274902
-.0043029785
-.0058593750
.0063323975
.0035095215
-.0058135986
.0058898926
.0049438477
-.0058593750
.0055999756
-.0035095215
-.0063171387
.0049591064
.0054779053
-.0068206787
-.0038757324
.0068511963
-.0053863525
-.0039825439
.0050354004
.0030364990
-.0053710938
.0043487549
-.0033721924
-.0056610107
.0054168701
.0040130615
-.0052947998
.0046691895
.0045471191
-.0053100586
-.0039367676
.0060729980
-.0056762695
-.0028839111
.0063781738
-.0046997070
-.0050048828
.0057067871
-.0034179688
-.0057067871
.0064239502
-.0023651123
-.0057830811
.0048065186
.0048828125
-.0062866211
.0043029785
.0049743652
-.0053253174
.0050811768
.0032043457
-.0051422119
.0031890869
.0029296875
-.0035705566
-.0035858154
.0054931641
-.0041198730
-.0034484863
.0043945313
-.0036468506
-.0032653809
.0029144287
.0023956299
-.0036926270
.0029907227
.0039978027
-.0058288574
-.0021209717
.0062866211
-.0050048828
-.0051879883
.0056152344
-.0035858154
-.0030517578
.0048828125
-.0035858154
-.0029907227
.0043029785
-.0016937256
-.0048065186
.0047760010
.0030670166
-.0052337646
.0048980713
-.0014190674
-.0030670166
.0033264160
.0029907227
-.0037841797
-.0026550293
.0045776367
-.0034790039
-.0027923584
.0041809082
-.0013427734
-.0050048828
.0031127930
.0016021729
-.0034942627
.0030975342
-.0029296875
-.0034790039
.0039672852
.0031738281
-.0050964355
-.0020294189
.0059204102
-.0051422119
.0017242432
.0038604736
-.0035552979
-.0015869141
.0038604736
-.0018005371
-.0042419434
.0054779053
.0014953613
-.0061187744
.0046234131
.0038146973
-.0063018799
.0033874512
.0043029785
-.0042572021
.0016937256
.0033569336
-.0036926270
.0022583008
.0037689209
-.0032958984
-.0031280518
.0056610107
-.0028686523
-.0038909912
.0050964355
-.0040588379
-.0047912598
.0036163330
.0056762695
-.0055999756
-.0030364990
.0066223145
-.0071105957
.0039367676
.0064239502
-.0041656494
-.0063629150
.0051116943
-.0032958984
-.0049285889
.0052795410
-.0038604736
-.0042419434
.0063629150
.0037078857
-.0061492920
.0051727295
.0055084229
-.0057830811
.0057220459
.0046234131
-.0043945313
.0047454834
.0071411133
-.0058898926
-.0057220459
.0070953369
-.0045318604
-.0050811768
.0108489990
.0041809082
-.0056762695
.0039062500
.0046997070
-.0070953369
.0072937012
.0031585693
-.0063476563
.0058898926
.0051422119
-.0059509277
-.0037078857
.0057373047
-.0059967041
-.0037536621
.0045928955
-.0040283203
-.0053558350
.0070343018
-.0041198730
-.0066070557
.0079193115
-.0033874512
-.0068969727
.0054473877
.0049133301
-.0071411133
.0042419434
.0065612793
-.0061187744
.0039672852
.0048065186
-.0069732666
.0043640137
.0060577393
-.0053100586
-.0045776367
.0069427490
-.0040740967
-.0038299561
.0050506592
-.0028686523
-.0036163330
.0045013428
.0030364990
-.0051879883
.0045471191
.0029907227
-.0054321289
.0030212402
.0053863525
-.0036773682
-.0041198730
.0047454834
-.0028228760
-.0029907227
.0047607422
-.0037994385
-.0035552979
.0045776367
-.0025634766
-.0044860840
.0044555664
.0027618408
-.0059051514
.0043945313
-.0015869141
-.0037078857
.0042877197
.0033874512
-.0045013428
-.0022430420
.0047454834
-.0042114258
-.0020141602
.0046997070
-.0012817383
-.0045471191
.0040283203
.0015563965
-.0040588379
.0043334961
-.0025329590
-.0039825439
.0037231445
.0030975342
-.0037841797
-.0023651123
.0045623779
-.0054779053
.0019226074
.0047454834
-.0034790039
-.0027160645
.0036010742
-.0024108887
-.0024108887
.0045928955
-.0014953613
-.0044555664
.0029144287
.0035247803
-.0053558350
.0018005371
.0046386719
-.0036926270
.0025634766
.0023651123
-.0038146973
.0028533936
.0032043457
-.0030364990
-.0030364990
.0049591064
-.0038146973
-.0036926270
.0042419434
-.0039825439
-.0031585693
.0037231445
.0022277832
-.0037231445
.0048065186
.0029602051
-.0063323975
.0049438477
.0062103271
-.0060577393
-.0038146973
.0062408447
-.0047912598
.0035705566
.0058593750
-.0058135986
-.0037841797
.0063934326
-.0049438477
-.0065307617
.0078430176
-.0034484863
-.0074920654
.0064849854
-.0046539307
-.0064086914
.0056457520
.0053558350
-.0064086914
.0044250488
.0062713623
-.0071258545
.0037841797
.0069122314
-.0049133301
-.0056915283
.0069732666
-.0047454834
-.0055847168
.0065002441
-.0046844482
-.0060882568
.0056915283
.0064849854
-.0064392090
.0046844482
.0070037842
-.0082550049
.0053253174
.0065460205
-.0058593750
-.0045013428
.0052185059
-.0047302246
-.0059967041
.0071258545
.0034942627
-.0063323975
.0059051514
.0045928955
-.0066833496
.0048217773
.0055389404
-.0057373047
.0049285889
.0045471191
-.0050506592
.0043792725
.0064239502
-.0052337646
-.0057983398
.0074005127
-.0053558350
-.0045471191
.0063171387
-.0048522949
-.0035247803
.0044250488
.0043029785
-.0060272217
.0051269531
.0042724609
-.0069274902
.0048522949
.0055389404
-.0063934326
-.0020904541
.0067443848
-.0045318604
-.0028686523
.0051116943
-.0046997070
-.0032806396
.0059509277
-.0033416748
-.0057525635
.0070800781
.0024719238
-.0063934326
.0054931641
.0024719238
-.0051269531
.0039062500
.0052795410
-.0061492920
-.0034179688
.0064544678
-.0060729980
-.0026092529
.0053405762
-.0029754639
-.0045166016
.0048828125
-.0018463135
-.0051727295
.0051116943
-.0029449463
-.0055847168
.0048675537
.0031433105
-.0057220459
.0044403076
.0043640137
-.0055389404
.0030975342
.0033569336
-.0040893555
-.0019683838
.0044860840
-.0040740967
-.0041656494
.0063629150
-.0035095215
-.0045166016
.0045318604
.0014801025
-.0046691895
.0036926270
.0037231445
-.0051422119
.0034637451
.0029754639
-.0051269531
.0037841797
.0033264160
-.0054931641
-.0026550293
.0058746338
-.0038299561
-.0028381348
.0045166016
-.0032043457
-.0035247803
.0041046143
.0019226074
-.0054321289
.0055389404
.0028991699
-.0075988770
.0032653809
.0048828125
-.0050964355
-.0035095215
.0049133301
-.0040893555
-.0032653809
.0059051514
-.0059356689
-.0043792725
.0062866211
-.0055847168
-.0062561035
.0072631836
.0046234131
-.0072021484
.0060729980
.0047454834
-.0059356689
.0046844482
.0065002441
-.0072021484
.0045013428
.0074310303
-.0059051514
-.0046386719
.0073852539
-.0036621094
-.0067596436
.0059204102
-.0043792725
-.0058746338
.0063934326
-.0041961670
-.0054931641
.0064239502
.0048522949
-.0059814453
.0052337646
.0056915283
-.0070190430
.0056304932
.0047760010
-.0066986084
.0049438477
.0057983398
-.0062103271
-.0052490234
.0066070557
-.0044860840
-.0050201416
.0063629150
.0041961670
-.0065155029
.0068817139
.0054931641
-.0063934326
.0073699951
.0039520264
-.0064392090
.0055084229
.0050964355
-.0058288574
-.0036773682
.0074768066
-.0064392090
-.0042877197
.0075988770
-.0056915283
-.0046386719
.0058593750
.0037384033
-.0053405762
.0055084229
.0052795410
-.0066833496
.0042724609
.0076293945
-.0070190430
-.0051879883
.0072631836
-.0044403076
-.0037231445
.0047149658
-.0038452148
-.0031127930
.0061340332
-.0037231445
-.0055999756
.0070343018
.0041809082
-.0069885254
.0052032471
.0022430420
-.0046997070
.0042266846
.0047760010
-.0047912598
.0027313232
.0054931641
-.0056304932
-.0036163330
.0057067871
-.0037384033
-.0041046143
.0054931641
-.0032043457
-.0038757324
.0046539307
-.0032501221
-.0044555664
.0043792725
.0031127930
-.0052185059
.0042114258
.0041503906
-.0066070557
.0042724609
.0033416748
-.0037994385
.0019989014
.0036926270
-.0023956299
-.0048217773
.0057678223
-.0021209717
-.0045166016
.0046997070
.0028686523
-.0055999756
.0028991699
.0028839111
-.0041961670
.0037384033
.0026245117
-.0054321289
.0022583008
.0046386719
-.0053100586
-.0036315918
.0062713623
-.0053100586
-.0024566650
.0048522949
-.0036163330
-.0032196045
.0041656494
.0023803711
-.0050964355
.0048675537
.0021514893
-.0059356689
.0034790039
.0040435791
-.0054779053
-.0023040771
.0047302246
-.0032501221
-.0028686523
.0044097900
-.0036468506
-.0021667480
.0047760010
-.0022125244
-.0052490234
.0050354004
-.0023956299
-.0057220459
.0052185059
.0026245117
-.0046844482
.0038604736
.0059509277
-.0064544678
-.0036773682
.0070190430
-.0062255859
.0035247803
.0068359375
-.0044097900
-.0060119629
.0056762695
.0041046143
-.0057830811
.0055389404
-.0040588379
-.0059661865
.0060272217
.0048217773
-.0066070557
.0055694580
.0066223145
-.0064697266
.0047302246
.0047912598
-.0046691895
-.0035705566
.0063323975
-.0045471191
-.0053253174
.0069427490
-.0044708252
-.0054626465
.0062561035
.0051727295
-.0065612793
.0045318604
.0059204102
-.0056304932
.0050048828
.0043945313
-.0073852539
.0057373047
.0070343018
-.0058898926
-.0054321289
.0073547363
-.0046844482
-.0044097900
.0051116943
-.0041961670
-.0045471191
.0056152344
-.0036163330
-.0059204102
.0063018799
.0037841797
-.0059051514
.0036621094
.0057678223
-.0050354004
-.0032501221
.0059967041
-.0048370361
.0037384033
.0056304932
-.0049896240
-.0042572021
.0054168701
-.0027923584
-.0050811768
.0054016113
.0025939941
-.0053253174
.0054168701
-.0034790039
-.0050506592
.0048065186
.0048065186
-.0047454834
.0037231445
.0044403076
-.0046386719
.0025024414
.0054931641
-.0026092529
-.0053253174
.0052642822
-.0027923584
-.0048675537
.0046081543
-.0028381348
-.0037384033
.0040130615
.0027008057
-.0045776367
.0034942627
.0040893555
-.0058135986
.0039978027
.0036468506
-.0046997070
-.0032348633
.0037536621
-.0025177002
-.0039672852
.0051879883
-.0022125244
-.0039367676
.0039215088
.0035247803
-.0056915283
.0030822754
.0041046143
-.0045623779
.0035095215
.0025177002
-.0048217773
.0032806396
.0031738281
-.0041809082
-.0032196045
.0057525635
-.0047302246
-.0038452148
.0052185059
-.0039367676
-.0025634766
.0047302246
.0014190674
-.0050354004
.0043792725
.0030059814
-.0058135986
.0026245117
.0049133301
-.0061950684
-.0034790039
.0060424805
-.0038452148
-.0025482178
.0039978027
-.0037536621
-.0021057129
.0037994385
-.0024414063
-.0047149658
.0052795410
.0018768311
-.0052947998
.0045013428
-.0026092529
-.0035858154
.0030670166
.0028228760
-.0033721924
-.0020446777
.0039978027
-.0051727295
-.0030059814
.0054779053
-.0049591064
-.0046691895
.0058898926
-.0044555664
-.0046234131
.0061645508
-.0049285889
-.0049438477
.0064239502
.0035705566
-.0081787109
.0072174072
.0063476563
-.0090026855
.0044403076
.0058288574
-.0068206787
.0032806396
.0060119629
-.0055389404
-.0054779053
.0080718994
-.0038604736
-.0067596436
.0065155029
.0048828125
-.0073242188
.0043487549
.0049591064
-.0060119629
.0052337646
.0048980713
-.0072326660
.0036926270
.0080108643
-.0065155029
-.0064849854
.0080413818
-.0052185059
-.0039520264
.0067291260
-.0054626465
-.0061950684
.0051574707
.0049438477
-.0071868896
.0054779053
.0061950684
-.0075073242
.0051727295
.0059356689
-.0061340332
-.0033721924
.0067138672
-.0046234131
-.0040283203
.0047149658
-.0043334961
.0035705566
.0052642822
-.0043640137
-.0048828125
.0056457520
-.0045013428
-.0045776367
.0058898926
-.0032043457
-.0049438477
.0040588379
.0047454834
-.0061035156
.0030364990
.0042114258
-.0055236816
.0036621094
.0051727295
-.0054016113
-.0038909912
.0050811768
-.0030364990
-.0036773682
.0046844482
-.0035705566
-.0031127930
.0058898926
-.0028228760
-.0061798096
.0060119629
.0043792725
-.0058135986
.0036621094
.0039978027
-.0039367676
.0017547607
.0051727295
-.0040130615
-.0042572021
.0065155029
-.0030517578
-.0049743652
.0042572021
.0030822754
-.0047149658
.0029144287
.0042419434
-.0047912598
.0029449463
.0037689209
-.0055999756
.0036468506
.0046081543
-.0041351318
-.0033721924
.0047607422
-.0041503906
-.0023651123
.0043792725
-.0027465820
-.0037078857
.0039978027
-.0017242432
-.0045471191
.0049591064
.0021514893
-.0051879883
.0028533936
.0039672852
-.0046844482
-.0024566650
.0048828125
-.0040435791
.0021820068
.0030364990
-.0036010742
.0027770996
.0034790039
-.0036163330
-.0028839111
.0049438477
-.0033721924
-.0031890869
.0041961670
-.0033874512
-.0036773682
.0038757324
-.0014190674
-.0052032471
.0046234131
.0018310547
-.0057983398
.0018920898
.0047760010
-.0042724609
-.0040130615
.0054168701
-.0029144287
-.0030059814
.0049743652
-.0031890869
-.0030364990
.0039367676
-.0009765625
-.0048065186
.0044708252
.0029754639
-.0061035156
.0030517578
.0026092529
-.0044250488
.0026397705
.0037689209
-.0035400391
-.0031738281
.0045623779
-.0017852783
-.0034790039
.0040130615
.0020904541
-.0063476563
.0039978027
.0026702881
-.0036010742
.0037384033
-.0027008057
-.0029602051
