-.0000305176
-.0000152588
-.0000152588
-.0000152588
.0000152588
-.0000305176
-.0000305176
.0000152588
-.0000152588
.0000152588
-.0000305176
-.0000152588
-.0000305176
-.0000152588
-.0000305176
.0000305176
.0000457764
.0006561279
.0001831055
.0001525879
.0117492676
-.0032806396
.0005035400
.0005035400
-.0014953613
-.0017242432
-.0003509521
.0004882813
.0002746582
.0001983643
.0002441406
.0002899170
-.0002288818
.0004425049
-.0002288818
.0024871826
-.0008850098
.0002288818
.0001831055
.0001983643
-.0001220703
-.0001525879
.0001525879
-.0010833740
-.0003509521
.0017242432
-.0006713867
.0000762939
.0001525879
.0001678467
-.0014190674
.0002746582
.0028228760
-.0005340576
-.0001220703
.0001678467
-.0001831055
-.0001373291
.0014495850
.0002899170
.0058441162
-.0006713867
-.0001831055
.0002593994
.0001831055
.0001678467
.0001373291
.0001678467
.0011749268
-.0003204346
-.0066223145
.0007934570
-.0001983643
-.0001983643
.0002593994
.0001373291
-.0001220703
-.0015258789
.0002746582
.0107574463
-.0005187988
-.0002441406
.0003662109
-.0001983643
-.0001525879
-.0004272461
.0007476807
-.0002593994
.0067291260
-.0007324219
.0003509521
.0002593994
.0002136230
-.0001678467
-.0012817383
.0003356934
.0081481934
-.0006713867
-.0001678467
.0001983643
.0002441406
-.0002136230
-.0001068115
.0003051758
-.0021972656
.0005187988
-.0007171631
-.0012664795
-.0002288818
.0003356934
.0003051758
.0001983643
.0001831055
-.0014038086
.0004272461
-.0075378418
-.0007324219
-.0001831055
-.0007324219
.0005493164
-.0003204346
-.0033416748
-.0004730225
.0003509521
.0003509521
.0002441406
-.0001831055
.0001983643
-.0001220703
-.0008697510
.0002746582
.0060729980
.0007019043
-.0002746582
.0002746582
-.0041656494
.0003814697
-.0004577637
.0011749268
-.0002899170
.0004882813
.0004272461
.0002899170
.0003967285
.0005035400
-.0006103516
.0050201416
-.0001983643
.0002593994
.0002746582
-.0033416748
-.0005493164
-.0010681152
.0009613037
-.0003051758
.0003204346
.0003356934
.0010223389
.0007171631
.0003509521
-.0027465820
.0017089844
.0006408691
.0078277588
-.0008544922
-.0011291504
.0005645752
-.0056304932
-.0004730225
-.0005340576
.0005187988
.0003814697
.0002441406
-.0026855469
.0006866455
-.0010070801
.0012359619
-.0003204346
.0004119873
.0004119873
.0006103516
.0003356934
-.0095367432
-.0004882813
-.0031738281
.0005493164
-.0004425049
.0016937256
-.0004425049
.0004882813
-.0006103516
.0006103516
.0006408691
.0007324219
-.0018920898
-.0016937256
-.0007781982
-.0117645264
-.0009002686
-.0016326904
.0008392334
-.0057678223
-.0006561279
.0007934570
.0011901855
.0005035400
.0024108887
-.0024261475
-.0010070801
.0155639648
-.0012207031
-.0004272461
.0020599365
.0006103516
-.0096435547
-.0007476807
.0005187988
-.0004882813
-.0009307861
.0011444092
.0003967285
-.0024108887
-.0004119873
.0022735596
-.0008392334
.0102386475
-.0010528564
-.0003814697
.0025939941
.0007171631
-.0161743164
-.0020446777
.0005645752
-.0003509521
-.0004730225
-.0004577637
-.0013580322
.0007934570
-.0073242188
.0006408691
-.0022277832
.0006256104
-.0028839111
.0015716553
-.0010833740
.0025634766
.0008239746
-.0090026855
.0010375977
-.0007324219
.0006713867
-.0005187988
.0012207031
-.0011291504
-.0049285889
.0009460449
.0005950928
.0013427734
.0005187988
.0013885498
-.0009307861
.0006561279
-.0007476807
.0031127930
-.0008850098
-.0128631592
-.0010986328
-.0003051758
-.0006103516
-.0010375977
.0007171631
.0015411377
.0005950928
-.0007934570
.0019226074
.0009002686
-.0102233887
.0007324219
-.0004882813
-.0015869141
.0008850098
.0045318604
-.0011596680
-.0019073486
.0008087158
.0016784668
-.0005340576
.0022430420
.0007781982
.0032348633
-.0007019043
.0015563965
.0026702881
.0007781982
-.0050048828
-.0011444092
.0020141602
.0010375977
.0135650635
.0009918213
-.0014343262
.0143432617
-.0009460449
-.0024108887
.0008697510
.0015258789
-.0049438477
.0012207031
-.0045471191
-.0004730225
.0014801025
.0021667480
.0093688965
-.0009613037
.0013275146
-.0008392334
.0006103516
-.0005798340
-.0029144287
-.0172882080
-.0016632080
.0043640137
.0108184814
-.0012969971
.0041961670
.0074005127
.0220336914
.0013122559
.0028533936
.0017089844
-.0010070801
-.0015563965
-.0025787354
.0007171631
-.0004730225
.0004272461
.0004425049
-.0003356934
.0003814697
.0002593994
.0002899170
.0001678467
.0001373291
.0001220703
.0001525879
-.0000762939
.0000762939
.0000915527
.0001068115
.0000915527
.0000610352
.0000457764
.0000610352
-.0000762939
.0000457764
.0000915527
.0000457764
.0000457764
.0000305176
.0000457764
.0000457764
.0000305176
-.0000305176
.0000305176
.0000305176
.0000305176
-.0000305176
.0000305176
.0000305176
-.0000305176
.0000305176
.0000305176
-.0000305176
.0000305176
.0000305176
.0000305176
.0000305176
-.0000305176
.0000152588
-.0000305176
-.0000305176
-.0000305176
.0000305176
.0000305176
.0000305176
-.0000152588
.0000305176
.0000305176
-.0000305176
.0000305176
-.0000152588
-.0000152588
.0000152588
-.0000152588
.0000152588
.0000305176
-.0000152588
-.0000152588
-.0000152588
.0000305176
-.0000305176
-.0000152588
.0000152588
.0000305176
-.0000305176
-.0000305176
-.0000305176
.0000152588
-.0000305176
-.0000152588
-.0000152588
.0000305176
.0000152588
.0000152588
-.0000152588
.0000305176
.0000305176
-.0000152588
-.0000152588
-.0000152588
-.0000305176
-.0000152588
.0000152588
.0000152588
-.0000305176
-.0000152588
-.0000305176
-.0000152588
.0000152588
.0000152588
.0000305176
.0000152588
-.0000152588
-.0000305176
-.0000152588
-.0000152588
-.0000305176
-.0000152588
.0000305176
-.0000305176
-.0000152588
-.0000305176
-.0000305176
-.0000152588
.0000305176
.0000305176
-.0000152588
-.0000305176
.0000152588
-.0000152588
-.0000152588
-.0000305176
-.0000152588
.0000152588
.0000152588
.0000152588
-.0000305176
.0000152588
.0000305176
.0000152588
.0000152588
.0000152588
.0000152588
.0000152588
-.0000152588
.0000152588
.0000305176
.0000152588
.0000305176
.0000152588
.0000152588
-.0000152588
-.0000152588
-.0000152588
.0000305176
.0000457764
.0000610352
-.0010375977
.0003509521
.0002288818
-.0013275146
-.0020141602
-.0044860840
.0006561279
.0632934570
-.0094146729
-.0013580322
.0016174316
.0376892090
.0214843750
.0023193359
.0023193359
-.0096740723
-.0073394775
.0031280518
-.0488281250
-.0163726807
.0085449219
-.0085906982
-.0017547607
.0140533447
-.0099639893
.0018768311
.0011291504
-.0010833740
.0082397461
-.0017242432
.0013122559
-.0130615234
.0025634766
-.0023040771
-.0011138916
-.0183563232
.0009918213
-.0008392334
-.0086364746
-.0015106201
.0008392334
-.0023193359
-.0017547607
.0012664795
-.0044708252
-.0105743408
-.0022583008
-.0005493164
-.0011749268
.0008087158
-.0155792236
.0031280518
.0008239746
-.0004272461
-.0092315674
.0026397705
.0009765625
.0015411377
.0034790039
.0005035400
.0018920898
.0011291504
-.0003967285
-.0068359375
-.0007934570
.0180053711
-.0023040771
-.0003967285
-.0007476807
.0005187988
.0016784668
-.0010833740
.0008850098
-.0059967041
-.0021820068
.0005035400
.0006866455
.0005645752
-.0005035400
-.0010528564
.0073394775
-.0118103027
.0068359375
.0006256104
-.0010833740
-.0009460449
.0008239746
-.0112762451
-.0008087158
-.0018615723
.0006256104
.0156097412
-.0033416748
-.0008239746
.0191192627
-.0010681152
.0004577637
-.0007171631
-.0010223389
.0015106201
.0007934570
.0163726807
.0007476807
-.0003051758
-.0003204346
-.0003051758
-.0020446777
-.0007476807
.0072479248
-.0015106201
-.0107421875
-.0016174316
-.0005645752
.0014801025
.0007171631
-.0137023926
-.0007324219
-.0007476807
.0009307861
-.0122375488
.0027465820
-.0009002686
-.0005645752
-.0014190674
.0013122559
.0012207031
.0130767822
.0020141602
-.0009460449
-.0061340332
-.0004882813
-.0003814697
.0004119873
.0005340576
-.0029907227
-.0030822754
.0007019043
-.0024414063
-.0023193359
.0019226074
.0006713867
-.0104980469
-.0007629395
-.0030059814
-.0016479492
-.0034942627
.0043487549
-.0033874512
.0010833740
-.0073699951
.0023803711
-.0010986328
.0025787354
.0034027100
-.0025329590
.0037689209
-.0148315430
.0018920898
-.0101013184
.0282897949
-.0026855469
-.0046691895
.0109863281
.0365905762
.0046539307
-.0026702881
-.0018005371
-.0008850098
.0009613037
-.0006866455
.0014038086
-.0004730225
-.0004425049
-.0007476807
.0004425049
-.0003204346
-.0002593994
-.0001983643
-.0002288818
-.0001983643
-.0002288818
.0001831055
-.0001220703
-.0001220703
.0001678467
-.0001373291
-.0001220703
.0001220703
.0000762939
-.0001220703
-.0000762939
.0000762939
-.0000915527
-.0001068115
.0000610352
.0000610352
.0008392334
.0000762939
.0000610352
.0001983643
-.0000762939
.0000762939
.0000762939
-.0001068115
.0000915527
.0000762939
-.0001068115
-.0000610352
.0000457764
-.0000457764
-.0000610352
-.0000305176
.0000610352
-.0001373291
.0000610352
.0000762939
.0000762939
-.0000762939
-.0000610352
.0000762939
.0001068115
-.0000915527
.0000915527
.0000610352
-.0001831055
.0000762939
.0001678467
-.0001983643
-.0000762939
.0002136230
.0001525879
.0002593994
.0004730225
-.0005340576
.0001983643
-.0000915527
-.0003204346
.0001831055
.0001678467
.0001373291
-.0000915527
-.0000915527
.0001373291
-.0001068115
-.0001220703
-.0000915527
.0001068115
.0001068115
.0001525879
-.0000915527
.0000915527
.0000915527
.0000762939
.0002136230
-.0001678467
-.0001220703
.0003509521
.0002136230
.0003356934
-.0002746582
-.0084533691
.0037384033
.0003967285
-.0004882813
.0002746582
-.0002288818
-.0002441406
-.0002746582
.0001983643
-.0001831055
-.0002136230
.0003204346
.0002593994
-.0002899170
-.0003814697
.0004272461
.0002899170
-.0004272461
.0004119873
-.0002746582
.0004425049
.0005340576
.0003967285
-.0005340576
-.0007629395
.0004577637
.0005798340
-.0006713867
.0008850098
.0008087158
-.0063171387
-.0009155273
-.0010528564
.0020904541
.0018463135
-.0019226074
.0009002686
-.0010986328
-.0011138916
-.0005798340
-.0004882813
-.0007324219
.0008544922
-.0007476807
-.0009155273
-.0006561279
.0008544922
-.0008544922
.0012664795
.0006408691
.0018005371
.0013122559
-.0007629395
.0027770996
-.0017547607
-.0008697510
.0008697510
-.0006256104
.0008392334
-.0017395020
-.0012359619
.0012054443
.0009918213
.0010986328
-.0010833740
-.0019226074
-.0012969971
.0012969971
.0009765625
-.0006866455
.0010986328
-.0005645752
.0014953613
.0003814697
.0016479492
-.0028381348
-.0014343262
-.0008544922
-.0013427734
-.0008087158
.0015716553
-.0009002686
-.0013427734
-.0005950928
.0008697510
.0011749268
-.0012054443
.0010833740
.0012054443
.0010223389
-.0012054443
.0009918213
-.0010986328
-.0004730225
.0019073486
-.0012359619
.0017089844
.0053100586
-.0025329590
.0013732910
.0012207031
-.0010070801
.0005950928
.0007781982
-.0017852783
.0010070801
.0030212402
.0023193359
.0011291504
-.0012817383
-.0010375977
-.0010070801
-.0006713867
.0021667480
-.0016174316
.0009155273
.0030975342
.0021209717
.0014038086
.0009460449
-.0007781982
-.0006103516
-.0016937256
-.0008850098
.0018768311
.0032501221
-.0014038086
-.0014648438
-.0018615723
.0007019043
-.0007629395
.0009918213
-.0017547607
-.0030212402
.0019836426
.0014953613
.0014190674
-.0008697510
-.0006713867
.0018615723
.0005493164
.0047149658
.0022583008
-.0014190674
.0010070801
-.0012817383
-.0008697510
-.0008087158
.0025024414
.0019073486
-.0011444092
-.0012359619
-.0016174316
.0009918213
-.0028686523
.0019531250
.0010223389
.0011444092
-.0023040771
.0059661865
-.0016021729
-.0014648438
.0015563965
-.0013885498
-.0015106201
.0008697510
-.0012207031
-.0014801025
.0026397705
-.0019836426
.0008850098
-.0013580322
.0014190674
-.0007934570
.0016326904
-.0007324219
-.0043487549
-.0023040771
.0011901855
.0015716553
.0012054443
-.0007934570
-.0022125244
-.0016326904
-.0020294189
.0014495850
-.0019531250
.0012359619
.0014495850
-.0019989014
.0014190674
.0007934570
-.0056610107
.0014038086
-.0043792725
-.0038757324
-.0012969971
.0021057129
.0014801025
-.0015258789
-.0022583008
-.0013580322
-.0035095215
.0021209717
.0024566650
-.0033111572
.0031585693
.0042419434
-.0026702881
-.0021514893
.0021057129
.0018157959
.0048522949
.0014190674
-.0019683838
-.0009918213
.0005798340
.0002593994
.0016937256
-.0005645752
-.0002136230
.0008239746
-.0014038086
.0013122559
.0003204346
-.0001831055
.0000915527
.0002899170
-.0002593994
-.0000762939
.0000915527
.0001525879
.0000610352
.0000762939
-.0000762939
-.0000610352
.0000305176
.0000457764
-.0000915527
.0000610352
.0002593994
.0001068115
.0000762939
-.0000457764
-.0000305176
.0000305176
-.0000305176
.0000305176
-.0000305176
-.0000305176
.0000305176
.0000305176
-.0000305176
.0000305176
-.0000152588
.0000305176
-.0000305176
-.0000305176
-.0000305176
-.0000305176
-.0000305176
.0000305176
.0000305176
.0000305176
-.0000457764
-.0000305176
.0000305176
-.0000305176
.0000305176
.0000152588
-.0000305176
-.0000305176
