.0182647705
.0156097412
.0139312744
.0098266602
.0074157715
.0057220459
.0018310547
-.0034637451
-.0059356689
-.0087432861
-.0100708008
-.0127105713
-.0149993896
-.0162963867
-.0171356201
-.0168457031
-.0155792236
-.0167694092
-.0176696777
-.0177154541
-.0182647705
-.0157470703
-.0131530762
-.0120849609
-.0115051270
-.0111846924
-.0088958740
-.0050506592
-.0037231445
-.0023651123
-.0015411377
-.0009613037
.0023803711
.0048828125
.0077056885
.0100708008
.0099639893
.0094757080
.0107116699
.0112152100
.0097351074
.0066223145
.0046081543
.0040283203
.0055541992
.0068206787
.0065155029
.0042724609
.0032196045
.0027618408
.0030975342
.0031585693
.0028076172
.0025634766
.0014495850
.0037536621
.0027465820
.0010681152
.0023803711
-.0025787354
-.0049285889
-.0046081543
-.0036163330
-.0047912598
-.0069580078
-.0101165771
-.0097808838
-.0066680908
-.0068206787
-.0075988770
-.0102081299
-.0100097656
-.0074615479
-.0092926025
-.0079040527
-.0086364746
-.0104522705
-.0064544678
-.0068054199
-.0071716309
-.0053253174
-.0037231445
.0035858154
.0065917969
.0086517334
.0098419189
.0083160400
.0107269287
.0120697021
.0151214600
.0170135498
.0187988281
.0184936523
.0192108154
.0182495117
.0176544189
.0165557861
.0142517090
.0119323730
.0103759766
.0100555420
.0084686279
.0073547363
.0045471191
.0017395020
-.0009307861
-.0037384033
-.0071868896
-.0104217529
-.0134277344
-.0162048340
-.0187530518
-.0206451416
-.0198822021
-.0197448730
-.0215301514
-.0223541260
-.0216827393
-.0205535889
-.0173187256
-.0157775879
-.0156097412
-.0143432617
-.0123748779
-.0092315674
-.0064392090
-.0041656494
-.0009002686
.0039520264
.0069580078
.0093078613
.0107727051
.0105133057
.0126800537
.0162963867
.0174560547
.0181427002
.0185699463
.0172882080
.0169067383
.0171661377
.0170898438
.0164031982
.0128784180
.0104827881
.0096893311
.0081176758
.0066375732
.0038909912
.0031127930
.0026397705
.0007476807
-.0014801025
-.0027770996
-.0051422119
-.0088043213
-.0118103027
-.0129241943
-.0113220215
-.0125274658
-.0140228271
-.0127563477
-.0117187500
-.0112457275
-.0121612549
-.0145416260
-.0146942139
-.0125274658
-.0117187500
-.0107421875
-.0107421875
-.0097198486
-.0079956055
-.0073394775
-.0055847168
-.0064544678
-.0051269531
-.0030822754
-.0046997070
-.0035247803
.0027160645
.0051727295
.0081634521
.0099792480
.0088195801
.0090942383
.0102691650
.0112762451
.0128173828
.0128173828
.0136566162
.0148468018
.0158081055
.0174713135
.0171966553
.0174560547
.0178222656
.0166625977
.0154724121
.0130462646
.0115814209
.0106048584
.0089263916
.0054626465
.0032043457
.0015563965
-.0033569336
-.0055847168
-.0081329346
-.0095977783
-.0113067627
-.0152893066
-.0191650391
-.0214691162
-.0223693848
-.0219879150
-.0228271484
-.0241546631
-.0243835449
-.0225524902
-.0195007324
-.0169677734
-.0152282715
-.0134429932
-.0119781494
-.0078430176
-.0041198730
-.0018768311
.0024871826
.0051574707
.0083618164
.0120391846
.0138244629
.0135650635
.0139770508
.0154418945
.0178375244
.0206146240
.0205383301
.0200500488
.0198669434
.0182189941
.0179443359
.0169067383
.0144042969
.0119781494
.0093841553
.0085296631
.0078887939
.0075836182
.0060272217
.0018463135
.0014038086
-.0010986328
-.0025634766
-.0043487549
-.0060424805
-.0075378418
-.0086364746
-.0098724365
-.0108642578
-.0099945068
-.0104217529
-.0114135742
-.0095214844
-.0091094971
-.0083312988
-.0086364746
-.0105743408
-.0104217529
-.0097808838
-.0089721680
-.0068054199
-.0059356689
-.0050506592
-.0039062500
-.0037231445
-.0045776367
-.0057678223
-.0045471191
-.0052947998
-.0046997070
-.0030822754
.0037078857
.0039672852
.0036163330
.0029449463
.0039215088
.0054168701
.0039215088
.0020294189
.0023956299
.0039215088
.0059967041
.0072937012
.0095214844
.0102233887
.0088500977
.0096130371
.0100555420
.0083312988
.0092620850
.0077209473
.0081329346
.0079956055
.0063476563
.0051422119
.0038909912
-.0018157959
-.0057983398
-.0084991455
-.0112304688
-.0136413574
-.0161590576
-.0178985596
-.0169677734
-.0158386230
-.0153198242
-.0152435303
-.0152893066
-.0136413574
-.0120849609
-.0113372803
-.0096130371
-.0057525635
-.0023040771
.0011138916
.0042419434
.0082092285
.0122680664
.0156097412
.0181884766
.0226745605
.0236511230
.0231475830
.0237884521
.0231323242
.0217590332
.0214080811
.0216522217
.0205688477
.0175933838
.0150146484
.0130920410
.0113067627
.0089569092
.0052642822
.0026702881
-.0032196045
-.0035400391
-.0052947998
-.0076141357
-.0086364746
-.0116729736
-.0140686035
-.0143432617
-.0140991211
-.0151672363
-.0170898438
-.0190582275
-.0178527832
-.0141448975
-.0125122070
-.0136871338
-.0142974854
-.0141143799
-.0127258301
-.0097656250
-.0137023926
-.0099029541
-.0082702637
-.0071411133
-.0068054199
-.0028686523
-.0031433105
-.0022583008
.0059509277
.0064086914
.0095062256
.0074920654
.0085754395
.0113067627
.0068969727
.0134429932
.0095520020
.0081634521
.0108795166
.0114288330
.0096893311
.0140075684
.0122528076
.0133819580
.0124053955
.0132293701
.0135345459
.0106048584
.0066986084
.0110321045
.0098876953
.0080566406
.0048065186
.0045471191
.0037384033
-.0048675537
-.0091552734
-.0038299561
-.0089874268
-.0065002441
-.0123443604
-.0077209473
-.0107727051
-.0128173828
-.0171203613
-.0178833008
-.0202331543
-.0170288086
-.0182800293
-.0205230713
-.0212554932
-.0104217529
-.0237274170
-.0371093750
-.0153808594
-.0102081299
-.0197296143
-.0130920410
.0089416504
.0174102783
.0184326172
.0179138184
.0160217285
.0202484131
.0250396729
.0344238281
.0124664307
.0197448730
.0270538330
.0299224854
.0276031494
.0307617188
.0351409912
.0240173340
.0268554688
.0267333984
.0163574219
.0088500977
-.0100708008
.0154571533
.0089416504
.0132446289
.0165405273
.0103302002
-.0109252930
-.0111541748
-.0133361816
-.0191345215
-.0275115967
-.0226287842
-.0181732178
-.0314788818
-.0308380127
-.0366363525
-.0250701904
-.0258789063
-.0225677490
-.0216217041
-.0238647461
-.0176696777
-.0269012451
-.0198059082
.0277099609
-.0571441650
.0808105469
-.0925903320
.0321807861
-.2388916016
-.2005004883
.0693511963
.0549163818
-.0857849121
-.0715332031
.0746765137
-.0426025391
.0926971436
.0661315918
-.0504302979
.0812683105
.1541137695
.1197204590
.1605377197
-.0775146484
-.0885620117
-.0919036865
.1051330566
.0545501709
-.0693969727
-.0647888184
-.0827178955
.1610260010
.1367797852
-.0732574463
.1328125000
.1225280762
.0995941162
-.1022949219
-.1238861084
-.0795440674
-.0187530518
-.0778656006
-.0751190186
.0444183350
.0703582764
.0750274658
-.0360107422
-.0317993164
-.0453033447
-.1015167236
-.0410003662
.0569915771
.0491027832
.0317382813
-.0378112793
-.0854949951
-.0430297852
.0218048096
-.0158843994
.0171203613
.0548095703
.0303497314
.0176086426
.0420989990
.0292968750
-.0157623291
-.0359039307
-.0199127197
.0474090576
.0453033447
-.0114135742
-.0258789063
-.0430755615
-.0086059570
.0315246582
.0307312012
-.0277404785
-.0245361328
.0166320801
.0345764160
.0329895020
.0224456787
.0118865967
-.0226745605
-.0267639160
-.0186157227
.0098571777
.0237274170
.0387268066
.0241241455
.0108489990
-.0198516846
-.0259552002
-.0065460205
-.0175170898
-.0273284912
-.0275573730
-.0267639160
-.0261383057
-.0310058594
-.0266571045
-.0227508545
-.0214385986
-.0233459473
-.0076293945
.0082092285
.0143585205
.0134582520
.0089111328
.0062561035
-.0067291260
.0100097656
.0180358887
.0238189697
.0233459473
.0199890137
.0215301514
.0207672119
.0222167969
.0224304199
.0205688477
.0218658447
.0185546875
.0131835938
.0148010254
.0115051270
.0064849854
.0035247803
.0038146973
.0046386719
-.0039062500
-.0057525635
-.0058288574
.0049133301
.0049438477
.0038299561
.0025787354
-.0066833496
-.0127105713
-.0174407959
-.0203247070
-.0185394287
-.0159149170
-.0147094727
-.0136566162
-.0118408203
-.0128631592
-.0127716064
-.0126800537
-.0155334473
-.0138702393
-.0158233643
-.0202789307
-.0197601318
-.0161895752
-.0165863037
-.0144348145
-.0133056641
-.0083465576
-.0067443848
-.0024719238
.0045471191
.0096435547
.0135498047
.0157470703
.0149993896
.0154113770
.0158843994
.0132751465
.0142974854
.0132598877
.0156707764
.0170440674
.0182800293
.0172271729
.0181884766
.0183410645
.0208435059
.0211181641
.0196380615
.0178527832
.0151367188
.0120391846
.0087738037
.0022735596
-.0070800781
-.0127410889
-.0191192627
-.0192108154
-.0220336914
-.0221862793
-.0214233398
-.0226745605
-.0229797363
-.0192565918
-.0173645020
-.0163269043
-.0169830322
-.0186767578
-.0175018311
-.0168304443
-.0142364502
-.0114593506
-.0090942383
-.0058288574
-.0020599365
.0013732910
.0042419434
.0050811768
.0073547363
.0116882324
.0143432617
.0174713135
.0191497803
.0194702148
.0195159912
.0201416016
.0192565918
.0189819336
.0188293457
.0170440674
.0157165527
.0139617920
.0120544434
.0089569092
.0052795410
.0020904541
-.0007629395
-.0025329590
-.0035552979
-.0020141602
-.0013275146
-.0018005371
-.0030059814
.0019683838
.0031890869
.0035400391
-.0050506592
-.0035858154
.0026702881
-.0021057129
-.0051574707
-.0091705322
-.0114898682
-.0134277344
-.0151214600
-.0149688721
-.0141906738
-.0126800537
-.0124359131
-.0126342773
-.0133361816
-.0130157471
-.0140075684
-.0139923096
-.0133819580
-.0105895996
-.0095825195
-.0098724365
-.0095672607
-.0089569092
-.0080261230
-.0075378418
-.0078125000
-.0055084229
.0034942627
.0053710938
.0072326660
.0091552734
.0113220215
.0131378174
.0160064697
.0184020996
.0224914551
.0242919922
.0252227783
.0243377686
.0228881836
.0207366943
.0173797607
.0150756836
.0133056641
.0115356445
.0101013184
.0090637207
.0068511963
.0057983398
.0019378662
-.0036773682
-.0069274902
-.0109252930
-.0141601563
-.0152893066
-.0152282715
-.0139160156
-.0120544434
-.0128631592
-.0122833252
-.0126037598
-.0143890381
-.0159301758
-.0150451660
-.0127563477
-.0094604492
-.0080566406
-.0053100586
-.0018768311
-.0006408691
-.0009765625
-.0008697510
-.0010070801
.0017852783
.0014343262
.0027618408
.0052185059
.0062408447
.0073394775
.0083618164
.0059356689
.0045928955
.0043792725
.0023803711
-.0018463135
-.0037536621
-.0026702881
-.0024719238
-.0014648438
-.0009460449
-.0016174316
-.0021972656
-.0019378662
-.0008850098
-.0008697510
-.0007781982
-.0016021729
-.0009460449
.0017089844
-.0016632080
.0011291504
.0012969971
.0016021729
.0015563965
-.0020294189
.0024566650
.0028839111
.0023651123
-.0037994385
-.0056915283
-.0066833496
-.0068054199
-.0069580078
-.0061950684
-.0033874512
-.0008850098
.0013275146
.0017089844
.0032806396
.0024414063
.0014190674
-.0019226074
.0013122559
.0041503906
.0064392090
.0079040527
.0074005127
.0067596436
.0089721680
.0099945068
.0105895996
.0106048584
.0094757080
.0182800293
.0162811279
.0148925781
.0175933838
.0138092041
.0182800293
.0122070313
.0224456787
.0201721191
.0196838379
.0150909424
.0027008057
.0085144043
.0068817139
-.0092010498
-.0087585449
-.0040588379
.0047302246
-.0051116943
-.0032958984
-.0069274902
-.0164794922
-.0187835693
-.0222930908
-.0208892822
-.0225677490
-.0209960938
-.0189971924
-.0198669434
-.0175781250
-.0176391602
-.0167846680
-.0173339844
-.0153350830
-.0127716064
-.0117187500
-.0105438232
-.0069732666
-.0053558350
-.0036468506
.0011901855
.0047149658
.0083465576
.0118255615
.0148773193
.0131683350
.0132141113
.0123291016
.0144805908
.0167541504
.0167694092
.0166320801
.0183410645
.0173797607
.0158081055
.0125579834
.0091552734
.0066833496
.0047454834
.0048065186
.0043487549
.0021209717
-.0020446777
-.0046539307
-.0067749023
-.0086517334
-.0102081299
-.0121917725
-.0149536133
-.0166168213
-.0158386230
-.0155944824
-.0158233643
-.0145874023
-.0126953125
-.0115051270
-.0090637207
-.0077209473
-.0052032471
-.0047607422
-.0061035156
-.0049896240
-.0028228760
-.0014495850
.0039215088
.0058898926
.0067291260
.0101013184
.0113220215
.0104980469
.0077819824
.0062103271
.0069885254
.0094451904
.0123901367
.0126953125
.0113220215
.0109863281
.0101165771
.0079956055
.0077667236
.0062103271
.0046997070
.0068359375
.0088195801
.0100250244
.0118865967
.0115509033
.0128021240
.0116271973
.0101623535
.0097808838
.0096130371
.0110626221
.0096740723
.0092315674
.0086669922
.0066680908
.0053710938
.0038299561
-.0031585693
-.0054321289
-.0083770752
-.0148773193
-.0183868408
-.0209808350
-.0232696533
-.0228729248
-.0256347656
-.0260009766
-.0259552002
-.0264434814
-.0263519287
-.0269317627
-.0245208740
-.0229187012
-.0216979980
-.0176696777
-.0121765137
-.0084838867
-.0040893555
.0012054443
.0046539307
.0085144043
.0109710693
.0144348145
.0166168213
.0174560547
.0187225342
.0206298828
.0223999023
.0238952637
.0226135254
.0203857422
.0188446045
.0184631348
.0176391602
.0159912109
.0130920410
.0087127686
.0086517334
.0075225830
.0063476563
.0061035156
.0027923584
.0020599365
-.0018615723
-.0020294189
-.0023956299
-.0053863525
-.0080108643
-.0082855225
-.0095367432
-.0098419189
-.0093841553
-.0090026855
-.0090484619
-.0084228516
-.0070190430
-.0050964355
-.0055236816
-.0077056885
-.0093383789
