.0144805908
.0135955811
.0142822266
.0153961182
.0179748535
.0150451660
.0149688721
.0157318115
.0121917725
.0102386475
.0082092285
.0042419434
.0027313232
-.0059967041
-.0071411133
-.0128173828
-.0185089111
-.0221405029
-.0198669434
-.0211791992
-.0223999023
-.0194549561
-.0200042725
-.0177459717
-.0147705078
-.0092315674
-.0023803711
.0030059814
.0055541992
.0105743408
.0109100342
.0130615234
.0163879395
.0190277100
.0171203613
.0168457031
.0157775879
.0133361816
.0101776123
.0107727051
.0072479248
.0039367676
-.0036010742
-.0079498291
-.0083465576
-.0096588135
-.0124206543
-.0142211914
-.0162811279
-.0161743164
-.0149536133
-.0164642334
-.0158843994
-.0112304688
-.0088958740
-.0065917969
-.0019683838
-.0016479492
.0015411377
.0026702881
.0062255859
.0101776123
.0082550049
.0081024170
.0116577148
.0148925781
.0144805908
.0140380859
.0161590576
.0168304443
.0135192871
.0149230957
.0135803223
.0117797852
.0092468262
.0063629150
.0035095215
-.0036010742
-.0061645508
-.0097961426
-.0153656006
-.0193176270
-.0229187012
-.0217742920
-.0230560303
-.0235290527
-.0222167969
-.0215301514
-.0202026367
-.0146789551
-.0101470947
-.0048522949
.0015563965
.0079956055
.0104980469
.0129241943
.0153350830
.0189514160
.0220947266
.0224761963
.0207977295
.0204315186
.0171661377
.0161590576
.0107269287
.0075073242
.0027465820
.0013122559
-.0033569336
-.0079345703
-.0097351074
-.0130310059
-.0147857666
-.0156707764
-.0123901367
-.0072326660
-.0062103271
-.0068054199
-.0057830811
-.0027008057
-.0019989014
.0020599365
.0011901855
-.0014953613
-.0034637451
-.0024108887
.0023956299
.0035247803
.0032043457
.0039367676
-.0036163330
-.0052795410
-.0031280518
.0024108887
.0035095215
.0028686523
.0062408447
.0070953369
.0072174072
.0076141357
.0060577393
.0039978027
-.0044250488
-.0061035156
-.0066375732
-.0080566406
-.0100708008
-.0112762451
-.0124969482
-.0128479004
-.0093841553
-.0099182129
-.0094451904
-.0065460205
-.0053710938
.0054626465
.0090637207
.0125579834
.0154113770
.0171356201
.0173950195
.0194702148
.0222015381
.0202484131
.0191497803
.0186309814
.0148925781
.0089416504
.0033874512
-.0022735596
-.0066986084
-.0126037598
-.0165252686
-.0193176270
-.0231781006
-.0252532959
-.0220336914
-.0213928223
-.0185089111
-.0161743164
-.0131530762
-.0108795166
-.0070495605
-.0013732910
.0044708252
.0075683594
.0106048584
.0129852295
.0142059326
.0137329102
.0153198242
.0157623291
.0153045654
.0124206543
.0110168457
.0110321045
.0073394775
.0063323975
.0037994385
.0030212402
-.0007934570
-.0031280518
-.0057830811
-.0114593506
-.0097045898
-.0102081299
-.0132293701
-.0122222900
-.0148315430
-.0148620605
-.0158081055
-.0145874023
-.0126800537
-.0099182129
-.0097198486
-.0074615479
-.0041503906
-.0027770996
.0040740967
.0092163086
.0111389160
.0141754150
.0147857666
.0196228027
.0197296143
.0207824707
.0210876465
.0209197998
.0200805664
.0180053711
.0162353516
.0139770508
.0065612793
-.0017395020
-.0076751709
-.0107269287
-.0145874023
-.0178070068
-.0224456787
-.0262145996
-.0257263184
-.0242156982
-.0230560303
-.0213470459
-.0164031982
-.0115203857
-.0070800781
.0013427734
.0042877197
.0074615479
.0080871582
.0105590820
.0117187500
.0113983154
.0135803223
.0139160156
.0121612549
.0112609863
.0096282959
.0100097656
.0074310303
.0046997070
.0051879883
.0054626465
.0039520264
.0042877197
.0040740967
.0014495850
-.0046386719
-.0060577393
-.0065155029
-.0089874268
-.0086975098
-.0069427490
-.0069122314
-.0090179443
-.0092773438
-.0067291260
-.0061492920
-.0072174072
-.0064544678
-.0061035156
-.0074005127
-.0043182373
.0043792725
.0068054199
.0044097900
.0081329346
.0077209473
.0053863525
.0075836182
.0098419189
.0109405518
.0106506348
.0100402832
.0098114014
.0093688965
.0077972412
-.0066680908
-.0054931641
-.0128936768
-.0138702393
-.0145111084
-.0187072754
-.0178375244
-.0166778564
-.0158996582
-.0149993896
-.0115356445
-.0084381104
-.0040435791
.0049285889
.0081939697
.0135955811
.0150451660
.0142211914
.0349121094
.0305786133
.0361785889
.0375061035
.0223999023
.0175018311
.0259552002
-.0160980225
.0132904053
.0373077393
.0129394531
-.0372009277
.0125274658
-.0252227783
-.0141143799
-.0158843994
-.0326995850
-.0272064209
-.0234069824
-.0150299072
-.0109558105
-.0136260986
-.0375366211
-.0172271729
-.0136871338
-.0101776123
-.0070800781
.0076293945
-.0101928711
.0109252930
.0103302002
-.0095825195
.0319976807
.0199279785
.0052032471
.0127105713
.0261993408
.0257720947
.0063018799
.0218048096
.0226135254
.0135955811
.0130767822
.0126800537
.0207672119
-.0068817139
-.0098876953
-.0097503662
-.0187377930
-.0543518066
-.1587066650
.1173095703
-.1144409180
-.0839843750
-.0682067871
-.0874176025
-.0357055664
.0752258301
-.1175842285
.0827331543
.0802001953
-.0760498047
.0931396484
.0447235107
.0617218018
.1116790771
-.0422668457
-.0458221436
.0247802734
.0614166260
.0815582275
.0308074951
-.0653381348
.0237426758
.0366058350
.0549316406
.0638885498
-.0701293945
-.0341033936
-.0413055420
-.0714569092
-.0553436279
-.0493164063
-.0557098389
-.0905151367
-.0416717529
-.0124511719
.0317840576
.0156860352
.0369262695
.0116424561
-.0440368652
.0306091309
.0266418457
-.0211181641
-.0698699951
-.0215301514
.0430603027
.0328369141
.0464019775
.0368347168
.0151824951
-.0290679932
.0199127197
.0336608887
.0198669434
.0251770020
.0239562988
.0324707031
.0255889893
.0158691406
-.0225830078
-.0287017822
-.0086975098
-.0094146729
-.0148010254
-.0323638916
-.0160522461
-.0157165527
-.0312194824
-.0307464600
-.0335388184
-.0063629150
-.0092010498
.0045318604
.0090789795
.0053710938
-.0041809082
.0098724365
.0143432617
.0278167725
.0204467773
.0254516602
.0125427246
.0070037842
-.0077514648
.0063171387
.0032348633
.0107269287
-.0030212402
-.0077056885
-.0086212158
-.0053863525
-.0041503906
-.0111236572
-.0107727051
-.0059661865
-.0030822754
-.0111389160
-.0181732178
-.0183868408
-.0117340088
-.0024108887
.0043640137
.0095520020
.0083465576
.0026245117
.0041503906
.0077056885
.0080871582
.0047454834
.0078582764
.0117492676
.0123748779
.0126342773
.0149841309
.0126800537
.0064544678
.0058898926
.0058441162
.0041198730
.0061798096
.0028228760
-.0046997070
-.0046539307
-.0061950684
-.0116882324
-.0150756836
-.0147094727
-.0165252686
-.0158996582
-.0165405273
-.0137481689
-.0125885010
-.0155181885
-.0136566162
-.0093383789
-.0057983398
.0026855469
.0056762695
.0100860596
.0102386475
.0110626221
.0156097412
.0172424316
.0164337158
.0194244385
.0213775635
.0171356201
.0164489746
.0120086670
.0068511963
-.0011138916
-.0073242188
-.0092315674
-.0158081055
-.0191192627
-.0184020996
-.0206604004
-.0224609375
-.0202178955
-.0184173584
-.0171508789
-.0143280029
-.0099029541
-.0052947998
.0012207031
.0038299561
.0078277588
.0112152100
.0121154785
.0155792236
.0173797607
.0186004639
.0165405273
.0137023926
.0097198486
.0127258301
.0086212158
.0045013428
.0073852539
.0071258545
.0071868896
.0053558350
.0049743652
-.0013885498
.0024566650
.0037994385
.0030670166
-.0053100586
-.0081024170
-.0123596191
-.0163879395
-.0170593262
-.0123443604
-.0167083740
-.0192413330
-.0181884766
-.0187377930
-.0171203613
-.0142822266
-.0113067627
-.0068511963
-.0029449463
-.0019683838
.0062866211
.0122375488
.0164489746
.0182189941
.0200500488
.0221099854
.0221252441
.0219421387
.0173645020
.0141754150
.0121917725
.0088195801
.0051422119
.0014343262
-.0028533936
-.0084838867
-.0122528076
-.0138549805
-.0153503418
-.0152282715
-.0135650635
-.0131530762
-.0106201172
-.0097656250
-.0080566406
-.0067596436
-.0040283203
-.0012817383
.0019226074
.0013580322
.0015106201
.0023651123
.0048522949
.0058746338
.0090332031
.0063171387
.0056152344
.0065307617
.0061187744
.0048217773
.0053558350
.0051422119
.0050354004
.0042114258
.0042114258
.0030364990
.0015411377
-.0022430420
-.0008392334
.0013427734
-.0061340332
-.0066070557
-.0072021484
-.0113220215
-.0128631592
-.0143280029
-.0191345215
-.0146636963
-.0143585205
-.0101318359
-.0064239502
-.0083465576
-.0085144043
-.0042419434
.0082244873
.0134429932
.0195159912
.0204010010
.0159606934
.0166778564
.0183715820
.0190734863
.0215606689
.0177612305
.0117645264
.0042266846
-.0049743652
-.0067291260
-.0088195801
-.0135955811
-.0174713135
-.0175170898
-.0157775879
-.0172271729
-.0162506104
-.0149841309
-.0155639648
-.0088653564
-.0035400391
.0022125244
.0007781982
-.0020294189
.0018005371
.0035095215
.0068817139
.0080413818
.0083770752
.0054626465
.0029144287
.0074615479
.0085296631
.0096588135
.0090026855
.0084838867
.0060577393
.0044555664
.0087585449
.0104217529
.0093231201
.0054626465
.0014648438
-.0030822754
-.0080108643
-.0074005127
-.0091552734
-.0099334717
-.0120849609
-.0126800537
-.0152587891
-.0178070068
-.0162963867
-.0134277344
-.0101013184
-.0076751709
-.0076751709
-.0054473877
-.0045318604
.0030517578
.0057220459
.0103454590
.0120086670
.0123748779
.0146942139
.0176544189
.0178375244
.0192565918
.0179290771
.0166778564
.0173950195
.0158081055
.0130615234
.0100708008
.0061798096
.0020141602
-.0050964355
-.0088043213
-.0127563477
-.0183715820
-.0236968994
-.0235443115
-.0245056152
-.0228118896
-.0220642090
-.0216674805
-.0166015625
-.0136413574
-.0084533691
-.0027465820
.0024414063
.0066070557
.0086059570
.0122985840
.0146942139
.0150299072
.0122680664
.0120697021
.0118408203
.0116882324
.0115356445
.0125885010
.0105285645
.0072784424
.0101470947
.0085906982
.0053253174
.0099029541
.0070190430
.0112457275
.0074920654
-.0093841553
-.0035858154
.0105438232
-.0184173584
-.0144042969
-.0160369873
-.0242309570
-.0176239014
-.0207824707
-.0222778320
-.0144348145
-.0144958496
-.0119018555
-.0169982910
-.0095977783
.0043640137
.0080261230
.0126037598
.0133209229
.0130310059
.0207977295
.0185241699
.0152740479
.0168609619
.0130004883
.0141601563
.0128326416
.0096130371
.0081481934
.0040435791
-.0040740967
-.0062103271
-.0116577148
-.0146789551
-.0142059326
-.0173645020
-.0184936523
-.0192108154
-.0182189941
-.0145874023
-.0102539063
-.0070648193
-.0061187744
.0013427734
.0062255859
.0115966797
.0144805908
.0168304443
.0198211670
.0186767578
.0180206299
.0164794922
.0151672363
.0133056641
.0089874268
.0071563721
.0067443848
.0037078857
-.0051574707
-.0068664551
-.0070953369
-.0083618164
-.0077819824
-.0079193115
-.0086059570
-.0100250244
-.0102996826
-.0096130371
-.0116119385
-.0111236572
-.0117950439
-.0119628906
-.0113677979
-.0099792480
-.0088195801
-.0075378418
-.0077667236
-.0043334961
.0014190674
.0051879883
.0070800781
.0067749023
.0101928711
.0153350830
.0150299072
.0157165527
.0151672363
.0117797852
.0101928711
.0091857910
.0078430176
.0061340332
.0025787354
-.0028533936
-.0056304932
-.0105895996
-.0115051270
-.0150756836
-.0170898438
-.0187683105
-.0181579590
-.0154113770
-.0141448975
-.0115509033
-.0102386475
-.0067291260
-.0042572021
.0019989014
.0076141357
.0092620850
.0098114014
.0156097412
.0195007324
.0185241699
.0177764893
.0175781250
.0161132813
.0137329102
.0117797852
.0099792480
.0062713623
.0033416748
.0036010742
-.0025634766
-.0052947998
-.0063018799
-.0066986084
-.0085296631
-.0084838867
-.0076141357
-.0106811523
-.0137634277
-.0168457031
-.0147705078
-.0142211914
-.0148468018
-.0136413574
-.0127563477
-.0121307373
-.0106811523
-.0089263916
-.0091247559
-.0065307617
-.0047760010
.0032196045
.0079193115
.0089416504
.0117950439
.0165863037
.0175781250
.0207672119
.0238189697
.0223846436
.0204010010
.0179290771
.0169525146
.0151824951
.0130462646
.0080261230
.0032043457
-.0071411133
-.0141601563
-.0158081055
-.0160217285
-.0179748535
-.0185241699
-.0203704834
-.0196990967
-.0194854736
-.0154266357
-.0122680664
-.0074005127
-.0031890869
-.0023040771
.0029754639
.0046539307
.0070037842
.0090484619
.0105590820
.0113983154
.0088348389
.0080871582
.0060577393
.0051422119
.0048065186
.0041046143
.0040893555
.0036010742
.0015411377
.0011291504
-.0014190674
.0009918213
.0007324219
-.0023193359
-.0060272217
-.0064392090
-.0094909668
-.0093383789
-.0091247559
-.0116271973
-.0115509033
-.0068664551
-.0044708252
-.0009918213
-.0022735596
-.0037231445
-.0017700195
.0042419434
.0071105957
.0088958740
.0086212158
.0115966797
.0118103027
.0111846924
.0136871338
.0148925781
.0136108398
.0135040283
.0107879639
.0097808838
.0085906982
.0077972412
.0038452148
-.0030059814
-.0083770752
-.0100708008
-.0120391846
-.0179443359
-.0191955566
-.0211944580
-.0227355957
-.0200805664
-.0178222656
-.0167846680
-.0143890381
-.0120849609
-.0052337646
.0041503906
.0078582764
.0120239258
.0150756836
.0135040283
.0139007568
.0153656006
.0159149170
.0148620605
.0106964111
.0101165771
.0063018799
.0024108887
.0022430420
.0018615723
-.0033874512
-.0055541992
-.0069427490
-.0083007813
-.0094757080
-.0087585449
-.0067291260
-.0089569092
-.0095977783
-.0101776123
-.0103149414
-.0084228516
-.0075836182
-.0058288574
-.0044097900
-.0026092529
.0018768311
