.0579376221
-.0281829834
-.0347747803
-.0475311279
.0294952393
.0506439209
-.0478515625
-.0708160400
.0570373535
.0799713135
-.0446014404
-.0889892578
.0796508789
.0659790039
-.0623779297
-.0696716309
.0498504639
.0788726807
-.0603179932
-.0324401855
.0379943848
.0467987061
.0131835938
-.0399169922
-.0400848389
.0320434570
.0664062500
-.0393524170
-.0721282959
.0737457275
.0814361572
-.0540313721
-.0899505615
.0778045654
.0733032227
-.0630950928
-.0630798340
.0469818115
.0773773193
-.0547790527
-.0276336670
.0426025391
.0412445068
.0212402344
-.0446929932
-.0421447754
.0394897461
.0701599121
-.0390472412
-.0802459717
.0785980225
.0743865967
-.0614471436
-.0917205811
.0700836182
.0760192871
-.0687561035
-.0565643311
.0487213135
.0689849854
-.0485839844
-.0359802246
.0375366211
.0355834961
.0321960449
-.0434112549
-.0496826172
.0552215576
.0779418945
-.0399627686
-.0816650391
.0845031738
.0706176758
-.0597991943
-.0811004639
.0683135986
.0826110840
-.0659484863
-.0407257080
.0578308105
.0557250977
-.0358123779
-.0405120850
.0273895264
.0337524414
.0460510254
-.0455169678
-.0624084473
.0644836426
.0752716064
-.0554199219
-.0882720947
.0829315186
.0618133545
-.0646209717
-.0771636963
.0581970215
.0806427002
-.0649871826
-.0307159424
.0623016357
.0460357666
-.0256652832
-.0473480225
-.0216369629
.0373992920
.0546112061
-.0423126221
-.0679473877
.0767517090
.0785675049
-.0579528809
-.0888214111
.0859527588
.0719146729
-.0636901855
-.0676574707
.0569915771
.0785522461
-.0629119873
-.0375518799
.0607299805
.0389404297
-.0216064453
-.0507507324
-.0333557129
.0422363281
.0554046631
-.0436248779
-.0762939453
.0776977539
.0707702637
-.0624694824
-.0915374756
.0788269043
.0743408203
-.0682373047
-.0600738525
.0637054443
.0695190430
-.0551452637
-.0440521240
.0540771484
.0350189209
.0173034668
-.0481262207
-.0452117920
.0579071045
.0636749268
-.0522460938
-.0798034668
.0810699463
.0638122559
-.0653686523
-.0905456543
.0728149414
.0769653320
-.0712890625
-.0475769043
.0680694580
.0547485352
-.0464324951
-.0518951416
.0432434082
.0324401855
.0278320313
-.0457611084
-.0535736084
.0715484619
.0667572021
-.0617980957
-.0831451416
.0856170654
.0637969971
-.0640869141
-.0821228027
.0659484863
.0821990967
-.0669097900
-.0355377197
.0734710693
.0514221191
-.0308837891
-.0552673340
.0361633301
.0405273438
.0363616943
-.0461120605
-.0597534180
.0778503418
.0672454834
-.0647735596
-.0882415771
.0865173340
.0660095215
-.0686340332
-.0744934082
.0593261719
.0764770508
-.0681915283
-.0382843018
.0677795410
.0417938232
-.0299072266
-.0563659668
.0290985107
.0485687256
.0365905762
-.0482635498
-.0617675781
.0819396973
.0622558594
-.0697174072
-.0928344727
.0826110840
.0696716309
-.0698547363
-.0643768311
.0676574707
.0680084229
-.0616455078
-.0444641113
.0644836426
.0402526855
-.0230255127
-.0476837158
.0285949707
.0641937256
.0455322266
-.0570983887
-.0627746582
.0878601074
.0587005615
-.0679473877
-.0870819092
.0807037354
.0773925781
-.0657043457
-.0494689941
.0767669678
.0608520508
-.0527954102
-.0535736084
.0530395508
.0343780518
-.0225372314
-.0462799072
-.0345916748
.0742797852
.0473937988
-.0656127930
-.0699768066
.0862121582
.0567932129
-.0706024170
-.0837402344
.0746002197
.0784912109
-.0688018799
-.0435028076
.0755615234
.0512542725
-.0468444824
-.0584869385
.0417938232
.0321807861
-.0244903564
-.0495452881
-.0404052734
.0784759521
.0422515869
-.0726623535
-.0788574219
.0829772949
.0573577881
-.0746765137
-.0777130127
.0661315918
.0723724365
-.0691223145
-.0394744873
.0721435547
.0450744629
-.0372467041
-.0592651367
.0393371582
.0433349609
-.0295257568
-.0547637939
-.0431976318
.0802459717
.0384979248
-.0731658936
-.0799407959
.0863342285
.0639801025
-.0733032227
-.0646514893
.0701599121
.0643768311
-.0640716553
-.0326385498
.0715484619
.0451660156
-.0260314941
-.0518341064
.0387725830
.0590820313
-.0325012207
-.0628509521
-.0433807373
.0864562988
.0357818604
-.0756072998
-.0785064697
.0840759277
.0662841797
-.0703887939
-.0542907715
.0758514404
.0542755127
-.0615539551
-.0440521240
.0623626709
.0367279053
-.0254364014
-.0512847900
.0321350098
.0677795410
-.0385284424
-.0717163086
-.0489959717
.0870513916
.0348968506
-.0798492432
-.0754241943
.0786590576
.0627136230
-.0694885254
-.0491485596
.0733795166
.0453948975
-.0580291748
-.0538482666
.0538024902
.0307312012
-.0287780762
-.0491180420
.0284729004
.0742645264
-.0387420654
-.0772705078
-.0576171875
.0853118896
.0370483398
-.0824279785
-.0693817139
.0750274658
.0623168945
-.0684661865
-.0422973633
.0755767822
.0427551270
-.0492553711
-.0584869385
.0452117920
.0317535400
-.0334167480
-.0517730713
.0298767090
.0803375244
-.0322875977
-.0813140869
-.0646667480
.0863952637
.0461273193
-.0827636719
-.0614013672
.0707092285
.0538482666
-.0675659180
-.0361022949
.0739898682
.0386505127
-.0385894775
-.0587463379
.0435028076
.0458068848
-.0380706787
-.0605316162
.0304107666
.0821990967
-.0286102295
-.0844879150
-.0635070801
.0882873535
.0520477295
-.0789337158
-.0509490967
.0788116455
.0465087891
-.0671234131
-.0346679688
.0715179443
.0365447998
-.0295257568
-.0580596924
.0393981934
.0572357178
-.0421752930
-.0709381104
.0326995850
.0856323242
-.0285186768
-.0895843506
-.0639495850
.0843200684
.0513153076
-.0757598877
-.0462799072
.0780487061
.0369720459
-.0659484863
-.0440216064
.0652770996
.0318145752
-.0279998779
-.0534210205
.0363922119
.0677337646
-.0399017334
-.0731201172
.0399780273
.0896453857
-.0224914551
-.0861206055
-.0540313721
.0821380615
.0509948730
-.0673522949
-.0389404297
.0796813965
.0378875732
-.0553436279
-.0491027832
.0602416992
.0307006836
-.0330657959
-.0487518311
.0307922363
.0740356445
-.0399475098
-.0812225342
.0446319580
.0859375000
-.0308380127
-.0928649902
-.0526580811
.0694732666
.0412139893
-.0688018799
-.0361938477
.0763397217
.0327148438
-.0481719971
-.0580291748
.0495605469
.0300750732
-.0401916504
-.0523223877
.0330810547
.0798034668
-.0334472656
-.0837707520
.0562896729
.0863952637
-.0372009277
-.0878143311
.0470428467
.0765533447
-.0389862061
-.0666046143
-.0332946777
.0769042969
.0304412842
-.0377349854
-.0596771240
.0428009033
.0411987305
-.0463714600
-.0615692139
.0357666016
.0804138184
-.0320129395
-.0891723633
.0612487793
.0844879150
-.0475616455
-.0867156982
.0421600342
.0782928467
-.0429382324
-.0661926270
-.0354919434
.0714721680
.0270843506
-.0321350098
-.0596923828
.0391540527
.0548553467
-.0455322266
-.0694122314
.0441436768
.0861816406
-.0292663574
-.0912933350
.0667877197
.0820312500
-.0459594727
-.0751647949
.0403747559
.0827484131
-.0395355225
-.0568847656
-.0397491455
.0705413818
.0283813477
-.0286407471
-.0522766113
.0374603271
.0659942627
-.0410766602
-.0745391846
.0542144775
.0871429443
-.0337371826
-.0944061279
.0642700195
.0707550049
-.0513458252
-.0724334717
-.0295867920
.0763854980
-.0398406982
-.0507659912
-.0526885986
.0577850342
.0237579346
-.0413208008
-.0510711670
.0308532715
.0729675293
-.0399932861
-.0788116455
.0656738281
.0867767334
-.0425567627
-.0940704346
.0657653809
.0751647949
-.0514984131
-.0675964355
-.0252380371
.0783843994
-.0334930420
-.0371551514
-.0580444336
.0474700928
.0283050537
-.0449829102
-.0494384766
.0368804932
.0803680420
-.0334777832
-.0824737549
.0769348145
.0884399414
-.0486755371
-.0886230469
.0639190674
.0819244385
-.0516815186
-.0613403320
-.0265197754
.0769195557
-.0287628174
-.0333099365
-.0607299805
.0435180664
.0400238037
-.0485992432
-.0614624023
.0406188965
.0798492432
-.0337371826
-.0907440186
.0765075684
.0795593262
-.0541381836
-.0856475830
.0553741455
.0815582275
-.0533905029
-.0579528809
-.0317687988
.0749969482
-.0206146240
-.0290679932
-.0598449707
.0405120850
.0550689697
-.0461578369
-.0686340332
.0526885986
.0848846436
-.0341949463
-.0926971436
.0794372559
.0738677979
-.0556945801
-.0760040283
.0494995117
.0803070068
-.0539855957
-.0504608154
-.0417175293
.0668182373
.0197296143
-.0361633301
-.0529022217
.0360870361
.0637207031
-.0439605713
-.0755310059
.0656280518
.0858154297
-.0428009033
-.0946044922
.0788269043
.0727539063
-.0595397949
-.0700225830
.0412750244
.0798950195
-.0479583740
-.0369873047
-.0475769043
.0571441650
.0251617432
-.0408782959
-.0478973389
.0324249268
.0729370117
-.0411071777
-.0783843994
.0778503418
.0871734619
-.0492248535
-.0932617188
.0767059326
.0772857666
-.0622100830
-.0660552979
.0332489014
.0780944824
-.0447387695
-.0335845947
-.0570220947
.0456542969
.0266418457
-.0484924316
-.0525665283
.0365905762
.0763702393
-.0385589600
-.0858764648
.0824737549
.0815429688
-.0575408936
-.0909881592
.0722198486
.0796051025
-.0648651123
-.0611267090
.0292968750
.0783233643
-.0354614258
-.0290679932
-.0551452637
.0464782715
.0407562256
-.0483245850
-.0589599609
.0482177734
.0821380615
-.0344848633
-.0872650146
.0877075195
.0780944824
-.0587768555
-.0850677490
.0668029785
.0815582275
-.0633697510
-.0530242920
-.0296325684
.0712585449
-.0273590088
-.0349731445
-.0521545410
.0402679443
.0522155762
-.0490722656
-.0695037842
.0569305420
.0825347900
-.0433044434
-.0943298340
.0847473145
.0676116943
-.0629119873
-.0778961182
.0571441650
.0819854736
-.0622558594
-.0418395996
-.0364227295
.0599212646
-.0148010254
-.0390167236
-.0467071533
.0391693115
.0661010742
-.0427093506
-.0728607178
.0722351074
.0880432129
-.0485992432
-.0940551758
.0856933594
.0742034912
-.0633697510
-.0707397461
.0497741699
.0786590576
-.0578918457
-.0331268311
-.0452880859
.0512084961
.0193176270
-.0456848145
-.0462188721
.0327606201
.0706024170
-.0430297852
-.0787811279
.0816192627
.0853271484
-.0567932129
-.0943756104
.0830688477
.0770111084
-.0674896240
-.0659637451
.0453948975
.0779571533
-.0532836914
-.0288848877
-.0475463867
.0450897217
.0254058838
-.0475921631
-.0499877930
.0428619385
.0788116455
-.0374298096
-.0822906494
.0878906250
.0820922852
-.0582427979
-.0904083252
.0761871338
.0783233643
-.0701141357
-.0590362549
.0424957275
.0703277588
-.0450134277
-.0343627930
-.0445709229
.0434722900
.0359497070
-.0504150391
-.0583801270
.0511169434
.0788879395
-.0413513184
-.0867614746
.0877532959
.0747070313
-.0616607666
-.0864410400
.0673522949
.0795135498
-.0676727295
-.0482025146
.0485839844
.0644683838
-.0336608887
-.0390319824
-.0384216309
.0408782959
.0501708984
-.0464630127
-.0661010742
.0640411377
.0861053467
-.0473785400
-.0914001465
.0913391113
.0681915283
-.0638275146
-.0791168213
.0623779297
.0817871094
-.0647125244
-.0355072021
.0487365723
.0538024902
-.0220794678
-.0472106934
-.0421295166
.0362701416
.0607452393
-.0475769043
-.0751647949
.0723724365
.0825500488
-.0587310791
-.0974273682
.0853271484
.0677185059
-.0704498291
-.0764160156
.0530548096
.0768432617
-.0653533936
-.0328369141
.0463256836
.0470123291
-.0137786865
-.0502471924
-.0427246094
.0378723145
.0694732666
-.0414276123
-.0768280029
.0842590332
.0852966309
-.0577850342
-.0938415527
.0844268799
.0771179199
-.0671234131
-.0650329590
.0551147461
.0802154541
-.0542907715
-.0321655273
.0459747314
.0468292236
.0260925293
-.0457611084
-.0450744629
.0476379395
.0770721436
-.0398559570
-.0809783936
.0855712891
.0787200928
-.0590972900
-.0927429199
.0783996582
.0785675049
-.0718841553
-.0586853027
.0525207520
.0685119629
-.0493316650
-.0410003662
.0351562500
.0382995605
.0315551758
-.0512847900
-.0598144531
.0508575439
.0757141113
-.0482940674
-.0896301270
.0843963623
.0687408447
-.0625457764
-.0888214111
.0713195801
.0805816650
-.0693206787
-.0441436768
.0599822998
.0605010986
-.0354919434
-.0417327881
.0286407471
.0397644043
.0491943359
-.0463104248
-.0620574951
.0664215088
.0819091797
-.0515899658
-.0893096924
.0881195068
.0681915283
-.0660095215
-.0802764893
.0641937256
.0776062012
-.0697784424
-.0345458984
.0581817627
.0488433838
-.0284576416
-.0508575439
-.0330505371
.0313720703
.0567016602
-.0461883545
-.0731964111
.0770874023
.0838012695
-.0599822998
-.0938873291
.0883331299
.0672607422
-.0678253174
-.0741729736
.0579681396
.0790557861
-.0638122559
-.0344543457
.0572967529
.0431823730
-.0202484131
-.0512847900
-.0328979492
.0394287109
.0637817383
-.0420379639
-.0753936768
.0802612305
.0778045654
-.0628509521
-.0958709717
.0856628418
.0754852295
-.0687866211
-.0666961670
.0609283447
.0779876709
-.0596160889
-.0399169922
.0539550781
.0398712158
.0153045654
-.0512237549
-.0429229736
.0472717285
.0692138672
-.0454254150
-.0805969238
.0842132568
.0738677979
-.0644073486
-.0959167480
.0809936523
.0775909424
-.0709686279
-.0579681396
.0628967285
.0685272217
-.0520782471
-.0461730957
.0453643799
.0375366211
.0268402100
-.0484008789
-.0525207520
.0602722168
.0759124756
-.0533905029
-.0862121582
.0870971680
.0681610107
-.0642852783
-.0904846191
.0742950439
.0806732178
-.0703430176
-.0451965332
.0673217773
.0580139160
-.0406341553
-.0512695313
.0365753174
.0370788574
.0424804688
-.0491638184
-.0616455078
.0700225830
.0798492432
-.0600128174
-.0905303955
.0917663574
.0667419434
-.0688629150
-.0858612061
.0640106201
.0801544189
-.0708618164
-.0375823975
.0671844482
.0503845215
-.0316162109
-.0546417236
.0230407715
.0370178223
.0508117676
-.0475006104
-.0682067871
.0752105713
