.0000610352
-.0003967285
.0009307861
-.0007934570
-.0023193359
.0014038086
-.0015716553
-.0028991699
-.0046691895
-.0038909912
-.0050354004
.0027160645
.0037536621
.0026397705
-.0041503906
-.0028228760
-.0081634521
.0049591064
-.0076141357
.0064239502
.0085144043
.0032043457
-.0094757080
.0075073242
-.0187225342
.0133972168
.0115966797
.0116271973
-.0098571777
-.0079650879
.0070800781
.0062103271
.0115356445
-.0157928467
-.0110015869
.0097503662
-.0083618164
-.0066986084
.0074462891
.0128784180
-.0075988770
.0069122314
-.0065917969
.0107116699
-.0076446533
.0163726807
-.0065460205
-.0124511719
-.0140380859
.0047149658
-.0093994141
.0075531006
.0044708252
.0082092285
-.0075378418
.0161743164
-.0140991211
.0107879639
-.0141754150
.0077972412
-.0141601563
.0188293457
-.0107574463
.0114746094
-.0091094971
.0240478516
.0099945068
-.0196075439
-.0122528076
-.0147094727
-.0099182129
.0090942383
.0137176514
.0063018799
-.0328674316
-.0114898682
.0134429932
-.0062103271
.0131683350
.0154113770
.0121002197
-.0148162842
.0062255859
-.0090637207
.0182647705
-.0095520020
-.0044403076
.0092926025
.0077819824
.0086517334
.0073394775
-.0139923096
.0085754395
-.0095214844
-.0052795410
.0049743652
.0057830811
-.0073394775
.0162963867
-.0147705078
.0164184570
-.0040740967
-.0104675293
-.0208435059
-.0094604492
.0109558105
.0156402588
-.0085754395
-.0070495605
.0060424805
.0122222900
.0091705322
.0064544678
.0070648193
-.0098571777
-.0065917969
.0081024170
.0079498291
-.0133666992
.0137176514
-.0097808838
-.0087738037
.0142364502
-.0111083984
-.0073547363
.0092468262
.0126495361
-.0098114014
.0073089600
-.0129699707
-.0102539063
-.0100860596
.0211334229
.0073394775
.0076904297
-.0169219971
-.0097656250
.0161437988
-.0072479248
.0144195557
-.0106964111
-.0114593506
-.0139770508
.0141601563
-.0132446289
.0082702637
-.0094146729
-.0094604492
.0080261230
-.0171203613
.0097503662
-.0166931152
.0084228516
-.0114440918
.0233154297
.0089569092
-.0161285400
-.0273590088
-.0133666992
.0082244873
.0126342773
-.0085449219
-.0065002441
.0064392090
-.0099792480
-.0111389160
.0078582764
.0159759521
-.0090637207
-.0137786865
-.0242156982
.0105743408
.0146331787
.0154113770
.0121612549
-.0097808838
-.0124969482
.0062103271
.0139160156
.0117645264
.0146484375
-.0125885010
.0081481934
-.0126953125
.0072021484
.0144500732
-.0145111084
.0116729736
.0113830566
-.0100250244
-.0125122070
.0090179443
-.0123443604
.0120544434
-.0101318359
.0110778809
-.0119018555
.0161590576
-.0085601807
-.0140533447
.0114593506
-.0163269043
.0233459473
.0089721680
.0091247559
-.0111541748
.0066833496
-.0252838135
.0133056641
-.0158996582
.0247497559
-.0146636963
.0113525391
-.0218048096
.0168304443
-.0120391846
-.0143280029
.0108337402
-.0135192871
.0181274414
-.0287170410
.0121002197
-.0218505859
.0119018555
.0152435303
.0150756836
-.0112152100
-.0160217285
.0122070313
-.0180358887
.0126800537
.0136718750
.0202026367
-.0209197998
.0100555420
-.0115356445
.0174407959
-.0197601318
.0166625977
-.0104522705
.0120849609
.0163116455
.0095367432
-.0142364502
-.0193176270
.0142822266
-.0198211670
.0128173828
.0147247314
.0245971680
-.0149688721
-.0139465332
.0149688721
-.0129852295
.0102081299
.0128631592
-.0233917236
.0134124756
-.0176696777
.0159301758
-.0246124268
.0297698975
-.0155639648
.0164031982
-.0185089111
.0128631592
-.0103607178
.0138854980
.0172576904
.0127105713
-.0140991211
-.0097503662
.0215148926
-.0233459473
.0172729492
.0128173828
-.0113372803
.0217590332
.0211486816
.0140075684
-.0232238770
-.0148773193
-.0152282715
.0096282959
.0187225342
-.0132751465
.0130920410
-.0219573975
-.0124053955
-.0144500732
.0164184570
.0224151611
.0225372314
-.0173034668
-.0247039795
.0110015869
-.0170135498
-.0213775635
.0254669189
-.0103607178
.0172882080
-.0213470459
-.0210418701
-.0155639648
.0177917480
.0182647705
.0178680420
.0173797607
-.0208435059
-.0228118896
-.0212860107
-.0152893066
.0163116455
-.0114593506
-.0115966797
-.0250549316
-.0205993652
-.0245208740
-.0184020996
-.0156250000
-.0154113770
.0130920410
.0203094482
-.0250854492
.0232849121
-.0261077881
.0242309570
-.0239562988
.0164031982
-.0214385986
.0292358398
.0205841064
-.0195159912
-.0230712891
-.0216674805
.0177612305
.0166473389
-.0270690918
.0211486816
.0236816406
.0254058838
.0198211670
-.0275878906
-.0278625488
-.0271759033
-.0164794922
-.0332946777
-.0337371826
.0225982666
-.0274047852
.0205383301
-.0208892822
-.0213928223
.0194396973
.0198059082
-.0331420898
-.0391998291
.0417938232
-.0356292725
.0324554443
.0156860352
-.0274353027
.0272064209
-.0185241699
-.0432586670
.0283966064
.0297698975
-.0372161865
.0395202637
-.0437927246
.0400695801
.0410308838
-.0216522217
.0246582031
.0221099854
.0250244141
-.0237426758
-.0303039551
-.0363769531
-.0351867676
.0458374023
-.0340423584
.0279541016
-.0436401367
-.0251159668
.0238800049
.0345306396
-.0318756104
.0420532227
.0268554688
.0292358398
.0359344482
.0319824219
-.0249176025
-.0348205566
-.0527496338
-.0225067139
-.0519409180
.0406951904
.0271911621
.0335083008
-.0481414795
-.0351867676
.0389709473
.0317687988
.0605163574
-.0282592773
-.0398559570
.0336761475
-.0577697754
-.0445556641
.0351257324
-.0357055664
.0335388184
-.0404815674
.0371856689
-.0295867920
-.0489654541
.0533752441
-.0445251465
.0427856445
-.0576019287
.0295410156
.0506134033
.0349273682
.0387878418
-.0337066650
.0269317627
-.0469360352
-.0380249023
.0355529785
-.0252532959
.0232238770
-.0444793701
.0348205566
.0452270508
-.0349884033
.0456390381
.0566101074
.0541381836
.0486755371
-.0401000977
.0397186279
-.0315551758
-.0215759277
.0594177246
-.0457916260
.0610809326
-.0537567139
-.0570068359
.0559539795
-.0253753662
.0695648193
-.0899658203
-.0386352539
.0717010498
-.0399475098
.0719604492
-.0314025879
-.0429229736
.0385131836
-.0532379150
.0459899902
.0443267822
-.0434722900
-.0478668213
.0323791504
.0453796387
-.0578918457
-.0651092529
-.0457305908
.0452423096
.0625915527
-.0577392578
-.0446166992
.0553741455
.0505371094
.0624084473
-.0550842285
-.0420989990
.0480804443
-.0438842773
.0567321777
.0367126465
-.0342559814
.0568237305
-.0338745117
.0384979248
-.0596160889
-.0388336182
.0622253418
-.0390472412
.0665283203
-.0576171875
-.0399322510
.0686645508
-.0423278809
.0578613281
-.0417785645
-.0358428955
-.0490417480
-.0633544922
.0704498291
-.0541992188
.0219879150
.0257720947
-.0397338867
.0710754395
-.0545654297
.0405578613
-.0287322998
-.0246734619
.0246887207
-.0197296143
.0567321777
-.0504302979
.0602722168
-.0582122803
.0350189209
.0488128662
-.0573120117
.0667266846
-.0351867676
.0439758301
-.0713195801
.0684204102
-.0548858643
.0416412354
.0278167725
-.0275878906
-.0288085938
-.0329437256
.0473480225
-.0483703613
.0296630859
-.0310974121
.0404968262
-.0257873535
.0420227051
.0420379639
-.0341186523
.0251312256
-.0314483643
.0285797119
-.0545959473
.0359649658
-.0242767334
.0304565430
-.0379791260
-.0286560059
.0371093750
-.0255584717
.0263214111
-.0259094238
.0354919434
-.0436706543
.0279083252
-.0283203125
.0246887207
.0394592285
.0270843506
-.0381317139
-.0226440430
.0362396240
-.0252990723
.0270538330
-.0428314209
-.0204467773
.0242309570
.0145874023
.0210113525
.0229644775
-.0344390869
-.0352935791
.0395812988
.0278320313
-.0330657959
.0280151367
-.0303497314
-.0236968994
.0312347412
.0286560059
-.0345764160
.0178070068
-.0183563232
-.0167846680
.0247955322
-.0251922607
.0267639160
-.0256347656
.0224761963
.0245056152
.0144500732
.0297851563
-.0296936035
.0124053955
-.0256652832
.0217590332
.0388946533
-.0173187256
-.0234985352
-.0171813965
-.0223541260
.0445709229
-.0386047363
-.0239257813
-.0247955322
-.0251159668
.0476684570
-.0177917480
-.0195617676
-.0236816406
-.0120239258
.0240631104
-.0155792236
.0140075684
.0262603760
.0194396973
-.0142822266
.0139770508
-.0137786865
.0154266357
-.0305175781
.0244903564
.0167541504
.0131530762
-.0202026367
-.0146331787
-.0258178711
.0241546631
-.0282592773
.0247344971
.0287780762
.0222930908
-.0169830322
-.0232238770
.0217437744
-.0189056396
.0194091797
.0258483887
.0148620605
-.0146484375
-.0165252686
-.0166931152
-.0139617920
.0137176514
-.0240936279
.0168609619
.0189361572
-.0146179199
-.0158538818
.0258636475
.0152893066
-.0176696777
-.0211944580
.0161132813
.0314331055
.0091857910
-.0248718262
.0169525146
-.0171356201
.0205688477
.0223388672
.0134735107
-.0233459473
-.0167694092
.0140991211
.0243377686
-.0220184326
-.0104675293
.0156860352
-.0108184814
.0131225586
.0231170654
-.0403594971
.0149536133
.0195007324
-.0157165527
.0122680664
.0282592773
-.0235900879
.0156860352
.0147247314
-.0255432129
.0124206543
.0199737549
-.0244293213
-.0133972168
.0227355957
.0201416016
-.0176391602
.0170440674
.0203857422
-.0174713135
.0125427246
.0251770020
-.0244293213
.0151977539
.0158843994
-.0206146240
.0143585205
.0242004395
-.0158691406
.0113983154
.0130462646
-.0144348145
-.0164642334
.0227050781
-.0099029541
-.0139007568
.0152893066
-.0160064697
-.0147399902
.0096740723
.0121459961
-.0173950195
-.0121154785
.0162200928
.0175628662
-.0131835938
-.0116577148
.0194702148
-.0124511719
-.0240020752
-.0256195068
.0093841553
.0298919678
.0135345459
-.0186614990
-.0131378174
.0173492432
-.0117034912
.0152893066
-.0086822510
-.0115966797
.0125122070
.0130462646
-.0145111084
-.0088653564
-.0147552490
-.0154418945
-.0125274658
.0129852295
-.0099639893
-.0126037598
.0168151855
-.0170745850
-.0205535889
.0149841309
.0202484131
.0095825195
-.0132446289
.0113677979
.0105590820
.0204620361
-.0153808594
-.0125274658
.0209503174
.0270996094
-.0129547119
.0133514404
-.0139312744
-.0134582520
-.0061645508
.0184478760
.0143280029
-.0131530762
-.0136413574
.0088958740
-.0139770508
-.0067291260
-.0098419189
.0094757080
.0084686279
.0233764648
-.0201721191
-.0190124512
.0171356201
-.0121154785
-.0190277100
.0163726807
-.0142059326
.0086669922
.0115661621
-.0160827637
.0148773193
-.0130615234
-.0174407959
.0138702393
.0167541504
-.0163116455
-.0207061768
-.0214233398
-.0077209473
.0162963867
.0163879395
.0133056641
-.0233001709
.0130615234
.0131225586
.0214996338
.0271148682
-.0116882324
-.0368347168
.0159606934
.0086822510
.0388793945
-.0251770020
-.0417480469
.0263214111
.0209960938
.0219573975
-.0124359131
-.0111999512
-.0184631348
.0123443604
.0173339844
.0110778809
.0163116455
.0099334717
-.0180816650
-.0326690674
.0287475586
.0222930908
-.0282897949
-.0126953125
.0212860107
-.0236816406
.0223846436
-.0057067871
.0070495605
-.0157318115
.0245208740
.0126495361
-.0224761963
-.0131683350
.0142211914
.0075531006
.0147705078
-.0099029541
-.0130767822
-.0185394287
.0110473633
.0117187500
.0148925781
.0078887939
.0125885010
.0075531006
-.0127868652
-.0071411133
-.0083618164
-.0070343018
.0070495605
.0068969727
-.0100860596
.0211029053
-.0211639404
.0180358887
-.0114898682
-.0078735352
-.0071105957
.0079345703
.0119323730
-.0095062256
-.0152740479
.0160675049
.0228271484
-.0203552246
.0059051514
-.0159149170
.0157470703
-.0180206299
.0142211914
-.0164794922
.0100555420
-.0183868408
.0154418945
-.0095214844
.0136108398
-.0080871582
-.0060272217
-.0097808838
-.0092926025
.0184020996
-.0166320801
.0089569092
-.0108642578
-.0140838623
-.0269165039
.0146789551
.0167083740
.0192108154
-.0134582520
.0238800049
-.0216674805
-.0088043213
-.0179748535
.0106506348
.0197448730
.0097351074
-.0142822266
-.0172882080
.0138244629
.0112915039
-.0112457275
.0175781250
-.0087738037
-.0123596191
-.0108337402
-.0082397461
.0142059326
-.0097808838
-.0095672607
-.0114288330
.0078582764
-.0170135498
.0160675049
-.0114135742
.0094757080
.0155639648
-.0091247559
-.0081939697
.0112609863
-.0092620850
-.0196838379
.0070953369
.0093688965
-.0091552734
.0109710693
-.0095977783
.0085906982
.0110473633
.0102844238
-.0110321045
.0118255615
-.0130157471
.0173797607
-.0088958740
-.0161590576
-.0088348389
.0111541748
-.0106353760
-.0060577393
.0110015869
.0053710938
-.0081329346
.0102233887
-.0081329346
-.0168914795
.0067443848
.0069122314
.0139770508
-.0144348145
.0091552734
-.0156707764
-.0078125000
.0325469971
-.0144195557
-.0202941895
.0104217529
-.0107269287
.0111694336
.0115661621
-.0151672363
-.0275421143
.0109558105
-.0086517334
.0219116211
.0098419189
.0108642578
-.0287322998
.0271453857
-.0187835693
-.0198516846
-.0171661377
-.0062866211
.0062255859
.0165100098
-.0113525391
.0062866211
.0116271973
.0096740723
-.0167541504
.0049438477
-.0063476563
.0043334961
-.0073699951
.0099792480
-.0025024414
-.0036773682
-.0055541992
.0053253174
-.0027923584
-.0027923584
.0031738281
.0018768311
.0013122559
-.0014953613
-.0018310547
.0007934570
.0005493164
.0001525879
