.0164794922
-.0212097168
-.0264739990
-.0270538330
-.0233764648
.0123138428
.0207519531
.0244445801
.0188446045
.0074157715
.0094451904
-.0055236816
-.0186767578
.0144195557
-.0153198242
-.0221099854
-.0176849365
-.0232849121
.0238342285
.0376892090
.0436401367
.0453948975
-.0090484619
-.0291595459
-.0322723389
-.0470886230
-.0224761963
-.0104675293
.0193786621
.0374298096
.0312194824
.0227661133
.0190734863
-.0079345703
-.0150909424
-.0246582031
-.0277557373
-.0261688232
-.0249176025
.0080871582
.0283508301
.0283966064
.0277252197
.0199432373
-.0074615479
-.0201721191
-.0290527344
-.0301666260
-.0212860107
.0182495117
.0197448730
.0190124512
.0161590576
.0098724365
-.0137786865
.0091400146
.0077819824
-.0053710938
-.0213775635
-.0198974609
-.0165557861
-.0059814453
.0222930908
.0295562744
.0297241211
.0174560547
-.0199890137
-.0313415527
-.0391235352
-.0342712402
-.0132141113
.0222473145
.0283966064
.0300140381
.0178222656
.0091552734
-.0113067627
-.0101776123
-.0127868652
-.0108337402
-.0231323242
-.0174560547
-.0088195801
.0170288086
.0243988037
.0225372314
.0269622803
.0234832764
-.0113067627
-.0318145752
-.0351104736
-.0417938232
-.0285644531
.0187072754
.0320281982
.0352478027
.0192108154
.0064239502
-.0101623535
-.0101165771
-.0090637207
-.0142974854
-.0123138428
-.0139923096
-.0106353760
-.0050048828
.0194702148
.0188751221
.0182189941
.0130920410
.0107727051
-.0240478516
-.0314025879
-.0321502686
-.0186309814
.0206451416
.0279083252
.0401458740
.0295257568
-.0187988281
-.0217437744
-.0306701660
-.0254058838
-.0186157227
.0116119385
.0153961182
.0174713135
.0084838867
.0096282959
.0144958496
.0155487061
.0090637207
-.0171661377
-.0195465088
-.0318756104
-.0255432129
.0098724365
.0277404785
.0289459229
.0260314941
.0137023926
-.0096893311
-.0125427246
-.0239868164
-.0222320557
-.0150146484
.0043029785
.0107116699
.0151062012
.0126342773
-.0058288574
.0097351074
.0118255615
.0172882080
-.0050048828
-.0277404785
-.0245056152
-.0206604004
-.0125885010
.0266113281
.0212097168
.0241088867
.0130615234
-.0113830566
-.0113677979
-.0131378174
-.0120391846
-.0100250244
.0083770752
.0133056641
.0148315430
-.0069580078
-.0120239258
.0101013184
.0048828125
-.0066833496
-.0116882324
-.0180969238
-.0246276855
-.0140380859
.0130310059
.0179748535
.0302429199
.0278320313
.0293273926
-.0129241943
-.0225067139
-.0326690674
-.0341644287
-.0240936279
.0086822510
.0251312256
.0276794434
.0218048096
.0130004883
-.0067749023
.0093536377
-.0090637207
-.0117187500
-.0213775635
-.0262298584
-.0227050781
-.0097045898
.0168151855
.0359802246
.0382537842
.0370025635
.0129852295
-.0315551758
-.0468750000
-.0473937988
-.0282135010
.0129852295
.0173034668
.0254364014
.0214843750
.0150299072
-.0079345703
.0077209473
-.0068359375
-.0152587891
-.0198059082
-.0231475830
-.0173034668
.0059661865
.0113067627
.0289611816
.0392150879
.0274047852
-.0078735352
-.0261840820
-.0394439697
-.0483703613
-.0361938477
.0139923096
.0304260254
.0401763916
.0383758545
.0206604004
.0067596436
-.0133666992
-.0233764648
-.0236968994
-.0168457031
-.0144500732
-.0137786865
-.0055694580
.0184173584
.0207061768
.0226440430
.0197448730
.0134277344
-.0175323486
-.0277557373
-.0396575928
-.0303649902
-.0099182129
.0182647705
.0356445313
.0354156494
.0217285156
.0078277588
-.0119018555
-.0163116455
-.0233917236
-.0198059082
-.0167694092
-.0118713379
-.0094909668
.0151214600
.0209350586
.0262908936
.0210266113
.0159301758
-.0153503418
-.0276031494
-.0326538086
-.0218200684
.0106964111
.0170288086
.0322113037
.0290222168
.0165405273
-.0124359131
-.0216979980
-.0237121582
-.0223236084
-.0152282715
-.0140075684
-.0069885254
.0098876953
.0189666748
.0256958008
.0257568359
.0219116211
-.0093231201
-.0271759033
-.0366363525
-.0403747559
-.0255584717
.0208129883
.0307769775
.0416564941
.0342864990
.0214843750
-.0145416260
-.0271301270
-.0379638672
-.0307312012
-.0229339600
-.0153045654
.0188140869
.0243682861
.0261840820
.0264434814
.0221252441
.0136108398
-.0131378174
-.0244750977
-.0404815674
-.0445709229
-.0318908691
-.0055847168
.0334777832
.0498352051
.0439605713
.0196228027
-.0142364502
-.0279235840
-.0337829590
-.0286712646
-.0126342773
-.0064544678
.0145874023
.0251770020
.0246429443
.0223999023
.0144195557
.0041198730
-.0196838379
-.0246124268
-.0354156494
-.0273437500
-.0198669434
.0226135254
.0350341797
.0460968018
.0425415039
.0238647461
-.0218963623
-.0432281494
-.0447235107
-.0350036621
-.0136260986
.0145721436
.0289916992
.0247344971
.0192565918
.0150909424
.0075225830
.0038146973
-.0135040283
-.0249481201
-.0290985107
-.0223999023
-.0167083740
.0196990967
.0306396484
.0380401611
.0314788818
.0143585205
-.0091552734
-.0308990479
-.0376892090
-.0276031494
-.0158233643
.0093231201
.0144653320
.0180664063
.0182342529
.0177764893
.0105743408
.0087280273
-.0113983154
-.0194396973
-.0333404541
-.0225830078
-.0158386230
.0251617432
.0261230469
.0400848389
.0315551758
-.0092010498
-.0232086182
-.0407867432
-.0334777832
-.0283660889
-.0049285889
.0217895508
.0247192383
.0252380371
.0208282471
.0215148926
.0108795166
-.0100555420
-.0246276855
-.0310668945
-.0318450928
-.0211944580
-.0095977783
.0280151367
.0372467041
.0326690674
.0301055908
-.0147857666
-.0238342285
-.0351409912
-.0414886475
-.0248565674
-.0091094971
.0220947266
.0281982422
.0272979736
.0190887451
.0070037842
-.0090026855
-.0155639648
-.0154418945
-.0177154541
-.0216064453
-.0148468018
-.0062866211
.0152893066
.0263366699
.0332031250
.0259857178
-.0107727051
-.0268859863
-.0287475586
-.0322113037
-.0203552246
.0126342773
.0270996094
.0287322998
.0275115967
.0140838623
-.0180969238
-.0175933838
-.0171661377
-.0164489746
-.0167999268
-.0129394531
-.0099945068
.0099792480
.0175018311
.0269165039
.0316314697
.0209655762
-.0057830811
-.0287933350
-.0351715088
-.0355529785
-.0225524902
.0232849121
.0265655518
.0382080078
.0271606445
.0131225586
-.0155029297
-.0188598633
-.0205078125
-.0150909424
-.0106964111
-.0145874023
-.0064239502
.0072937012
.0136871338
.0148773193
.0189514160
.0140075684
.0103149414
-.0091857910
-.0225982666
-.0291290283
-.0321960449
-.0185089111
.0099487305
.0295867920
.0333404541
.0271301270
.0084075928
-.0134277344
-.0137634277
-.0128326416
-.0180511475
-.0156555176
-.0123138428
.0119018555
.0184173584
.0228729248
.0219268799
.0134429932
-.0055389404
-.0233154297
-.0255889893
-.0269927979
-.0279541016
.0199737549
.0227661133
.0324859619
.0287475586
.0186462402
-.0111999512
-.0191040039
-.0144653320
-.0151519775
-.0164031982
-.0138549805
-.0057525635
-.0052032471
.0166778564
.0250396729
.0238189697
.0159454346
.0114746094
-.0131072998
-.0286865234
-.0355834961
-.0363769531
.0145568848
.0231018066
.0272064209
.0303192139
.0165710449
-.0114898682
-.0133514404
-.0135803223
-.0178222656
-.0133514404
-.0059204102
-.0053405762
.0055389404
.0066223145
.0078582764
.0137939453
.0167541504
.0173492432
.0077972412
-.0178527832
-.0258483887
-.0274047852
.0166625977
.0171508789
.0278015137
.0328674316
.0172882080
-.0075378418
-.0193786621
-.0220642090
-.0190429688
-.0190124512
.0123748779
.0105743408
.0103759766
-.0078887939
.0123291016
.0141906738
.0150756836
.0144653320
-.0102386475
-.0273284912
-.0253143311
-.0221710205
.0155487061
.0192871094
.0231781006
.0218200684
.0091705322
-.0083923340
-.0164489746
-.0186309814
-.0249786377
-.0172576904
-.0114440918
.0119628906
.0174560547
.0180969238
.0204925537
.0176086426
.0239562988
.0055236816
-.0135955811
-.0269927979
-.0270233154
-.0257415771
-.0129394531
.0142974854
.0241546631
.0298309326
.0197143555
.0093841553
-.0192108154
-.0238189697
-.0290222168
-.0163421631
.0227966309
.0178833008
.0189819336
.0235290527
.0180358887
.0086517334
.0049591064
-.0146789551
-.0218200684
-.0263214111
-.0291595459
-.0122222900
.0103912354
.0237426758
.0324707031
.0371551514
.0276184082
-.0184783936
-.0344238281
-.0435485840
-.0371093750
-.0230102539
.0184783936
.0260925293
.0301055908
.0189666748
.0097656250
.0138702393
-.0076751709
-.0175323486
-.0254821777
-.0224609375
-.0253295898
-.0123596191
.0125427246
.0210876465
.0297393799
.0302124023
.0307769775
-.0158843994
-.0176086426
-.0386962891
-.0452575684
-.0276184082
.0061187744
.0166473389
.0288696289
.0213928223
.0122680664
-.0086669922
-.0100708008
-.0106811523
-.0128631592
-.0080718994
-.0124511719
.0092315674
.0101318359
.0214080811
.0215911865
.0177917480
.0069427490
-.0154571533
-.0211944580
-.0280456543
-.0260467529
-.0144805908
.0086059570
.0227508545
.0236663818
.0190734863
.0196228027
.0104827881
-.0135345459
-.0158996582
-.0168304443
-.0114593506
-.0161132813
-.0099334717
.0074920654
.0178375244
.0266723633
.0175323486
.0158233643
-.0175323486
-.0316772461
-.0412292480
-.0307922363
.0102386475
.0237579346
.0297851563
.0363464355
.0254669189
-.0079498291
-.0070495605
-.0162506104
-.0142059326
-.0187683105
-.0189361572
-.0120544434
-.0161437988
-.0055084229
.0128784180
.0256958008
.0195007324
.0195465088
-.0110931396
-.0164642334
-.0277099609
-.0277252197
-.0104522705
.0134735107
.0311126709
.0372772217
.0238494873
.0080566406
-.0243530273
-.0363769531
-.0280456543
-.0233154297
-.0086975098
.0151062012
.0149688721
.0224914551
.0213165283
.0275878906
.0229949951
.0090942383
-.0190582275
-.0301818848
-.0307617188
-.0248565674
.0071258545
.0150146484
.0301513672
.0308685303
.0206756592
-.0089569092
-.0193786621
-.0338439941
-.0346069336
-.0234985352
.0057830811
.0166778564
.0188140869
.0305328369
.0211639404
.0236968994
.0162658691
-.0166015625
-.0175323486
-.0331115723
-.0332336426
-.0201568604
.0112304688
.0181732178
.0284271240
.0267639160
.0197906494
.0090637207
-.0179290771
-.0263671875
-.0231628418
-.0183410645
.0069732666
.0157318115
.0231933594
.0225524902
.0216217041
.0183715820
-.0080261230
-.0142974854
-.0291748047
-.0300903320
-.0257263184
-.0151214600
.0079650879
.0264129639
.0338897705
.0312194824
.0213928223
.0084533691
-.0200805664
-.0329132080
-.0266876221
-.0104217529
.0122070313
.0230865479
.0199737549
.0190429688
.0082244873
-.0074157715
.0073242188
-.0160827637
-.0163421631
-.0231628418
-.0189666748
-.0127105713
.0072174072
.0199279785
.0255584717
.0289459229
.0262908936
.0060424805
-.0166778564
-.0308990479
-.0318450928
-.0162811279
.0058593750
.0155029297
.0199127197
.0168914795
.0072937012
-.0069885254
-.0092010498
-.0145111084
-.0109863281
-.0196838379
-.0121002197
-.0099945068
.0132751465
.0279083252
.0268554688
.0233306885
.0103607178
-.0171508789
-.0311431885
-.0353546143
-.0283660889
-.0105133057
.0167236328
.0248565674
.0309600830
.0250396729
.0121612549
-.0099792480
-.0195770264
-.0290527344
-.0273284912
-.0130004883
.0095367432
.0205688477
.0232849121
.0271911621
.0251312256
.0120697021
-.0148010254
-.0245666504
-.0301818848
-.0390777588
-.0310516357
.0137634277
.0194854736
.0269775391
.0367584229
.0221252441
.0115966797
-.0099487305
-.0168609619
-.0212707520
-.0176544189
-.0179595947
-.0078582764
.0109252930
.0089263916
.0209503174
.0209197998
.0106353760
-.0048522949
-.0131072998
-.0293426514
-.0256652832
-.0134429932
.0105133057
.0261993408
.0364379883
.0337219238
.0160980225
-.0086212158
-.0308990479
-.0346984863
-.0247955322
-.0148162842
.0057067871
.0125579834
.0144500732
.0175170898
.0142974854
.0166473389
.0138854980
-.0062866211
-.0169067383
-.0181732178
-.0155334473
-.0133209229
.0144195557
.0229187012
.0217590332
.0223999023
.0125579834
-.0126800537
-.0209960938
-.0317993164
-.0304412842
-.0175323486
.0086517334
.0147705078
.0160675049
.0154113770
.0149536133
.0089721680
.0098114014
.0121917725
-.0101318359
-.0111236572
-.0120239258
-.0103302002
-.0071868896
.0074005127
.0134582520
.0103149414
-.0054168701
.0066070557
-.0167846680
-.0181274414
-.0146789551
-.0058746338
.0097961426
.0166931152
.0159606934
.0202178955
.0164031982
.0155639648
.0069427490
-.0111694336
-.0185241699
-.0209197998
-.0229034424
-.0051879883
.0116577148
.0255432129
.0293121338
.0142059326
-.0117492676
-.0128326416
-.0232086182
-.0233154297
-.0154724121
-.0166168213
.0094146729
.0135498047
.0267333984
.0225677490
.0126190186
.0056304932
-.0109710693
-.0152130127
-.0112609863
-.0207061768
.0065460205
-.0045471191
.0034484863
.0167694092
.0059814453
.0305938721
.0600128174
-.0555267334
-.0625457764
.0208435059
.0270233154
-.0219268799
-.0380859375
.0262145996
.0161895752
.0146331787
.0126495361
-.0255279541
.0038146973
.0118103027
-.0353698730
-.0288848877
.0073394775
.0292663574
.0111694336
.0137634277
.0297851563
.0119018555
-.0219421387
-.0189666748
-.0187835693
-.0174713135
-.0132141113
-.0048065186
.0114135742
.0192108154
.0213165283
.0060882568
.0038299561
