.0000305176
.0000305176
-.0000457764
.0000305176
-.0000305176
.0000305176
.0000305176
.0000305176
.0000305176
.0000305176
.0000457764
-.0000305176
-.0000305176
.0000457764
.0000305176
-.0000305176
-.0000305176
-.0000305176
-.0000305176
.0000305176
.0000305176
.0000457764
.0000762939
.0001525879
.0002288818
.0006408691
.0006408691
-.0006866455
-.0011596680
-.0017395020
-.0022735596
.0047149658
.0048675537
-.0097045898
-.0038146973
-.0149230957
-.0171203613
-.0110931396
-.0167388916
.0169830322
.0112152100
.0112152100
-.0147857666
.0091705322
-.0089263916
-.0076446533
-.0104370117
-.0076141357
.0109863281
.0123901367
.0117340088
.0113677979
-.0101776123
-.0106048584
.0108947754
.0100097656
.0175323486
.0088958740
-.0109252930
-.0106658936
-.0130462646
.0079650879
.0087280273
-.0099487305
-.0113983154
.0125274658
.0121765137
.0250244141
.0158233643
.0124206543
-.0132141113
-.0162353516
.0219879150
-.0168762207
.0188446045
.0297393799
.0166778564
.0210266113
-.0207519531
-.0146942139
.0152587891
-.0285644531
.0262756348
.0167388916
.0410308838
.0197906494
-.0210876465
.0370483398
.0347290039
-.0309448242
-.0195617676
.0512847900
-.0270233154
.0467834473
.0454101563
-.0217285156
.0171966553
.0556030273
.0185546875
.0295715332
.0549011230
-.0321655273
.0202941895
-.0465240479
.0334472656
.0216369629
.0323333740
-.0256958008
.0317687988
-.0513458252
-.0277709961
-.0316772461
-.0270843506
.0187835693
-.0163879395
.0305786133
.0289001465
.0208435059
.0228881836
-.0189514160
-.0190734863
.0191955566
-.0192413330
.0385589600
-.0217437744
.0218200684
.0422668457
.0288543701
-.0232086182
-.0276947021
.0179443359
.0324249268
-.0401458740
.0267486572
-.0516815186
-.0312957764
.0395507813
.0328674316
.0263977051
-.0327911377
-.0603027344
-.0431518555
.0400695801
.0420837402
-.0314941406
-.0265960693
.0238189697
-.0232086182
.0265350342
-.0368347168
.0305480957
.0498046875
.0260314941
.0225372314
-.0329437256
.0215606689
-.0304107666
.0449218750
-.0295715332
.0386962891
-.0405731201
.0267333984
.0331726074
-.0258941650
.0311737061
-.0607452393
-.0344543457
.0345001221
.0599060059
-.0257873535
-.0329895020
-.0254364014
.0252227783
.0269775391
.0253753662
-.0488128662
-.0305328369
.0367889404
.0545043945
.0276184082
-.0198669434
-.0220336914
.0298004150
.0437622070
-.0407867432
-.0405731201
-.0273284912
.0297088623
.0354156494
-.0269012451
.0414581299
.0436096191
-.0274353027
-.0435791016
.0313873291
.0265197754
-.0268859863
.0254516602
.0592956543
-.0573883057
.0331878662
.0503997803
.0241851807
.0246582031
-.0278167725
-.0320892334
.0303192139
-.0250396729
-.0364379883
-.0326385498
.0381469727
-.0401458740
.0283050537
.0304412842
-.0349731445
.0591735840
.0427551270
.0252380371
.0275115967
.0433959961
-.0245056152
-.0405883789
.0351257324
-.0285797119
.0400695801
.0628356934
-.0450286865
-.0237579346
.0350341797
-.0253601074
-.0233612061
-.0460662842
-.0217285156
.0270690918
-.0338287354
-.0366058350
-.0432586670
.0400390625
-.0417785645
-.0384216309
-.0269317627
-.0304565430
-.0366363525
-.0585479736
.0348968506
-.0448150635
.0551147461
-.0350036621
.0346221924
.0362091064
.0419158936
.0485229492
-.0514831543
-.0438842773
.0354461670
-.0400390625
.0322875977
.0300140381
-.0356140137
.0256500244
-.0281524658
.0231475830
.0446166992
.0188140869
.0264129639
-.0162963867
.0314788818
.0235290527
.0268554688
.0271301270
.0402832031
-.0343933105
-.0397033691
-.0330963135
.0321350098
.0327453613
-.0294342041
.0271301270
.0239562988
-.0311737061
-.0279693604
.0353851318
.0399017334
-.0407104492
-.0298919678
-.0495605469
.0379486084
-.0481109619
-.0355987549
-.0372467041
.0379791260
-.0317687988
.0377807617
-.0385437012
.0461120605
-.0476226807
-.0436096191
.0482177734
.0456695557
.0461273193
.0562438965
.0375366211
.0385589600
.0456542969
.0561218262
.0517883301
-.0518951416
.0336761475
-.0298156738
-.0482482910
.0415496826
-.0284729004
-.0167541504
.0245513916
.0292816162
-.0165100098
.0245056152
.0234069824
.0215454102
-.0179748535
.0380706787
.0243682861
.0379791260
.0283813477
.0290679932
.0336608887
-.0494384766
-.0461883545
.0577545166
.0492858887
-.0283355713
-.0585021973
-.0389556885
.0382690430
-.0367431641
.0478973389
.0434417725
.0435028076
.0407562256
-.0523223877
.0431823730
-.0373535156
-.0312194824
-.0300750732
-.0253753662
.0249633789
-.0230865479
-.0237426758
-.0245971680
-.0240631104
.0228729248
.0178375244
-.0205535889
-.0203094482
-.0350189209
.0209808350
-.0240783691
-.0392608643
-.0398559570
.0337829590
.0339965820
-.0243988037
.0335845947
.0195312500
.0189819336
-.0216369629
-.0345001221
-.0314483643
-.0291290283
.0503540039
-.0391693115
.0276184082
.0227050781
-.0349884033
.0222473145
.0232238770
-.0191192627
.0239410400
-.0221862793
.0214538574
.0198516846
.0265655518
.0287170410
-.0366516113
.0340881348
.0393676758
-.0344543457
.0304107666
-.0331573486
-.0322265625
-.0385131836
-.0350494385
.0283508301
.0337829590
.0250244141
-.0259857178
-.0233764648
.0221405029
-.0215606689
-.0279083252
.0245971680
.0277557373
.0255737305
.0255889893
.0263519287
-.0175018311
.0208282471
-.0244598389
.0246276855
.0305480957
-.0276947021
.0258941650
.0276641846
-.0282897949
.0281066895
-.0269012451
-.0340728760
-.0266571045
.0208129883
-.0219116211
-.0296478271
-.0327758789
.0416717529
.0432128906
.0242919922
.0209960938
-.0295562744
.0288085938
-.0311584473
.0310516357
.0291748047
-.0267028809
.0312957764
-.0308532715
.0334320068
-.0368194580
-.0379028320
.0363769531
.0467376709
.0381774902
-.0383148193
-.0392608643
.0386047363
-.0333557129
-.0435333252
.0364837646
.0392761230
.0495147705
.0534515381
-.0479736328
.0513305664
.0424652100
.0477294922
-.0498962402
-.0480194092
-.0341949463
-.0567169189
.0402526855
.0382995605
-.0366973877
-.0578460693
.0480804443
-.0428771973
.0410308838
.0418701172
-.0438232422
-.0377502441
.0514678955
.0420532227
-.0523376465
.0451354980
-.0334930420
.0264129639
.0319213867
-.0489196777
-.0484161377
-.0345153809
-.0213165283
-.0238494873
-.0233154297
-.0392150879
-.0273590088
-.0582275391
.0568389893
-.0423889160
-.0270996094
.0359649658
.0279846191
-.0365905762
-.0289916992
-.0359497070
-.0357971191
-.0390472412
-.0329284668
.0307464600
-.0282287598
-.0413360596
-.0421905518
.0304870605
.0331573486
.0343322754
-.0374298096
-.0345306396
-.0494689941
.0639343262
-.0499114990
-.0424194336
.0371704102
.0436553955
-.0358734131
.0324859619
.0400390625
-.0359191895
-.0428924561
.0350494385
.0544586182
.0604705811
-.0437774658
.0377197266
.0294799805
-.0303802490
-.0327606201
-.0266265869
.0259552002
-.0319976807
-.0233154297
-.0296478271
-.0263519287
.0218963623
.0258636475
.0247192383
-.0253906250
-.0221862793
-.0217590332
-.0290069580
-.0215759277
.0337219238
-.0331420898
.0358276367
.0331726074
.0314636230
-.0258941650
.0273590088
.0316925049
.0329437256
.0247802734
.0242614746
-.0297088623
-.0269012451
.0323944092
.0319061279
-.0424957275
.0373840332
-.0441741943
.0282897949
.0216217041
-.0305328369
.0208587646
.0270996094
.0259094238
.0360717773
-.0308074951
.0243682861
.0243225098
-.0323944092
.0239105225
.0355377197
-.0430297852
-.0266876221
.0424652100
-.0414123535
-.0303649902
.0241699219
-.0308532715
.0393524170
.0294494629
-.0335540771
.0292053223
-.0313110352
-.0434570313
-.0440216064
-.0410003662
.0321807861
.0527191162
-.0510864258
.0467529297
-.0617065430
-.0492553711
-.0643310547
.0553741455
-.0740051270
.0756225586
.0659637451
.0562744141
.0642089844
-.0425872803
-.0438232422
-.0408477783
.0533905029
.0482788086
.0354309082
.0391693115
.0420989990
.0522613525
.0685119629
.0864868164
.0725097656
-.0836181641
-.0727081299
.0709838867
-.0961608887
-.0868377686
.0639190674
.0733642578
-.0859069824
-.0681762695
-.0496063232
.0702514648
-.0457763672
-.0504150391
.0442504883
.0825805664
-.0906829834
-.0513763428
.0794219971
.0745849609
-.0759277344
-.0689697266
-.0577545166
-.0585937500
.0633850098
.0532836914
.0438385010
.0619964600
-.0776977539
-.0764770508
.0694580078
-.0814361572
-.0982666016
-.1093750000
.0969238281
.0865783691
.0954132080
.1012115479
.0851287842
.1145324707
.0707397461
-.1109466553
-.0748901367
.0525360107
.0593261719
.0675354004
-.0476226807
.0691528320
.0553894043
-.0623474121
-.0410766602
.0466918945
-.0396118164
-.0431823730
.0404357910
.0383911133
-.0442962646
-.0376281738
-.0445251465
-.0638885498
-.0660095215
.0511779785
-.0442199707
.0361328125
.0408782959
.0516510010
.0471801758
-.0859680176
-.0954742432
.0949707031
-.0848083496
.0663909912
-.0434417725
.0428466797
-.0346069336
-.0412292480
.0338592529
-.0483551025
-.0444335938
-.0344238281
-.0450744629
.0402374268
.0552368164
.0440063477
.0337219238
-.0493927002
-.0321960449
-.0838928223
.0626983643
-.0438690186
.0405883789
.0484466553
.0318450928
-.0357513428
.0425415039
.0332183838
.0476531982
-.0575714111
.0321350098
-.0313873291
-.0400848389
.0410156250
-.0418090820
.0396118164
-.0329132080
-.0403900146
-.0443115234
-.0574035645
.0434570313
-.0585327148
-.0402526855
-.0768280029
-.0275573730
-.0535125732
.0559234619
.0410003662
.0531921387
-.0441131592
.0578765869
-.0387268066
-.0378570557
.0551300049
-.0310974121
-.0369720459
-.0451660156
.0495147705
.0329132080
.0354614258
.0479736328
-.0492706299
.0360565186
.0912017822
.0453033447
.0390014648
.0289154053
.0332946777
.0555725098
-.0332641602
-.0289154053
-.0267181396
-.0348968506
.0343627930
-.0412597656
-.0712280273
.0446166992
-.0430297852
-.0390319824
.0341339111
-.0217590332
.0275421143
-.0271606445
.0312347412
.0237426758
-.0269470215
-.0235595703
-.0378875732
-.0464477539
-.0341644287
-.0351104736
-.0337982178
-.0342712402
.0317535400
-.0325317383
-.0246582031
.0377349854
.0444641113
-.0329437256
.0287017822
-.0340881348
-.0456085205
-.0313110352
.0356292725
.0301513672
.0439147949
-.0297851563
.0275573730
-.0317993164
-.0391998291
.0419921875
.0248870850
-.0209503174
-.0360565186
.0429382324
-.0342254639
-.0308532715
-.0321350098
.0374603271
-.0374145508
.0435791016
-.0362701416
-.0494995117
-.0476074219
-.0392608643
.0363616943
.0505065918
.0384368896
-.0561218262
-.0414428711
-.0425720215
.0428161621
.0412445068
-.0427856445
-.0461730957
-.0391998291
.0342712402
.0411529541
-.0440979004
.0418548584
-.0380249023
-.0326995850
.0339660645
-.0396881104
-.0429534912
-.1504516602
.0557861328
.0416107178
-.0534210205
.0511322021
-.0417633057
.0282592773
-.0328063965
.0348815918
-.0305328369
.1250457764
.0488891602
.0328826904
-.0342407227
-.0259552002
-.0407104492
.0354309082
.1199645996
-.0365295410
.0252685547
-.0284729004
.0324859619
.0270385742
.0262603760
-.0265808105
.0263671875
-.1238708496
.0524291992
.0370483398
-.0239410400
-.0213775635
.0259246826
-.0307464600
.0264587402
-.1192321777
-.1319427490
.0471191406
.0992279053
-.0666961670
-.0319061279
-.0448150635
-.0281066895
.0314331055
.0306091309
.0365600586
-.0570373535
.0307006836
.0383758545
-.0407104492
-.0369415283
.0771942139
.0398559570
.0358276367
-.0400390625
.1144104004
-.0720367432
.0586547852
.0591735840
.0278167725
-.0924072266
-.0334625244
-.0293273926
-.0575561523
.0404052734
-.0543060303
-.0279388428
.0427703857
.0277099609
-.0345611572
-.0301818848
-.0443420410
.0539245605
.0358581543
-.0402526855
.0379791260
.0285186768
.0448455811
.0329437256
.0596923828
.0455169678
.0422973633
-.0309143066
.0315093994
-.0425262451
.0260314941
-.0503234863
-.0482788086
-.0365447998
-.0304565430
.0395812988
-.0273895264
-.0320281982
-.0305023193
.0391845703
-.0258789063
-.0246887207
.0200347900
.0271606445
-.0302734375
-.0238800049
-.0232543945
-.0201873779
.0148925781
-.0277404785
.0356140137
-.0357055664
-.0420837402
.0314025879
-.0344238281
.0243682861
.0283355713
.0231323242
-.0214843750
-.0254058838
-.0230255127
.0266571045
.0197753906
.0180664063
.0217742920
.0200500488
-.0167388916
-.0215301514
-.0192871094
-.0185546875
-.0177154541
.0186920166
.0155639648
.0259399414
.0204772949
-.0264129639
.0252838135
.0175476074
-.0154724121
-.0228271484
-.0142517090
.0147857666
-.0155334473
-.0137329102
.0088958740
-.0173034668
.0149230957
.0137939453
-.0133056641
.0112762451
-.0168304443
.0198669434
-.0201110840
.0204315186
.0178375244
.0186920166
-.0186920166
-.0145111084
-.0149383545
-.0108795166
-.0104827881
-.0131835938
-.0093536377
-.0076904297
-.0102539063
.0098114014
-.0102539063
-.0102844238
.0081634521
.0078887939
.0072326660
-.0096740723
-.0104675293
-.0082855225
-.0101776123
-.0054626465
-.0068969727
.0070190430
-.0049133301
-.0031585693
.0028533936
-.0026397705
-.0023040771
-.0015411377
-.0010681152
-.0006866455
-.0002593994
.0168304443
