.0000152588
.0000152588
-.0000152588
.0000152588
.0000152588
-.0000152588
-.0000152588
.0000152588
-.0000152588
.0000152588
.0006256104
.0008697510
-.0003967285
.0008850098
-.0008697510
-.0932617188
.0135498047
.0080566406
-.0041656494
-.0034179688
-.0018005371
-.0034332275
-.0013885498
.0046844482
.0102386475
.0026092529
-.0010833740
-.0019226074
.0023498535
.0040435791
.0034637451
.0018768311
-.0005187988
-.0023651123
.0010681152
-.0011596680
-.0007781982
-.0004730225
.0007324219
-.0008392334
-.0014495850
-.0007019043
-.0005950928
-.0012512207
-.0003662109
.0006103516
-.0003662109
-.0006866455
-.0004882813
-.0005340576
.0009613037
.0010681152
.0005798340
-.0008392334
.0003204346
.0006256104
-.0004272461
-.0005950928
.0006561279
.0002593994
.0003204346
-.0010833740
-.0005645752
-.0005950928
-.0009460449
.0003051758
.0209960938
-.0130920410
-.0081329346
-.0013732910
-.0032806396
.0024719238
-.0013580322
.0023651123
.0016479492
.0027008057
-.0033721924
-.0016479492
-.0016784668
.0019073486
-.0012664795
-.0009765625
-.0044708252
.0042266846
-.0024261475
-.0017852783
.0018157959
.0009002686
-.0033264160
-.0024108887
.0008087158
.0002136230
-.0014038086
-.0010070801
-.0008239746
-.0007934570
-.0002899170
-.0002593994
.0003356934
-.0006408691
-.0004425049
.0003814697
.0003662109
.0006408691
.0005035400
-.0015411377
-.0009002686
.0007476807
.0007171631
.0015106201
.0002593994
-.0005645752
-.0006408691
-.0006256104
.0003814697
.0004119873
.0005340576
-.0005493164
.0005950928
-.0433349609
-.0088043213
.0055236816
.0070648193
-.0028228760
.0022888184
-.0034027100
-.0025329590
.0079803467
.0023345947
.0031280518
.0029602051
-.0013885498
.0049133301
-.0016784668
-.0042114258
.0214538574
.0062561035
-.0020751953
-.0015106201
.0009765625
.0015258789
.0021362305
-.0114135742
-.0017089844
-.0007171631
-.0007324219
-.0002746582
.0009613037
-.0010986328
.0005493164
.0009155273
-.0002593994
-.0004119873
-.0010223389
-.0006866455
.0010986328
-.0003509521
-.0014953613
-.0003967285
-.0006408691
.0012969971
.0011291504
-.0005493164
-.0003204346
.0003356934
-.0001525879
.0005035400
.0006103516
-.0004119873
-.0016784668
-.0007019043
.0151367188
-.0095672607
-.0024719238
-.0056457520
.0049438477
-.0010070801
.0023345947
-.0081939697
.0027008057
-.0020141602
.0027465820
.0027923584
-.0028381348
-.0022735596
-.0011901855
-.0012359619
.0027465820
.0021057129
-.0013427734
-.0011444092
.0004119873
.0003051758
.0007476807
-.0008239746
-.0006713867
.0032501221
-.0012512207
-.0010375977
.0006866455
.0001678467
-.0010528564
-.0009002686
.0008544922
-.0003509521
-.0003051758
.0003356934
-.0007629395
.0002288818
.0006408691
.0001983643
-.0003204346
.0005493164
.0006561279
.0016174316
-.0002593994
-.0005187988
.0005035400
-.0004577637
-.0004577637
-.1374359131
.0120849609
.0069427490
-.0066528320
-.0036621094
.0030822754
.0046386719
-.0038452148
-.0025024414
.0019226074
.0019378662
.0016479492
.0019531250
.0059661865
-.0030364990
.0030822754
.0230712891
.0027313232
.0016326904
-.0008392334
-.0014953613
-.0009155273
.0005187988
-.0007324219
-.0019836426
-.0031127930
-.0009002686
.0003204346
-.0011901855
-.0013427734
.0001831055
-.0007324219
.0010833740
.0011291504
-.0007171631
-.0003967285
.0004425049
.0004882813
.0003051758
.0003662109
-.0006713867
-.0004272461
-.0003204346
.0003356934
-.0009460449
-.0003051758
.0006408691
-.0007171631
-.0001525879
-.0002136230
.0007171631
-.0077667236
.0037689209
.0037841797
.0013732910
-.0024719238
.0016937256
.0053405762
-.0010070801
-.0008850098
.0016326904
-.0071716309
-.0042572021
-.0039978027
.0022277832
-.0023651123
-.0013427734
-.0017700195
-.0011138916
.0155792236
.0010528564
-.0009918213
-.0005950928
.0009155273
.0107116699
.0009460449
-.0009765625
-.0005035400
.0001373291
-.0006561279
-.0009765625
-.0002899170
-.0007171631
-.0008697510
-.0005645752
-.0008392334
-.0003662109
-.0010223389
-.0009613037
-.0003051758
.0005187988
.0018920898
.0010681152
-.0003051758
-.0002288818
.0015716553
.0004882813
.0004882813
-.0002899170
-.0002136230
.0005645752
.0004577637
-.0310516357
.0060577393
-.0213012695
-.0041656494
-.0046691895
.0218658447
-.0029144287
.0215911865
.0091552734
.0123443604
.0028839111
-.0017395020
.0011291504
.0011138916
-.0097656250
.0011138916
-.0009918213
-.0039215088
-.0036468506
-.0016021729
.0012359619
-.0005340576
.0014648438
-.0009918213
-.0003356934
-.0007019043
-.0012207031
.0006256104
.0003967285
-.0004119873
-.0009307861
-.0009460449
-.0012359619
-.0011444092
-.0003814697
.0004425049
.0009155273
.0004425049
.0005493164
-.0007476807
-.0008697510
.0011138916
-.0003662109
-.0002899170
.0011749268
.0006256104
-.0004730225
.0006713867
.0005950928
.0073242188
.0041503906
.0061187744
.0016479492
-.0066223145
-.0036468506
-.0039520264
.0026550293
.0005340576
.0706787109
-.0018920898
-.0008697510
.0031280518
.0022888184
.0019531250
.0028228760
.0122833252
-.0026855469
-.0015869141
-.0008544922
-.0008697510
-.0016174316
-.0020294189
-.0014343262
.0006866455
-.0002593994
-.0010833740
-.0021057129
-.0013885498
.0008239746
.0005798340
-.0006408691
.0003662109
.0014495850
.0003967285
.0013885498
.0021972656
-.0004272461
-.0006103516
.0006103516
.0011901855
.0009613037
-.0018463135
-.0006866455
-.0009155273
-.0004730225
.0009460449
.0007476807
-.0014343262
-.0013732910
.0943756104
.0240020752
.0064544678
.0066375732
-.0053253174
.0034942627
-.0038757324
.0267181396
.0081329346
-.0161743164
-.0018920898
.0017089844
-.0005950928
.0014038086
-.0011138916
.0007934570
-.0029144287
-.0024108887
-.0022888184
-.0011444092
-.0022277832
.0007019043
.0018157959
.0007934570
.0019531250
-.0006103516
.0006103516
.0007629395
-.0003814697
-.0020446777
-.0009765625
.0006256104
.0009155273
-.0001678467
-.0002288818
.0005187988
.0003356934
.0003814697
.0003051758
-.0009918213
-.0009918213
-.0008087158
.0007934570
.0011596680
-.0006408691
-.0003356934
-.0011749268
-.0006561279
.0012359619
.0010223389
.0005493164
-.0006866455
.0215606689
-.0023956299
-.0022277832
.0035247803
-.0028076172
-.0022888184
-.0026550293
-.0016937256
.0018005371
-.0019378662
-.0013732910
.0009460449
.0013580322
-.0025329590
-.0012969971
-.0014953613
.0044708252
.0007476807
-.0007629395
-.0219421387
-.0008544922
-.0013275146
-.0011138916
.0012817383
.0011596680
.0015563965
.0019073486
.0008850098
-.0010223389
-.0009918213
-.0010528564
-.0011291504
-.0002746582
-.0008392334
-.0007934570
.0001068115
-.0002593994
.0003509521
-.0012359619
-.0003509521
.0012207031
.0009307861
.0006866455
.0003662109
.0007019043
-.0003662109
-.0004577637
.0009002686
.0004119873
.0001831055
-.0013732910
-.0981750488
.0283813477
-.0094146729
-.0100402832
.0024261475
-.0042266846
-.0021667480
-.0042114258
.0097656250
-.0030059814
.0010681152
.0011291504
.0019226074
.0072326660
.0022735596
-.0006103516
-.0007934570
.0012512207
.0012359619
-.0028686523
-.0006866455
-.0004119873
.0005798340
-.0008239746
.0006408691
-.0010375977
-.0005493164
-.0007934570
-.0012817383
-.0003814697
.0001068115
.0004425049
.0002899170
.0008544922
.0009460449
.0003814697
.0005340576
.0001525879
-.0003814697
-.0008697510
.0005340576
.0004730225
.0002899170
-.0002899170
-.0013275146
.0007171631
-.0001983643
-.0007324219
-.0006713867
-.0013122559
-.0382080078
.0051727295
-.0030975342
.0049896240
-.0022583008
-.0017089844
-.0023498535
-.0007324219
.0012207031
-.0032196045
.0012512207
.0010375977
.0046539307
.0026397705
.0014801025
-.0016174316
-.0010681152
-.0024108887
-.0016784668
-.0144653320
-.0022277832
-.0010681152
-.0013732910
.0012054443
-.0008697510
.0011138916
-.0003662109
-.0011444092
.0009613037
.0005645752
-.0008087158
.0001373291
.0008087158
-.0001678467
.0004577637
-.0005798340
-.0010070801
-.0004730225
-.0003814697
.0009460449
.0007781982
-.0011596680
-.0017242432
-.0006713867
.0005187988
.0008087158
-.0005493164
-.0009613037
-.0009155273
.0018005371
-.0006866455
.0503082275
-.0094757080
.0056304932
.0028991699
-.0030364990
.0030212402
-.0028991699
-.0043640137
-.0055694580
.0017395020
.0072631836
-.0012054443
.0009307861
-.0010986328
-.0011749268
-.0004425049
.0003967285
-.0016326904
-.0019073486
.0008697510
-.0009155273
.0025634766
.0003814697
.0011444092
-.0005493164
.0007171631
.0007934570
-.0016021729
-.0006408691
.0009765625
.0003204346
-.0008239746
-.0007781982
.0005645752
.0002136230
-.0001831055
-.0005950928
-.0009765625
-.0007781982
.0005340576
.0009918213
.0003662109
.0001678467
-.0002899170
-.0005035400
.0002593994
.0014038086
.0011138916
-.0012512207
-.0006561279
.0005950928
.0028533936
.0143280029
.0072326660
-.0029602051
-.0022888184
-.0019073486
.0012207031
-.0024108887
-.0023345947
-.0009155273
.0054626465
.0076751709
-.0022277832
.0015106201
-.0013732910
.0010528564
.0020599365
-.0011749268
-.0015411377
-.0091705322
.0025177002
-.0010528564
-.0006408691
-.0004577637
.0056304932
-.0017242432
.0007476807
.0011291504
-.0018005371
-.0019531250
.0002136230
-.0007781982
.0013275146
.0001983643
-.0001983643
.0002746582
.0012664795
.0007934570
-.0008239746
-.0002746582
.0002288818
.0008697510
.0009918213
-.0008392334
-.0010833740
-.0007171631
-.0011444092
.0003662109
.0002441406
-.0011291504
.0456390381
-.0159759521
.0064697266
.0093383789
-.0028076172
.0039672852
-.0024566650
.0025634766
.0126495361
.0067901611
.0023345947
-.0011901855
-.0012512207
.0008239746
.0096893311
.0009460449
-.0019683838
.0005340576
-.0025634766
-.0008087158
-.0003356934
-.0003662109
-.0007934570
.0010528564
.0007019043
.0007019043
.0010070801
-.0004272461
-.0001831055
-.0001068115
.0003509521
-.0002288818
-.0008850098
-.0009765625
.0001220703
.0004882813
.0001983643
-.0002593994
.0001525879
-.0007324219
.0005493164
.0004577637
.0003967285
-.0003509521
-.0005645752
-.0008697510
.0003356934
-.0002288818
.0007324219
.0006256104
-.0386505127
.0058288574
.0047607422
-.0053405762
-.0012054443
-.0031738281
-.0017242432
-.0015258789
-.0023193359
-.0006408691
-.0016021729
-.0009002686
.0012664795
.0006408691
.0027770996
-.0017547607
-.0019989014
-.0015258789
-.0008087158
-.0006713867
-.0010833740
.0003356934
.0008544922
.0008544922
-.0011749268
.0002593994
-.0004730225
-.0009765625
-.0011749268
.0002288818
-.0007934570
.0004730225
.0010223389
.0004577637
.0001983643
.0005493164
-.0004425049
.0005950928
.0002136230
.0007324219
-.0009002686
-.0005950928
.0002746582
.0004272461
.0002288818
-.0004119873
-.0006561279
.0002288818
.0004119873
-.0005645752
-.0001678467
.0469360352
-.0108947754
.0046539307
.0062408447
-.0029602051
-.0021209717
-.0029296875
-.0028076172
.0137786865
.0052337646
-.0014038086
-.0018768311
.0014495850
-.0006713867
.0015411377
-.0011444092
-.0010223389
-.0003967285
-.0006103516
.0013427734
-.0006256104
-.0010528564
-.0005340576
.0004119873
-.0001831055
.0008697510
.0004577637
-.0009918213
-.0003204346
.0010528564
-.0004577637
-.0006256104
.0006256104
-.0008239746
-.0003204346
.0008087158
-.0006103516
-.0002441406
-.0003051758
-.0002441406
.0002899170
-.0005187988
-.0002136230
.0001373291
-.0001525879
.0004425049
.0005798340
.0004119873
-.0714263916
.0128021240
-.0043792725
-.0075225830
-.0022430420
.0008850098
-.0019226074
-.0019226074
.0010833740
.0068969727
-.0018615723
.0017089844
-.0255584717
-.0070190430
.0027008057
.0021362305
.0008850098
-.0008544922
.0026245117
-.0012817383
-.0009460449
-.0010833740
-.0009613037
.0003662109
-.0004577637
.0005950928
-.0002441406
-.0011444092
-.0005798340
.0013275146
.0008239746
-.0004425049
.0001678467
-.0004577637
-.0006713867
.0015411377
.0012817383
-.0009613037
-.0004425049
.0003814697
.0008392334
-.0001831055
.0002593994
.0004730225
-.0003356934
-.0009002686
.0004882813
-.0005645752
-.0885925293
.0179901123
-.0055694580
-.0092010498
.0038452148
-.0028839111
-.0015258789
.0047149658
.0020904541
.0016021729
-.0016632080
.0005798340
-.0010223389
.0036315918
.0013885498
.0013580322
.0008239746
-.0009460449
-.0010833740
.0004272461
-.0008239746
-.0007934570
-.0031127930
.0009002686
.0008392334
.0005187988
-.0008392334
-.0007781982
.0013122559
.0018310547
-.0006256104
-.0010375977
-.0005035400
.0007324219
-.0001983643
.0007019043
-.0007781982
-.0009765625
-.0006561279
.0009765625
.0004272461
-.0010528564
-.0009460449
-.0005187988
-.0006103516
.0007476807
-.0003356934
-.0005645752
.0170440674
.0052795410
.0023040771
-.0021514893
-.0010070801
-.0009613037
-.0014648438
-.0013122559
.0004882813
.0153045654
-.0022735596
-.0027923584
.0038452148
.0029449463
.0005187988
.0007476807
-.0016174316
-.0007324219
.0013427734
-.0014648438
-.0015716553
-.0019073486
.0010375977
.0003967285
.0003204346
.0006103516
-.0002288818
-.0006561279
.0007934570
-.0002136230
-.0004272461
