-.0013427734
.0012512207
.0006561279
-.0010070801
.0008697510
-.0013580322
-.0017547607
.0017242432
-.0021972656
.0024108887
.0023498535
-.0020599365
.0024871826
.0030059814
.0031890869
-.0034332275
-.0069885254
.0052490234
.0095672607
-.0093688965
.0142669678
.0103454590
.0096435547
-.0109863281
-.0126953125
-.0121765137
-.0106506348
-.0140228271
.0091705322
.0105438232
-.0051116943
-.0084228516
-.0077819824
.0053558350
.0085449219
.0052795410
.0056152344
-.0063171387
-.0217590332
-.0090332031
.0436096191
.0298767090
.0312194824
-.0374908447
.0344848633
-.0264587402
-.0480041504
.0300903320
.0413208008
-.0338592529
.0394592285
-.0251464844
.0453186035
.0253143311
-.0302429199
.0421600342
.0380706787
.0170593262
-.0190582275
-.0388031006
.0251922607
.0389404297
.0238647461
.0241546631
.0255279541
.0136718750
-.0172729492
-.0289154053
.0131378174
.0265045166
-.0272827148
.0143737793
.0087585449
.0269927979
-.0208740234
.0110626221
.0137634277
.0137481689
-.0192413330
-.0265502930
.0372772217
-.0307159424
-.0212249756
.0257873535
.0141601563
-.0380859375
-.0502929688
.0229339600
-.0227203369
.0148773193
-.0120544434
.0227508545
-.0444335938
-.0131072998
-.0217132568
-.0053558350
.0186920166
-.0069885254
-.0158386230
.0046844482
-.0096130371
.0320587158
-.0089263916
-.0068817139
.0161132813
-.0193939209
-.0103607178
.0164642334
-.0354614258
.0102996826
.0139312744
-.0333709717
-.0075225830
.0074768066
-.0183715820
-.0093078613
-.0059051514
-.0075225830
.0238189697
-.0147247314
-.0236511230
-.0060729980
.0130310059
-.0166168213
-.0100860596
.0122985840
-.0101165771
.0064392090
.0196380615
.0166931152
-.0133972168
.0232543945
.0144500732
-.0197296143
-.0112609863
-.0080871582
.0245513916
-.0160217285
.0156250000
-.0118713379
-.0177917480
.0235900879
.0233001709
-.0177307129
-.0259399414
-.0167541504
-.0317535400
-.0228576660
-.0136566162
-.0192413330
.0225219727
.0236663818
.0329437256
.0246429443
-.0216522217
.0244598389
-.0210113525
.0295715332
-.0256805420
-.0240478516
.0311279297
.0252075195
-.0282287598
.0333099365
-.0251007080
-.0228881836
-.0167999268
.0202789307
-.0279388428
.0267181396
-.0236816406
-.0183105469
-.0220642090
-.0173492432
.0280303955
.0178070068
-.0267333984
.0234222412
-.0214691162
-.0188903809
-.0154113770
-.0218353271
.0214385986
-.0166931152
.0201568604
.0158691406
.0217590332
-.0180816650
.0196075439
-.0231018066
.0171051025
.0169830322
-.0240936279
.0232696533
-.0276794434
.0214996338
.0134735107
-.0195312500
-.0180816650
.0173187256
-.0185852051
-.0128326416
-.0161743164
.0231170654
-.0117187500
-.0225524902
.0118255615
.0267028809
.0111694336
-.0190429688
.0169067383
.0114440918
-.0290985107
.0245513916
-.0120086670
.0146636963
.0147552490
.0153045654
-.0205841064
.0115966797
.0102081299
-.0125579834
.0136566162
-.0146331787
-.0085754395
-.0077667236
.0148925781
.0053100586
-.0112915039
-.0118560791
.0122833252
.0039215088
-.0082397461
.0087738037
.0084228516
-.0039520264
.0077972412
-.0140380859
-.0057983398
-.0044250488
-.0124664307
-.0049591064
.0052947998
.0108489990
.0194549561
.0040893555
-.0011901855
-.0037231445
-.0010681152
.0023651123
-.0007629395
.0015106201
.0011596680
-.0008239746
.0019836426
.0025634766
.0006866455
.0007934570
-.0037384033
-.0005950928
-.0005798340
-.0007629395
-.0005493164
.0005950928
.0002899170
.0003814697
.0003814697
-.0005035400
.0003814697
.0008239746
-.0006713867
.0006561279
.0009765625
.0005035400
.0006103516
-.0007019043
.0006561279
-.0006713867
-.0003662109
-.0010833740
-.0008697510
-.0003662109
-.0004119873
.0003204346
-.0000152588
-.0000305176
.0000305176
-.0000457764
-.0001220703
-.0040435791
-.0022277832
.0017089844
.0019378662
.0005340576
-.0017089844
-.0012817383
.0018920898
-.0013885498
-.0007476807
.0010833740
.0012512207
.0012664795
-.0016326904
-.0021362305
.0011291504
-.0008392334
.0016937256
-.0018157959
-.0008544922
-.0009613037
.0008087158
-.0011444092
-.0019378662
.0008850098
-.0013275146
.0019683838
.0017852783
-.0011138916
-.0014038086
-.0005493164
-.0007476807
.0008392334
-.0021209717
-.0016632080
-.0009613037
-.0013122559
.0012359619
-.0021057129
.0030212402
-.0026245117
-.0020294189
-.0025482178
-.0054473877
.0025329590
-.0095672607
-.0026855469
.0027770996
.0024871826
.0018768311
.0023956299
.0023193359
-.0049591064
.0035552979
.0023803711
.0039062500
.0041961670
-.0025024414
.0223999023
.0027618408
.0029296875
-.0023040771
.0030975342
.0075378418
-.0043487549
.0057067871
-.0034179688
-.0063934326
.0038146973
-.0062866211
-.0055694580
-.0041046143
.0038757324
.0036010742
.0034790039
.0054016113
.0115356445
-.0081481934
-.0066986084
.0066528320
-.0085906982
.0099639893
.0167083740
-.0099945068
.0105133057
-.0123596191
.0137023926
.0097656250
.0074005127
.0075988770
-.0075988770
-.0175933838
.0329437256
.0218200684
.0073699951
-.0111999512
.0094604492
.0114288330
.0043487549
.0124664307
-.0081176758
.0084991455
.0286560059
.0044860840
.0051574707
.0083618164
.0085601807
-.0049896240
.0055541992
.0080413818
.0206146240
.0168304443
.0070648193
.0123138428
.0083770752
-.0116882324
.0137939453
-.0102539063
.0056304932
-.0053405762
-.0045776367
.0278472900
.0126190186
-.0103759766
-.0096130371
.0085144043
.0071563721
-.0106964111
-.0116577148
-.0067291260
-.0090332031
-.0080261230
.0071563721
.0052795410
.0043945313
.0148620605
.0059509277
.0202941895
.0077514648
.0057830811
.0052490234
.0069885254
-.0089569092
-.0084838867
-.0085296631
.0050201416
.0095367432
.0121765137
.0070648193
.0034332275
.0060272217
.0647735596
.0068817139
-.0053100586
.0095520020
-.0046386719
-.0078277588
.0083618164
.0098266602
-.0065460205
-.0061950684
.0102996826
-.0140838623
-.0080108643
-.0121002197
-.0184020996
-.0111389160
.0038604736
-.0097656250
.0055236816
.0039825439
.0114135742
.0120849609
-.0087738037
.0040893555
-.0168914795
.0641937256
.0052642822
.0162048340
.0076446533
.0111083984
-.0078582764
-.0023956299
-.0099639893
.0239562988
-.0018463135
-.0018615723
.0008239746
-.0012359619
.0098419189
.0059967041
.0005340576
-.0010986328
.0035095215
.0012207031
.0005645752
.0006561279
.0005798340
.0005645752
.0006256104
.0006103516
-.0005493164
-.0008392334
.0004730225
.0023345947
.0017700195
.0002593994
-.0016174316
.0002746582
.0002593994
.0087280273
-.0019226074
.0005493164
.0066986084
-.0003662109
-.0031280518
-.0002441406
.0002288818
.0082550049
-.0005340576
.0002899170
.0002136230
.0005340576
.0004425049
.0005035400
-.0005187988
.0016021729
-.0002899170
.0008392334
.0021514893
-.0004730225
.0054626465
-.0102386475
.0002288818
.0003662109
.0002288818
.0004272461
.0001525879
-.0002136230
-.0002136230
-.0001831055
-.0001525879
.0004119873
.0029144287
.0001373291
-.0009155273
.0001373291
.0008850098
-.0005798340
.0001220703
.0001983643
.0014953613
.0118713379
.0002136230
.0002441406
.0002593994
.0009613037
-.0008239746
.0006561279
-.0001831055
.0001678467
.0001678467
.0005187988
-.0001678467
.0003967285
.0002136230
.0001525879
.0004425049
.0006103516
-.0001678467
.0019836426
-.0018920898
-.0001068115
-.0003662109
.0022277832
.0003814697
-.0001983643
.0001678467
.0001373291
-.0001678467
.0001373291
.0004272461
.0002593994
.0001525879
-.0004425049
.0007019043
-.0002441406
-.0002593994
.0002593994
.0003356934
.0004425049
.0001831055
.0001983643
.0014343262
.0005340576
-.0003051758
.0010681152
.0001525879
.0001678467
-.0001678467
-.0002288818
-.0011291504
-.0001525879
.0001678467
-.0002136230
.0001831055
.0014953613
.0001220703
.0001525879
-.0064849854
-.0002288818
-.0009613037
-.0001831055
.0004577637
.0011291504
-.0001373291
.0023193359
.0002593994
.0001831055
-.0003662109
-.0001220703
-.0003356934
-.0001373291
.0001678467
-.0002593994
.0002441406
-.0002899170
.0005187988
.0003509521
.0004730225
.0016326904
.0002899170
.0009155273
-.0001525879
.0002441406
-.0002136230
.0002136230
-.0001525879
.0001220703
.0001678467
-.0004119873
-.0003204346
.0003967285
.0001831055
.0003356934
.0002746582
.0012817383
.0001678467
.0067749023
.0001678467
.0001220703
-.0008087158
-.0019836426
.0003509521
.0005950928
-.0002288818
-.0002746582
.0004730225
.0001831055
.0112609863
-.0013732910
-.0002136230
.0015716553
.0009155273
.0003967285
.0004730225
.0003662109
-.0002288818
.0004425049
-.0003356934
.0010375977
.0001068115
.0001831055
.0002593994
.0012054443
.0006561279
.0002136230
.0024566650
.0016632080
-.0001983643
.0010681152
.0002441406
.0007476807
.0001678467
-.0003356934
.0001678467
.0003967285
.0003509521
-.0002288818
.0002288818
-.0002136230
.0001373291
.0001678467
.0012664795
.0005950928
.0002136230
.0005798340
.0033721924
.0005187988
.0001983643
-.0002441406
.0005340576
.0002136230
.0001373291
.0004272461
-.0002136230
.0001678467
.0003814697
.0001983643
.0001831055
-.0007629395
.0001220703
-.0002136230
.0001831055
.0001983643
.0005187988
.0001525879
.0001983643
.0045013428
-.0005340576
.0007934570
-.0001678467
-.0001678467
.0002136230
.0007476807
-.0045928955
.0001373291
-.0002593994
.0003051758
-.0009765625
.0004577637
-.0010681152
.0023345947
.0006866455
.0003967285
-.0033111572
.0001678467
-.0001525879
.0003509521
-.0014190674
-.0001373291
.0010223389
.0001373291
-.0007629395
-.0004119873
.0003356934
-.0001220703
.0001373291
-.0002136230
.0028076172
.0002441406
-.0004425049
.0001983643
.0001678467
.0002441406
.0003967285
-.0001678467
.0015106201
.0002288818
-.0005645752
-.0004119873
-.0001525879
.0001983643
.0001220703
-.0001373291
.0028839111
.0001831055
-.0001831055
-.0001373291
.0007171631
.0005340576
-.0004882813
-.0002136230
-.0003509521
.0002593994
-.0001983643
-.0002136230
.0001525879
.0015258789
.0002593994
.0001373291
-.0012054443
-.0003356934
.0002899170
-.0003356934
.0007171631
.0004425049
.0002899170
.0038757324
.0005340576
.0021057129
.0002288818
.0043640137
.0001678467
-.0018005371
-.0005035400
-.0001525879
.0003814697
.0022430420
.0002899170
.0002746582
.0001220703
.0241088867
-.0001373291
-.0001983643
-.0002746582
-.0003662109
.0003662109
-.0011291504
.0001373291
-.0001220703
.0003356934
-.0001678467
.0002136230
.0002441406
-.0001525879
-.0001373291
-.0010986328
-.0006103516
.0001220703
.0026855469
.0001525879
.0001220703
-.0005340576
.0001831055
-.0011749268
-.0003967285
.0001831055
-.0002441406
.0001831055
.0005187988
.0001983643
-.0002136230
.0003051758
-.0002441406
-.0004730225
-.0003662109
-.0002136230
.0001983643
.0001525879
.0001525879
-.0008850098
.0002746582
.0003662109
-.0001220703
.0001678467
.0001983643
-.0076446533
-.0001373291
-.0005340576
-.0006408691
.0001678467
-.0004425049
-.0002288818
.0001525879
.0024414063
-.0001678467
-.0002136230
-.0001525879
.0001678467
.0295104980
.0002593994
-.0003967285
-.0006866455
-.0001831055
.0001373291
-.0001525879
.0002136230
.0001983643
-.0001525879
.0010375977
.0021057129
-.0010833740
-.0002593994
.0001220703
-.0005187988
-.0002441406
.0001831055
.0001831055
-.0002746582
-.0006256104
.0001525879
.0042419434
.0002288818
.0001525879
.0001831055
-.0002593994
.0001678467
.0003356934
.0003051758
-.0003204346
.0016174316
.0039978027
.0002288818
.0001983643
.0001678467
-.0001220703
-.0001220703
.0001678467
.0001831055
.0001678467
-.0001220703
.0007324219
-.0001678467
-.0005645752
.0010528564
.0001678467
.0001983643
-.0002746582
-.0006408691
.0001678467
.0001525879
-.0001678467
.0004882813
.0001678467
.0001831055
-.0001220703
.0012207031
.0011138916
.0001373291
.0002288818
.0002593994
-.0001983643
-.0008544922
.0001373291
-.0003662109
.0005187988
-.0001373291
-.0001831055
-.0001373291
.0004272461
.0003509521
.0002136230
-.0001983643
-.0001525879
.0001678467
.0001983643
.0003814697
-.0001525879
.0003662109
.0002441406
.0002136230
-.0001525879
-.0008239746
-.0004272461
-.0001831055
.0001373291
.0002288818
-.0001525879
.0001831055
.0002746582
.0001525879
.0003051758
-.0006103516
.0044403076
-.0001831055
.0012207031
-.0019531250
.0001831055
.0001068115
-.0001525879
.0002593994
-.0001678467
.0001983643
-.0001678467
-.0001373291
.0004730225
.0001831055
.0001220703
.0001068115
.0001678467
.0004272461
.0001525879
.0001678467
.0006256104
-.0001525879
-.0004577637
-.0007019043
.0001525879
.0001983643
-.0001678467
-.0001831055
-.0015716553
.0002441406
.0001831055
-.0001220703
-.0002136230
.0001373291
-.0003967285
-.0002136230
-.0004119873
-.0004272461
-.0001678467
.0004882813
.0003051758
.0086059570
.0001220703
.0011901855
-.0003967285
.0001678467
-.0001068115
.0001373291
-.0000762939
.0003814697
.0000610352
-.0000915527
.0007171631
-.0000457764
.0000457764
.0000305176
-.0000457764
.0001525879
