.0004730225
.0009155273
.0005340576
.0004730225
.0004425049
-.0002136230
-.0009765625
.0007019043
.0426483154
.0081176758
-.0055389404
-.0076904297
.0141754150
.0057678223
.0154113770
-.0047149658
.0461578369
.0174407959
.0172729492
-.0142974854
-.0163421631
-.0218658447
-.0296173096
-.0328826904
-.0371246338
.0446166992
-.1220092773
-.1091003418
.0577087402
.0102386475
-.0229644775
-.0164794922
.0148468018
.0379943848
.0143280029
.0242919922
.0209960938
-.1146240234
-.0954284668
-.0702056885
.0438842773
-.0759277344
.1832122803
.2934722900
-.2440185547
.0964813232
-.0770111084
-.1178283691
.0597991943
-.1653594971
-.1149902344
-.0915832520
.0473022461
.0679473877
-.0564117432
.0626068115
-.0653533936
-.0577087402
-.0545196533
-.0482025146
.0513153076
.0423583984
-.0504760742
-.0429229736
-.0577545166
-.0464019775
.0459136963
-.0424346924
-.0410461426
-.0449066162
.0413513184
-.0301818848
.0373840332
-.0277709961
-.0393371582
.0376281738
.0370330811
.0430908203
-.0282287598
-.0362548828
-.0366210938
-.0392150879
-.0864410400
.0502014160
.0709686279
-.1630096436
.1965484619
.1106719971
.1548156738
-.1176910400
-.1959686279
.2845764160
-.1273193359
-.1248626709
.0852355957
.0769500732
.0922241211
-.1010589600
-.0727996826
.0586700439
.0849609375
.0799865723
-.0928192139
.0479736328
.0743713379
.0565338135
.0605468750
.0662384033
.0549011230
-.0435180664
.0564270020
-.0563812256
-.0443725586
.0549774170
.0484619141
-.0543670654
-.0453643799
.0300750732
.0303955078
-.0341949463
-.0502014160
.0375366211
-.0471801758
-.0383453369
-.0365295410
-.0325775146
.0337219238
.0324401855
.0269622803
.0259857178
-.0189971924
-.0253601074
.0242767334
.0272827148
-.0318450928
-.0323486328
.0369567871
-.0252380371
-.0217132568
-.0160064697
-.0206909180
-.0228118896
.0255737305
-.0269012451
-.0253906250
-.0246887207
-.0167999268
-.0144348145
.0144500732
.0379943848
-.0202178955
-.0341796875
-.0156860352
.0222625732
.0198211670
.0348968506
-.0147399902
.0160064697
.0187377930
-.0563659668
-.0137481689
.0238800049
-.0257415771
-.0862121582
-.0605773926
.0494689941
.0435333252
-.0479736328
.0654754639
-.1004180908
-.2290802002
-.1243438721
.0763244629
-.1138000488
.0670318604
.0691680908
.0490112305
.0534210205
-.0583190918
-.0417785645
-.0455932617
.0408172607
.0389404297
-.0432739258
-.0356140137
-.0323028564
.0318298340
.0264739990
.0385589600
.0362396240
.0268554688
.0305786133
-.0332946777
.0401306152
-.0313568115
.0211486816
.0405273438
.0358428955
.0273895264
-.0302734375
.0279388428
.0252227783
.0201110840
.0250091553
.0187988281
-.0162353516
-.0280303955
-.0248718262
-.0179138184
-.0186614990
-.0186767578
.0149230957
-.0177764893
.0146026611
.0190429688
.0186767578
-.0202178955
.0217895508
.0178070068
.0301055908
.0230102539
-.0181427002
.0335998535
-.0255737305
.0189056396
-.0206604004
.0247344971
-.0145111084
.0195159912
.0298767090
-.0214080811
.0190582275
.0220947266
.0150909424
.0445251465
-.0195312500
.0236663818
-.0294036865
.0189361572
-.0222320557
-.0252380371
-.0249176025
.0307464600
.0279083252
-.0191497803
.0252685547
-.0139923096
.0160217285
.0422821045
-.0252227783
-.0225524902
.0158081055
.0316162109
.0248413086
.0293579102
.0525665283
-.0290985107
.0226898193
.0251922607
-.0898895264
.0257415771
-.0748138428
-.0382232666
.0416870117
-.0599670410
-.0638122559
-.1352691650
.1665344238
-.0754699707
.0839385986
-.0991516113
-.0816497803
.0669708252
-.0935821533
.0690460205
-.1093902588
-.0620574951
.1154174805
-.1326751709
-.0736846924
.0579223633
.1010742188
-.1222076416
.1358489990
.0797729492
-.0755462646
-.0623321533
.1022033691
.1680755615
-.1616516113
.0684509277
-.1023254395
-.0834808350
.0923614502
-.0905151367
-.0974121094
-.1546325684
-.1252288818
-.1497192383
-.1475219727
-.1493377686
-.1538848877
-.1585540771
.1482543945
.2494354248
.1400909424
-.1887359619
-.1464233398
.1546630859
-.1340026855
.2063446045
.1999969482
.3018798828
-.1369781494
-.1001892090
.2305145264
.3025360107
-.1826782227
.1494750977
.1205291748
.1083068848
.1659851074
.0973205566
.2852172852
-.1060333252
.1785736084
.0868225098
.0884857178
.1248016357
-.1073150635
-.1169281006
-.1243743896
-.0880584717
.1037902832
.0785064697
.0933837891
.0525817871
-.0591888428
.0780487061
.0817108154
-.0933685303
-.0630340576
.0812683105
-.0828552246
.0852508545
.0669708252
.0718231201
-.0880279541
.0964050293
-.1270904541
-.1390228271
-.1237182617
.1433410645
-.1231689453
.1211242676
.1602478027
.2061920166
.2070312500
.1848602295
.1514129639
.2283935547
.2479705811
.2206878662
-.1629486084
.1811981201
.1403045654
.1463775635
.2962188721
-.1940002441
-.1080780029
.1442565918
.3000488281
.3022155762
.2208251953
.1697387695
.1734771729
-.1262054443
.1499938965
.2907257080
.2851867676
-.1806335449
.1343078613
.1242370605
-.1274108887
.1578369141
.1442413330
.2853088379
-.1616210938
.2880249023
-.1356964111
-.1634979248
-.1491088867
-.1497802734
-.1096649170
.1416473389
-.1311492920
.1280212402
-.1263732910
.1119995117
.1012420654
.1392211914
-.1279449463
.2936859131
-.1390686035
-.1557922363
.1013641357
.1195068359
.0957489014
.1802368164
-.0693206787
.2333831787
-.1116485596
.1950378418
-.0947875977
.1156616211
.2922210693
-.1436462402
-.1054687500
.1028289795
.1165008545
-.1188354492
-.1075134277
-.1246948242
.1130523682
.1182708740
-.1167297363
-.1152954102
-.1052246094
.2135772705
.2469177246
.3015594482
.3013000488
.2802429199
.2103729248
-.1407470703
-.1383666992
.1148071289
.3028564453
.2301635742
.1329193115
.2961120605
.2142181396
.2995758057
.2498779297
.1605072021
.1106719971
.1429290771
-.1195068359
.1320953369
.2994079590
.2963867188
-.1660766602
.1491241455
.1416015625
.1149749756
-.1207733154
.2995300293
.2205657959
.1692047119
.1667633057
.2840423584
-.1809082031
-.1731567383
.1667938232
.2507629395
.2936706543
-.1532897949
-.1270141602
.2152099609
.3034057617
.1619262695
.1670074463
.1755828857
.2952575684
.3061065674
.1125793457
-.1063842773
-.1763305664
.3023223877
-.1817626953
-.1449432373
-.1875762939
.2773132324
.2996520996
.2103271484
-.1516876221
.1838684082
.3013916016
-.1725616455
.1513519287
-.1448059082
-.2164611816
.2995300293
-.0993804932
.1672210693
.1316833496
.2814636230
-.1308898926
.2228393555
.1318511963
-.1314239502
.3022918701
.1437988281
.2986297607
-.1185607910
.1638946533
.1252288818
.1302490234
-.1360015869
.1076507568
.3026885986
.1516113281
.1280670166
-.2102966309
.1229400635
-.1279144287
.2941894531
-.1215362549
-.1412506104
-.1369934082
-.0946044922
-.1344146729
.3069915771
-.1155242920
-.1121063232
.1797027588
-.0994415283
.0948944092
.1298522949
-.1563110352
.2583465576
-.1494293213
-.1227111816
.1396789551
.1721038818
.1551513672
.2816009521
-.1333160400
.0922241211
-.1349945068
.3027038574
-.1033630371
-.1261749268
-.1109008789
.1275177002
.1294403076
.1177673340
.2426147461
-.1083679199
-.1200408936
-.1124420166
-.0936889648
.1329345703
-.1205749512
-.1530151367
-.1043853760
.1360015869
.1250000000
.1997833252
.0941162109
.1089324951
.1224365234
-.1394500732
-.1036987305
-.1140747070
-.0838623047
.1079559326
.0961456299
-.0921630859
-.0852966309
.0841217041
-.0829162598
-.0938415527
-.1005401611
-.0860748291
.1127014160
-.1214141846
-.1737365723
.1102905273
.1314697266
.2473297119
-.1143341064
-.0790100098
.2987060547
-.1077117920
.0820007324
.0868835449
.0948944092
.1209411621
.1160278320
.0980987549
.1147308350
.0925750732
-.1003875732
.0987396240
-.1374511719
.1010131836
.1244506836
-.1135253906
.1220550537
-.1137237549
-.1105499268
-.1287231445
.2885131836
.1387176514
-.1808776855
.2911071777
-.2134857178
.2273101807
-.1510162354
.1194915771
-.1446380615
.1416778564
-.1309509277
-.1214447021
-.1597595215
.3023376465
.1761932373
.2997283936
.2737274170
.1193237305
.3036346436
.1397094727
.1302947998
.1826019287
.1533813477
-.1248779297
.1392974854
.2671356201
-.1044769287
.1092529297
.2579650879
.1730041504
-.1463928223
-.1079864502
-.1275939941
.2312164307
.0938873291
-.0887603760
-.0956878662
-.1247711182
.1209564209
.0980834961
.1322021484
-.1416015625
-.1168975830
.1207733154
.1047821045
.1092834473
-.1623687744
-.1184082031
-.0927429199
-.1055603027
.0974884033
.3048095703
-.0796813965
.1687622070
-.1189575195
.1392822266
.1115112305
.1872253418
.1074066162
.1031646729
-.1087188721
.0989379883
.3012847900
.0938720703
.1338043213
-.0968322754
-.1139221191
-.1327667236
-.1252899170
.1013793945
.1100921631
-.1262054443
.0903015137
.1097717285
.0773162842
.1483917236
.0991668701
-.2329254150
-.0943298340
.1117401123
-.0863342285
.0775909424
.1744689941
.0941162109
.0867156982
.0873413086
-.0983886719
.0805969238
.0823059082
.0883941650
-.0700073242
.0813751221
-.0797271729
-.1560821533
.0898132324
-.0601043701
-.1578521729
-.0706024170
.1967163086
-.0921020508
-.1725769043
.1559600830
.1294250488
-.0795745850
-.1187133789
.1221313477
-.1310729980
-.1382293701
-.1422576904
-.1231536865
-.1151580811
-.1408843994
.1890869141
.1517639160
.1193084717
-.1257476807
.1464996338
.1474609375
-.1240539551
-.1309967041
-.1270294189
-.1150360107
.3013916016
.2409515381
-.2053222656
-.1180267334
.1437225342
.1717987061
-.1512145996
.1779785156
.3022460938
-.1675567627
-.1646728516
.3053588867
.2835845947
-.1722717285
.3064575195
-.1843414307
-.1848602295
.1491699219
-.1409759521
.1675872803
.1865844727
.1272888184
.1300354004
-.1072540283
-.1128234863
-.1015014648
.0897216797
-.0939941406
.1066894531
.1061706543
-.1105041504
-.1060333252
-.1143035889
-.1196441650
.0863494873
-.1020965576
-.0832214355
-.0588989258
-.1006469727
.0852355957
.0694122314
.0827331543
-.0866699219
.0720214844
.0722503662
.0705871582
.0754699707
.0736999512
.0826568604
.0682373047
.0679016113
.0574188232
-.0648651123
-.0738677979
-.0744781494
-.0592956543
-.0700378418
.0682983398
.0855102539
.0533905029
-.0659027100
-.0493927002
.0778808594
.0811920166
-.0493927002
.0717315674
.0485992432
-.0696868896
-.0570373535
.0626831055
-.0528564453
.0544433594
.0666656494
.0500640869
.0511627197
.0464019775
-.0537109375
-.0495147705
.0489196777
-.0401153564
.0352325439
.0461883545
.0389251709
-.0375671387
.0363922119
.0373687744
.0453033447
-.0364074707
.0248870850
.0332336426
-.0390319824
.0501403809
-.0365295410
.0303344727
.0250549316
.0324401855
.0279693604
-.0292816162
.0218200684
-.0491943359
.0408325195
.0314025879
.0329132080
-.0338745117
-.0278320313
.0193786621
.0234680176
.0405273438
-.0398559570
-.0223693848
.0330657959
-.0227508545
.0361785889
-.0291137695
-.0263366699
-.0367584229
-.0465698242
-.0458221436
-.0311431885
-.0330963135
-.0268707275
.0206756592
.0232696533
.0217285156
-.0299072266
-.0411376953
.0282440186
-.0278778076
.0237426758
.0196533203
.0380554199
.0293426514
-.0268249512
.0236206055
-.0157775879
-.0212860107
.0294647217
.0246429443
-.0371856689
.0442810059
-.0189056396
.0159759521
.0379180908
.0250701904
-.0322723389
-.0295867920
-.0162658691
.0221405029
.0296325684
-.0272369385
-.0338287354
.0243377686
-.0207977295
.0349426270
.0426940918
-.0318450928
-.0349731445
-.0566406250
-.0268554688
.0186309814
.0202484131
.0290527344
-.0382690430
.0325012207
.0213165283
.0424194336
.0418701172
-.0631256104
.1208038330
-.1157226563
.1454925537
.1043853760
.0871734619
-.1317901611
-.1175079346
.0569305420
-.0644989014
.0537719727
.0529022217
-.0558624268
-.0389709473
-.0420379639
.0464019775
-.0392608643
-.0432434082
-.0404357910
.0498046875
-.0381622314
.0301818848
-.0548095703
.0419006348
-.0337677002
.0346221924
.0287780762
.0260620117
-.0265350342
-.0361480713
-.0312042236
.0284729004
-.0400695801
-.0259857178
-.0318756104
-.0244903564
.0301055908
-.0280609131
-.0205535889
.0318603516
.0313415527
.0260314941
-.0269622803
-.0320892334
.0264282227
-.0313262939
.0376434326
-.0668640137
-.0370788574
.0178680420
.0177917480
.0187225342
-.0252685547
.0295715332
.0715637207
-.1256561279
.1119689941
.1704406738
.1715087891
-.1803588867
-.1109771729
.0760192871
.1382598877
.0723876953
.0439605713
-.0514221191
.0426940918
-.0586700439
-.0567474365
.0525360107
.0617370605
-.0510253906
.0410614014
.0550079346
-.0370330811
-.0358581543
.0333099365
-.0273742676
.0349426270
.0249176025
.0308990479
.0307312012
-.0281219482
.0231628418
-.0200958252
.0174407959
-.0232086182
-.0180816650
.0203857422
.0192565918
.0129852295
-.0166473389
-.0126800537
.0140991211
.0103302002
-.0111541748
-.0085601807
-.0078430176
-.0080261230
-.0105590820
-.0064544678
-.0066833496
.0068206787
-.0042114258
-.0030364990
.0016479492
.0019836426
-.0014038086
.0007324219
-.0471191406
