.0000915527
.0001068115
-.0001068115
-.0001068115
-.0001220703
.0001373291
-.0000915527
-.0001678467
.0001678467
.0000915527
-.0193634033
.0046234131
.0031127930
-.0023345947
-.0016479492
-.0019073486
.0015258789
-.0008392334
.0009765625
-.0009765625
.0009307861
-.0007934570
.0012664795
-.0007171631
-.0006408691
.0005950928
-.0005035400
-.0006561279
.0003967285
.0006713867
-.0005187988
.0006103516
-.0005645752
.0007019043
.0006256104
.0010223389
.0005950928
-.0006103516
-.0007781982
-.0007934570
-.0007629395
.0004425049
-.0007019043
.0006256104
-.0005340576
-.0002746582
.0002441406
.0001678467
.0001373291
-.0001220703
-.0000915527
.0000915527
-.0001220703
.0001068115
.0001220703
.0001373291
.0000915527
-.0001068115
.0001373291
-.0001220703
.0001220703
.0001678467
-.0000915527
-.0001525879
.0001525879
-.0001678467
.0001373291
.0001220703
-.0001525879
-.0001373291
.0001068115
-.0001373291
-.0000915527
.0001068115
.0001068115
-.0001220703
-.0001220703
.0000915527
.0001983643
.0001068115
-.0001220703
.0001373291
-.0001373291
.0001220703
-.0002288818
-.0001678467
.0000915527
.0001678467
-.0001068115
-.0001373291
-.0001220703
-.0000915527
.0001373291
.0000915527
-.0001068115
-.0001068115
-.0001068115
.0001220703
-.0001220703
-.0001525879
.0001068115
-.0001220703
-.0001068115
.0001373291
-.0001068115
.0001068115
-.0001068115
.0001220703
-.0001373291
-.0001373291
.0001068115
-.0001525879
.0001373291
.0001220703
-.0000915527
.0001220703
-.0001220703
.0001373291
-.0001373291
.0001068115
.0000915527
-.0001373291
.0001220703
.0000915527
-.0001373291
-.0001068115
.0001068115
-.0001220703
.0001068115
.0001373291
-.0000915527
-.0001068115
-.0000915527
-.0000915527
-.0001068115
-.0073394775
.0036163330
-.0018157959
-.0011138916
-.0007324219
.0007934570
.0008850098
-.0010223389
.0009918213
-.0010986328
.0009307861
.0006713867
.0008239746
.0005645752
.0007019043
-.0003814697
-.0005645752
-.0003356934
.0003051758
-.0003967285
.0004119873
-.0003967285
-.0007476807
.0005798340
.0007019043
.0007171631
.0007171631
-.0006866455
.0009155273
-.0003509521
.0001678467
.0002746582
-.0001983643
-.0000915527
-.0001678467
-.0000915527
.0001373291
.0001220703
-.0001373291
.0001678467
.0001373291
-.0001220703
-.0001220703
-.0001983643
.0001678467
-.0001068115
-.0001068115
.0001220703
-.0003204346
.0101776123
.0055389404
-.0018310547
-.0030364990
.0016326904
.0009307861
.0017242432
-.0008697510
-.0010070801
.0013732910
.0010528564
-.0009460449
.0005950928
-.0007171631
.0007171631
-.0004425049
-.0003967285
.0002288818
-.0002288818
-.0003051758
-.0003814697
.0006408691
-.0009307861
-.0009613037
-.0010070801
.0012054443
.0008697510
-.0010375977
.0009765625
.0006866455
-.0006866455
.0004272461
-.0005187988
-.0007019043
.0005493164
.0002136230
-.0002746582
-.0001831055
.0001525879
-.0007019043
.0005493164
-.0005798340
.0009613037
-.0006561279
-.0008697510
.0006103516
-.0006713867
-.0008087158
.0007781982
-.0004730225
-.0021057129
.0019378662
.0015716553
-.0016632080
-.0014190674
.0009155273
-.0007476807
.0006256104
-.0002746582
.0002288818
.0001831055
-.0002136230
.0001678467
-.0001678467
.0000915527
.0000915527
.0001068115
.0001068115
.0001068115
-.0000915527
.0001220703
-.0000915527
-.0001373291
.0001525879
-.0001220703
.0001220703
-.0001068115
-.0001678467
.0511627197
.0066680908
.0041656494
-.0032958984
-.0008850098
-.0016326904
.0023651123
.0013122559
-.0009918213
-.0012664795
.0008697510
-.0011901855
-.0007171631
-.0009918213
-.0007781982
.0006103516
.0006561279
-.0005493164
-.0003814697
-.0004577637
.0006866455
-.0005035400
.0004272461
.0001983643
-.0001983643
.0002593994
.0001983643
-.0002288818
-.0001983643
.0001678467
.0000762939
.0001525879
-.0001678467
-.0001525879
-.0001831055
.0002441406
-.0001373291
-.0001831055
.0001373291
.0001373291
.0001220703
-.0001373291
-.0151824951
.0042572021
-.0021514893
-.0013427734
-.0010681152
-.0012207031
.0011291504
-.0006713867
-.0008697510
.0008087158
-.0005340576
.0005645752
.0005035400
-.0003051758
.0003662109
.0004577637
-.0005340576
-.0003814697
.0005187988
.0003814697
.0005493164
.0006103516
-.0008239746
.0007781982
-.0005187988
.0004272461
.0001983643
-.0002288818
.0000915527
-.0001373291
.0001373291
-.0001525879
-.0001983643
.0001068115
.0001831055
.0000915527
-.0000915527
-.0001068115
-.0001068115
.0000915527
.0001068115
-.0001373291
-.0000915527
.0091552734
.0039978027
-.0020904541
-.0031738281
-.0010070801
.0010681152
.0011138916
-.0007476807
-.0012207031
.0010375977
-.0004272461
.0005493164
-.0006103516
-.0003509521
.0004730225
.0003051758
-.0003967285
-.0003509521
.0006103516
.0005493164
-.0005340576
-.0005340576
-.0006408691
.0006561279
-.0002593994
.0003509521
.0001983643
-.0003051758
.0001373291
.0002288818
.0001678467
.0000915527
-.0003051758
.0001678467
.0001678467
.0001220703
-.0001525879
.0001220703
.0001220703
.0000915527
.0001068115
-.0155639648
.0044097900
.0027160645
-.0023803711
-.0011596680
.0008544922
.0017242432
.0010070801
-.0007324219
.0009918213
.0006713867
-.0004882813
-.0005493164
-.0006713867
.0001983643
.0003967285
-.0001983643
-.0003051758
-.0001831055
-.0001373291
.0003509521
.0001983643
.0001220703
.0001220703
.0001220703
.0001220703
.0001373291
-.0001983643
.0001220703
.0000762939
.0001678467
-.0001220703
.0062866211
.0039520264
-.0018005371
-.0020294189
.0005493164
-.0008392334
.0007934570
.0006561279
-.0010070801
.0008544922
.0006408691
.0010681152
-.0011749268
-.0007781982
-.0007629395
.0013427734
-.0010375977
.0009155273
.0012359619
-.0005798340
.0004882813
.0005798340
.0004272461
.0004577637
-.0002746582
.0003356934
.0004272461
-.0003356934
-.0003814697
.0002441406
.0003814697
.0004119873
-.0004882813
.0005035400
-.0004730225
.0004119873
-.0002746582
.0004272461
-.0002593994
-.0002441406
-.0003051758
-.0003204346
.0003204346
-.0005187988
.0006866455
.0004882813
-.0007476807
-.0004272461
.0004577637
-.0004577637
-.0006713867
.0013580322
-.0034637451
.0007476807
-.0010070801
.0004577637
.0005493164
-.0003662109
-.0003356934
-.0002288818
-.0001831055
.0001831055
-.0002441406
.0001983643
-.0001678467
.0001525879
-.0001220703
.0000915527
-.0001678467
.0001525879
.0000915527
.0079498291
.0048522949
-.0020599365
-.0020141602
-.0014801025
-.0013275146
.0011596680
.0016021729
-.0016784668
.0014953613
-.0011901855
.0013732910
-.0013427734
.0011138916
.0008850098
.0009460449
-.0006866455
-.0006561279
-.0006866455
.0007324219
.0005035400
.0004882813
-.0005187988
.0001678467
.0003356934
-.0001068115
-.0001373291
-.0001525879
-.0000915527
.0001678467
.0001220703
-.0001220703
-.0001220703
.0002593994
.0001525879
.0001525879
-.0001525879
.0001220703
.0000915527
.0001068115
-.0001220703
-.0001373291
-.0001220703
.0056152344
.0047912598
-.0017547607
-.0011596680
-.0010375977
-.0008087158
.0009460449
.0006561279
-.0012512207
.0010528564
.0005187988
.0006408691
-.0007781982
.0005645752
-.0003814697
.0004272461
-.0002746582
-.0004577637
-.0003662109
.0005798340
-.0004730225
-.0005493164
-.0014190674
-.0005340576
.0006561279
.0006866455
-.0006103516
-.0007171631
.0004730225
-.0005950928
-.0003814697
-.0006408691
-.0001678467
.0003662109
-.0000915527
-.0003051758
.0001373291
-.0001525879
.0001068115
.0001068115
.0000915527
-.0001525879
.0000915527
-.0001373291
.0001373291
-.0001220703
-.0001525879
.0001068115
-.0001068115
.0001373291
.0000915527
-.0001068115
.0001220703
-.0001678467
.0998687744
.0090789795
.0041656494
-.0030364990
-.0017700195
-.0019226074
.0012664795
.0009765625
-.0007781982
-.0007019043
-.0005645752
.0007476807
-.0002593994
-.0006561279
-.0003356934
.0003509521
.0004119873
-.0001373291
-.0001678467
-.0002136230
.0002441406
.0001373291
.0002441406
-.0002593994
.0000915527
.0001678467
.0001983643
-.0001678467
-.0002746582
.0001068115
.0001678467
.0001525879
-.0001831055
-.0001525879
.0001525879
.0001831055
-.0001678467
.0001678467
-.0001525879
-.0001220703
.0001068115
-.0001678467
-.0001678467
-.0001373291
-.0001983643
.0002441406
-.0001068115
-.0001373291
.0001220703
-.0001678467
.0002899170
-.0001220703
-.0001373291
-.0001220703
.0001373291
.0000915527
.0001068115
-.0001068115
-.0001373291
-.0001220703
.0002136230
-.0001373291
-.0001220703
.0001220703
.0001525879
-.0000915527
.0001220703
-.0001373291
-.0001220703
.0001068115
-.0000762939
.0001678467
-.0001525879
-.0001068115
.0001831055
-.0001373291
.0001525879
.0001220703
.0000762939
-.0001220703
.0001525879
-.0000915527
.0001068115
-.0000915527
.0001678467
-.0001525879
.0000762939
.0000915527
-.0000762939
.0000915527
.0001220703
-.0000915527
.0001068115
.0000915527
.0000915527
.0000762939
-.0000762939
.0000915527
-.0000915527
.0001373291
-.0001068115
-.0001220703
-.0000915527
-.0001068115
.0000915527
-.0000915527
-.0000915527
.0001373291
.0000915527
.0001678467
-.0001678467
.0001373291
.0000915527
.0001220703
-.0001220703
-.0000915527
.0000915527
-.0001220703
.0001525879
-.0001373291
.0001220703
-.0080108643
.0018615723
.0016784668
-.0017852783
.0010681152
-.0016784668
.0017852783
-.0025939941
.0038604736
-.0009307861
.0006713867
-.0011444092
-.0006408691
.0006561279
.0006866455
-.0007629395
-.0005950928
.0005798340
-.0006103516
.0003967285
-.0002899170
.0003967285
-.0009002686
.0006713867
-.0005950928
-.0006103516
-.0008392334
-.0007324219
-.0005798340
-.0005798340
-.0005645752
.0004272461
-.0004425049
-.0002899170
-.0002746582
.0003204346
-.0003662109
.0003051758
.0005035400
-.0008392334
.0009460449
-.0007476807
-.0006561279
.0009460449
-.0011901855
-.0022583008
.0019989014
-.0011138916
-.0008697510
-.0007629395
.0005950928
-.0001983643
-.0002136230
.0003967285
-.0003051758
.0001831055
.0001373291
.0001831055
-.0001525879
-.0001373291
.0001068115
.0001068115
.0001525879
-.0001373291
.0001678467
-.0001220703
.0000915527
.0001373291
.0000915527
-.0001373291
-.0001220703
.0000762939
.0000915527
-.0001373291
-.0000915527
-.0001373291
.0574798584
-.0050048828
.0037689209
-.0021209717
-.0017700195
.0013580322
.0011444092
.0012969971
-.0007934570
-.0005493164
-.0005035400
-.0004272461
-.0004577637
.0006561279
-.0005645752
.0006103516
-.0010986328
.0005798340
-.0003814697
.0004272461
-.0005187988
-.0007171631
-.0004425049
.0006713867
-.0005493164
.0007476807
-.0015106201
-.0014801025
.0012207031
.0006408691
.0016784668
-.0004882813
-.0005798340
-.0012359619
.0017395020
.0003662109
-.0013427734
-.0020751953
-.0012207031
-.0006103516
.0002899170
-.0002136230
-.0000915527
.0001220703
-.0001678467
-.0001068115
.0001068115
.0001220703
-.0001525879
.0000915527
-.0001373291
-.0001220703
-.0001373291
.0001831055
.0001068115
-.0001220703
-.0001068115
.0001220703
-.0001525879
.0001373291
-.0001068115
.0000915527
.0001068115
.0001068115
.0001373291
-.0001373291
-.0001220703
-.0001068115
.0000915527
.0001220703
-.0001373291
.0001373291
.0000915527
-.0001068115
-.0151062012
.0038909912
.0018310547
-.0020751953
.0016174316
-.0014343262
.0012512207
-.0005187988
.0007019043
.0004882813
.0006256104
-.0006103516
.0005950928
-.0005493164
.0004119873
.0003204346
.0001983643
-.0002288818
-.0002746582
-.0003356934
-.0003204346
.0005493164
-.0006103516
-.0006713867
.0004730225
.0010833740
-.0007934570
.0014495850
.0016784668
.0009765625
.0010375977
-.0006866455
.0005645752
-.0008850098
-.0003356934
-.0004882813
.0003051758
-.0001525879
.0001373291
-.0001373291
.0003967285
-.0004730225
.0004119873
.0004272461
-.0006713867
-.0007324219
.0005798340
-.0012512207
.0010223389
.0008239746
.0005035400
-.0004577637
-.0006561279
-.0010986328
.0009002686
-.0004272461
-.0003356934
.0002288818
.0001983643
.0000915527
-.0002136230
-.0001373291
-.0001068115
.0001220703
.0001678467
.0001220703
.0001525879
-.0001220703
-.0000915527
.0001373291
-.0001525879
.0001831055
.0000915527
-.0000762939
-.0001831055
.0001373291
.0001068115
.0001068115
-.0000915527
.0001220703
.0001220703
-.0000915527
.0001068115
-.0001220703
.0001525879
.0001068115
-.0001220703
.0001220703
-.0001068115
-.0001373291
-.0001525879
-.0001220703
.0001525879
-.0001525879
-.0000915527
.0001373291
.0000915527
-.0001220703
.0001068115
.0001373291
-.0001068115
-.0001068115
-.0001678467
.0001068115
-.0001373291
.0001220703
.0001525879
-.0001220703
.0001220703
-.0000762939
-.0001220703
.0001373291
.0000915527
-.0001220703
.0001220703
-.0001220703
.0001068115
-.0001220703
.0000915527
-.0001831055
.0001373291
.0001220703
-.0001068115
.0001068115
-.0000762939
-.0000915527
-.0001373291
.0001220703
.0001068115
-.0001068115
.0001068115
.0001678467
-.0000915527
-.0000915527
.0125579834
-.0012207031
.0025482178
-.0014495850
-.0011749268
-.0006256104
.0009002686
.0010223389
-.0004425049
