.0002441406
.0002899170
.0002593994
-.0002288818
-.0002593994
-.0002441406
.0004272461
.0003662109
.0005950928
-.0006866455
.0007629395
-.0012054443
.0012359619
.0011901855
-.0012512207
-.0012664795
.0009918213
.0012054443
-.0012359619
-.0015716553
.0016326904
-.0014953613
.0014343262
.0015869141
.0018615723
.0020751953
-.0019836426
.0012664795
-.0016174316
.0013427734
-.0012817383
-.0014495850
-.0013885498
.0013275146
.0011291504
-.0011901855
-.0021362305
.0020599365
.0013580322
-.0019378662
.0035705566
.0020446777
-.0018768311
.0026092529
.0015106201
.0012359619
-.0012207031
.0015563965
-.0008544922
.0018310547
-.0012207031
.0016937256
-.0016326904
.0013885498
-.0016937256
.0010833740
.0010681152
-.0012207031
-.0007019043
.0007781982
-.0007934570
-.0016937256
.0035095215
-.0014495850
.0014953613
-.0023956299
-.0026702881
.0029602051
-.0056915283
.0029754639
-.0070037842
-.0039367676
.0034484863
-.0035552979
.0035552979
-.0026397705
.0038909912
.0026245117
.0036010742
-.0048828125
.0020599365
.0020446777
.0031433105
.0018005371
.0024108887
.0019836426
-.0019836426
-.0018157959
.0021057129
-.0016021729
-.0024414063
.0012054443
-.0012359619
.0006866455
-.0003967285
.0006256104
.0007324219
-.0008697510
-.0006713867
.0007629395
.0006408691
-.0008697510
-.0007171631
-.0081329346
.0029754639
.0031127930
-.0052032471
-.0047607422
.0058135986
.0044097900
-.0032043457
.0022277832
-.0019836426
.0017547607
.0033874512
.0091400146
.0077514648
.0092620850
-.0113525391
.0154418945
.0128784180
.0209350586
.0121459961
.0113067627
.0094757080
-.0117950439
.0135040283
.0122375488
.0141601563
.0135345459
.0108795166
.0134887695
.0084228516
-.0099792480
.0078277588
-.0100555420
.0090942383
-.0129394531
.0174255371
.0161590576
.0222625732
-.0197906494
-.0251464844
-.0138702393
-.0151977539
-.0219116211
-.0177154541
.0203552246
.0175628662
-.0142669678
-.0165863037
.0111389160
-.0162963867
-.0176849365
.0151824951
-.0122222900
-.0162200928
.0171813965
-.0120849609
.0117187500
.0102691650
-.0123748779
-.0095062256
.0143280029
-.0086517334
-.0073699951
-.0105285645
-.0054321289
.0050811768
-.0035552979
-.0051422119
-.0058135986
-.0049133301
-.0053405762
-.0039215088
.0038146973
.0044708252
-.0050354004
.0046539307
-.0034027100
-.0055084229
.0033874512
-.0049285889
-.0057983398
.0085296631
-.0041046143
.0090789795
.0063934326
-.0068969727
-.0094757080
-.0071563721
-.0102996826
.0059814453
.0099945068
.0095062256
.0075378418
.0047607422
-.0031280518
.0043945313
-.0029602051
-.0049743652
-.0027770996
-.0026550293
-.0023040771
-.0030212402
.0032653809
-.0090332031
.0171203613
-.0099334717
.0144958496
.0121307373
.0135955811
.0151062012
.0117187500
-.0104675293
.0082855225
-.0079193115
-.0084075928
-.0075531006
.0056457520
.0085449219
-.0072937012
.0071258545
.0097503662
-.0344390869
-.0143432617
-.0143280029
.0082397461
-.0078125000
-.0050201416
.0057525635
-.0031280518
-.0125732422
.0084533691
.0129394531
-.0124053955
-.0118560791
-.0064239502
.0058135986
.0029144287
.0042572021
.0039672852
-.0033416748
.0046081543
-.0059814453
-.0052795410
.0032043457
.0019836426
-.0009307861
-.0019378662
.0061798096
.0044860840
.0013122559
-.0013275146
-.0015563965
.0010223389
-.0012054443
-.0010375977
.0010833740
-.0009918213
.0026550293
-.0017089844
-.0011596680
-.0004730225
-.0007934570
.0004425049
.0003662109
-.0003509521
-.0003356934
.0002899170
.0005340576
-.0004425049
-.0003967285
.0002593994
.0003662109
-.0005645752
.0002593994
.0004119873
-.0004425049
.0003662109
-.0003204346
-.0005035400
-.0021972656
.1065826416
-.0722198486
-.0281982422
.0177307129
-.0079345703
.0047149658
-.0036315918
-.0034027100
.0037689209
.0021820068
-.0069580078
-.0050964355
-.0015563965
-.0016174316
.0040588379
.0026702881
-.0014038086
.0016174316
.0016937256
.0066223145
-.0054016113
-.0036468506
.0018310547
-.0055541992
-.0041656494
-.0038604736
.0024414063
-.0028686523
-.0038757324
-.0047149658
-.0044250488
-.0017089844
-.0015106201
.0013427734
.0008697510
-.0008697510
.0006866455
.0004882813
-.0004425049
-.0015106201
.0025329590
-.0042419434
.0028381348
.0023956299
-.0008850098
-.0053253174
.0009765625
-.0010223389
-.0020141602
.0010986328
-.0014038086
.0021972656
.0021972656
.0037536621
.0036468506
.0016326904
-.0030975342
.0025024414
.0009002686
-.0015106201
.0036926270
.0017547607
.0007019043
.0004730225
.0006561279
-.0004882813
-.0004119873
.0008392334
.0016632080
.0015716553
-.0011444092
.0016326904
-.0007629395
.0004425049
.0004730225
-.0021209717
-.0061798096
-.0118103027
-.0050201416
-.0030975342
-.0051422119
.0028991699
-.0019226074
.0012817383
.0013427734
-.0023345947
-.0004272461
.0010986328
.0008392334
-.0096588135
-.0017242432
-.0027923584
-.0016632080
-.0347290039
-.0046081543
-.0017700195
.0013580322
.0014953613
-.0028533936
.0018310547
-.0025482178
.0018615723
-.0021209717
.0013885498
-.0029449463
.0022277832
.0020294189
-.0027618408
.0018005371
-.0014495850
.0015106201
.0009460449
-.0050354004
.0015563965
-.0019378662
.0072326660
-.0167083740
-.0080413818
-.0059661865
-.0167541504
.0058746338
.0032501221
-.0031280518
.0008544922
.0009613037
-.0010375977
-.0005493164
-.0020751953
-.0053863525
.0052337646
.0015106201
-.0010375977
.0004272461
-.0003662109
.0005950928
-.0004730225
.0010986328
.0008697510
-.0007934570
.0005645752
.0004730225
-.0005340576
.0003967285
-.0004882813
.0005035400
.0005340576
-.0006256104
.0003509521
.0005645752
.0004425049
.0003204346
.0003814697
.0003051758
.0003509521
.0003051758
-.0004425049
.0003662109
-.0009613037
.0004730225
-.0003509521
-.0005645752
.0004119873
.0023040771
-.0008087158
-.0011291504
-.0004272461
-.0003051758
.0002899170
-.0003356934
.0005950928
-.0005493164
.0002899170
.0003509521
-.0005950928
.0005645752
-.0005493164
.0004272461
-.0003662109
.0003662109
.0003051758
-.0006561279
.0006561279
-.0007324219
-.0004882813
.0005035400
.0004882813
-.0004730225
.0003204346
.0002899170
-.0003356934
.0002441406
-.0002593994
-.0003051758
.0002746582
-.0002593994
.0003356934
.0003051758
-.0002899170
-.0003356934
.0002288818
-.0003051758
-.0003051758
-.0002899170
-.0004119873
.0003662109
-.0005340576
-.0004882813
-.0003662109
-.0002441406
-.0003204346
.0001983643
.0002441406
-.0002288818
-.0001983643
-.0002746582
.0002441406
-.0002899170
-.0002441406
.0002441406
.0001983643
-.0002288818
.0002593994
-.0002441406
.0003662109
-.0002593994
-.0003662109
.0002899170
-.0003204346
-.0002288818
.0002746582
-.0004119873
.0004119873
-.0003967285
.0003662109
.0007324219
.0002593994
-.0004272461
.0003509521
.0003814697
.0005035400
-.0004119873
-.0003967285
-.0002441406
-.0003509521
.0003509521
-.0007171631
.0009155273
-.0006103516
.0005340576
.0004730225
-.0007171631
-.0022277832
.0012054443
-.0019989014
-.0067291260
-.0075988770
.0054321289
-.0038146973
.0014953613
-.0004730225
-.0005950928
-.0006256104
.0004882813
-.0005493164
.0005187988
.0007324219
-.0009155273
-.0007019043
-.0006713867
-.0005950928
-.0007781982
-.0008392334
.0008697510
-.0007171631
-.0008087158
.0007781982
-.0010833740
.0012207031
-.0010070801
.0012664795
-.0014495850
.0012359619
.0011444092
-.0006866455
-.0013885498
.0014038086
-.0015106201
-.0014495850
-.0010223389
.0022430420
.0012817383
.0016174316
-.0018920898
-.0012054443
.0011291504
.0012817383
.0011596680
-.0007781982
.0006103516
.0008697510
.0006561279
.0005950928
-.0003204346
.0004577637
.0003051758
.0003662109
.0004425049
-.0002746582
.0006408691
.0003662109
-.0002288818
-.0002593994
.0002899170
.0002441406
.0004119873
-.0002593994
.0002441406
.0002441406
-.0002288818
.0002288818
.0002441406
.0002441406
-.0002441406
-.0002593994
.0001831055
.0003204346
.0007629395
.0020751953
.0003051758
.0004119873
.0002899170
.0003051758
.0004119873
-.0002899170
-.0002441406
.0002899170
.0002441406
-.0002288818
.0002441406
.0002441406
.0002441406
-.0002593994
-.0001983643
-.0002288818
.0002441406
.0002441406
.0002441406
.0001983643
.0002288818
-.0001983643
.0002136230
.0001831055
-.0001831055
.0002441406
-.0002288818
-.0001983643
-.0001983643
.0003051758
.0002593994
.0001983643
.0001983643
-.0002593994
.0002593994
.0002899170
-.0002899170
-.0002441406
.0002593994
.0002441406
-.0002441406
.0002288818
.0002288818
.0002441406
-.0001983643
-.0001831055
.0002593994
.0002288818
.0001983643
-.0002288818
.0002441406
.0002288818
.0002288818
.0002288818
.0001983643
.0002441406
-.0001983643
.0002288818
.0002288818
-.0002899170
.0002441406
.0002441406
-.0002288818
.0002288818
-.0002899170
.0003051758
.0002441406
.0002288818
.0002288818
.0002441406
.0002441406
.0002441406
.0002288818
.0001983643
.0002288818
.0002441406
.0002593994
.0002899170
.0002288818
.0002593994
.0002899170
.0002288818
.0002899170
.0003051758
.0002746582
.0003051758
.0002441406
.0002746582
.0003051758
.0002746582
.0002441406
.0002593994
.0002593994
.0002288818
.0001983643
.0002441406
.0002441406
.0002593994
.0002441406
-.0002136230
.0002288818
.0002288818
.0002288818
.0002441406
-.0002288818
.0002593994
.0002441406
.0002441406
.0002593994
.0002288818
.0001983643
.0001983643
.0002288818
.0002899170
.0002441406
.0002441406
.0002441406
.0001983643
.0002593994
.0005340576
-.0004882813
.0003051758
-.0003204346
.0005340576
-.0007934570
.0072479248
.0009613037
.0004119873
-.0004425049
.0065002441
.0013580322
-.0010375977
.0004730225
-.0004272461
.0005493164
.0005493164
.0003662109
.0005493164
.0004425049
-.0004425049
.0004272461
.0004425049
.0004272461
.0004882813
-.0004119873
.0008697510
-.0004272461
-.0009765625
.0006103516
.0003509521
.0014343262
.0003662109
.0005035400
-.0003662109
-.0003662109
-.0004119873
.0003814697
-.0003509521
.0002899170
-.0004882813
.0003051758
.0002746582
.0002593994
.0003051758
.0002899170
-.0003509521
-.0002746582
.0003051758
-.0002899170
.0004272461
.0018310547
.0005950928
.0005493164
-.0021362305
.0018310547
-.0019226074
-.0046539307
-.4819488525
-.0601043701
.0320434570
-.0115814209
-.0123138428
-.0190277100
.0132598877
.0133819580
-.0063171387
-.0059967041
.0052337646
-.0032806396
-.0040435791
.0047607422
.0029754639
-.0036163330
-.0018005371
.0022277832
.0034027100
-.0024566650
.0013732910
.0200805664
-.1859588623
.0338287354
-.0118408203
-.0096130371
.0099182129
-.0169067383
-.0069732666
.0079040527
-.0068969727
-.0035705566
.0038146973
.0034942627
-.0030822754
.0028228760
.0032806396
.0028991699
.0012054443
.0019378662
.0015411377
.0024261475
.0014038086
.0012817383
.0020599365
.1114196777
-.0720367432
.0155944824
.0105590820
-.0116729736
.0082855225
.0147094727
.0064544678
.0096130371
.0081329346
-.2401428223
-.1182250977
.0422973633
-.0133056641
-.0148315430
.0132904053
-.0129852295
.2530975342
-.0724487305
.0198516846
-.0114288330
-.0087585449
.0112609863
.0134735107
-.1246795654
.0778656006
.0395507813
.0111846924
-.0110626221
.0081176758
.0062866211
.0072479248
.0056610107
-.0054016113
.0039367676
-.0028533936
-.0055694580
-.0065917969
-.1187591553
-.0338897705
-.0156250000
-.0114440918
-.0086822510
.0073699951
-.0063934326
.0049591064
-.0088348389
.0042266846
-.1680603027
-.1149902344
-.0636749268
-.0171356201
-.0125579834
-.0142211914
.1936492920
.0471343994
-.0221557617
-.0122833252
-.0180511475
.0133056641
-.0118713379
.0968933105
-.0514831543
-.0240783691
.0135955811
.0106506348
-.0344238281
-.0438537598
.0403442383
-.0239715576
.1091308594
.0818634033
.0397338867
-.1304168701
.0541076660
-.0241394043
-.0116882324
-.0889129639
-.0360412598
-.0170135498
.0214538574
-.0154266357
.0138092041
-.0057525635
-.0101928711
.1241607666
.0751800537
.0250396729
.0223999023
-.0463409424
.0680084229
-.0341949463
-.0540008545
-.0692138672
.0303802490
.0318908691
-.0162811279
.0359802246
.0109405518
.0431976318
-.0424041748
-.0247497559
.0792541504
.0700073242
.0323638916
-.0334014893
.0232849121
.1169128418
-.0214233398
-.0128631592
-.0132598877
.0324096680
.0317535400
-.0249176025
-.0198974609
-.0730743408
.0238494873
.0135040283
-.0157318115
.0088195801
-.0069274902
-.0100402832
-.0072631836
.0046691895
-.0038604736
.0016479492
-.0032653809
.0022277832
.0065917969
-.0106048584
.0061798096
-.0037536621
.0022888184
.0059204102
-.0092010498
-.0074615479
.0047607422
-.0025024414
-.0025939941
.0018005371
-.0022583008
-.0013122559
-.0008239746
-.0017089844
.0009307861
-.0028228760
.0009765625
.0013885498
-.0004425049
-.0018157959
.0010986328
.0005493164
.0007934570
-.0012359619
.0003509521
.0009613037
-.0007934570
-.0003509521
-.0004882813
-.0003509521
.0007781982
-.0007781982
.0005493164
.0004730225
-.0004272461
-.0003814697
-.0003051758
.0003967285
.0003967285
-.0004272461
.0004272461
-.0003662109
