.0002746582
-.0016784668
.0031127930
-.0020599365
.0032958984
-.0018920898
-.0045776367
.0046234131
.0056152344
-.0065307617
-.0102691650
.0104980469
.0148010254
.0148315430
.0153656006
.0173645020
-.0235290527
.0222778320
-.0270385742
.0237274170
-.0266113281
.0319671631
-.0308532715
-.0258178711
.0252075195
-.0304107666
-.0294952393
-.0239868164
.0328826904
-.0210571289
.0211486816
.0265502930
-.0265808105
-.0297241211
.0260467529
.0296630859
-.0320739746
-.0170898438
-.0204772949
.0142669678
.0154113770
-.0236053467
.0285644531
.0381927490
-.0354309082
-.0396270752
.0388488770
-.0415344238
.0424346924
-.0388641357
-.0415496826
-.0350646973
.0325927734
-.0300445557
.0401763916
-.0390472412
-.0245971680
-.0251464844
-.0257415771
.0186920166
-.0166168213
.0270843506
.0270538330
-.0370483398
.0228576660
-.0202636719
-.0251922607
.0293273926
-.0233612061
.0457763672
-.0278930664
.0152435303
.0284271240
-.0180053711
.0231475830
-.0164337158
.0169525146
.0134124756
.0239715576
.0161437988
-.0152282715
-.0208129883
-.0180664063
-.0149688721
.0167846680
.0140991211
-.0157623291
.0163726807
.0286560059
-.0258178711
.0279846191
.0253143311
-.0234222412
.0229034424
.0184020996
-.0161437988
.0161285400
.0204772949
.0207061768
-.0221862793
.0313415527
-.0291442871
.0190582275
-.0244293213
.0234985352
-.0217132568
.0308074951
-.0305633545
.0237274170
-.0204925537
.0153198242
-.0108947754
-.0123596191
.0105743408
-.0095977783
-.0113983154
-.0319061279
.0556030273
-.0431060791
-.0313873291
-.0396881104
-.0431518555
.0341186523
-.0259399414
.0190887451
-.0148162842
-.0121002197
-.0214843750
.0190277100
.0113525391
.0192413330
-.0118255615
.0090332031
.0177459717
-.0155487061
-.0136260986
-.0224761963
.0284423828
-.0155029297
-.0112609863
.0088043213
.0088958740
-.0132904053
-.0096588135
-.0105285645
-.0071716309
.0101470947
.0075378418
-.0149383545
-.0154418945
.0117340088
.0052947998
-.0182342529
.0177154541
.0222167969
.0251922607
.0151977539
.0198364258
.0174560547
-.0106048584
.0136871338
-.0155181885
.0215759277
-.0153503418
.0233764648
.0109710693
-.0134124756
.0089263916
-.0086059570
.0136718750
.0157775879
.0096740723
-.0123443604
-.0115509033
-.0131072998
-.0134124756
-.0123291016
.0128173828
-.0154266357
-.0092010498
.0117797852
.0167083740
-.0141906738
.0175170898
-.0144042969
-.0183563232
-.0203247070
-.0176239014
-.0164947510
-.0146942139
.0175018311
.0131225586
.0099029541
-.0206146240
.0206909180
-.0097351074
.0060424805
-.0054016113
.0052490234
.0062713623
-.0059509277
-.0087890625
-.0124359131
.0126953125
-.0171661377
-.0134887695
-.0143585205
-.0148468018
.0173645020
-.0139770508
.0141448975
-.0125579834
-.0180053711
-.0099487305
.0092468262
.0162048340
-.0192718506
-.0129699707
.0135650635
.0070648193
.0109863281
-.0172271729
.0115051270
.0157470703
-.0188293457
-.0131988525
.0142364502
-.0115509033
.0178985596
-.0203704834
.0332641602
-.0211181641
.0312805176
.0472106934
.0255737305
.0456848145
.0397033691
.0603637695
-.0554962158
.0508422852
-.0505218506
-.0534515381
-.0532073975
-.0695648193
-.0538940430
-.0487670898
-.0398101807
.0316009521
-.0290069580
.0324554443
-.0315704346
.0295715332
-.0287933350
-.0521087646
.0645599365
-.0390930176
.0314941406
.0254058838
-.0354156494
.0408935547
-.0371246338
-.0339508057
-.0347290039
.0344390869
-.0484008789
.0389556885
-.0661621094
.0749359131
.0665435791
.0665588379
-.0355224609
.0326232910
.0228424072
.0229034424
.0158081055
.0221557617
-.0235290527
-.0188903809
-.0158996582
.0226440430
-.0194396973
-.0190582275
-.0207061768
.0236968994
-.0273132324
.0170745850
-.0219421387
-.0266723633
.0266418457
.0182189941
.0219726563
.0215759277
.0208892822
.0254516602
-.0279083252
.0218811035
-.0153350830
.0183410645
-.0218200684
-.0123901367
.0142974854
-.0078582764
.0061950684
-.0095214844
-.0110015869
-.0094146729
.0084838867
-.0104064941
.0111999512
-.0101928711
.0080718994
-.0134582520
.0103454590
-.0135955811
-.0153503418
-.0195159912
.0163116455
.0170440674
.0129089355
-.0109100342
.0096588135
-.0086517334
.0179443359
-.0142669678
.0187377930
-.0127410889
-.0125732422
-.0143737793
.0147552490
-.0140686035
-.0142517090
.0227508545
.0147247314
-.0131835938
.0202331543
-.0218811035
-.0198669434
-.0197906494
-.0181884766
-.0173187256
-.0124206543
.0183258057
.0126037598
.0142669678
.0109252930
.0128936768
.0139770508
.0200042725
-.0192565918
.0222167969
.0291595459
-.0290832520
.0335998535
-.0293731689
.0288391113
.0204620361
.0184631348
.0193481445
-.0162506104
-.0198974609
.0167083740
.0206451416
-.0228881836
.0163574219
-.0304718018
.0233459473
-.0399780273
-.0274353027
-.0233612061
.0200500488
-.0194091797
.0204315186
-.0170288086
.0212249756
.0195159912
-.0148162842
.0132141113
-.0184326172
.0232391357
.0242919922
.0323028564
.0346832275
.0337524414
.0303344727
.0218658447
-.0222320557
-.0276336670
.0199890137
.0185546875
-.0201110840
.0306243896
-.0294342041
.0160827637
.0236968994
.0232391357
-.0250854492
-.0258483887
-.0319824219
-.0255432129
.0274353027
.0274505615
-.0305480957
.0294799805
-.0294189453
.0265808105
.0390319824
-.0318298340
-.0257720947
.0290679932
-.0294036865
.0273437500
-.0293426514
.0335083008
.0423889160
.0474548340
-.0428466797
-.0385284424
.0565948486
-.0410919189
.0589141846
.0364685059
-.0413513184
.0393066406
.0440826416
.0500488281
.0610046387
-.0691375732
.0777587891
.0674743652
.0734100342
.0738525391
-.0604705811
-.0688018799
.0634460449
.0587921143
.0614166260
-.0512542725
.0622253418
.0527648926
.0513305664
.0458374023
.0414733887
-.0435028076
.0234832764
-.0280456543
-.0328063965
.0302429199
-.0260620117
.0358886719
-.0285339355
.0417938232
.0378570557
.0302429199
.0426483154
.0271301270
.0253906250
.0278320313
-.0241546631
.0217437744
-.0265960693
.0323181152
-.0354156494
.0270385742
-.0279998779
-.0251922607
.0284271240
.0180053711
.0194396973
-.0132751465
-.0176544189
.0221710205
-.0106658936
.0115051270
.0113983154
.0193176270
.0118865967
-.0155944824
.0117645264
.0102996826
-.0134124756
.0157012939
-.0186920166
-.0150299072
-.0127868652
.0105133057
-.0154876709
.0117797852
-.0119171143
.0092468262
-.0116882324
.0103607178
-.0086059570
.0120544434
-.0090332031
-.0108795166
.0098114014
-.0170593262
.0166473389
.0142822266
-.0191345215
.0246429443
-.0207824707
-.0119018555
-.0182800293
-.0172576904
.0176391602
-.0122375488
-.0088806152
.0052032471
-.0092620850
.0054931641
-.0083160400
.0048217773
-.0071563721
-.0071411133
.0113983154
-.0091094971
-.0077056885
.0051727295
-.0094909668
.0054779053
-.0044708252
-.0070343018
.0091094971
-.0057373047
.0081787109
-.0048828125
.0040435791
.0095977783
-.0080108643
.0069274902
-.0042724609
.0055999756
-.0094604492
.0043334961
.0058441162
-.0055999756
.0068969727
-.0047912598
.0052642822
-.0039520264
.0090179443
-.0041351318
-.0046691895
-.0045471191
.0042266846
-.0084838867
.0062103271
-.0081176758
.0051727295
.0073699951
-.0037689209
.0056304932
-.0044097900
.0077209473
-.0066223145
.0050201416
.0069274902
-.0089263916
.0078125000
-.0126953125
.0093536377
-.0102081299
.0058135986
.0070953369
-.0059814453
-.0093231201
.0084075928
.0084228516
-.0127563477
-.0069885254
.0074920654
-.0076446533
-.0085754395
.0182342529
-.0193481445
.0375671387
-.0307312012
.0262298584
-.0270843506
.0171203613
.0147247314
-.0130157471
.0228424072
-.0205841064
-.0254821777
-.0167694092
.0247344971
.0314636230
-.0341796875
-.0315093994
-.0343170166
-.0358734131
.0357513428
.0324707031
.0345611572
.0329284668
.0368041992
.0377655029
.0373229980
.0426330566
-.0363006592
.0497436523
.0545196533
-.0504302979
.0575256348
.0629730225
-.0636596680
-.0547027588
-.0551910400
-.0459442139
.0531921387
-.0563964844
-.0470581055
.0523986816
.0559997559
.0531616211
.0491790771
.0613250732
.0559082031
.0561981201
.0514678955
.0399475098
.0368194580
.0344696045
.0332641602
-.0263061523
-.0270080566
-.0239105225
.0245056152
-.0298614502
.0362701416
.0320739746
.0373535156
.0330352783
.0356292725
.0306396484
.0350799561
-.0391845703
-.0330200195
-.0239562988
-.0252075195
-.0212554932
.0260009766
.0249633789
-.0188140869
.0186004639
.0207214355
.0147247314
.0155334473
.0175781250
-.0158233643
.0169982910
-.0216522217
.0255584717
-.0283660889
-.0254516602
.0264739990
-.0240783691
-.0244598389
-.0179443359
-.0158233643
-.0183105469
.0197601318
.0165557861
-.0163879395
-.0136413574
.0163879395
-.0144348145
-.0146026611
.0168151855
.0120239258
-.0162811279
.0137634277
.0157928467
-.0225982666
.0201568604
.0154571533
-.0190582275
.0179901123
-.0258178711
-.0245666504
-.0307617188
.0226440430
.0224456787
.0218505859
-.0206909180
.0206604004
-.0241851807
.0258178711
-.0285644531
.0194549561
.0155792236
.0104064941
.0205535889
-.0162811279
.0147094727
-.0157470703
.0166778564
-.0219726563
.0225524902
-.0247955322
.0199432373
-.0233001709
-.0186157227
.0176391602
-.0239868164
.0227813721
-.0205535889
.0158081055
-.0144653320
-.0194549561
.0308074951
-.0177001953
.0096130371
.0147094727
.0112762451
-.0108642578
.0108947754
-.0089263916
-.0098571777
.0126495361
-.0105743408
-.0063476563
.0075531006
-.0091247559
.0088806152
-.0077056885
-.0057830811
.0185394287
.0200805664
-.0097045898
.0110015869
-.0097198486
-.0163879395
-.0137634277
.0143432617
-.0087127686
.0119628906
.0086364746
-.0073699951
-.0098114014
.0092773438
-.0096893311
-.0102691650
.0081787109
.0056304932
.0066070557
.0068206787
-.0058135986
-.0092468262
-.0090942383
.0040283203
-.0074768066
-.0044555664
-.0068206787
-.0049896240
-.0047912598
-.0091857910
-.0051269531
.0086059570
-.0088195801
.0159301758
-.0113525391
-.0088958740
.0104217529
.0052032471
-.0083160400
.0063781738
-.0081024170
-.0076446533
.0069274902
-.0057525635
-.0040588379
-.0103759766
.0074462891
.0041046143
-.0064392090
.0044708252
-.0028686523
-.0093078613
-.0035400391
.0065460205
-.0056610107
.0086059570
-.0085601807
.0119171143
-.0099945068
-.0060272217
-.0046081543
.0061492920
.0111236572
-.0109558105
.0116119385
-.0135345459
.0125122070
.0102386475
-.0088348389
-.0103607178
.0051574707
-.0124969482
.0137634277
.0060119629
-.0060577393
.0123443604
-.0136718750
.0083770752
-.0058441162
-.0074157715
.0102996826
-.0087585449
-.0093841553
.0070648193
-.0148620605
.0082702637
-.0099029541
.0061798096
-.0116271973
.0054931641
-.0102844238
.0105133057
-.0087127686
.0110626221
-.0163421631
.0099334717
-.0131225586
.0074157715
-.0103912354
.0105285645
-.0113983154
-.0095672607
.0075836182
-.0122680664
.0046691895
-.0100402832
.0114288330
-.0121765137
.0107727051
-.0081176758
-.0092620850
.0165710449
-.0133972168
-.0091247559
.0083770752
-.0141754150
-.0053710938
.0048217773
-.0073699951
.0128479004
-.0129089355
-.0072479248
.0066986084
-.0063476563
-.0086364746
.0072479248
.0042114258
-.0066223145
.0090637207
.0038299561
-.0067901611
.0067596436
.0088500977
-.0061187744
.0092773438
-.0103454590
.0126800537
-.0150299072
.0126800537
.0097808838
-.0088500977
-.0122375488
-.0105285645
.0173492432
.0183868408
.0144653320
-.0120239258
.0093383789
-.0135955811
.0167236328
-.0142211914
.0237426758
-.0139312744
.0168151855
-.0188598633
.0121917725
.0093536377
-.0085906982
-.0067901611
-.0073852539
-.0131530762
.0109252930
-.0153045654
.0137329102
-.0094451904
-.0146179199
-.0113220215
.0097656250
.0098419189
.0135040283
-.0147552490
.0106353760
.0134124756
-.0097503662
.0123138428
.0117645264
-.0151214600
-.0113677979
.0153503418
-.0096282959
.0088653564
-.0089111328
.0077209473
.0090332031
-.0129852295
-.0139160156
.0130920410
.0078430176
-.0089874268
.0094757080
.0088195801
-.0117187500
.0112762451
-.0110473633
-.0099792480
-.0089721680
-.0145111084
.0124816895
.0078277588
.0075225830
-.0085601807
-.0095062256
.0115051270
-.0089263916
.0107574463
-.0112457275
.0071716309
.0076904297
.0138397217
.0065307617
.0116882324
-.0093688965
-.0092926025
.0139160156
-.0121612549
.0073242188
.0070648193
.0079650879
.0097961426
-.0125885010
.0096130371
.0050659180
.0073242188
-.0082092285
-.0066070557
.0078277588
-.0134124756
.0081024170
-.0084991455
-.0053100586
-.0073394775
.0101623535
-.0119476318
.0093994141
.0063781738
.0041503906
-.0070953369
.0071105957
-.0086059570
.0068054199
-.0051574707
.0066070557
.0038909912
-.0033569336
.0090332031
.0062561035
-.0077819824
.0080871582
-.0075073242
.0053253174
-.0071105957
-.0032043457
-.0053405762
.0057678223
-.0034637451
.0032196045
-.0032653809
-.0031585693
-.0023498535
.0039062500
-.0021820068
-.0029602051
.0027008057
-.0025329590
.0018768311
-.0012207031
.0008239746
-.0005493164
.0007629395
-.0003509521
.0001831055
.0001068115
