.0004882813
.0003967285
-.0014495850
.0010681152
.0005645752
.0010833740
.0007934570
.0006866455
.0003509521
-.0007934570
.0002441406
.0004425049
.0004882813
.0005035400
-.0011749268
-.0012207031
-.0099334717
-.1020965576
-.0489349365
-.0112457275
.0078887939
.0033111572
-.0044097900
-.0023803711
.0032196045
-.0024871826
.0012969971
.0017852783
.0007324219
.0006713867
-.0008392334
.0004730225
-.0004882813
.0005950928
.0005187988
-.0008239746
.0013732910
-.0010528564
.0010681152
.0008697510
.0008392334
.0006408691
-.0008850098
.0007019043
.0006103516
.0003967285
.0007934570
.0005645752
.0008239746
-.0006408691
.0009002686
.0006408691
-.0014038086
-.0621948242
-.0896606445
-.0735778809
.0749511719
.0480499268
.0191802979
-.0071105957
.0067901611
.0052642822
-.0024414063
-.0027923584
-.0014953613
-.0009307861
-.0016937256
.0009460449
.0009155273
-.0008544922
.0012054443
.0007019043
.0005493164
.0006408691
.0013122559
.0047454834
.1108551025
.1335906982
.1236419678
.1590576172
.1563110352
.1347198486
.1013031006
.0857238770
.0943908691
.1023712158
-.0717926025
.0820159912
.0947723389
.1081695557
.0805053711
.0930480957
.0704040527
.0477752686
.0331115723
.0230712891
-.0127258301
-.0095977783
.0052185059
-.0037994385
.0033569336
-.0024871826
.0023498535
.0026092529
-.0014495850
.0013275146
.0011138916
.0011749268
-.0016479492
.0656738281
.1089172363
-.1130676270
-.1136474609
.0878753662
.1031799316
.1101379395
.0760040283
.0940856934
.0908508301
.0890350342
.0867614746
.1076965332
.1326599121
.0933685303
-.0383605957
.0258026123
-.0173797607
-.0106658936
-.0075836182
.0120849609
-.0069732666
-.0072479248
.0147857666
-.0168304443
-.0133666992
.0118865967
-.0031585693
.0038452148
-.0031585693
.0022583008
-.0025024414
-.0013885498
.0012969971
.0019531250
.0009155273
.0012664795
.0010681152
-.0009002686
.0008239746
-.0008239746
.0010070801
.0017547607
.0020294189
.0038452148
-.0068206787
.0033111572
-.0041809082
.0036621094
-.0024566650
-.0034179688
.0039825439
.0024414063
-.0024261475
-.0013427734
.0010070801
.0011901855
-.0004730225
.0005340576
.0007019043
.0004730225
.0010986328
-.0031127930
-.0039062500
.0058135986
-.0025024414
-.0010833740
.0034942627
.0047760010
-.0044860840
.0063934326
.0056915283
.0044555664
-.0025939941
-.0014648438
.0007934570
.0007934570
.0003814697
.0004882813
.0005035400
.0011596680
.0015869141
-.0310974121
.1515197754
.1144256592
.0986022949
.0825653076
.0427398682
.0175933838
-.0086059570
.0081939697
.0065460205
-.0102539063
-.0065155029
-.0075836182
.0088195801
-.0033416748
.0030059814
-.0019378662
-.0017242432
-.0021209717
.0019378662
.0018005371
-.0006866455
-.0007934570
.0004730225
-.0006256104
.0006103516
.0004730225
.0003356934
.0005798340
.0005340576
.0005645752
.0005645752
.0003662109
.0011291504
.0010375977
-.0008087158
.0005950928
.0007629395
-.0007019043
.0006713867
.0005493164
-.0006713867
-.0009765625
-.0017089844
.0894622803
.1257171631
.1444091797
.1629943848
.1625671387
.1200866699
-.0748138428
.0392608643
.0243225098
.0279388428
-.0262451172
-.0229339600
.0138854980
.0116729736
.0059204102
-.0052947998
.0042572021
-.0044708252
.0028839111
-.0049743652
-.0045166016
.0035705566
.0024414063
.0022277832
-.0025329590
.0019378662
.0011596680
.0017395020
-.0024108887
.0019836426
.1701049805
.1867828369
-.1961517334
.2004699707
.1799468994
.2545471191
.2568511963
.2832489014
.1800842285
.1474151611
-.0827026367
.0719909668
.0509948730
.0779571533
.0755157471
.0438079834
.0802612305
.0487823486
.0591735840
.0280761719
.0236053467
.0207061768
.0092620850
-.0010528564
.0003509521
.0013885498
.0036315918
.0441131592
.0666198730
-.0141906738
-.1288146973
.1079406738
-.0888824463
.1302490234
-.0803833008
-.1065521240
-.0412750244
.0259399414
-.0421600342
.0453796387
.0243072510
.0369720459
-.0437774658
.0515289307
-.0631256104
.0577545166
-.1016082764
-.0790557861
-.1614837646
.1183624268
-.0516204834
.1088867188
-.0829925537
.0658111572
.0708160400
-.0731201172
-.1794128418
.1679534912
-.1006774902
-.2333068848
.1426391602
-.1495666504
.0721893311
-.2419891357
-.0696258545
.1529541016
-.0930938721
-.1160430908
.0561981201
-.0670013428
.0734405518
-.0821990967
-.0476531982
.1616821289
.2191162109
.1905212402
.1534118652
-.1160888672
.0425720215
.0495758057
-.0315856934
.0206604004
.0235290527
.0290832520
.0225830078
.0119018555
.0093078613
-.0044555664
.0071258545
.0064849854
-.0069580078
.0051422119
-.0053253174
-.0040893555
-.0014495850
-.0030670166
.0035705566
.0019378662
-.0021209717
.0026702881
.0055389404
.0080566406
-.0132446289
.0212249756
.0176849365
.0141906738
-.0243835449
.0309448242
-.0111541748
-.0168304443
.0144500732
.0139923096
.0101165771
-.0071258545
-.0061035156
-.0028686523
-.0041961670
-.0021972656
.0021057129
.0018157959
.0010986328
-.0006103516
.0006103516
.0008239746
-.0008239746
-.0013580322
-.0026245117
.1601257324
.1602325439
.1456298828
.1135559082
.0633392334
.0314483643
.0161437988
-.0099029541
-.0139007568
.0098571777
.0068206787
.0090484619
.0053100586
.0029907227
.0022583008
.0019378662
.0019836426
-.0019836426
.0014038086
.0019378662
.0024871826
.0029296875
-.0049133301
.1695404053
-.2656402588
-.3154754639
-.1979064941
-.1625366211
.1588287354
.1156005859
-.1070251465
-.0496063232
-.0600128174
.0330505371
-.0317840576
-.0210723877
.0158843994
-.0135650635
.0213165283
-.0229949951
-.0138549805
-.0119934082
.0167541504
.0081939697
-.0093231201
-.0149078369
.1510467529
.1076507568
.1278839111
-.1453704834
.1764526367
.1580047607
.1495819092
.1359710693
.1275177002
-.1152496338
.1319885254
-.0765533447
.0509796143
-.0219879150
.0207366943
-.0104370117
-.0210418701
-.0103759766
.0150604248
-.0102539063
.0114135742
.0806732178
.1512451172
.1639251709
.1487274170
.1392669678
.1293334961
.1627349854
.1507568359
.1284942627
-.0603485107
-.0292205811
.0242614746
-.0240631104
-.0161437988
-.0073242188
.0098876953
.0103607178
-.0048522949
.0066375732
.0065460205
-.0044403076
.0038909912
.0031127930
-.0017089844
.0025177002
-.0006713867
-.0021972656
.0014801025
.0012664795
.0009155273
.0010375977
.0019073486
-.0024108887
-.0017547607
-.0028533936
-.0034484863
-.0033569336
-.0025787354
-.0040130615
-.0032348633
.0026397705
.0025177002
.0018005371
-.0011749268
-.0023193359
-.0031280518
-.0390014648
.1679992676
-.1389007568
-.1382598877
-.1260223389
-.0726776123
-.0301361084
-.0123901367
.0080566406
.0089263916
-.0132598877
.0103759766
.0035400391
-.0034637451
-.0029602051
.0031433105
-.0021057129
-.0018157959
.0015258789
-.0025939941
-.0022583008
-.0017395020
.0014038086
.0008239746
.0014801025
-.0018463135
-.0015716553
-.0020446777
-.0025482178
-.0025634766
.0016326904
.0020446777
.0016174316
-.0012817383
-.0007781982
.0006256104
-.0009002686
-.0015106201
.0015411377
.0010375977
.0008697510
.0011291504
.0005340576
.0005950928
.0005798340
.0010986328
.0005340576
.0006103516
-.0006713867
.0007934570
.0004882813
.0011291504
-.0016784668
.0009765625
-.0041656494
.0250549316
-.0177001953
-.0034942627
.0019073486
.0042266846
.0066375732
.0062408447
.0049743652
.0048217773
-.0043334961
-.0032348633
-.0041198730
.0022888184
.0014495850
.0009613037
-.0006561279
.0004882813
.0007629395
-.0012207031
.0010833740
.0014801025
-.0029754639
.2390289307
.2386932373
.2399139404
-.2084960938
-.2030639648
-.2309112549
-.1900177002
.0532379150
.0329132080
.0231323242
-.0166625977
-.0243072510
.0197753906
-.0209655762
.0068969727
.0083160400
.0028533936
-.0059204102
.0061187744
-.0057830811
.0045471191
.0028991699
.0021820068
.0028381348
-.0020751953
.0035705566
.0040740967
.0049591064
.1369171143
.2041625977
.2007446289
-.1455383301
-.1526184082
-.1538391113
.1788787842
.1735534668
.1389160156
-.1395111084
-.0678710938
-.0464630127
.0350189209
.0263519287
.0115509033
-.0122680664
.0185546875
.0093688965
.0092468262
.0086364746
-.0066986084
-.0042114258
.0047454834
.0095367432
-.0084381104
.0024719238
.0481414795
.1085205078
-.0886535645
-.1093902588
.1323852539
.1273040771
.1133117676
.1176147461
-.1095581055
-.0916442871
-.0907440186
-.0822143555
-.0842285156
-.0869293213
-.0993652344
-.1159210205
.0956573486
-.1028289795
-.1029357910
.1059417725
.1080627441
.1120910645
.0886688232
.1161956787
-.1963806152
-.1283111572
-.1511535645
.1467285156
-.0674438477
-.1000823975
.0911254883
-.1982116699
-.1914520264
-.1232299805
-.1885070801
-.1872863770
.1408538818
.1034240723
.1076354980
-.1706237793
-.1807861328
-.2299041748
.1929626465
.1583251953
.1313781738
.1752471924
-.1202697754
-.1816558838
.2077178955
.1971893311
.1443328857
.1814270020
.1807556152
.1610717773
.1651763916
.1873626709
.1846618652
.2102966309
.2000427246
.2198486328
.1621398926
.1360778809
.1476745605
-.1358642578
.1417388916
.1371917725
-.1502227783
-.1276245117
-.1128387451
.1290893555
.1255187988
.0559234619
.0147705078
.0233459473
-.0259399414
.0168609619
.0179290771
.0144958496
.0142517090
-.0077056885
.0054931641
.0091247559
-.0048980713
.0079193115
.0063476563
.0049438477
-.0043182373
.0030517578
-.0031127930
-.0027313232
-.0019989014
.0011444092
.0014953613
.0009155273
.0018310547
-.0022583008
.0025329590
-.0037536621
-.0079650879
-.0064849854
-.0050048828
-.0097503662
-.0045013428
.0072631836
.0061798096
.0055541992
.0051116943
-.0029296875
-.0046081543
-.0038604736
.0031433105
-.0010223389
-.0013732910
.0010528564
.0005645752
.0006103516
.0006103516
-.0022888184
.0043487549
.1999969482
.1838073730
.2588653564
.2541198730
.2691650391
.2463378906
.1682128906
.2299804688
.2092590332
-.2087097168
.2057342529
.0778808594
.0613098145
-.0824890137
.0518646240
-.0216522217
.0703582764
.1001281738
-.0988464355
.0719604492
-.0522155762
-.0486297607
-.0868530273
.0390777588
.0529327393
-.0272979736
.0306701660
-.0191802979
.0247192383
.1669158936
.1932067871
.2378540039
.2355346680
.2020416260
.2965698242
.2024536133
-.2346954346
.2262573242
-.0852050781
-.2268066406
.2510223389
-.1900482178
.2142486572
.2301940918
-.2261657715
-.1975860596
.2262115479
-.2168121338
-.1618499756
-.2267456055
-.2462005615
-.2586517334
-.2711486816
.1237792969
-.2377166748
-.1123352051
-.2476654053
-.1966400146
-.2086639404
.2064361572
-.1208801270
-.2070007324
.2077331543
-.1137695313
.1380004883
.1882171631
-.2268676758
.2567443848
.1541748047
-.2567749023
.1537017822
.1747894287
-.2282714844
-.1646881104
.1673126221
-.1908874512
-.1389617920
.1357727051
-.1548461914
-.1929321289
.2325897217
-.1527099609
.2052459717
-.1599578857
-.1926574707
.2384490967
-.1737365723
-.1826782227
.2220153809
-.1644744873
-.1937561035
.2081604004
-.2005462646
-.2031250000
-.1697540283
-.2099761963
.1271972656
.0875244141
-.1617279053
-.0451660156
.0585937500
-.0379791260
.0381164551
.0487518311
.0439605713
-.0158691406
.0130462646
-.0194702148
.0138244629
.0142211914
.0126647949
-.0114440918
-.0072784424
-.0065155029
-.0041351318
-.0058898926
.0044097900
.0035705566
.0034179688
.0029296875
.0033721924
-.0029602051
-.0032806396
.0061340332
-.0052947998
.0077819824
.0065460205
.0040130615
.0054931641
-.0099334717
-.0062255859
-.0051879883
-.0041351318
.0087127686
.0045623779
.0070648193
.0032806396
.0034027100
.0024261475
-.0022583008
.0017395020
-.0021209717
.0009307861
.0004730225
.0004730225
.0004119873
.0005645752
.0005645752
.0010528564
.0008544922
-.0182037354
.1173248291
.1616973877
.1892089844
.1413116455
-.1554412842
-.1658172607
-.1675109863
.1508789063
-.1955718994
-.1596221924
.0438537598
.0211334229
-.0243682861
.0231628418
.0126037598
.0182342529
-.0166320801
.0030670166
.0129241943
-.0064849854
.0077362061
.0062103271
-.0094299316
.0077667236
-.0063934326
.0053100586
.0065917969
.0082092285
.1860198975
.1625213623
.1407775879
.1569519043
.1560974121
.1810913086
.1384429932
.0948944092
.0565032959
-.0171661377
-.0171356201
.0176086426
-.0121765137
-.0093231201
.0061950684
-.0048980713
.0041503906
-.0050811768
.0048217773
-.0039367676
-.0044708252
-.0037841797
.0062103271
-.0046234131
.1312866211
.1186981201
.1283111572
.1406860352
-.1548309326
-.1999359131
-.1751251221
.0858612061
-.0639038086
-.0348815918
-.0179290771
-.0176239014
.0133819580
.0095825195
-.0079803467
-.0039978027
.0034179688
-.0032653809
.0973968506
-.1423645020
-.1206817627
-.1158447266
-.1213836670
-.0857086182
-.0588073730
-.0290374756
.0146942139
.0156097412
-.0050811768
-.0051422119
.0065612793
-.0037078857
-.0053253174
-.0034942627
-.0032958984
.0040893555
.0032653809
.0018615723
.0017547607
.0025024414
-.0016021729
.0018768311
-.0011901855
.0014190674
-.0013122559
