-.0119628906
.0126647949
-.0073852539
-.0105133057
.0083465576
.0045471191
.0037231445
-.0023345947
.0225524902
-.0039062500
-.0083160400
.0117340088
-.0126342773
-.0053710938
.0153656006
.0080871582
-.0068206787
.0057220459
.0062866211
-.0064697266
-.0029754639
.0074310303
.0047149658
-.0122070313
-.0086364746
-.0133666992
-.0093231201
-.0028991699
-.0069427490
.0065612793
-.0047149658
.0037078857
-.0056152344
-.0096435547
.0031127930
.0053405762
-.0134582520
-.0048522949
-.0119171143
-.0051727295
.0079345703
.0085754395
-.0138854980
-.0085906982
-.0064697266
.0044250488
-.0062561035
-.0056610107
-.0027465820
.0106201172
-.0058288574
-.0305786133
.0059661865
.0059509277
-.0032958984
.0038452148
-.0039672852
-.0014343262
-.0008087158
-.0011444092
-.0007629395
-.0032653809
-.0007476807
.0051879883
-.0027770996
.0020294189
-.0039062500
.0023498535
.0023193359
.0024719238
-.0048828125
-.0040283203
-.0043182373
-.0041046143
-.0041198730
.0015563965
-.0018920898
-.0014801025
-.0014953613
-.0038909912
-.0146789551
-.0051422119
-.0046234131
-.0052947998
.0086059570
-.0035095215
.0062408447
.0008392334
-.0022583008
-.0014190674
.0035247803
-.0015411377
.0017852783
-.0027160645
.0044097900
-.0037384033
-.0016937256
-.0067901611
.0037689209
.0069274902
-.0027465820
-.0054931641
-.0032196045
.0048217773
-.0030364990
.0032806396
-.0032043457
-.0045928955
-.0109710693
-.0023498535
.0028533936
-.0018463135
-.0030670166
-.0071868896
-.0069885254
-.0098571777
-.0077819824
.0095672607
-.0039978027
-.0185394287
-.0085906982
.0035858154
-.0084533691
.0046081543
.0067596436
.0136413574
.0054016113
.0052642822
.0050506592
.0036468506
-.0056762695
-.0095367432
-.0077819824
-.0085449219
-.0076293945
.0048065186
-.0056915283
-.0055999756
-.0135498047
.0074462891
-.0051422119
.0096893311
-.0033416748
-.0032501221
.0088500977
-.0029296875
-.0085449219
-.0028381348
-.0024414063
-.0061645508
.0045623779
.0014801025
.0040740967
-.0022277832
.0030670166
-.0009155273
-.0006713867
.0008850098
.0020904541
-.0044403076
-.0080566406
.0014953613
-.0110473633
.0068206787
.0020141602
-.0027313232
.0086822510
-.0081024170
.0214538574
-.0157928467
-.0101928711
-.0112762451
-.0068206787
.0055847168
-.0052642822
.0025634766
-.0026092529
.0017089844
-.0013122559
-.0006561279
-.0008544922
.0005798340
-.0014953613
.0104980469
-.0056915283
.0029602051
-.0013732910
-.0024719238
-.0025787354
.0034790039
.0025482178
-.0023193359
-.0007476807
.0046997070
-.0030059814
.0025177002
.0072631836
.0146636963
-.0106811523
-.0010986328
-.0012359619
-.0009613037
-.0084686279
.0039825439
-.0016937256
-.0020446777
-.0021209717
.0039215088
-.0010986328
.0017089844
-.0024414063
.0039825439
-.0044555664
-.0013580322
.0012359619
-.0030517578
-.0023345947
.0035705566
.0025939941
-.0009307861
-.0006866455
-.0017547607
-.0028686523
-.0075531006
.0038909912
-.0073394775
.0050659180
.0008544922
-.0019683838
-.0051116943
-.0016326904
-.0007781982
-.0124969482
.0022583008
-.0578460693
-.0206909180
-.0153503418
.0199737549
.0099334717
.0133666992
.0032043457
-.0011138916
.0015869141
-.0037689209
-.0018615723
-.0007171631
-.0034484863
-.0031433105
-.0007476807
-.0005493164
-.0019226074
-.0021362305
-.0039367676
-.0024108887
-.0031585693
-.0017089844
.0046539307
-.0012054443
.0050659180
-.0063476563
-.0034027100
-.0100555420
.0113372803
-.0025939941
.0017700195
-.0026245117
-.0019073486
.0034637451
-.0118408203
.0087585449
.0067291260
-.0053253174
-.0039520264
-.0102844238
-.0029602051
.0054931641
.0038452148
-.0035095215
-.0056457520
.0034637451
-.0033111572
.0030822754
.0018920898
-.0033416748
.0043029785
.0025634766
.0033111572
-.0022583008
-.0064392090
-.0089416504
-.0035400391
.0014801025
-.0021667480
.0039825439
-.0011291504
-.0015106201
-.0007324219
-.0011291504
-.0006561279
-.0012512207
-.0010986328
-.0005035400
-.0010833740
.0010833740
-.0013885498
-.0019378662
.0033569336
-.0075836182
-.0015869141
-.0021820068
-.0014648438
.0054931641
.0048675537
.0161743164
.0029602051
-.0040130615
.0105438232
.0053100586
-.0124053955
.0023803711
.0026702881
-.0019226074
-.0021362305
-.0025177002
.0043640137
-.0021362305
-.0016937256
.0037231445
-.0050506592
.0029602051
.0043640137
-.0014038086
.0059967041
.0034027100
.0023040771
.0042114258
-.0059814453
.0053100586
-.0058898926
-.0274200439
-.0115661621
.0022125244
-.0048217773
-.0017852783
.0114898682
.0036621094
-.0129394531
.0078125000
.0065002441
.0163879395
-.0112304688
-.0128936768
.0066375732
-.0049743652
-.0196685791
-.0114593506
-.0226898193
-.0247802734
-.0173645020
.0123901367
.0044403076
-.0272064209
-.0066375732
-.0212554932
-.0058441162
.0118103027
.0099029541
.0087738037
-.0130615234
-.0270690918
.0208435059
-.0124664307
-.0061492920
.0215148926
.0123748779
.0373077393
-.0106506348
.0120697021
-.0104370117
.0368347168
.0754699707
-.0142059326
.0215759277
-.0307312012
-.0191650391
-.0553283691
.0291290283
.0316162109
-.0398712158
-.0223693848
-.0474243164
.0070190430
.0155029297
-.0050201416
-.0065765381
-.0135955811
-.0092010498
.0124206543
.0171661377
-.0021667480
.0018920898
.0035858154
-.0616302490
.0122222900
.0220184326
-.0398101807
.0433502197
-.0350189209
.0497436523
.0302581787
.0246124268
.0113067627
.0041351318
-.0024414063
-.0072174072
-.0051269531
.0104217529
-.0236206055
.0178070068
.0291442871
-.0113220215
.0059509277
.0117645264
-.0070037842
-.0124816895
.0087432861
-.0014801025
-.0046691895
-.0025939941
-.0029754639
-.0070190430
.0069427490
-.0057220459
-.0044555664
-.0043029785
.0036468506
-.0014648438
-.0127716064
.0015258789
-.0042419434
.0010833740
-.0027923584
-.0042572021
.0068817139
-.0022735596
.0006256104
-.0045928955
.0003356934
-.0006713867
-.0023651123
-.0003051758
-.0007476807
-.0004425049
-.0010681152
.0035095215
-.0012512207
-.0024261475
.0019226074
-.0006256104
-.0009307861
-.0012512207
-.0019836426
-.0006256104
-.0006713867
-.0019531250
.0008239746
.0021667480
-.0005340576
-.0005493164
-.0011749268
-.0002746582
-.0005645752
-.0003814697
-.0004119873
-.0004425049
-.0002593994
-.0002441406
-.0002899170
-.0002746582
-.0004730225
-.0004425049
-.0004577637
-.0002746582
-.0002136230
-.0002288818
-.0002441406
-.0003356934
-.0008697510
-.0005950928
-.0003356934
-.0003204346
-.0002593994
-.0003662109
-.0002746582
-.0006866455
-.0004730225
-.0027618408
-.0003356934
-.0004730225
-.0003051758
-.0002441406
-.0012969971
-.0003509521
-.0003204346
-.0003051758
-.0005645752
-.0003509521
-.0003662109
-.0004730225
-.0003356934
-.0004425049
-.0004577637
-.0009155273
-.0005035400
-.0008850098
.0002746582
-.0002899170
-.0003662109
-.0004272461
-.0076904297
-.0009002686
-.0006866455
.0007781982
-.0011901855
-.0036621094
-.0035552979
.0018310547
-.0022583008
-.0035858154
-.0011444092
.0032653809
.0032653809
-.0028686523
-.0012207031
-.0014190674
-.0011138916
-.0012817383
-.0010070801
-.0004119873
.0002899170
-.0003204346
-.0009765625
-.0004272461
.0015869141
-.0004425049
-.0003051758
-.0002899170
-.0025024414
.0004119873
-.0003509521
-.0002593994
-.0002441406
-.0007019043
-.0002441406
-.0003051758
-.0005035400
-.0002746582
-.0002593994
-.0002899170
-.0004272461
-.0002441406
-.0003662109
-.0003051758
-.0003356934
-.0019531250
-.0001983643
-.0002136230
-.0002288818
-.0001983643
-.0003967285
-.0002593994
-.0002441406
-.0001678467
-.0002288818
-.0002441406
-.0002288818
-.0003814697
-.0002288818
-.0002136230
-.0002441406
-.0002441406
-.0001678467
-.0002746582
-.0002593994
-.0002441406
-.0033874512
-.0004119873
-.0003204346
-.0003967285
-.0003509521
-.0012054443
-.0069427490
-.0072174072
.0169982910
-.0034332275
.0028381348
-.0021667480
-.0033721924
.0020751953
-.0016326904
-.0015411377
-.0061798096
-.0087585449
-.0012512207
-.0007324219
-.0123748779
-.0049896240
-.0041656494
.0008697510
-.0037994385
.0035400391
-.0017395020
-.0016632080
-.0057678223
-.0019836426
-.0019378662
-.0006561279
-.0006103516
-.0005645752
-.0004577637
.0004730225
-.0003051758
-.0004425049
-.0005187988
-.0004425049
-.0004577637
-.0003356934
-.0002288818
-.0003204346
.0002593994
-.0002441406
-.0002441406
-.0002746582
-.0008239746
-.0003051758
-.0004882813
-.0002746582
-.0002288818
.0001525879
-.0002899170
-.0001678467
.0001525879
-.0002441406
-.0002899170
-.0001983643
-.0002593994
-.0002288818
-.0001983643
-.0001983643
-.0003814697
-.0004577637
-.0002746582
-.0013122559
-.0070648193
.0027160645
-.0023651123
.0046234131
-.0026702881
.0016937256
.0015411377
-.0007171631
-.0033111572
-.0011138916
-.0004882813
-.0005950928
.0006408691
-.0004730225
-.0004272461
-.0009918213
-.0010986328
.0009918213
-.0005340576
-.0005493164
-.0005187988
-.0002746582
-.0003814697
-.0003051758
-.0001678467
-.0002288818
.0002441406
-.0002136230
-.0002288818
-.0002136230
-.0002746582
-.0002746582
-.0002441406
-.0002593994
-.0002288818
-.0002288818
-.0001983643
-.0005645752
-.0002746582
-.0003356934
-.0001373291
-.0002441406
-.0001983643
-.0001831055
-.0001983643
-.0001678467
-.0002288818
-.0001831055
-.0002288818
-.0001068115
-.0002136230
-.0002593994
-.0002288818
-.0001678467
-.0001525879
-.0001983643
-.0002136230
-.0002136230
-.0002441406
-.0003814697
-.0002288818
-.0002136230
-.0001525879
-.0002441406
-.0003204346
-.0003204346
-.0002746582
-.0003509521
.0027313232
.0040283203
-.0009307861
-.0004425049
-.0003509521
.0003509521
-.0098876953
-.0025482178
-.0011749268
.0177764893
-.0059661865
.0218048096
-.0635986328
-.0325012207
-.1020050049
-.0771789551
-.0409240723
-.0980987549
.0297546387
-.0250701904
-.0836639404
.0128021240
-.0943145752
-.0478515625
.0456542969
-.0345611572
-.0304412842
-.0742492676
-.0193328857
-.0391693115
-.0674285889
.0816650391
-.0565185547
-.0138549805
.0084381104
.0158691406
-.0150756836
-.0154571533
.0036926270
-.0033721924
.0026702881
-.0022430420
-.0017547607
-.0037231445
.0010681152
-.0010528564
-.0006408691
-.0007171631
.0004730225
-.0006256104
-.0012207031
-.0006866455
-.0006408691
-.0005187988
-.0004425049
-.0004730225
-.0003662109
-.0003967285
.0007324219
-.0007781982
-.0013732910
-.0012664795
.0009460449
-.0014953613
.0019378662
.0031890869
-.0020446777
-.0005798340
.0007476807
-.0003814697
.0002288818
-.0002746582
-.0003967285
-.0003814697
-.0003051758
-.0001983643
-.0008544922
-.0003509521
-.0011749268
-.0011444092
.0011749268
.0018920898
-.0043182373
-.0008697510
-.0087890625
-.0044250488
-.0023193359
-.0029296875
-.0029449463
.0065460205
-.0032196045
.0057067871
.0038757324
.0036315918
.0022888184
-.0016021729
.0007781982
.0005187988
-.0007019043
-.0002288818
-.0002288818
.0003051758
-.0004882813
-.0005187988
-.0002441406
-.0005493164
-.0005035400
-.0016784668
-.0007019043
-.0005035400
-.0003356934
.0005340576
-.0009460449
.0021057129
.0008697510
-.0004882813
.0004882813
.0003051758
-.0001678467
-.0003814697
-.0002288818
-.0004577637
-.0005035400
.0006408691
-.0004272461
-.0006561279
-.0006408691
-.0004730225
-.0007934570
-.0003204346
-.0005950928
-.0025024414
-.0021057129
-.0024261475
-.0013275146
-.0019073486
-.0015106201
-.0031433105
.0025939941
-.0016632080
-.0019378662
-.0025024414
-.0009002686
-.0005187988
.0004425049
-.0004577637
-.0004272461
-.0002593994
-.0001831055
-.0003356934
-.0002441406
.0004425049
-.0008697510
-.0004730225
-.0002593994
-.0005035400
-.0001831055
.0002899170
-.0004425049
-.0003356934
-.0005035400
-.0009307861
-.0009460449
-.0003967285
-.0004577637
-.0004272461
-.0002593994
.0001983643
-.0003356934
-.0004119873
.0003051758
-.0002441406
-.0004730225
.0004425049
-.0011138916
-.0018005371
.0012359619
.0010070801
-.0016326904
-.0018920898
.0007019043
-.0008087158
-.0017547607
-.0007171631
-.0005187988
.0006713867
-.0006103516
-.0007781982
-.0005493164
-.0004119873
-.0004272461
-.0003967285
-.0003662109
-.0004882813
-.0005187988
-.0003356934
-.0005798340
-.0006103516
-.0015563965
-.0006408691
-.0006256104
-.0007171631
.0005950928
-.0007934570
-.0009765625
-.0008087158
-.0005645752
-.0005798340
-.0005035400
-.0004119873
-.0005798340
-.0003509521
-.0004882813
-.0003204346
-.0001831055
-.0003814697
-.0001678467
-.0002746582
-.0003662109
-.0005493164
.0008544922
-.0018157959
-.0012664795
.0008544922
-.0011596680
-.0020904541
-.0009918213
.0005187988
-.0006408691
.0005187988
-.0005187988
-.0003814697
-.0004577637
.0003051758
-.0003356934
-.0003356934
-.0002288818
-.0003051758
-.0004425049
-.0002899170
-.0004577637
-.0003967285
-.0002288818
.0003204346
-.0006103516
-.0004119873
.0003356934
-.0002441406
-.0003509521
-.0001831055
-.0003509521
-.0002593994
-.0001983643
-.0003509521
-.0005340576
-.0007019043
-.0003814697
-.0004730225
-.0007476807
.0005798340
-.0013275146
-.0012207031
.0002441406
-.0005035400
-.0004272461
-.0004577637
-.0005645752
-.0006561279
.0005493164
.0009765625
-.0007781982
-.0003814697
-.0007476807
-.0008239746
-.0006866455
-.0003509521
-.0002746582
-.0006408691
-.0002899170
-.0004577637
-.0002288818
-.0003051758
