-.0000305176
.0000305176
-.0000305176
-.0000610352
.0017852783
-.0225677490
-.1243743896
-.0828552246
.0422973633
.0660247803
-.0506744385
-.0430755615
-.0579376221
-.0471343994
-.0379791260
.0336608887
-.0277404785
.0366668701
.0231628418
.0484161377
.0484619141
.0294799805
-.0304565430
-.0316162109
-.0373382568
-.0287475586
.0279083252
.0551452637
.0241546631
.0276031494
.0379180908
-.0551300049
.0371704102
.0503082275
.0503692627
-.0477905273
-.0458679199
-.0466613770
-.0417327881
.0297546387
.0417327881
.0359039307
.0455017090
-.0640258789
-.0484313965
.0682678223
-.0565338135
-.0642242432
.0700225830
-.0383758545
.0330810547
-.0514984131
-.0467224121
-.0664367676
-.0617980957
.0583648682
-.0432739258
-.1014862061
-.0583190918
-.0550231934
-.0906066895
-.0769195557
.0851898193
-.0439300537
-.0513610840
-.0758972168
-.0534210205
.0569000244
.0625457764
-.0553894043
-.0479583740
-.0619964600
-.0635223389
-.0504608154
.0696716309
.0645599365
.0763549805
.0498657227
-.0606079102
-.0646362305
-.0550384521
-.0686798096
.1111450195
.0607147217
-.0485839844
.0731353760
.0631561279
-.0809936523
.0979461670
.0529479980
-.0669708252
.0866241455
-.0546417236
-.0537719727
-.0755462646
.0502777100
.0543823242
.0513153076
-.0599670410
-.0516052246
-.0648651123
-.0781097412
-.0753784180
.0679321289
-.0749206543
.0522766113
-.0607604980
.0943145752
.0569610596
-.0402221680
.0796661377
-.0520019531
-.0537719727
.0702667236
.0591125488
-.0470123291
.0675506592
.0635833740
.0511779785
.0586700439
.0990447998
.0507049561
.0458831787
.0795898438
-.0706481934
.0685272217
.0976867676
.0534820557
.0511474609
-.0612182617
-.0619201660
-.0635528564
-.0875244141
-.0845794678
.0756683350
.0587005615
.0848388672
.0705718994
-.0674133301
.0473022461
.0737609863
.0996093750
.0642395020
.1038970947
.0651702881
.0873413086
.0673980713
-.0562438965
-.0866851807
.0924530029
-.0634460449
-.0682983398
.0624389648
.0762023926
.0764007568
.0475769043
-.0715332031
.0539093018
-.0416259766
.0646972656
-.0564270020
-.0494689941
-.0591735840
-.0622863770
.0633392334
.0425109863
.0874786377
.0541381836
.0685729980
-.0837249756
-.0842437744
.0784149170
-.0927429199
.0665283203
-.0750732422
.0503997803
-.0727233887
-.0892791748
.0566711426
.1007995605
-.0963134766
-.0608978271
-.0500640869
.0749053955
.0834655762
.0738220215
.0677032471
-.0598602295
-.0721130371
.0550842285
.0836029053
.0888366699
.0568542480
-.0735626221
-.0675964355
-.0562896729
.0656585693
.1038818359
-.0662536621
.0868682861
-.0692749023
.0823516846
.0787506104
-.0637817383
.0795288086
-.0636596680
.0786437988
.0649108887
.1651306152
.0592041016
-.1032867432
-.1147613525
-.0699462891
.0734252930
-.0822753906
.1044464111
.0777893066
.0614624023
.0982208252
.0657653809
.0762481689
-.0696868896
-.0588378906
.0615539551
.0569000244
-.0708312988
.0859222412
-.1040496826
-.0799102783
-.0790863037
-.0676116943
.0818481445
.0600128174
-.0557708740
.0796661377
.1285705566
-.0876464844
.0797424316
.0943145752
.0765686035
-.0810699463
.0891876221
-.0793609619
.0728149414
.0772705078
.0900573730
-.0587615967
.0898284912
-.0762329102
-.0805664063
.0696716309
.0538940430
-.0861206055
.0835876465
-.0853729248
-.1127471924
-.0676879883
.0919799805
-.0709533691
-.0718994141
.0771179199
-.0766448975
.1196594238
-.0648040771
-.1196594238
.1076965332
-.0976867676
.0488891602
-.0825042725
-.0986022949
.0682525635
.0598297119
.0909729004
.1009674072
-.0673980713
.0722961426
.1175231934
-.0677337646
.0652618408
-.0884857178
-.0754547119
.0644989014
-.0898590088
.1265258789
.0837249756
-.0618896484
-.1188659668
-.0823059082
-.0798645020
-.1175994873
-.0848388672
-.1019287109
-.1260223389
-.0876617432
.0932159424
.1033477783
.0875396729
.0919494629
-.0958557129
-.0916137695
-.1099395752
-.0849609375
.0721130371
.0979156494
.0679931641
-.1000976563
.0982666016
.1245117188
-.0675048828
.0905609131
.0797576904
-.0795745850
-.0941009521
.0965118408
.0806884766
.1287994385
-.0776672363
-.0763854980
-.1279602051
.0771179199
-.0714111328
.1501922607
-.0812530518
-.0902557373
.0669250488
-.0756988525
.0661773682
.1146697998
.0926513672
.0917663574
-.0718536377
.1310424805
.0785522461
-.0783691406
.0857696533
-.0657653809
-.0888671875
-.0971374512
.0871887207
-.0887756348
.0624694824
.0805206299
-.1420593262
.1581573486
.0589599609
.0941925049
-.1007690430
-.1419067383
.0854034424
-.1365051270
.0753936768
-.1028594971
-.0995330811
.0739288330
-.1352081299
-.1713867188
.0520935059
.1053466797
-.1048736572
-.0861816406
-.0770874023
-.1149444580
-.0755462646
-.1194763184
-.1556091309
-.0788879395
.0889129639
-.1065826416
.0802612305
-.1250457764
.0791320801
-.1068725586
.0757293701
-.0679016113
.0628356934
-.0935974121
-.1088256836
-.0708770752
-.0824279785
.0884704590
.0634460449
-.0732269287
-.0671081543
.0639953613
.0835876465
.0919494629
-.1130828857
-.0757293701
.0646820068
-.0788726807
.1057128906
.0719757080
.0818634033
.1052398682
-.0957794189
-.0835266113
-.0825653076
-.0727996826
.1431274414
-.1180572510
-.1060180664
-.0787506104
-.0837860107
.0805358887
.0799102783
-.0956726074
-.1009368896
.0531158447
-.0620727539
.0959014893
.0558471680
-.0781402588
-.0680389404
-.0838623047
-.0803680420
.0869445801
-.0982513428
.0969390869
.1008300781
-.0959777832
.1044769287
.0989532471
.0923004150
-.0702972412
-.0872497559
-.0671691895
.0758056641
.0617675781
.0856781006
.0927276611
-.0949707031
-.1027221680
.1304321289
-.0885314941
.1092681885
.1024475098
-.1446533203
-.0986022949
.0992126465
.1023101807
.0824890137
-.0709228516
-.0903625488
.0874023438
-.1354217529
.0628967285
.0910949707
.1085205078
-.1109008789
.0809020996
.1296386719
-.0863800049
-.1018676758
-.0746154785
.0635528564
-.0819854736
-.0964813232
.0674591064
-.0935058594
.0906219482
-.0939788818
-.0996551514
.0722351074
-.1150360107
-.0731353760
-.0831756592
-.0785675049
-.0925445557
-.1006317139
-.0801086426
-.0756225586
-.0818328857
.1095428467
-.1150207520
-.0812835693
.0833740234
-.0871276855
.0973052979
.1084747314
-.0771789551
.0825195313
-.0899658203
.0706939697
-.1223297119
.1179199219
-.0824890137
-.0900268555
.0906372070
-.0891571045
-.1157989502
.0914611816
-.0809020996
-.1175689697
.1157531738
.1168670654
-.1192169189
.0784454346
-.0900268555
-.1100006104
.1184234619
.1090240479
-.1242218018
-.1088867188
-.1242370605
.1027221680
.1219787598
.1238250732
-.1125640869
-.1176147461
-.1282653809
-.1127777100
-.1213684082
.0969696045
.1232299805
-.0893096924
.1526489258
-.1118927002
.1360168457
.1229400635
-.1197509766
-.0973358154
-.1090393066
.0830535889
-.1068267822
.1118316650
.0887145996
-.1041107178
-.1113281250
.0900573730
.0894012451
.1148681641
-.1448211670
-.0915069580
-.1063232422
-.1297912598
.1008148193
.1257476807
.1074371338
-.1023559570
.0997772217
.0892791748
-.1088562012
.0730133057
-.1059722900
.0957794189
.1024322510
.0766906738
.1137847900
.1047821045
.1231689453
-.1600799561
-.1320343018
.1157989502
.1286773682
-.1007385254
-.0986633301
.1618194580
.1114349365
.1410369873
.1145019531
.1019744873
-.0996246338
-.0885162354
-.1526794434
-.1186370850
-.0731201172
.1166839600
.1105499268
-.1033477783
.1079711914
.0927276611
.0810089111
-.0739593506
-.1001892090
-.1132202148
-.0747222900
.1186370850
.0930328369
-.0792694092
.1064147949
-.0882263184
-.0943756104
-.1130981445
-.1165008545
.1120910645
-.1271514893
.1271362305
-.1078186035
-.1033782959
-.1251220703
.0828094482
.0947265625
-.1136627197
.1054229736
.0742950439
.0766601563
-.0752410889
-.0837707520
.0927276611
.0723114014
-.0760803223
.0733642578
.0767517090
-.0764007568
.0709381104
-.0839233398
-.0649261475
-.0740509033
.0613403320
.0594940186
-.1030731201
-.0865478516
-.1051025391
.0827331543
.0718536377
.0921325684
-.1165771484
.0688934326
.0768127441
-.0707397461
-.0702209473
.0747680664
-.0879364014
.1052093506
-.0590820313
-.0857543945
-.1071014404
.0943450928
.1109008789
-.0846710205
.1004486084
-.0993652344
.1011962891
.0948791504
.0838012695
-.0778656006
.0957794189
-.0849304199
.1082611084
.1193542480
-.1231231689
-.1029205322
-.1042938232
.0926971436
-.1036682129
.0872650146
.0912933350
-.0787353516
-.0923767090
-.0776977539
-.1082916260
.1183166504
-.1090393066
-.1014709473
-.1449127197
.1395721436
-.0740661621
-.0774383545
-.0893859863
.0717468262
-.0942993164
-.1132507324
-.0966491699
-.1089782715
.1024627686
.1101379395
.0835876465
.0779418945
.0767059326
-.0786743164
-.1061096191
-.0805816650
-.0715637207
.0855712891
-.1134643555
-.0782623291
-.1466827393
-.0865173340
.0609130859
-.0713500977
.1111907959
.0991973877
-.0649414063
-.0888366699
.0820159912
.0818023682
-.1081695557
.1266021729
.0890960693
-.1157226563
.0928649902
.0709686279
.0710601807
-.0668640137
-.0761260986
-.0778045654
.0977783203
-.1014862061
-.0994110107
-.1037597656
-.1012725830
.0855712891
-.0920410156
-.1045074463
.1289215088
-.0600128174
.0874023438
-.0746307373
-.0663757324
-.0900573730
.1370239258
-.0694885254
.0779571533
-.0675964355
.0679931641
.0921630859
.0679931641
-.0711669922
-.0939178467
-.0537719727
-.0719451904
-.0700531006
-.1050567627
-.0543365479
-.0624237061
-.0698394775
.0978698730
.0635833740
-.0707702637
.0857391357
-.0557556152
-.0817413330
-.1107635498
-.0726470947
.0554809570
.0597076416
-.1059875488
-.0487365723
.0815734863
-.0971832275
-.0830230713
-.0855712891
.0724182129
-.0669250488
.0844879150
-.0820922852
-.1117858887
.1072845459
.0820007324
-.1259002686
-.0785827637
-.0659332275
.0785980225
.0637207031
-.0765075684
.0580749512
-.0767822266
.0760955811
.0648345947
-.0872039795
.0596923828
.0567016602
-.0621948242
.0735931396
.0855407715
-.0588989258
.0777282715
-.0768432617
-.0650634766
-.0949249268
-.0715484619
-.0735778809
-.0706329346
.0828704834
.0717315674
.0671691895
-.0708465576
.0933227539
.1042480469
-.0984954834
-.0778656006
-.0615081787
.0812225342
-.0736846924
.0691528320
-.0767974854
.0511169434
-.0774078369
.0426788330
.0735168457
.0520477295
.0580139160
.0607299805
.0671234131
-.0788421631
-.0652465820
-.0725708008
-.0680847168
-.0607757568
-.0587921143
-.0508575439
-.0822906494
-.0457153320
-.0587158203
.0665740967
.0613708496
-.0663452148
.0650024414
-.0415496826
.0662841797
.0668029785
-.0444946289
.0387420654
-.0365600586
-.0485076904
.0478668213
-.0401000977
.0377655029
.0334014893
-.0429534912
-.0416412354
-.0289154053
.0349578857
.0265960693
-.0290985107
.0517883301
-.0344696045
-.0381317139
-.0433654785
-.0479125977
.0357513428
.0508575439
-.0368652344
-.0335235596
-.0395202637
-.0357055664
.0270385742
-.0292053223
-.0320281982
.0273590088
.0360717773
-.0224609375
.0357513428
-.0279388428
-.0367889404
-.0285339355
-.0333709717
.0364990234
.0160980225
-.0298309326
-.0178833008
-.0322265625
-.0314025879
-.0251617432
-.0208129883
.0273437500
.0275115967
.0322113037
-.0290222168
-.0238952637
-.0260620117
-.0229339600
.0266113281
-.0122833252
-.0183258057
.0193634033
-.0207366943
-.0194702148
-.0366821289
.0156860352
-.0209197998
.0192413330
.0137786865
.0189361572
-.0254821777
.0250854492
.0196990967
.0159606934
-.0204467773
.0173492432
-.0239105225
.0222778320
.0257873535
.0153808594
-.0126190186
.0184936523
-.0129089355
.0098571777
.0134887695
.0137939453
.0164947510
-.0178375244
-.0150756836
.0155944824
.0163726807
-.0122375488
-.0173339844
.0101623535
.0095367432
-.0106811523
.0104980469
-.0092163086
-.0106201172
-.0073089600
.0108337402
-.0122985840
.0095367432
-.0109405518
.0079345703
-.0132293701
-.0159149170
.0075378418
-.0094451904
-.0092163086
.0167388916
-.0083770752
-.0083923340
.0072174072
-.0124511719
.0101318359
.0085601807
-.0127563477
-.0072479248
.0058593750
-.0059204102
.0076904297
.0055847168
.0065002441
-.0093536377
-.0076904297
-.0057067871
.0052032471
-.0060577393
-.0054168701
.0071411133
.0050201416
.0044250488
.0061950684
.0050506592
.0062255859
-.0060729980
-.0073089600
.0050964355
-.0040588379
.0041351318
-.0046691895
.0052490234
-.0033264160
.0045013428
.0041046143
-.0048217773
.0035095215
.0036163330
.0042114258
-.0037384033
-.0042266846
.0033264160
-.0032348633
.0023345947
-.0022277832
.0032043457
-.0038604736
-.0029754639
-.0044403076
.0027770996
.0046844482
-.0027160645
.0030059814
.0022888184
.0037384033
-.0036468506
.0045623779
.0035095215
.0025024414
-.0024261475
.0026855469
.0018157959
-.0029296875
.0022888184
-.0021820068
.0016479492
.0021209717
.0019683838
-.0017700195
.0020904541
-.0021514893
.0016479492
-.0022583008
-.0020294189
-.0017547607
-.0015106201
.0019073486
.0021972656
-.0016784668
-.0016326904
.0008697510
-.0015869141
-.0014648438
.0011749268
-.0011444092
-.0015106201
