.0002441406
-.0015106201
-.0020751953
.0052185059
.0019531250
-.0037231445
-.0054168701
.0072021484
.0052795410
-.0115966797
.0066070557
.0085296631
-.0074615479
.0048370361
-.0067291260
-.0038299561
-.0097808838
.0168304443
.0092010498
-.0222015381
.0092773438
.0046539307
-.0069427490
.0065917969
.0130462646
-.0175476074
.0052947998
.0148162842
-.0069580078
-.0130920410
.0139465332
.0180969238
-.0131225586
-.0055694580
.0108795166
-.0118103027
.0088653564
.0213470459
-.0161132813
-.0247650146
.0260009766
.0157775879
-.0226898193
.0105133057
.0109405518
-.0102996826
-.0057220459
.0088043213
-.0078735352
-.0221252441
.0163574219
.0136566162
-.0175323486
-.0088195801
.0125122070
-.0145721436
-.0149078369
.0182342529
.0121307373
-.0160217285
-.0166168213
.0204315186
-.0152282715
-.0135498047
.0218353271
-.0155334473
-.0203399658
.0121154785
.0127716064
-.0222015381
-.0133209229
.0178680420
.0109863281
-.0162506104
.0219421387
-.0287170410
-.0200195313
.0171508789
.0245971680
-.0236358643
-.0292968750
.0309448242
-.0118408203
-.0171203613
.0092620850
.0125732422
-.0138397217
-.0095367432
.0167541504
-.0195922852
-.0148468018
.0292816162
.0116424561
-.0298614502
.0076293945
.0098419189
-.0157470703
.0099182129
.0079040527
-.0111389160
-.0171051025
.0178222656
.0196228027
-.0242614746
.0140838623
.0191802979
-.0088500977
-.0072326660
.0097961426
.0130310059
-.0205993652
.0143432617
.0177459717
-.0184936523
-.0069580078
.0146179199
-.0155944824
-.0181732178
.0114288330
.0174255371
-.0212554932
.0079650879
.0187072754
-.0124664307
-.0141296387
.0156707764
.0124664307
-.0147399902
-.0097656250
.0181732178
-.0142822266
-.0120849609
.0160217285
-.0114593506
-.0121307373
.0216827393
-.0093688965
-.0128936768
.0108184814
.0214233398
-.0162963867
-.0170593262
.0076293945
-.0139770508
.0092315674
.0094909668
.0076751709
-.0059509277
.0113220215
.0094909668
-.0234680176
-.0081329346
.0202636719
-.0092468262
.0062255859
.0135955811
-.0105438232
-.0063476563
.0084075928
.0091247559
-.0164337158
.0089416504
.0208740234
-.0158386230
-.0152130127
.0183105469
-.0111846924
-.0133972168
-.0102386475
.0126037598
-.0128021240
.0072479248
.0204620361
-.0198516846
-.0153808594
.0123596191
-.0182037354
-.0182952881
.0091400146
.0198822021
-.0149230957
-.0100250244
.0121002197
-.0180969238
-.0135498047
.0168457031
.0059051514
-.0154418945
.0130462646
.0119781494
-.0214080811
.0109863281
.0149383545
.0082550049
-.0183258057
-.0087890625
.0169677734
-.0174255371
-.0115509033
.0152282715
-.0169525146
-.0169525146
.0107727051
.0146026611
-.0250701904
-.0103912354
.0203247070
-.0096435547
-.0094909668
.0131072998
.0065765381
-.0250701904
.0245666504
.0228271484
-.0148925781
-.0159301758
.0184478760
.0078430176
-.0272064209
.0207672119
-.0129089355
-.0232391357
.0137023926
.0178985596
-.0184783936
-.0225524902
.0214385986
-.0134735107
-.0170135498
.0252838135
.0093994141
-.0302734375
-.0088806152
.0253906250
-.0118408203
-.0146789551
.0109558105
.0223083496
-.0149993896
-.0092773438
.0132141113
-.0218353271
.0097198486
.0237579346
-.0182647705
-.0193939209
.0149841309
.0166320801
-.0225982666
-.0135345459
.0234680176
-.0141143799
.0070648193
.0113983154
.0153045654
-.0173797607
.0131683350
.0143280029
-.0191192627
.0146789551
.0211791992
-.0181884766
-.0241851807
.0202941895
.0165405273
-.0204620361
-.0146942139
.0108032227
.0103759766
.0121917725
-.0136260986
-.0178070068
-.0085449219
.0208587646
.0146484375
-.0203704834
.0087432861
.0110473633
-.0214538574
.0121612549
.0133361816
-.0179443359
-.0182952881
.0189819336
.0108184814
-.0127105713
-.0153503418
.0187683105
-.0139160156
-.0072937012
.0156250000
-.0180358887
-.0137634277
.0163269043
.0238952637
-.0183410645
-.0166320801
.0064239502
.0117797852
.0158691406
.0099334717
-.0108184814
-.0137329102
.0088958740
.0213165283
-.0229339600
.0137023926
.0146331787
-.0179595947
-.0146484375
.0104675293
.0178375244
-.0250396729
.0198059082
.0224456787
-.0243682861
.0099182129
.0077819824
.0085296631
-.0126800537
.0155487061
.0099639893
-.0213928223
.0078125000
.0175628662
-.0208435059
-.0170745850
.0222167969
.0080871582
-.0133819580
.0084075928
.0124816895
-.0216979980
.0060119629
.0200042725
-.0212554932
-.0073699951
.0269775391
-.0184020996
-.0253601074
.0200347900
.0232696533
-.0296020508
-.0204772949
.0316314697
.0128784180
-.0262145996
.0106658936
.0094757080
-.0184326172
.0117187500
.0233306885
-.0162963867
-.0356445313
.0266723633
.0158843994
-.0274200439
.0100708008
.0135498047
-.0260772705
-.0147094727
.0229949951
.0170135498
-.0257415771
.0126495361
.0229949951
-.0294189453
-.0076599121
.0124511719
.0167694092
.0114440918
-.0215148926
.0155181885
-.0168762207
.0235900879
.0237121582
-.0340423584
-.0151977539
.0321044922
-.0110168457
-.0161895752
.0121459961
.0242919922
-.0238189697
-.0136718750
.0284881592
-.0201416016
-.0140533447
.0162506104
-.0124816895
-.0116882324
.0170593262
-.0061492920
-.0269317627
.0140686035
.0227661133
.0173797607
-.0167236328
-.0115051270
.0133209229
-.0204467773
.0151519775
.0135040283
-.0151824951
.0121612549
.0167846680
-.0146026611
-.0152282715
.0139465332
.0145111084
-.0242156982
-.0116271973
.0196838379
.0115509033
-.0160827637
-.0107879639
.0190429688
.0100402832
-.0121765137
-.0104522705
-.0189208984
.0158843994
.0154876709
.0078735352
-.0161590576
-.0107879639
.0155029297
-.0134735107
-.0160217285
.0111083984
-.0083160400
-.0095520020
-.0072174072
.0136871338
-.0256805420
.0126953125
.0188446045
-.0197753906
.0087738037
.0138244629
-.0126495361
-.0152130127
.0141754150
.0191040039
-.0162506104
.0051269531
.0133209229
-.0177001953
.0117645264
.0157165527
-.0131378174
-.0173034668
.0125274658
.0062408447
-.0135650635
.0081024170
.0122070313
-.0081481934
-.0167846680
.0092010498
.0110473633
-.0176086426
-.0138854980
.0177917480
-.0135192871
-.0137023926
-.0084533691
-.0075836182
-.0195617676
.0195159912
.0108795166
-.0213928223
.0091857910
.0202484131
-.0141906738
-.0154724121
.0150909424
.0117950439
-.0214080811
-.0097351074
.0265197754
-.0292968750
.0094146729
.0283203125
-.0143127441
-.0167083740
-.0064697266
.0170288086
-.0158538818
-.0128326416
.0183258057
-.0142669678
-.0081329346
.0154266357
-.0063934326
-.0241088867
.0104675293
.0183563232
.0106658936
-.0104217529
.0105133057
-.0122833252
-.0169677734
.0222167969
-.0100708008
-.0227508545
-.0082702637
.0299530029
-.0222473145
-.0180664063
.0200805664
.0080718994
-.0169067383
-.0094604492
.0103149414
-.0143432617
.0093994141
.0246276855
-.0170440674
-.0156707764
.0181884766
.0062255859
-.0288085938
.0134735107
.0219573975
-.0166015625
-.0215911865
.0256347656
.0112609863
-.0290679932
.0197448730
.0193939209
-.0121307373
-.0187377930
.0141754150
.0104980469
-.0204315186
.0217590332
.0145416260
-.0229644775
-.0082397461
.0146179199
.0110473633
-.0160217285
.0175323486
-.0083312988
-.0213317871
-.0095520020
.0219421387
-.0233764648
.0053253174
.0218963623
-.0095062256
-.0127105713
.0153808594
.0197296143
-.0342712402
.0096740723
.0244750977
.0185699463
-.0198364258
.0088043213
-.0068969727
-.0149230957
.0135955811
.0151977539
-.0209655762
-.0164794922
.0181121826
-.0131988525
-.0100402832
.0146636963
.0082244873
-.0164489746
.0069122314
.0112762451
-.0182189941
-.0143890381
.0267944336
-.0178680420
-.0089263916
.0195770264
.0055541992
-.0176544189
-.0044250488
.0181732178
-.0133819580
-.0067138672
.0202331543
-.0102539063
-.0151519775
.0128326416
.0091400146
-.0164642334
-.0112762451
.0124359131
-.0149536133
.0094451904
.0187530518
-.0084533691
-.0123748779
.0093383789
.0066680908
-.0111389160
-.0103454590
.0189971924
-.0175323486
-.0131988525
.0246276855
-.0072021484
-.0155792236
.0111541748
.0102996826
-.0167999268
.0105743408
.0177612305
-.0170593262
-.0183105469
.0261535645
.0112762451
-.0260925293
.0073089600
.0108337402
.0122222900
-.0142669678
.0110015869
.0112152100
-.0227050781
.0203399658
.0148010254
-.0249786377
-.0061340332
.0212554932
.0095367432
-.0148162842
.0139770508
.0062103271
-.0202178955
.0130310059
.0109100342
-.0100097656
-.0063934326
.0126190186
-.0127105713
-.0159149170
.0199737549
.0131988525
-.0182800293
.0092315674
.0158843994
-.0158996582
-.0135040283
.0209045410
.0077819824
-.0259857178
.0097656250
.0100860596
-.0125122070
.0110015869
.0156707764
-.0158538818
-.0132904053
.0216674805
.0072326660
-.0175628662
-.0087890625
.0303955078
-.0246124268
-.0181121826
.0284271240
-.0092010498
-.0201721191
.0153045654
.0186767578
-.0221252441
-.0085754395
.0134582520
-.0132904053
-.0166015625
.0236511230
-.0072326660
-.0164337158
.0093078613
.0172271729
-.0256652832
-.0131530762
.0313415527
.0082397461
-.0291748047
.0144042969
.0273895264
-.0264282227
-.0124511719
.0142517090
.0159912109
-.0155487061
.0108184814
.0121765137
-.0237579346
.0215606689
.0224609375
-.0237121582
-.0113525391
.0230560303
.0121307373
-.0188446045
.0147399902
.0207672119
-.0291900635
-.0105133057
.0260314941
-.0134887695
-.0108642578
-.0074310303
.0121307373
.0080871582
.0164794922
.0059509277
-.0307922363
.0150451660
.0334320068
-.0213623047
-.0176849365
.0161132813
.0204010010
-.0181732178
-.0131683350
.0186157227
-.0180816650
-.0039367676
.0139770508
-.0107421875
-.0175323486
.0139617920
.0127410889
-.0182495117
.0159759521
-.0038909912
-.0169982910
-.0074462891
.0200195313
.0121917725
-.0237426758
.0153350830
.0166320801
-.0096282959
-.0101165771
.0085906982
-.0193634033
-.0139617920
.0245971680
-.0131988525
-.0184631348
.0111541748
.0141906738
-.0230560303
.0173034668
.0148010254
-.0204010010
-.0097351074
.0150604248
.0092926025
-.0154113770
.0115051270
.0112915039
-.0208282471
.0082092285
.0164184570
-.0198211670
-.0115814209
.0245056152
.0117340088
-.0203704834
-.0093841553
.0208435059
-.0145721436
-.0126800537
.0125885010
-.0088653564
-.0043334961
.0151519775
.0161590576
-.0305328369
-.0084228516
.0204772949
-.0240173340
.0069122314
.0224304199
.0111389160
-.0345764160
-.0216979980
.0529327393
-.0357971191
-.0170135498
.0339965820
.0324249268
-.0220031738
-.0087738037
-.0121612549
-.0151062012
-.0987548828
.0531768799
-.0806732178
-.0380249023
.0477294922
-.0399017334
-.0388031006
.0461273193
-.0131683350
.0117645264
-.0179443359
.0062255859
.0287475586
-.0278930664
.0178680420
.0217590332
-.0399475098
.0252380371
.0105285645
-.0308074951
.0107727051
.0226898193
.0096893311
-.0323791504
.0158996582
.0367889404
-.0334014893
-.0170440674
.0345611572
.0102996826
-.0362854004
.0260162354
.0165710449
-.0154724121
-.0111389160
.0203704834
-.0185546875
-.0186767578
.0283813477
-.0122985840
-.0242309570
.0130157471
.0241851807
-.0240478516
-.0155944824
.0214691162
-.0090026855
-.0265808105
.0240478516
.0261688232
-.0316619873
-.0134124756
.0285949707
-.0184936523
-.0227508545
.0169677734
.0181579590
-.0170440674
-.0106964111
.0173950195
-.0204315186
-.0146179199
.0282135010
-.0096893311
-.0251312256
.0178985596
.0125579834
-.0137176514
.0085601807
.0253143311
-.0243988037
-.0141601563
.0242614746
-.0078125000
-.0186920166
.0114288330
.0160980225
-.0101470947
-.0110321045
.0170440674
-.0238189697
-.0073852539
.0294647217
-.0153503418
-.0257720947
.0166931152
.0220642090
-.0153656006
-.0074920654
.0167694092
-.0142211914
-.0168304443
.0294799805
-.0111999512
-.0277099609
.0174713135
.0211791992
-.0108795166
-.0198822021
.0202026367
-.0088195801
-.0165710449
.0175933838
.0119781494
-.0143127441
-.0040283203
.0111541748
-.0074768066
-.0088043213
.0149841309
-.0111236572
-.0143432617
.0141143799
.0059509277
-.0120391846
.0059967041
.0121459961
-.0090026855
-.0109710693
.0086364746
-.0072021484
-.0079498291
.0166015625
.0135955811
-.0281219482
.0141143799
.0302581787
-.0321197510
-.0181274414
.0278930664
.0133666992
-.0211181641
.0066833496
.0223388672
-.0250396729
-.0111846924
.0193481445
.0056610107
-.0144042969
.0104064941
.0139923096
-.0186462402
-.0082702637
.0215606689
-.0113677979
-.0214996338
.0202484131
.0070953369
-.0199127197
.0131225586
.0198211670
-.0249328613
-.0187683105
.0266571045
-.0133666992
-.0169067383
.0213012695
.0131988525
-.0287322998
.0144042969
.0281219482
-.0296936035
-.0243377686
.0300140381
.0231018066
-.0265655518
.0071105957
.0206451416
-.0198516846
-.0103912354
.0206451416
.0137176514
-.0318145752
.0180664063
.0244445801
-.0200195313
-.0180206299
.0206909180
.0045318604
-.0139770508
.0115966797
-.0045928955
-.0148773193
.0139312744
.0142669678
-.0159759521
-.0088806152
.0138244629
-.0087127686
-.0106353760
.0110626221
.0092010498
-.0086212158
-.0044708252
.0063018799
-.0019226074
-.0034484863
.0023956299
.0007781982
-.0007476807
-.0088195801
