.0000457764
-.0000305176
.0000457764
.0003509521
-.0005493164
.0014648438
.0043487549
-.0035095215
-.0026550293
-.0038299561
.0193328857
.0060272217
.0066528320
-.0045471191
-.0028839111
.0064239502
-.0013732910
.0012512207
-.0026550293
.0033874512
.0023956299
-.0098876953
-.0056304932
-.0071105957
.0021820068
-.0016326904
.0011749268
.0017700195
.0007324219
.0071411133
-.0055694580
.0028686523
.0026092529
.0014343262
.0019531250
-.0024108887
-.0014343262
.0024261475
-.0050964355
.0035858154
-.0050811768
.0039825439
-.0020141602
.0014495850
-.0015869141
.0040435791
.0026397705
.0010681152
.0016937256
-.0017852783
.0020751953
-.0022430420
-.0028533936
-.0018310547
-.0011291504
.0008087158
-.0006561279
-.0007324219
-.0007019043
-.0004272461
.0007629395
-.0005340576
.0008697510
-.0007324219
-.0004882813
-.0005645752
.0005798340
.0003509521
.0005645752
.0005493164
-.0005340576
-.0006561279
.0005493164
.0004882813
.0003814697
-.0005340576
-.0004425049
-.0006561279
.0006713867
.0003356934
.0003204346
-.0004119873
-.0004119873
-.0005035400
.0015411377
.0008087158
.0025482178
-.0016784668
-.0017547607
.0015563965
.0013580322
.0011444092
.0016784668
-.0060119629
.0047607422
.0029144287
-.0015869141
-.0032348633
-.0011138916
-.0012359619
-.0033874512
-.0055084229
-.0047607422
.0016174316
-.0015258789
-.0008087158
.0009765625
-.0061492920
-.0050506592
-.0027465820
.0017395020
.0047302246
.0022888184
.0023803711
.0098266602
-.0042266846
-.0061645508
-.0015869141
-.0120544434
-.0149841309
-.0045318604
.0053100586
-.0079345703
-.0050964355
-.0092773438
-.0021514893
-.0034790039
-.0070037842
-.0062103271
.0028839111
-.0058441162
-.0062866211
.0064544678
-.0066680908
-.0101928711
.0034332275
.0073089600
-.0048522949
-.0148773193
.0063323975
-.0032348633
.0010833740
-.0071105957
.0031890869
.0024108887
-.0057678223
.0029754639
-.0014801025
-.0015411377
-.0047149658
.0086822510
.0045928955
-.0018920898
-.0064849854
.0048065186
-.0019226074
.0048828125
.0016937256
-.0115356445
.0017547607
-.0050659180
.0141448975
.0061340332
-.0027770996
-.0148162842
.0065460205
.0029602051
.0010375977
.0029144287
-.0024566650
.0023956299
-.0090637207
.0028686523
.0007324219
-.0032958984
-.0042266846
.0010986328
.0018615723
-.0031890869
.0017089844
.0015716553
.0016937256
.0033721924
.0036163330
.0018463135
-.0020294189
-.0014648438
.0012664795
-.0007019043
.0004119873
-.0006408691
.0012969971
.0009002686
-.0013275146
.0015258789
.0038604736
-.0027008057
.0007171631
.0010986328
.0024719238
-.0006408691
-.0015869141
-.0009765625
.0005340576
.0006713867
-.0004730225
-.0002899170
.0011291504
-.0014190674
.0007171631
-.0003814697
-.0005493164
-.0007629395
-.0005035400
.0005645752
.0005645752
.0005493164
-.0005187988
.0005798340
.0009002686
.0005035400
-.0003814697
-.0004272461
-.0002593994
.0008544922
.0005187988
.0006713867
-.0009002686
.0006408691
-.0005493164
.0003509521
-.0007476807
-.0004577637
-.0005950928
-.0002593994
.0009002686
.0007934570
-.0004272461
-.0002746582
.0004577637
.0005035400
.0006561279
.0005645752
.0006713867
.0005950928
.0004119873
.0005798340
-.0009918213
.0005950928
-.0005035400
-.0003967285
.0005493164
.0006561279
.0003356934
.0003814697
-.0004425049
.0003509521
-.0003814697
-.0002899170
-.0004272461
.0005340576
.0003662109
-.0007476807
-.0007781982
-.0009002686
.0018920898
.0109100342
.0039062500
.0056762695
.0042724609
.0020904541
.0014953613
.0018463135
.0015258789
-.0013580322
-.0099029541
.0028686523
.0022430420
.0074920654
.0078887939
.0050201416
.0040283203
-.0039062500
-.0102386475
.0019836426
.0023040771
.0106048584
-.0031280518
.0021667480
.0038757324
.0016174316
.0011444092
.0018463135
.0100555420
.0032196045
.0164031982
-.0022583008
.0077667236
.0025024414
-.0009155273
.0090332031
.0020904541
-.0021667480
.0019683838
.0008544922
.0011138916
-.0035400391
-.0090179443
-.0117340088
-.0029449463
-.0055999756
.0106048584
.0021362305
-.0044708252
-.0082397461
-.0032348633
.0072174072
-.0016784668
.0035858154
.0063934326
.0055541992
.0019226074
-.0062713623
.0054321289
-.0016326904
.0011444092
-.0062408447
.0017700195
-.0012359619
-.0025024414
.0076446533
.0068054199
-.0019836426
.0015869141
.0108032227
-.0017852783
-.0063476563
-.0055541992
-.0031433105
.0036010742
-.0028381348
.0028076172
-.0020294189
-.0076446533
-.0061035156
.0064086914
.0027160645
-.0043792725
.0054779053
.0075836182
-.0018310547
-.0015258789
-.0010375977
.0020751953
-.0148925781
.0027008057
-.0025024414
-.0016326904
.0016632080
.0081176758
.0032348633
.0040130615
-.0124969482
.0054626465
.0049285889
-.0070648193
.0112762451
-.0052032471
.0066833496
.0009460449
.0054473877
-.0087280273
-.0028533936
.0067443848
.0059051514
-.0011596680
-.0045166016
-.0021667480
-.0024566650
-.0008392334
.0025939941
-.0031127930
-.0010681152
-.0073242188
-.0014190674
.0012664795
-.0007476807
.0099945068
-.0016632080
-.0019073486
.0006866455
-.0008850098
.0053100586
.0022735596
.0081024170
.0046539307
.0021057129
.0027313232
.0038757324
.0052490234
.0051269531
-.0050811768
.0041351318
.0032043457
-.0042419434
.0011901855
.0014801025
-.0082702637
-.0020141602
.0023345947
-.0027770996
-.0024261475
-.0031738281
-.0031890869
-.0045623779
-.0005035400
-.0014648438
.0048370361
-.0019989014
-.0009613037
.0032501221
.0021209717
-.0036773682
-.0070190430
-.0011291504
-.0011901855
.0015869141
.0007629395
.0010375977
.0005187988
-.0036926270
.0039825439
.0018005371
.0019378662
-.0110778809
.0022430420
.0009918213
.0013885498
-.0022125244
-.0010528564
-.0008850098
.0052032471
-.0043945313
.0019989014
-.0021667480
-.0028076172
.0019226074
.0020751953
-.0009613037
.0007476807
.0015106201
-.0036010742
.0029449463
.0009918213
.0016021729
.0014343262
.0082244873
.0037841797
.0063171387
.0035400391
.0033874512
-.0032806396
-.0026397705
-.0046691895
-.0044097900
.0024108887
.0069580078
.0028228760
.0064392090
-.0049743652
.0042572021
.0088806152
.0070953369
-.0053863525
.0061645508
.0021209717
-.0016632080
.0075531006
-.0131530762
-.0031127930
.0049133301
-.0030670166
-.0034179688
.0019378662
.0008239746
.0031127930
-.0020141602
-.0093383789
.0029754639
-.0019836426
.0029754639
.0069580078
-.0103912354
-.0071258545
-.0039825439
-.0020599365
-.0014801025
-.0010070801
.0009918213
-.0022888184
.0015258789
-.0010986328
-.0036163330
-.0010986328
.0027770996
.0018615723
-.0109252930
.0020904541
.0022888184
-.0015258789
.0046844482
-.0017395020
-.0093383789
-.0053710938
.0019378662
-.0012207031
-.0009918213
-.0014495850
-.0017700195
-.0015716553
.0009765625
.0008697510
-.0013885498
-.0009918213
-.0010681152
-.0012054443
-.0043792725
.0015258789
.0039215088
.0049133301
-.0021362305
.0009460449
.0008392334
-.0011291504
.0014343262
.0076904297
-.0061340332
.0027465820
-.0013427734
-.0030212402
-.0014190674
.0013580322
-.0014343262
-.0011444092
-.0049591064
.0046997070
-.0014495850
.0012817383
.0020751953
.0024108887
.0040740967
-.0040893555
.0054168701
.0031433105
-.0057220459
.0026855469
.0018768311
.0044250488
.0010223389
-.0066223145
-.0039215088
.0026550293
-.0070648193
.0037078857
-.0058898926
-.0054779053
-.0047607422
.0081481934
-.0018463135
.0081939697
.0023040771
-.0024566650
-.0083923340
.0072937012
.0090942383
-.0042877197
.0068511963
.0057830811
.0066223145
.0106658936
-.0021667480
-.0010681152
.0061950684
.0057830811
.0042266846
.0032806396
-.0037841797
-.0078887939
.0019073486
-.0046997070
-.0072784424
.0028686523
-.0097656250
.0092926025
.0043792725
-.0124816895
.0067291260
.0041046143
-.0098724365
-.0048675537
-.0107269287
-.0072326660
.0026397705
-.0198822021
.0075225830
.0033264160
.0093841553
.0025024414
.0022277832
.0016632080
.0022583008
.0011901855
-.0115356445
.0021362305
.0020904541
-.0018463135
.0013580322
-.0008239746
.0007781982
-.0018768311
.0010986328
.0066680908
-.0094451904
-.0014038086
-.0034942627
.0031890869
.0011749268
-.0014495850
-.0011596680
.0009918213
-.0014495850
-.0020294189
-.0010070801
.0025024414
.0030059814
.0078125000
-.0017395020
.0068969727
-.0016784668
-.0025482178
-.0075225830
-.0016326904
.0048522949
.0026397705
-.0062408447
.0086059570
-.0104064941
-.0017700195
-.0057067871
.0040130615
-.0051879883
-.0017852783
.0008392334
-.0011596680
.0018310547
.0012207031
-.0043487549
-.0017852783
-.0052947998
-.0019378662
-.0012207031
-.0039520264
-.0037994385
.0022583008
.0018005371
-.0017242432
.0131530762
.0023345947
.0037841797
-.0011901855
.0043334961
-.0032348633
-.0031127930
.0056304932
-.0035095215
-.0035095215
.0035705566
.0022125244
.0033264160
-.0030517578
-.0024261475
-.0010375977
-.0035858154
.0047912598
.0068206787
-.0030212402
-.0058746338
-.0093231201
.0033569336
-.0047607422
-.0125732422
-.0038452148
-.0032653809
-.0055084229
-.0016937256
-.0045471191
-.0014648438
.0069122314
.0026397705
.0065307617
.0120391846
.0050659180
-.0028076172
-.0033416748
.0185394287
-.0069122314
-.0017089844
-.0110778809
-.0015411377
-.0018463135
-.0010223389
.0011901855
-.0131988525
.0093841553
.0155029297
.0088195801
-.0087738037
.0061340332
-.0077209473
.0071868896
.0024566650
-.0070495605
-.0024261475
.0079650879
.0127258301
.0054626465
-.0065612793
-.0023498535
.0024414063
-.0020751953
-.0016174316
-.0017852783
.0018463135
.0008087158
.0005950928
.0019989014
-.0035705566
.0140838623
.0052947998
-.0017852783
.0030364990
-.0011749268
-.0011901855
-.0010833740
-.0010986328
-.0008544922
-.0005645752
.0006561279
.0015716553
.0007324219
.0019531250
-.0075683594
.0041198730
.0024414063
-.0040740967
-.0010070801
-.0008697510
.0012207031
.0012512207
-.0051727295
-.0027923584
-.0070037842
.0050659180
.0074005127
-.0030975342
.0029296875
.0008392334
-.0009613037
-.0006256104
.0010070801
.0022430420
-.0015563965
.0007781982
-.0012512207
-.0048980713
-.0020294189
-.0009002686
.0059051514
-.0011596680
.0020751953
-.0011596680
.0034332275
-.0027465820
-.0026245117
.0023956299
.0029449463
.0073089600
-.0014495850
-.0023498535
-.0012359619
-.0017242432
-.0075836182
-.0063476563
-.0026092529
.0021514893
.0023040771
-.0063171387
-.0082397461
.0062713623
.0070800781
-.0062255859
.0103454590
-.0045318604
.0050201416
.0042266846
.0017242432
.0047607422
-.0032348633
.0081176758
-.0017852783
-.0008850098
-.0073852539
.0056304932
.0088958740
.0065460205
-.0031890869
-.0015106201
-.0029602051
-.0015869141
-.0043792725
-.0065765381
-.0019531250
-.0019683838
.0039215088
.0039978027
.0015869141
-.0016326904
-.0049438477
.0025939941
.0146636963
-.0079956055
-.0032196045
-.0067291260
-.0036621094
-.0031890869
.0088500977
-.0040588379
.0067901611
.0047454834
.0047454834
.0014190674
.0021667480
.0032348633
-.0017242432
.0010681152
.0060882568
-.0025024414
-.0015716553
-.0073547363
-.0018005371
-.0084228516
.0069580078
.0010375977
-.0021820068
.0013885498
.0039672852
.0026092529
.0017089844
-.0009918213
.0013885498
.0007629395
-.0012359619
-.0009002686
.0005950928
-.0026702881
-.0013122559
-.0018157959
-.0016632080
.0033569336
.0025634766
.0052795410
.0021820068
-.0011291504
.0060577393
.0034637451
.0061492920
.0042877197
.0045318604
-.0018615723
-.0016326904
.0029296875
-.0036468506
-.0029296875
-.0014343262
.0018310547
-.0043945313
.0017852783
.0030059814
.0006866455
-.0019683838
.0057067871
.0056304932
-.0011291504
.0043029785
-.0017242432
-.0029754639
-.0022277832
-.0043945313
.0029449463
-.0013275146
.0029907227
.0012664795
.0008850098
-.0028381348
.0020751953
-.0016021729
.0040893555
.0100097656
-.0066986084
-.0045318604
.0033569336
.0033264160
.0102996826
.0009765625
-.0015716553
.0021667480
.0028991699
.0013122559
-.0075836182
.0013885498
-.0037078857
-.0016479492
.0021057129
.0033874512
-.0068664551
-.0062561035
.0091857910
.0051727295
.0023345947
-.0042419434
.0030364990
.0084075928
-.0027313232
.0011901855
-.0032348633
-.0028076172
-.0034179688
.0032501221
.0047607422
-.0058441162
.0131072998
.0014190674
.0016937256
.0013427734
-.0014038086
.0016174316
.0078887939
.0042419434
-.0012817383
-.0031433105
.0032806396
.0022430420
-.0012054443
.0008087158
-.0003356934
-.0011138916
.0018615723
.0009918213
.0010375977
.0018005371
.0004577637
.0004425049
.0003204346
-.0008239746
.0003662109
-.0002288818
-.0001983643
-.0007171631
-.0001831055
-.0012512207
.0001983643
.0002593994
-.0002899170
.0004882813
.0002441406
.0006713867
.0007629395
-.0001983643
.0004119873
.0001068115
.0001220703
-.0000915527
.0007629395
.0001525879
.0000915527
.0000915527
.0002746582
.0000762939
.0000610352
.0002441406
-.0001525879
-.0001068115
-.0000762939
.0000610352
-.0000610352
-.0000305176
-.0000457764
.0000457764
-.0000457764
-.0000305176
.0000305176
.0000457764
-.0000305176
-.0000305176
