-.0068664551
-.0048065186
-.0060424805
.0030975342
-.0057678223
.0066833496
-.0055084229
-.0061492920
-.0067443848
-.0044403076
-.0032501221
-.0049285889
-.0060272217
.0057220459
.0080566406
-.0104217529
-.0189819336
.0126037598
.0107269287
.0095062256
-.0073089600
.0072479248
.0080413818
.0174865723
.0101776123
.0116882324
.0120697021
-.0173339844
.0165557861
.0074462891
.0071258545
-.0071563721
-.0092010498
.0054168701
.0066680908
.0096588135
.0071105957
.0082855225
-.0083160400
.0075531006
-.0075836182
-.0060272217
-.0049896240
.0075378418
-.0116729736
.0053100586
-.0053710938
-.0064239502
-.0087738037
-.0100860596
-.0090942383
.0122375488
.0168151855
-.0119628906
-.0119781494
.0114593506
-.0153961182
.0145263672
.0132446289
-.0109100342
-.0123443604
-.0135955811
.0117645264
-.0144195557
.0162658691
.0179901123
-.0088043213
-.0108642578
.0165863037
.0209350586
-.0205535889
-.0178833008
-.0153961182
.0156860352
-.0098571777
.0162200928
-.0139617920
.0124206543
.0136413574
.0199584961
-.0091247559
.0130157471
-.0068664551
-.0111999512
-.0166931152
-.0149078369
-.0139465332
.0191955566
.0164337158
-.0225219727
.0190887451
.0169067383
-.0232238770
-.0213165283
.0235595703
-.0297241211
.0205535889
.0284576416
.0286560059
.0157012939
.0191192627
-.0211334229
-.0284271240
.0183105469
.0293579102
-.0282897949
.0336151123
-.0286102295
-.0358428955
-.0237274170
-.0327148438
-.0258941650
.0194244385
-.0177001953
.0164184570
.0172882080
-.0129241943
.0211486816
.0164031982
.0229492188
.0131378174
-.0109405518
.0322723389
.0205535889
-.0174255371
-.0222167969
.0271148682
-.0204162598
-.0243530273
.0158081055
-.0247344971
-.0265808105
-.0328521729
.0197296143
-.0293884277
-.0217742920
-.0222778320
-.0156250000
-.0253143311
-.0199279785
-.0229034424
-.0117187500
.0182189941
.0220336914
-.0191802979
.0269622803
.0185394287
.0159759521
-.0197143555
.0365142822
-.0270080566
.0256500244
.0180664063
.0289459229
-.0176849365
.0276641846
.0175170898
-.0213165283
-.0219879150
-.0305633545
.0234527588
-.0270385742
-.0301818848
-.0221710205
-.0225067139
-.0235290527
.0300445557
.0154571533
-.0150451660
-.0282745361
.0293121338
-.0209960938
.0226898193
-.0206909180
.0241546631
-.0222320557
.0292053223
.0267181396
.0194702148
.0236511230
.0260009766
.0296325684
-.0238342285
.0204010010
.0312500000
-.0399169922
.0383453369
.0307922363
.0324554443
-.0340881348
-.0388793945
.0304718018
-.0389709473
-.0272521973
-.0363922119
-.0248565674
.0365295410
.0318298340
.0358123779
.0393524170
.0428466797
-.0264129639
-.0304718018
-.0305633545
.0268249512
.0281066895
-.0345458984
-.0267791748
-.0325927734
.0210418701
-.0202331543
-.0188598633
.0210266113
.0223999023
-.0246887207
-.0252532959
.0249023438
.0234375000
-.0271301270
.0249328613
.0239715576
.0310058594
.0229644775
.0321197510
.0226745605
.0250549316
-.0253753662
.0279998779
.0248870850
-.0343017578
.0278778076
.0177764893
-.0194091797
-.0237426758
.0235137939
-.0299224854
-.0275115967
-.0261230469
-.0293579102
-.0246429443
-.0180969238
-.0232391357
-.0247344971
-.0339965820
-.0222015381
-.0261840820
-.0218658447
-.0379028320
-.0360107422
.0328674316
.0221862793
-.0177917480
.0208740234
-.0200195313
-.0256347656
.0234069824
-.0268096924
-.0238952637
-.0323486328
-.0312805176
-.0267639160
-.0237579346
.0357208252
-.0253753662
-.0214538574
.0241546631
.0305023193
.0299835205
-.0232849121
-.0276184082
.0237579346
-.0233917236
.0258178711
.0277404785
-.0208129883
-.0282897949
.0257110596
-.0296630859
.0238342285
-.0325012207
-.0302886963
-.0469970703
.0369720459
-.0208587646
-.0235290527
-.0297241211
-.0255279541
-.0399627686
.0329895020
.0294189453
-.0273132324
-.0297546387
.0401916504
.0240631104
-.0238952637
.0283050537
-.0306854248
-.0295715332
-.0199432373
.0209045410
-.0325317383
-.0290679932
-.0301971436
.0386505127
.0244293213
-.0345001221
.0237274170
.0286102295
.0304565430
.0334014893
-.0217437744
-.0258026123
-.0237426758
.0255584717
-.0232391357
.0310211182
-.0241394043
-.0205841064
-.0360565186
.0283050537
.0285339355
-.0315399170
-.0307617188
-.0265045166
-.0230560303
-.0280914307
-.0285949707
-.0246582031
-.0259857178
-.0347290039
-.0268402100
-.0240936279
-.0223999023
-.0271453857
.0235137939
.0270690918
.0271911621
.0350799561
.0365295410
-.0332031250
.0365600586
.0354614258
.0237579346
.0311126709
.0268096924
-.0266876221
.0307006836
.0228729248
-.0250549316
.0294189453
.0344848633
-.0370788574
.0303039551
-.0267028809
-.0279998779
-.0253448486
-.0221252441
.0297698975
.0344543457
-.0262756348
.0360412598
-.0247650146
.0203552246
.0364074707
.0211791992
-.0239715576
-.0322418213
-.0261230469
.0501556396
.0387573242
.0515594482
.0348510742
.0292053223
.0482177734
-.0309295654
.0318603516
-.0437774658
.0337066650
-.0249481201
.0306549072
-.0444946289
.0256500244
-.0327911377
-.0418243408
.0282135010
.0203094482
-.0275268555
.0227355957
-.0316467285
-.0355224609
-.0350952148
.0289154053
-.0369262695
-.0296478271
-.0220336914
-.0314331055
-.0330352783
-.0333099365
-.0353088379
.0242156982
-.0293121338
.0253906250
-.0247344971
.0351562500
.0494232178
-.0782928467
-.0538330078
.0739288330
.0677795410
-.0426330566
.0583801270
-.0426483154
-.0242004395
.0231323242
.0207061768
-.0312805176
-.0335083008
.0414428711
-.0388793945
-.0325012207
.0383605957
-.0319213867
-.0219268799
.0246429443
.0209503174
.0214691162
-.0310363770
-.0249633789
.0270538330
-.0381622314
-.0255584717
-.0197448730
.0292358398
-.0374298096
-.0340270996
-.0379638672
-.0244140625
.0328826904
-.0290069580
-.0259094238
.0411834717
-.0341033936
.0231018066
.0292358398
-.0311126709
-.0243835449
.0508728027
-.0409545898
.0410308838
.0309295654
-.0322418213
.0363159180
.0350799561
.0347747803
.0293121338
.0283966064
-.0193481445
.0312042236
-.0334320068
.0287780762
.0314178467
-.0190887451
-.0224609375
.0200653076
.0374755859
-.0268096924
-.0370635986
.0416107178
-.0368499756
.0275268555
.0373077393
.0569763184
-.0552368164
-.0358123779
.0303344727
-.0316467285
.0312957764
-.0288238525
-.0362091064
.0182495117
.0295257568
.0314331055
.0300750732
-.0170135498
-.0345764160
.0250091553
-.0292510986
-.0296630859
-.0322113037
-.0301361084
-.0252075195
-.0251159668
.0279235840
-.0366668701
.0401611328
.0247192383
.0231933594
.0186920166
.0357055664
.0305938721
-.0714721680
-.0579833984
.0584259033
.0518035889
.0452270508
.0549621582
-.0405120850
-.0288391113
.0409088135
-.0346069336
.0391998291
-.0323028564
.0347137451
-.0316619873
.0352935791
-.0329437256
-.0372161865
.0203399658
.0192413330
-.0196990967
.0436859131
.0178222656
.0232086182
.0328674316
.0261535645
-.0290222168
.0265045166
-.0374755859
-.0386810303
-.0250091553
-.0260009766
-.0289154053
.0332946777
-.0307617188
.0428771973
.0224914551
.0303344727
-.0332336426
.0288696289
.0443572998
-.0397033691
.0377502441
.0430755615
-.0473022461
-.0540008545
.0331878662
-.0293884277
.0288391113
.0239715576
.0347900391
.0227661133
.0294342041
-.0302581787
.0240173340
.0316467285
.0290527344
.0241699219
-.0195922852
.0360107422
-.0345764160
-.0330047607
-.0352783203
-.0345916748
.0385894775
.0301055908
.0378723145
.0362396240
.0449218750
-.0307769775
-.0450592041
-.0283203125
-.0388031006
-.0296936035
-.0362243652
-.0397033691
-.0367889404
-.0244903564
-.0296783447
.0208129883
.0278778076
-.0229644775
.0265502930
-.0326385498
-.0360565186
.0280303955
.0290069580
.0258636475
.0338745117
.0317382813
-.0294647217
.0247344971
.0312805176
.0355072021
.0351409912
.0363159180
.0326385498
-.0754089355
-.0957946777
.0533905029
-.0627593994
.0440216064
.0489501953
-.0429229736
.0287933350
.0305023193
-.0315093994
.0264587402
-.0295867920
.0235290527
-.0376892090
-.0316619873
-.0401916504
-.0265655518
.0380096436
-.0341033936
-.0295867920
.0286407471
-.0271759033
-.0365295410
-.0378112793
.0349884033
-.0221405029
-.0309295654
-.0249938965
.0174713135
.0387573242
-.0359649658
.0271759033
-.0216064453
-.0415191650
.0282592773
.0427246094
.0412292480
.0341339111
.0342254639
.0305175781
-.0334625244
-.0263824463
.0298767090
.0350646973
-.0416412354
.0355529785
.0298767090
-.0302581787
-.0430908203
-.0257568359
-.0295410156
-.0289001465
-.0257263184
-.0240020752
-.0308685303
.0294952393
-.0327758789
-.0223999023
-.0293731689
-.0337371826
.0482330322
-.0532073975
-.0338287354
.0487518311
-.0418090820
.0418701172
-.0288696289
-.0278320313
.0339508057
-.0276641846
.0285644531
-.0249633789
.0227050781
.0348358154
.0251312256
-.0255584717
.0271606445
.0328216553
.0311279297
.0278472900
.0364990234
.0270843506
.0193328857
.0334014893
.0295257568
-.0279693604
-.0270080566
-.0217132568
-.0292816162
-.0255584717
.0311584473
-.0365447998
-.0264129639
-.0313262939
.0306243896
.0478973389
-.0370025635
-.0731201172
.0585479736
-.0645904541
.0417022705
.0481567383
-.0378723145
.0299072266
-.0384674072
-.0426483154
-.0320587158
.0357971191
.0372772217
.0335388184
-.0313873291
.0483703613
.0425109863
.0334625244
.0289611816
.0315246582
.0248260498
-.0254669189
.0357055664
.0238037109
.0349884033
.0242004395
-.0374450684
.0238189697
.0308532715
-.0318756104
-.0322723389
-.0225677490
-.0279235840
-.0254669189
-.0250701904
-.0247039795
.0208740234
.0372314453
.0278778076
-.0276947021
.0270996094
-.0428466797
-.0398406982
-.0508575439
.0406951904
-.0236206055
-.0467987061
-.0239868164
.0300750732
-.0211181641
.0236053467
.0430603027
-.0267639160
.0262145996
.0340728760
.0152740479
-.0307312012
.0258178711
-.0255432129
.0360717773
-.0435791016
.0417175293
.0360412598
-.0544433594
-.0528869629
.0338439941
-.0419464111
-.0313873291
.0328979492
.0463104248
.0393524170
-.0413513184
-.0311126709
-.0246887207
.0366821289
.0196075439
.0238342285
-.0353240967
.0278015137
-.0233154297
.0257110596
-.0319366455
.0311431885
.0210571289
-.0491027832
-.0367279053
.0279541016
.0219268799
.0409088135
.0225982666
-.0233154297
.0285644531
.0343017578
-.0217742920
.0426025391
-.0361938477
-.0587005615
-.0663757324
-.0465850830
-.0648498535
.0398712158
-.0408782959
-.0230255127
.0414123535
.0460357666
-.0218963623
.0313110352
-.0312500000
-.0329132080
-.0355529785
-.0482177734
.0498352051
.0377502441
-.0233001709
-.0177764893
.0301055908
-.0359802246
-.0386657715
-.0344238281
-.0282440186
-.0393676758
-.0184478760
-.0257110596
.0273284912
.0383605957
-.0415344238
.0256652832
-.0378417969
.0331726074
.0233917236
-.0321807861
-.0323028564
.0269012451
.0357208252
-.0259857178
.0417480469
.0437469482
.0281829834
-.0318756104
.0331268311
-.0605163574
.0289764404
.0272827148
-.0380859375
-.0289001465
.0381469727
-.0312042236
-.0424804688
.0245819092
.0318908691
.0283355713
-.0325317383
-.0358428955
-.0274353027
-.0308380127
.0422973633
.0332031250
-.0532684326
.0331573486
.0492095947
.0426483154
.0391998291
-.0352478027
.0447387695
-.0317077637
-.0354919434
.0332183838
-.0358581543
-.0434265137
.0300445557
-.0272979736
-.0197753906
.0298004150
.0222015381
.0287170410
.0347290039
.0290069580
-.0395202637
.0318145752
.0329284668
-.0241088867
-.0314941406
.0387725830
-.0299835205
.0243530273
-.0332641602
-.0449218750
.0253448486
.0301055908
.0262603760
-.0425109863
-.0524902344
-.0520324707
.0593872070
-.0658569336
.0727081299
-.0709075928
-.0334625244
-.0192260742
-.0240783691
-.0352325439
.0362854004
.0287933350
.0435791016
.0352020264
.0286254883
-.0242614746
.0278015137
.0420684814
-.0298156738
.0235595703
.0238189697
-.0259399414
.0369415283
.0378570557
.0284729004
.0377044678
.0277252197
.0310058594
.0358276367
-.0261688232
.0419921875
-.0292358398
.0306396484
.0233001709
.0267639160
-.0290527344
.0352478027
.0309906006
.0343627930
.0291137695
-.0239715576
.0297698975
-.0266571045
-.0637207031
-.0413818359
.0299224854
-.0335845947
-.0458831787
.0235748291
-.0210266113
-.0218200684
.0238800049
.0332031250
.0253143311
.0290222168
.0258331299
.0416717529
-.0287628174
.0255737305
-.0422515869
-.0409545898
-.0443572998
-.0426635742
-.0494232178
.0468597412
.0497436523
-.0384063721
-.0304107666
.0328979492
.0505828857
-.0371246338
.0376281738
-.0303497314
-.0462799072
-.0312805176
-.0207061768
.0249481201
-.0307312012
.0241241455
.0310363770
.0227050781
.0297393799
.0413665771
-.0222320557
-.0362701416
-.0270690918
-.0173645020
-.0323791504
-.0148162842
-.0197143555
.0182647705
-.0265655518
.0265655518
-.0196685791
.0244445801
.0224456787
-.0238037109
.0365295410
.0154876709
-.0128479004
-.0110473633
.0171661377
-.0127716064
.0101013184
-.0111694336
.0095520020
-.0113677979
.0055999756
-.0086975098
-.0067749023
-.0078125000
.0054168701
-.0048065186
.0037994385
.0031433105
.0039215088
.0024414063
.0020141602
.0008544922
.0003509521
