-.0005950928
-.0005950928
-.0005798340
-.0007476807
-.0007476807
-.0006408691
-.0005798340
-.0006713867
-.0007171631
-.0006256104
-.0006866455
-.0006713867
-.0006408691
-.0006866455
-.0007781982
-.0006256104
-.0007629395
-.0006561279
-.0007781982
-.0006866455
-.0007019043
-.0007171631
-.0007476807
-.0006408691
-.0007476807
-.0006256104
-.0007324219
-.0007171631
-.0006103516
-.0007781982
-.0006713867
-.0005645752
-.0007171631
-.0006713867
-.0006408691
-.0007171631
-.0006256104
-.0007171631
-.0007476807
-.0006256104
-.0006561279
-.0007171631
-.0007019043
-.1990661621
-.1990814209
-.1483459473
-.1990814209
-.1990661621
.0740051270
-.1473846436
-.1247253418
.1609344482
-.1564178467
-.0786743164
.0638427734
.0772857666
.0629425049
-.0660858154
.0413055420
.0609741211
.0218811035
.0234680176
-.0366668701
-.0181427002
-.0274658203
.0124053955
-.0177917480
.0095977783
-.0111846924
.0083923340
-.0129089355
.0057373047
-.0080718994
.0067138672
-.0954284668
-.0577545166
-.0279083252
.0426483154
.0155029297
.0310058594
-.0186462402
.0156860352
-.0424499512
-.0179138184
.0149688721
-.0215454102
-.0204467773
-.0198516846
-.0183258057
-.0088806152
.0120544434
-.0066680908
-.0074310303
-.0082397461
-.0033264160
.0049133301
-.0049285889
-.0020751953
-.0065002441
-.0028839111
-.0044555664
.0054321289
-.0024108887
.0030517578
.0018615723
-.0019836426
.0009460449
.0019226074
.0016937256
.0015869141
-.0010833740
-.0014343262
.0016479492
-.0017852783
.0017700195
-.0017395020
.0021209717
-.0013427734
.0013427734
.0014190674
-.0015869141
.0011901855
-.0012817383
.0013580322
-.0013427734
.0010528564
-.0013885498
.0009613037
-.0010375977
-.0006561279
-.0009460449
-.0007476807
-.0007476807
-.0006866455
-.0004272461
-.0008087158
-.0010528564
-.0011749268
-.0008392334
-.0012054443
-.0010375977
-.0011444092
-.0012359619
-.0012969971
-.0013580322
-.0013122559
-.0012817383
-.0031280518
.0041351318
-.0044860840
-.0046386719
-.0054016113
-.0035552979
-.0028381348
-.0035552979
.0026550293
-.0029449463
-.0019531250
-.0023345947
-.0023040771
-.0024414063
-.0012969971
-.0013122559
-.0014343262
-.0015716553
-.0014648438
.0009460449
-.0022277832
-.0016174316
-.0019378662
-.0016326904
-.0012664795
.0012054443
-.0014953613
-.0013427734
-.0018920898
.0006866455
-.0015411377
-.0016937256
-.0016632080
-.0010223389
-.0012817383
.0013580322
-.0014038086
-.0013275146
.0012512207
-.0016784668
-.0015563965
.0011138916
-.0014953613
-.0011138916
.0011749268
-.0018768311
-.0015106201
-.0011901855
-.0013732910
-.0013122559
-.0012969971
-.0015411377
-.0008697510
-.0011901855
-.0017089844
-.0013122559
-.0014038086
-.0014648438
-.0008850098
-.0017700195
-.0015258789
-.0016174316
-.0014038086
-.0016174316
-.0010070801
-.0014801025
-.0014648438
-.0010986328
-.0020904541
-.0009918213
-.0012054443
-.0015106201
-.0019226074
-.0013275146
-.0015411377
-.0012207031
-.0009460449
-.0014648438
-.0015411377
-.0017700195
-.0010986328
-.0019531250
-.0013122559
-.0013732910
-.0019073486
-.0014801025
-.0016632080
-.0009307861
-.0014038086
-.0015258789
-.0014953613
-.0009002686
-.0013275146
-.0013275146
-.0011596680
-.0012664795
-.0013732910
-.0016784668
-.0011444092
-.0019531250
-.0016174316
.0014343262
-.0019531250
-.0019226074
-.0024719238
-.0017395020
.0012512207
-.0022583008
.0010070801
-.0014801025
-.0010681152
-.0017242432
-.0015563965
-.0018310547
-.0008697510
-.0014190674
-.0014953613
-.0015563965
-.0016174316
-.0010681152
-.0016021729
-.0013427734
-.0012969971
-.0017700195
-.0018768311
-.0011291504
-.0012512207
-.0010833740
-.0019683838
-.0018615723
-.0023040771
-.0018463135
-.0016021729
-.0016174316
-.0017700195
-.0019073486
-.0011291504
-.0019226074
-.0019531250
-.0019531250
-.0022583008
-.0009613037
-.0010070801
-.0013885498
-.0009613037
-.0017242432
-.0017395020
-.0013732910
-.0011444092
-.0017395020
-.0018615723
-.0020751953
-.0012359619
-.0020599365
-.0010833740
-.0012969971
-.0021209717
-.0021820068
-.0023956299
-.0013122559
-.0009307861
-.0014648438
-.0020446777
-.0019073486
-.0018310547
-.0013580322
-.0018615723
-.0020141602
-.0019378662
-.0014953613
-.0016326904
-.0022735596
-.0012207031
-.0016174316
-.0017547607
-.0019073486
-.0020904541
-.0009002686
-.0025787354
-.0015869141
-.0011596680
-.0012512207
-.0007934570
-.0013427734
-.0019226074
-.0014495850
-.0010375977
-.0015563965
-.0016021729
-.0016479492
-.0016174316
-.0017700195
-.0019073486
-.0019683838
-.0013732910
-.0013885498
-.0025787354
-.0015716553
-.0024414063
-.0009307861
-.0013275146
-.0017395020
-.0015258789
-.0014190674
-.0010528564
-.0015716553
-.0016632080
-.0018157959
-.0017547607
-.0010986328
-.0012817383
-.0017700195
-.0021820068
-.0017852783
-.0020294189
-.0010986328
-.0017089844
-.0015869141
-.0017089844
-.0016937256
.0013275146
-.0012664795
-.0015869141
-.0016784668
-.0017242432
-.0015258789
-.0013732910
-.0016479492
-.0017089844
-.0015258789
-.0010375977
-.0016784668
-.0013732910
-.0018310547
-.0014343262
-.0015869141
-.0014801025
-.0016021729
-.0010223389
-.0009613037
-.0015411377
-.0017089844
-.0017852783
-.0016174316
-.0016326904
-.0018920898
-.0018920898
-.0020904541
-.0013122559
-.0009307861
-.0019073486
-.0021667480
-.0013122559
-.0013732910
-.0011749268
-.0013732910
-.0014495850
-.0017242432
-.0012359619
-.0018615723
-.0016174316
-.0017547607
-.0014343262
-.0014038086
-.0013275146
-.0015411377
-.0014953613
-.0009002686
-.0015258789
-.0014038086
-.0019073486
-.0017089844
-.0013580322
-.0012817383
-.0017700195
-.0012664795
-.0017852783
-.0019836426
-.0015106201
-.0014038086
-.0013580322
-.0015258789
-.0021057129
-.0015106201
-.0012817383
-.0015563965
-.0011749268
-.0017547607
-.0014190674
-.0014801025
-.0018920898
-.0009918213
-.0010681152
-.0011138916
-.0016784668
-.0017242432
-.0012664795
-.0005340576
-.0012969971
-.0012817383
-.0015869141
-.0015106201
-.0013122559
-.0010986328
-.0011291504
-.0014038086
-.0021362305
-.0013275146
-.0010070801
-.0015716553
-.0019378662
-.0011749268
-.0018157959
-.0013732910
-.0015106201
-.0012512207
-.0015716553
-.0017089844
-.0017852783
-.0012207031
-.0015563965
-.0014343262
-.0014801025
-.0012817383
-.0017852783
-.0013885498
-.0016326904
-.0015716553
-.0009765625
-.0018920898
-.0014343262
-.0020294189
-.0015869141
-.0013275146
-.0016021729
-.0017089844
-.0012512207
-.0013275146
-.0014648438
-.0013122559
-.0016174316
-.0012359619
-.0010070801
-.0007781982
-.0018615723
-.0020751953
-.0013732910
-.0012512207
-.0011291504
-.0017089844
-.0017852783
-.0016479492
-.0011138916
-.0013122559
-.0015258789
-.0016021729
-.0013275146
-.0017089844
-.0011596680
-.0015411377
-.0013122559
-.0010681152
-.0017242432
-.0016021729
-.0013275146
-.0012969971
-.0015716553
-.0016784668
-.0017089844
-.0012359619
-.0013885498
-.0014343262
-.0014801025
-.0014801025
-.0017395020
-.0014038086
-.0015716553
-.0008544922
-.0021209717
-.0021209717
-.0016784668
-.0013885498
-.0012969971
-.0014038086
-.0017700195
-.0013885498
-.0013885498
-.0010375977
-.0013732910
-.0019836426
-.0016784668
-.0012969971
-.0022125244
-.0010681152
-.0013580322
-.0012817383
-.0013732910
-.0013580322
-.0015869141
-.0012054443
-.0016632080
-.0015106201
-.0015106201
-.0014343262
-.0010375977
-.0012207031
-.0019378662
-.0016937256
-.0014648438
-.0012664795
-.0009307861
-.0011749268
-.0017547607
-.0010070801
-.0010681152
-.0015563965
-.0015716553
-.0014190674
-.0014953613
-.0017242432
-.0012207031
-.0015411377
-.0009307861
-.0016021729
-.0016021729
-.0017242432
-.0014038086
-.0016021729
-.0009765625
-.0017852783
-.0014801025
-.0021362305
-.0018463135
-.0007629395
-.0013580322
-.0016784668
-.0012054443
-.0011138916
-.0016326904
-.0010986328
-.0014648438
-.0015716553
-.0013427734
-.0012054443
-.0012359619
-.0015563965
-.0012207031
-.0015869141
-.0012969971
-.0018615723
-.0008392334
-.0019073486
-.0016326904
-.0020141602
-.0012512207
-.0008697510
-.0015106201
-.0018920898
-.0018463135
-.0009765625
-.0015563965
-.0017852783
-.0019683838
-.0015258789
-.0014648438
-.0012054443
-.0024719238
-.0012054443
-.0016021729
-.0012054443
-.0019836426
-.0010986328
-.0015716553
-.0012359619
-.0018768311
-.0018463135
-.0013275146
-.0013427734
-.0013580322
-.0016479492
-.0014495850
-.0012512207
-.0018463135
-.0015869141
-.0019531250
-.0013427734
-.0016326904
-.0014190674
-.0020141602
-.0013275146
-.0015563965
-.0013580322
-.0016174316
-.0013885498
-.0015258789
-.0019226074
-.0013885498
-.0013275146
-.0018157959
-.0016479492
-.0018463135
-.0015106201
-.0016021729
-.0016174316
-.0013427734
-.0011596680
-.0013885498
-.0015258789
-.0009918213
-.0016632080
-.0019226074
-.0016021729
-.0017852783
-.0015411377
-.0016326904
-.0012817383
-.0013732910
-.0010528564
-.0018920898
-.0011596680
-.0013122559
-.0014190674
-.0014953613
-.0015563965
-.0020446777
-.0011138916
-.0011901855
-.0018615723
-.0021972656
-.0017852783
-.0011596680
-.0019226074
-.0016784668
-.0017700195
-.0014190674
-.0015869141
-.0017242432
-.0015716553
-.0015716553
-.0012817383
-.0015869141
-.0018920898
-.0016632080
-.0016784668
-.0010070801
-.0023345947
-.0014343262
-.0010375977
-.0016174316
-.0016937256
-.0019683838
-.0016326904
-.0012969971
-.0013427734
-.0024414063
-.0014190674
-.0012054443
-.0014648438
-.0013275146
-.0020141602
-.0015716553
-.0016632080
-.0020294189
-.0013885498
-.0016326904
-.0010681152
-.0014648438
-.0016479492
-.0018615723
-.0012207031
-.0020141602
-.0019226074
-.0016021729
-.0020751953
-.0022583008
.0010833740
-.0016632080
-.0018463135
-.0021667480
-.0020294189
-.0015258789
-.0012512207
-.0025177002
-.0017395020
-.0015106201
-.0008087158
-.0009765625
-.0019836426
-.0019836426
-.0018615723
-.0017395020
-.0015563965
-.0012664795
-.0016021729
-.0021057129
-.0016021729
-.0022430420
-.0013275146
-.0021209717
-.0011901855
-.0012054443
-.0019378662
-.0018615723
-.0019531250
-.0014801025
-.0018005371
-.0016784668
-.0015869141
-.0018768311
-.0012054443
-.0015411377
-.0013427734
-.0016784668
-.0014343262
.0014953613
-.0018463135
-.0014190674
-.0014038086
-.0019989014
-.0013427734
-.0016326904
-.0012664795
-.0016937256
-.0014801025
-.0010375977
-.0013275146
-.0015411377
-.0017852783
-.0014801025
-.0014801025
-.0009918213
-.0013732910
-.0018005371
-.0017547607
-.0018768311
-.0017089844
-.0016174316
-.0013732910
-.0019073486
-.0014343262
-.0018463135
-.0012359619
-.0017700195
-.0015716553
-.0013732910
-.0019378662
-.0019989014
-.0010223389
-.0014801025
-.0011291504
-.0011291504
-.0017852783
-.0009613037
-.0014648438
-.0013732910
-.0012664795
-.0015106201
-.0021514893
-.0010833740
-.0011291504
-.0016784668
-.0012054443
-.0018310547
-.0014495850
-.0008850098
-.0013122559
-.0019073486
-.0017395020
-.0012817383
-.0014343262
-.0015716553
-.0016937256
-.0017089844
-.0011291504
-.0009155273
-.0018463135
-.0019531250
-.0016632080
-.0011291504
-.0012207031
-.0015563965
-.0010070801
-.0013427734
.0014495850
-.0018463135
-.0015716553
-.0007781982
-.0006713867
-.0013580322
-.0016174316
-.0018005371
-.0007781982
-.0010070801
-.0015106201
-.0014648438
-.0014495850
-.0010833740
-.0010681152
-.0013732910
-.0015411377
-.0010375977
-.0019683838
-.0017089844
-.0015563965
-.0010528564
-.0009613037
-.0014495850
-.0015716553
-.0013275146
-.0012512207
-.0012817383
-.0014190674
-.0018920898
-.0016479492
-.0013427734
-.0011901855
-.0010375977
-.0012512207
-.0016479492
-.0011901855
-.0011444092
-.0016937256
-.0014953613
-.0021057129
-.0015563965
-.0010986328
-.0010375977
-.0010833740
-.0015411377
-.0016784668
-.0009307861
-.0011749268
-.0014343262
-.0014953613
-.0017242432
-.0015106201
-.0011901855
-.0013732910
-.0010528564
-.0010833740
-.0012969971
-.0012969971
-.0007934570
-.0015563965
-.0009155273
-.0011901855
-.0011596680
-.0014801025
-.0012512207
-.0012512207
-.0009155273
-.0016021729
-.0012054443
-.0012664795
-.0015716553
-.0012054443
-.0014648438
-.0013427734
-.0016326904
-.0012817383
-.0015869141
-.0010986328
-.0013732910
-.0010223389
-.0014038086
-.0011901855
-.0008239746
-.0011596680
-.0013885498
-.0009918213
-.0012969971
-.0012359619
-.0011138916
-.0015106201
-.0009613037
-.0007171631
-.0011444092
-.0013732910
-.0012664795
-.0014648438
-.0009918213
-.0014495850
-.0018005371
-.0010833740
-.0010986328
-.0010528564
-.0011749268
-.0016784668
-.0016479492
-.0009307861
-.0013732910
-.0014343262
-.0013732910
-.0014648438
-.0011444092
-.0011596680
-.0009918213
-.0011138916
-.0012969971
-.0012817383
-.0009918213
-.0013275146
-.0014343262
-.0010070801
-.0011901855
-.0009765625
-.0009765625
-.0016784668
-.0012054443
-.0009460449
-.0012969971
-.0010681152
-.0013885498
-.0007629395
-.0009918213
-.0013732910
-.0016021729
-.0011138916
-.0013275146
-.0007324219
.0010986328
-.0013732910
-.0015869141
-.0016937256
-.0011291504
-.0008544922
-.0021820068
-.0009155273
-.0012207031
-.0014343262
-.0011749268
-.0010223389
-.0012969971
-.0012817383
-.0012512207
-.0014648438
-.0012359619
-.0010986328
-.0010986328
-.0010833740
-.0015411377
-.0007476807
-.0014038086
-.0011749268
-.0013122559
-.0010681152
-.0010986328
-.0008544922
-.0015411377
-.0011749268
-.0009460449
-.0014190674
-.0011901855
-.0008697510
-.0013122559
-.0012512207
