-.0142059326
.0124511719
.0102996826
.0060272217
-.0123443604
.0206909180
-.0131835938
.0178833008
-.0102539063
-.0167694092
.0143432617
-.0079040527
-.0164489746
.0226440430
-.0155487061
-.0112915039
.0240936279
-.0235900879
.0175170898
-.0087127686
-.0145416260
.0182342529
-.0125427246
-.0170288086
.0219116211
-.0199890137
.0128631592
.0114440918
-.0195617676
.0176086426
.0135345459
-.0227508545
.0266418457
-.0234832764
-.0076599121
.0183715820
-.0224456787
.0130767822
.0122375488
-.0207366943
.0190582275
.0204010010
-.0192871094
.0184173584
-.0193328857
.0099182129
.0143432617
-.0238189697
.0083312988
.0189056396
-.0178375244
.0207672119
-.0168762207
-.0125122070
.0249786377
-.0216674805
.0089569092
.0101623535
-.0194854736
.0082092285
.0145568848
-.0159454346
.0174102783
.0096893311
-.0095367432
.0117797852
-.0122985840
-.0147399902
.0145263672
-.0089111328
.0111389160
.0191650391
-.0236663818
.0193939209
-.0155792236
-.0168457031
.0216064453
-.0195617676
-.0199432373
.0207519531
-.0187683105
.0162048340
.0171508789
-.0226135254
.0229797363
-.0180969238
-.0156250000
.0225830078
-.0203399658
.0131225586
.0072021484
-.0132293701
.0160217285
-.0128936768
-.0203399658
.0206451416
-.0198364258
.0115051270
.0146789551
-.0214080811
-.0111541748
.0086669922
-.0117034912
-.0113220215
.0220642090
-.0157165527
.0262145996
-.0102691650
-.0218811035
.0176696777
-.0182952881
.0152130127
.0249481201
-.0257110596
.0079803467
.0104217529
-.0233001709
.0299072266
-.0240783691
.0082244873
.0206451416
-.0254364014
.0282592773
-.0073699951
-.0270690918
.0196228027
-.0115814209
-.0145263672
.0128631592
-.0238494873
.0164489746
.0169677734
-.0190887451
.0148620605
-.0116729736
-.0136718750
.0152893066
-.0147705078
-.0223388672
.0250396729
-.0181121826
.0095672607
.0119171143
-.0207061768
.0190887451
-.0238494873
.0150146484
.0173034668
-.0157012939
-.0200500488
.0049591064
-.0130004883
.0160675049
.0161437988
-.0176849365
.0253295898
-.0285491943
-.0116271973
.0154113770
-.0110778809
.0137634277
.0194702148
-.0231018066
.0214385986
.0284576416
-.0311737061
.0247802734
-.0294799805
.0143737793
.0117950439
-.0209960938
.0175476074
.0141296387
-.0108795166
-.0154266357
-.0146179199
-.0173492432
.0249328613
-.0123901367
-.0214691162
.0191345215
-.0186767578
.0205688477
.0240173340
-.0313415527
.0127868652
-.0148468018
-.0288085938
.0311584473
-.0132141113
-.0208892822
.0134887695
-.0188293457
.0228424072
.0186157227
-.0259246826
.0193786621
-.0247344971
-.0122528076
.0207672119
-.0182342529
.0111999512
.0210418701
-.0164794922
-.0191040039
.0126800537
-.0304107666
.0189514160
.0207519531
-.0149078369
-.0144195557
-.0199127197
.0207214355
.0202789307
-.0233154297
-.0241241455
.0314483643
-.0402221680
-.0203704834
.0188446045
-.0193023682
.0240173340
-.0287628174
.0155334473
.0234680176
-.0318756104
.0212097168
.0316925049
-.0218200684
.0184936523
-.0200958252
-.0239410400
.0285034180
-.0229492188
-.0176696777
.0397644043
-.0229949951
.0263519287
.0199890137
-.0333557129
.0370330811
-.0263671875
.0275421143
.0231933594
-.0205993652
-.0304870605
.0293579102
-.0389099121
.0317077637
.0346984863
-.0289306641
.0389862061
-.0321044922
.0318145752
.0365905762
-.0273132324
-.0293121338
.0240783691
-.0323333740
.0198211670
.0284729004
-.0501708984
.0385284424
-.0348663330
-.0320281982
.0279388428
-.0293731689
.0476531982
-.0261230469
-.0214996338
.0325622559
.0379638672
-.0401611328
.0516510010
-.0509185791
-.0356140137
.0300292969
-.0341796875
-.0278625488
-.0564117432
-.0364074707
-.0381317139
.0246429443
-.0288543701
.0436706543
-.0312042236
-.0383911133
.0403137207
-.0329895020
.0262756348
-.0547180176
-.0339508057
-.0398712158
.0376739502
-.0517272949
.0448150635
-.0442352295
-.0284729004
-.0499572754
-.0421142578
-.0551300049
.0269317627
-.0493774414
-.0460510254
.0339660645
-.0323638916
.0402984619
-.0372467041
-.0328674316
.0356140137
-.0475158691
.0272064209
.0339355469
-.0419311523
.0503387451
-.0250701904
-.0277252197
.0247497559
-.0516815186
.0356903076
.0364227295
-.0522766113
.0479431152
.0452575684
.0385589600
.0397338867
-.0310516357
-.0468292236
.0619659424
-.0393524170
-.0370330811
.0354766846
-.0392761230
.0364685059
-.0420074463
-.0211791992
-.0300445557
-.0313110352
-.0287170410
.0315246582
-.0315399170
.0329132080
-.0326080322
-.0255737305
.0293884277
-.0249633789
.0263519287
.0279235840
-.0435943604
-.0241851807
.0265960693
-.0291137695
.0249176025
.0261383057
-.0344696045
.0303039551
-.0198059082
.0250396729
.0186157227
-.0273590088
-.0204772949
.0161437988
.0195312500
.0222015381
-.0187683105
-.0207519531
.0317230225
-.0214385986
.0288696289
.0206909180
-.0148162842
.0215606689
-.0139923096
-.0240783691
.0240478516
-.0188293457
.0174407959
.0247039795
-.0255584717
.0104370117
-.0124969482
-.0178680420
-.0134582520
.0230712891
-.0160064697
.0231933594
.0118713379
-.0122985840
.0275115967
-.0225067139
.0111999512
-.0100097656
-.0172119141
.0168151855
.0148468018
-.0144195557
.0148620605
-.0182647705
-.0225982666
.0160522461
-.0324859619
.0110321045
.0176696777
-.0213012695
.0155944824
.0212554932
-.0254974365
.0284576416
-.0131225586
-.0135803223
.0144653320
.0119934082
.0103759766
.0185241699
-.0104522705
-.0141143799
.0227050781
-.0222625732
-.0086517334
.0081634521
-.0146484375
.0156402588
.0125122070
-.0143585205
.0191497803
-.0169525146
-.0126495361
.0148773193
-.0147552490
.0154418945
.0107116699
-.0108947754
.0198974609
-.0100097656
-.0098266602
.0191040039
-.0118865967
-.0103149414
.0133819580
-.0254516602
.0177612305
.0130004883
-.0170745850
.0080261230
.0158996582
-.0179748535
.0216217041
-.0219268799
.0146789551
.0121459961
-.0119781494
.0066986084
-.0083923340
-.0182800293
.0203552246
.0111083984
-.0106201172
.0164794922
-.0289916992
.0076599121
.0098419189
-.0075073242
.0099029541
.0131225586
-.0219879150
.0134735107
-.0167999268
-.0077514648
.0284271240
-.0145568848
-.0075988770
.0150299072
-.0137481689
.0092773438
.0182952881
-.0154724121
.0171508789
.0076446533
-.0179138184
.0166320801
-.0161895752
.0111236572
.0137939453
-.0202789307
.0139923096
.0151367188
-.0133056641
.0199737549
-.0175018311
-.0101776123
.0137939453
-.0157775879
.0099182129
.0137329102
-.0178222656
.0180053711
.0132751465
-.0179290771
.0169219971
-.0223999023
-.0083770752
.0159606934
-.0138702393
-.0073699951
.0186614990
-.0216522217
.0269317627
-.0147705078
-.0205383301
.0223083496
-.0203247070
.0080871582
.0055084229
-.0081024170
-.0062866211
.0112915039
-.0125122070
.0061492920
.0106506348
-.0125732422
.0211486816
-.0159301758
-.0061035156
.0160980225
-.0168151855
-.0107421875
.0171356201
-.0212707520
.0232849121
-.0229339600
.0162200928
.0152282715
-.0139160156
-.0085906982
.0136413574
-.0137023926
-.0114746094
.0184936523
-.0215606689
.0102844238
.0083618164
-.0135955811
.0133361816
.0087127686
-.0169067383
.0175628662
-.0183868408
.0127410889
.0091094971
-.0213317871
-.0050811768
.0198974609
-.0141906738
.0117034912
.0172882080
-.0212249756
.0238494873
-.0221557617
-.0085144043
.0147094727
-.0060577393
-.0082550049
.0181579590
-.0208740234
.0161285400
.0077362061
-.0169677734
.0134582520
-.0125885010
-.0091247559
.0102844238
-.0103759766
-.0047912598
.0103454590
-.0209350586
-.0128784180
.0194244385
-.0092315674
.0151214600
.0158691406
-.0136871338
-.0072174072
.0127868652
-.0229949951
.0163574219
-.0079956055
.0093841553
.0153808594
-.0224151611
.0099792480
-.0077514648
-.0101318359
-.0093536377
.0248413086
-.0219421387
.0128173828
-.0096282959
-.0230102539
.0247955322
-.0227813721
.0169525146
.0131683350
-.0125579834
-.0087890625
-.0168151855
-.0117492676
.0115356445
.0077972412
-.0148468018
.0240325928
-.0235595703
.0118255615
-.0054473877
-.0243072510
.0264129639
.0081024170
.0115509033
.0065917969
-.0137939453
-.0131378174
-.0072784424
-.0221252441
.0103149414
.0217285156
-.0187072754
.0184326172
-.0158691406
-.0060272217
.0143585205
-.0127716064
.0176544189
.0140838623
-.0107116699
.0112915039
-.0212860107
-.0149383545
.0154724121
-.0123138428
.0092620850
.0171356201
-.0193023682
-.0110931396
.0198669434
-.0158386230
.0149230957
-.0100860596
-.0110931396
.0229034424
-.0190429688
.0160522461
.0100555420
-.0115203857
.0232849121
-.0200653076
-.0088653564
.0103607178
.0101470947
.0108032227
.0167846680
-.0151062012
.0086517334
.0151367188
-.0245513916
.0172729492
-.0108337402
-.0079498291
.0141906738
.0148773193
-.0174255371
.0227508545
-.0194244385
-.0161895752
.0216674805
-.0310974121
.0317230225
-.0131988525
.0083312988
.0125122070
-.0225372314
.0178222656
-.0148620605
-.0170745850
.0093383789
.0145568848
-.0236968994
.0271911621
-.0167388916
-.0142517090
.0285644531
-.0372619629
.0361938477
-.0146026611
-.0099945068
.0222778320
-.0110473633
.0175476074
.0230712891
-.0112304688
-.0303955078
.0345916748
-.0334777832
.0338592529
-.0212097168
-.0132446289
.0128173828
.0178985596
.0125274658
.0286102295
-.0219116211
-.0281524658
.0356597900
-.0442352295
.0630340576
-.0420379639
.0349121094
-.0153198242
-.0260467529
.0201568604
-.0296936035
.0209960938
-.0397491455
.0373992920
-.0499420166
.0462493896
-.0385284424
-.0144500732
.0194091797
-.0321044922
.0214233398
-.0249786377
.0187377930
-.0188903809
.0239715576
-.0216217041
.0382080078
-.0277709961
.0373535156
.0146789551
-.0246734619
.0376739502
-.0315551758
.0148010254
-.0179901123
-.0172424316
-.0394439697
.0536346436
-.0275268555
-.0227050781
.0187377930
-.0334014893
.0343475342
-.0319976807
.0228881836
-.0332641602
.0261688232
-.0278472900
.0378875732
.0276336670
.0242767334
-.0297698975
-.0278320313
.0383148193
-.0451812744
.0424194336
-.0322418213
.0184020996
-.0308380127
.0276794434
-.0273132324
.0227813721
.0291137695
-.0272674561
.0361175537
-.0566406250
.0304870605
-.0230102539
-.0260009766
-.0341949463
.0347137451
-.0243225098
.0367126465
.0243682861
.0198211670
.0345001221
-.0351867676
.0377655029
-.0518188477
.0253143311
-.0374298096
.0261688232
-.0385437012
.0514068604
-.0425262451
.0414886475
.0383300781
-.0286254883
.0292510986
.0431213379
-.0264587402
-.0386199951
-.0279846191
-.0554809570
.0356597900
-.0778808594
.0192718506
-.0480194092
.0302276611
-.0362243652
.0292663574
-.0434875488
.0405273438
.0323944092
.0286865234
.0439147949
.0332641602
.0307617188
.0355224609
-.0261993408
-.0400848389
-.0235137939
-.0380706787
.0206604004
-.0484466553
.0243835449
-.0399322510
-.0286560059
-.0382080078
.0221862793
-.0422515869
.0381469727
-.0287933350
.0260925293
.0204772949
.0170898438
.0208435059
.0380401611
-.0253448486
.0327911377
-.0127563477
.0134582520
.0228271484
-.0166931152
.0269012451
.0307006836
.0304412842
.0222930908
.0355834961
-.0287933350
.0302581787
-.0297088623
.0148162842
-.0284729004
-.0200042725
-.0273895264
-.0106506348
-.0491638184
-.0086975098
-.0430145264
-.0273742676
-.0226745605
-.0215759277
-.0324554443
.0270080566
.0189361572
.0381164551
.0384063721
.0164489746
.0432891846
.0241699219
.0204620361
.0410461426
.0190887451
.0186004639
.0340881348
-.0282135010
.0237274170
-.0218811035
-.0289001465
.0265808105
-.0262451172
.0136566162
.0166625977
-.0235137939
.0108489990
.0238647461
-.0237579346
.0178985596
-.0314788818
-.0276336670
-.0167846680
-.0305633545
.0162353516
-.0295104980
-.0343170166
-.0213928223
-.0176239014
-.0271911621
.0311126709
-.0254516602
.0266418457
.0330963135
.0226135254
.0150604248
.0282897949
.0130767822
.0284271240
.0134124756
.0162963867
.0181121826
-.0145721436
-.0136871338
-.0135345459
-.0167388916
-.0103759766
.0185089111
-.0303497314
.0184478760
-.0248413086
.0080108643
-.0089874268
-.0072479248
-.0214996338
.0225677490
-.0277709961
.0285949707
.0073242188
-.0106201172
.0180969238
-.0122528076
.0114440918
.0199127197
-.0082855225
.0087890625
.0134582520
-.0193634033
.0143890381
.0129852295
.0072937012
.0091552734
-.0140686035
-.0074157715
.0138549805
-.0186767578
.0180358887
.0167388916
-.0093231201
.0063476563
.0108795166
-.0122070313
.0101013184
-.0107116699
.0062561035
.0079345703
-.0123748779
-.0055694580
.0128784180
-.0185394287
.0131988525
.0118560791
-.0110015869
.0113830566
-.0066833496
.0113677979
-.0113372803
-.0103912354
.0123901367
.0172576904
-.0175628662
.0088500977
.0090789795
-.0156250000
.0219879150
-.0140686035
.0069732666
.0100555420
.0075531006
-.0144500732
.0187683105
-.0189056396
.0164031982
-.0173645020
-.0110778809
.0133209229
-.0038452148
.0113372803
.0077362061
-.0094299316
.0043487549
.0048370361
-.0063629150
.0049438477
.0061340332
-.0024871826
.0059356689
.0014495850
-.0038452148
.0040893555
-.0027313232
.0022735596
-.0010986328
-.0007781982
-.0001983643
