-.0034179688
-.0052032471
-.0025787354
-.0016479492
.0037231445
.0023193359
.0033569336
-.0029602051
-.0022735596
.0041503906
.0034179688
-.0017242432
-.0022277832
.0022125244
-.0022277832
.0018005371
.0023345947
-.0012054443
-.0032653809
.0026092529
.0050354004
-.0037994385
.0045318604
.0038299561
.0024108887
-.0043945313
-.0028076172
.0074462891
-.0067596436
-.0067901611
-.0076751709
-.0061492920
.0132598877
-.0074920654
-.0183868408
-.0064392090
-.0167846680
-.0065307617
-.0155181885
.0082702637
-.0091705322
.0101623535
-.0107116699
.0092163086
-.0158843994
.0108642578
-.0168151855
.0166778564
-.0115051270
.0173645020
-.0143585205
.0161590576
-.0129089355
.0166320801
-.0130462646
.0134429932
-.0157470703
.0167083740
-.0158233643
.0182952881
-.0148315430
.0188293457
-.0104064941
.0175628662
.0136413574
.0158691406
.0150451660
.0198211670
-.0250091553
.0128173828
-.0240936279
.0163879395
-.0294799805
.0165557861
-.0285034180
.0142669678
-.0236358643
-.0149841309
-.0277099609
.0158386230
-.0276794434
-.0178222656
-.0209808350
-.0267486572
-.0209655762
-.0215759277
.0316467285
-.0218963623
.0328063965
-.0211791992
.0305175781
-.0102386475
.0296478271
-.0235900879
.0136566162
.0389099121
-.0140228271
.0397186279
-.0192871094
-.0332031250
-.0248107910
.0338439941
-.0135345459
.0406341553
-.0417327881
.0266876221
.0529327393
-.0240020752
-.0352935791
-.0290679932
.0440673828
-.0369110107
.0433502197
.0477752686
.0160827637
.0623168945
-.0234527588
.0493469238
-.0493927002
.0550231934
.0467834473
-.0119628906
.0603332520
.0232391357
.0600585938
-.0482788086
.0668182373
-.0370941162
.0257263184
.0563812256
.0353546143
-.0516967773
-.0425567627
.0529327393
-.0540924072
.0436401367
-.0390167236
.0493774414
.0611419678
.0249023438
.0715942383
-.0233459473
-.0393066406
-.0406951904
.0456695557
-.0309143066
.0406799316
-.0466613770
.0409545898
.0560302734
-.0266265869
.0428619385
-.0403442383
.0391540527
-.0299224854
-.0371856689
.0350189209
.0483703613
-.0527343750
-.0443572998
.0592041016
-.0182342529
-.0145568848
-.0162048340
.0201416016
-.0268554688
-.0228729248
-.0115356445
.0085144043
.0114440918
-.0116729736
.0057678223
.0068664551
.0171966553
-.0080718994
-.0074920654
-.0098266602
.0104980469
.0080718994
.0101318359
-.0147247314
.0094604492
-.0096435547
-.0123443604
.0153503418
-.0093841553
.0086364746
-.0084686279
.0092926025
-.0103454590
.0077514648
-.0087280273
-.0140228271
.0072784424
-.0113067627
-.0133361816
.0116271973
.0097808838
-.0118713379
.0093231201
-.0147857666
-.0109710693
.0148773193
-.0105438232
-.0090484619
.0118408203
-.0112457275
.0097045898
.0124969482
.0077514648
-.0178070068
.0119018555
-.0124359131
-.0147857666
.0127410889
.0128326416
-.0066070557
-.0159912109
.0126342773
.0117340088
-.0224304199
-.0096130371
.0095062256
.0130310059
-.0212402344
-.0095367432
.0113830566
.0214080811
-.0203704834
-.0134124756
.0159759521
.0206604004
-.0227355957
-.0213928223
.0182342529
.0213623047
.0222778320
-.0256042480
-.0141906738
.0223083496
.0156097412
-.0245971680
-.0227050781
.0264282227
.0230865479
-.0171356201
-.0340118408
-.0180969238
.0246582031
.0173492432
-.0295257568
-.0270538330
.0195007324
.0229492188
-.0166473389
-.0299377441
-.0261535645
.0246276855
.0151214600
-.0184783936
-.0296936035
-.0215148926
.0193786621
.0137023926
-.0236511230
.0320587158
-.0393066406
.0287475586
.0271759033
-.0330047607
.0502777100
.0378112793
-.0407714844
-.0468750000
.0486755371
.0679626465
.0538330078
-.0543823242
-.0588226318
.0482635498
.0787658691
.0782928467
-.0843658447
-.0565948486
-.0553588867
-.0626220703
.0870666504
-.0945434570
.0701751709
-.0725402832
-.0763244629
.0802917480
-.0782928467
.0793914795
-.0857086182
.0778198242
-.0729827881
.0856018066
-.0796661377
-.0791625977
.0773010254
-.0641021729
.0867309570
-.0904693604
.0642700195
-.1006927490
-.0657501221
.0796661377
-.1103973389
.0841979980
-.0946960449
-.0641326904
.0701751709
-.1207580566
.0891723633
-.0859985352
.0615234375
-.0709686279
-.1111755371
.0597991943
-.0990295410
-.0807952881
.0999755859
.1012420654
.0596466064
-.0649566650
-.0686798096
.1131591797
-.0512847900
.0523834229
-.0602416992
.0545043945
-.0681610107
.0491638184
.0532989502
.0760498047
.1099243164
.0533142090
.0487823486
-.0894470215
.0749359131
-.0849304199
.0464782715
.1074981689
.0399169922
.0539703369
-.0832672119
.0460815430
.0461425781
-.0436401367
-.0487670898
-.0336914063
-.0325469971
.0347442627
.0372009277
.0396118164
.0349121094
-.0378112793
.0270538330
.0345611572
-.0210571289
-.0281677246
-.0220031738
-.0167694092
-.0205841064
-.0153808594
-.0169219971
-.0283050537
-.0256195068
-.0214996338
.0185241699
-.0138854980
.0090789795
.0098571777
.0081329346
.0149230957
-.0120391846
-.0075988770
.0083465576
-.0067596436
.0104217529
-.0063934326
-.0097198486
-.0095214844
.0090942383
-.0066680908
.0083923340
.0108642578
.0090179443
-.0062866211
-.0066070557
-.0110931396
.0123748779
-.0061187744
-.0072021484
-.0117645264
-.0085296631
.0130004883
-.0081634521
-.0150146484
-.0097656250
.0114440918
-.0060882568
-.0224609375
-.0073089600
.0226593018
-.0146789551
-.0146636963
-.0157165527
-.0163116455
.0158691406
-.0137634277
-.0133972168
-.0076293945
-.0210876465
-.0117034912
-.0229492188
-.0099334717
.0149993896
.0133361816
.0178222656
.0099182129
.0268096924
.0121002197
.0210266113
-.0139160156
.0189819336
-.0139160156
.0241241455
.0163269043
.0277557373
-.0166015625
.0289459229
-.0234985352
.0282287598
.0194091797
.0276794434
.0147552490
-.0213470459
-.0155944824
-.0161285400
.0091857910
.0162200928
.0172576904
.0208587646
.0180511475
-.0202941895
.0162506104
.0220489502
.0220489502
-.0218200684
-.0278320313
-.0247344971
-.0243835449
-.0165557861
.0321502686
.0172729492
-.0266418457
.0154571533
.0295562744
-.0205230713
.0292358398
-.0205841064
.0233764648
-.0236511230
.0312957764
-.0347290039
.0195617676
.0364837646
-.0162506104
.0359649658
-.0219268799
-.0339660645
-.0193786621
.0337524414
-.0190582275
.0285186768
-.0488891602
.0197753906
.0634765625
-.0276031494
-.0465240479
-.0317077637
.0414886475
-.0393218994
.0272827148
.0653076172
.0143432617
-.0422821045
-.0290832520
.0685729980
-.0531158447
.0427551270
.0616607666
.0230865479
-.0660705566
-.0338287354
.0659790039
-.0529174805
.0345916748
-.0460205078
.0304870605
.0528717041
.0383758545
-.0362396240
-.0478363037
.0341033936
-.0538177490
.0417938232
-.0422973633
.0580902100
.0761566162
-.0418395996
.0763397217
-.0360260010
-.0402221680
-.0400543213
.0447235107
-.0240020752
.0474548340
-.0493164063
.0358581543
.0380249023
-.0466003418
.0336914063
-.0565032959
.0493164063
-.0451965332
.0427551270
-.0559387207
.0569915771
.0620269775
.0179290771
-.0122985840
-.0446166992
-.0250549316
-.0252838135
-.0191040039
-.0117492676
-.0110473633
-.0133972168
.0096130371
-.0072479248
-.0120239258
.0137023926
.0109100342
-.0140228271
-.0088806152
-.0079803467
.0120544434
.0111694336
.0073547363
.0087280273
-.0098571777
-.0117034912
.0109100342
.0089874268
.0108337402
-.0124664307
.0088958740
.0120239258
-.0073089600
-.0086669922
.0143432617
-.0122528076
-.0138854980
.0058288574
-.0101928711
.0136413574
-.0122222900
.0100097656
.0105438232
-.0144195557
-.0099792480
.0094757080
-.0091094971
-.0131225586
-.0117797852
.0111694336
.0109710693
-.0137786865
.0078735352
.0116271973
-.0091857910
-.0126037598
.0136718750
-.0151977539
-.0136871338
-.0112304688
.0143280029
.0117492676
-.0238800049
.0101318359
.0097045898
.0104522705
-.0212402344
.0093383789
.0144958496
.0185394287
-.0202941895
.0142211914
.0159454346
.0204772949
-.0234222412
-.0196228027
.0184631348
.0244293213
-.0240478516
-.0203399658
.0157623291
.0220794678
.0157623291
-.0251464844
-.0136260986
.0271453857
.0153961182
-.0275268555
-.0271911621
.0247039795
.0216369629
-.0201873779
-.0324554443
.0210723877
.0249176025
.0185852051
-.0169982910
-.0299835205
.0252838135
.0179595947
-.0172271729
-.0224151611
-.0296936035
.0194396973
.0193634033
-.0227050781
-.0233154297
-.0315551758
.0179443359
.0287475586
-.0353088379
.0426635742
.0416412354
.0402832031
-.0427246094
.0439300537
.0612640381
.0679626465
-.0536499023
-.0576782227
-.0588378906
.0482635498
.0788879395
-.0800170898
-.0628356934
-.0565948486
.0540924072
.0873718262
-.0956726074
-.0945434570
-.0678405762
.0603027344
.0821380615
.0802917480
-.0783081055
.0671691895
-.0857086182
-.0754852295
.0848388672
-.0794067383
.0564270020
-.0791625977
-.0650634766
.0858306885
-.0793457031
.0621490479
-.0967407227
.0837249756
.0836334229
-.1112213135
-.1065826416
-.1016998291
.0842437744
.0722808838
-.0778656006
-.1207580566
-.0937042236
-.0736846924
-.0671844482
.0686798096
-.1111755371
-.0841827393
-.0990295410
-.0807952881
.1063232422
-.0704650879
.0596466064
.0676422119
-.0686798096
.1131744385
.0740051270
-.0572509766
.0681915283
.0839233398
.0509796143
.0605163574
-.0627593994
.0760498047
-.1051635742
-.0488891602
.0614013672
.1185607910
-.1044464111
.0735778809
.0547027588
.1074981689
.0502014160
-.0639038086
.0991973877
-.0414123535
-.0538635254
.0456542969
.0374908447
.0464630127
-.0325317383
-.0463867188
.0372161865
-.0302429199
-.0330505371
.0358734131
-.0296173096
.0345611572
.0221710205
-.0384216309
-.0289611816
.0116119385
-.0205993652
.0195159912
-.0224914551
.0240783691
.0319671631
-.0214996338
.0185394287
.0127868652
.0104675293
.0086364746
.0119476318
.0138549805
.0112457275
-.0094299316
.0109252930
.0043182373
.0089721680
.0084533691
.0082855225
-.0097198486
.0081329346
-.0041656494
.0106048584
-.0131225586
.0090026855
-.0057220459
.0086059570
.0071105957
.0088958740
.0095672607
-.0051727295
.0105590820
-.0059661865
.0095367432
.0058441162
-.0076904297
-.0054779053
-.0070190430
-.0063781738
-.0087585449
-.0112457275
.0158233643
-.0164642334
-.0099792480
-.0131225586
-.0081176758
-.0077514648
-.0062408447
-.0092468262
.0042572021
-.0074310303
.0049896240
-.0092315674
.0084991455
-.0112304688
.0065307617
-.0102844238
.0059661865
.0065460205
.0103454590
-.0067901611
-.0104217529
.0071563721
-.0117645264
-.0067443848
-.0119781494
.0052490234
.0093383789
.0057830811
-.0124664307
.0053710938
-.0106201172
.0079803467
-.0099487305
.0091857910
-.0097961426
-.0127868652
-.0097045898
-.0141906738
.0047607422
.0082702637
.0065917969
-.0104522705
.0054626465
-.0108032227
.0087585449
.0081481934
.0082092285
-.0132751465
-.0101776123
-.0142517090
-.0106964111
.0088958740
.0098419189
.0102844238
-.0072479248
.0077819824
-.0052337646
.0076599121
-.0094604492
-.0076141357
-.0107421875
-.0135955811
-.0091094971
-.0123596191
.0077056885
-.0074920654
.0091857910
-.0109710693
.0079193115
.0062103271
.0060119629
-.0069732666
-.0102996826
.0059661865
-.0120391846
.0067291260
.0101013184
.0070190430
-.0142059326
.0059356689
-.0127563477
.0095367432
-.0139007568
.0083465576
-.0119171143
.0070037842
.0142517090
.0108642578
.0167846680
.0166473389
.0155639648
.0154266357
.0148315430
.0342864990
-.0118560791
.0140533447
.0209350586
.0167846680
.0130920410
-.0138549805
-.0136718750
.0117187500
-.0202484131
.0096130371
-.0211791992
.0170898438
-.0203704834
.0221557617
-.0173645020
.0209655762
.0188446045
-.0116119385
.0134887695
.0109863281
-.0184631348
-.0129241943
-.0087280273
.0131988525
.0143280029
-.0063629150
-.0135498047
.0071105957
-.0069732666
-.0038452148
-.0038452148
.0120086670
.0064239502
.0056762695
-.0055389404
-.0031890869
-.0060424805
-.0035858154
-.0076446533
-.0075836182
-.0077819824
-.0053558350
.0029907227
-.0039520264
-.0034179688
.0024719238
.0038146973
-.0028228760
.0029907227
-.0025787354
.0019989014
-.0038299561
-.0045166016
-.0030670166
-.0025482178
.0019226074
-.0019378662
-.0026550293
-.0048370361
-.0018768311
-.0013275146
.0019836426
-.0031433105
-.0015716553
-.0014648438
-.0022583008
-.0020446777
-.0022583008
.0022735596
-.0031585693
-.0019836426
-.0024108887
-.0021820068
-.0011749268
-.0019226074
-.0020904541
.0013580322
-.0032653809
-.0010681152
-.0013580322
-.0012054443
-.0018157959
-.0014343262
-.0014038086
.0016326904
.0013732910
-.0011291504
-.0020751953
-.0007324219
-.0017089844
-.0017852783
-.0019531250
-.0015869141
-.0021972656
-.0017700195
-.0018157959
-.0006866455
-.0009155273
-.0010223389
-.0012054443
.0009002686
-.0009002686
.0011749268
-.0010833740
-.0011291504
-.0009155273
-.0016021729
-.0012054443
.0021362305
.0015869141
-.0021820068
-.0019989014
-.0029602051
-.0015411377
-.0026702881
-.0015411377
-.0016021729
-.0014190674
-.0022277832
-.0015106201
.0019226074
-.0020141602
-.0011291504
-.0022888184
-.0022888184
-.0016326904
.0030059814
.0015563965
-.0010833740
-.0008850098
-.0017547607
