-.0002746582
-.0002746582
-.0002746582
.0001831055
-.0003051758
-.0008239746
-.0007324219
.0020446777
.0009765625
.0020751953
.0018768311
.0019989014
-.0018615723
.0022583008
-.0014343262
.0023803711
-.0015411377
-.0022430420
-.0014190674
.0011749268
.0035552979
.0025787354
-.0016174316
-.0017852783
.0012054443
.0013122559
-.0018920898
-.0013885498
.0016174316
.0020904541
-.0021362305
-.0018005371
.0014495850
.0016632080
-.0017395020
-.0016479492
.0014953613
-.0016479492
-.0018310547
-.0021057129
.0035247803
.0016632080
-.0015258789
.0040740967
.0025634766
-.0039520264
-.0034027100
.0086975098
-.0062255859
-.0093994141
.0107727051
.0077819824
.0068054199
-.0089721680
-.0045318604
-.0059509277
-.0037536621
-.0039672852
-.0055236816
-.0058441162
-.0044708252
-.0026855469
-.0043945313
-.0031738281
-.0026702881
-.0042572021
-.0032196045
-.0017089844
-.0031127930
-.0025024414
-.0036315918
-.0018463135
.0053100586
-.0029144287
-.0034790039
.0024108887
-.0030059814
.0043945313
.0035400391
-.0122985840
.0059204102
.0162658691
.0108337402
-.0126495361
-.0113983154
.0154266357
.0078887939
-.0113067627
-.0108337402
-.0045013428
.0113372803
.0049591064
-.0122985840
-.0111389160
-.0128479004
.0072326660
-.0058898926
-.0029602051
-.0032501221
.0022735596
-.0027923584
-.0029144287
-.0015563965
.0022583008
-.0022277832
-.0034942627
.0046234131
.0025177002
-.0039215088
.0023956299
.0033721924
.0023345947
.0030364990
-.0028381348
.0029296875
-.0020751953
-.0032958984
.0024261475
.0064697266
.0097503662
.0084533691
.0037078857
.0129089355
.0042877197
.0137329102
-.0028839111
-.0110168457
-.0045928955
-.0050048828
-.0079345703
-.0045928955
-.0051574707
-.0049285889
-.0047912598
-.0039825439
-.0025634766
-.0021362305
.0027313232
-.0031280518
.0015106201
.0016937256
.0027770996
-.0020599365
-.0037689209
.0019531250
.0021820068
-.0018005371
-.0028381348
.0037078857
.0028381348
.0021514893
.0028839111
-.0030517578
.0088195801
.0079193115
.0133972168
.0092315674
.0080413818
.0096282959
.0164642334
-.0101165771
-.0108642578
-.0080718994
-.0052185059
-.0075225830
-.0026397705
-.0038146973
-.0037536621
-.0051574707
-.0058746338
.0020446777
.0016784668
-.0023651123
-.0015411377
-.0021667480
.0018615723
-.0028076172
-.0026855469
.0015411377
.0017852783
.0014801025
.0011901855
.0027160645
.0012817383
.0015716553
.0040130615
.0039062500
.0039215088
-.0066986084
-.0106506348
.0143280029
.0061645508
.0102233887
-.0113983154
-.0125122070
-.0073242188
.0111083984
-.0082550049
-.0127258301
-.0074768066
.0110626221
-.0063629150
-.0120239258
.0088806152
-.0046386719
-.0045471191
-.0018310547
-.0023651123
-.0038452148
-.0019989014
.0018615723
.0021667480
.0021057129
-.0017242432
.0026397705
-.0033874512
.0019226074
.0014953613
.0011291504
.0012664795
.0021667480
.0023651123
-.0025024414
-.0030059814
-.0040130615
-.0014190674
.0048675537
.0047912598
.0057678223
.0145111084
.0074005127
.0118408203
-.0038757324
.0117492676
.0082244873
-.0070800781
-.0128173828
-.0107421875
-.0088653564
-.0047149658
-.0025939941
-.0021362305
-.0022583008
-.0023498535
-.0024261475
.0021362305
-.0014038086
-.0023345947
-.0011596680
.0016021729
-.0015869141
-.0015869141
-.0028991699
.0009155273
.0009765625
.0015869141
-.0014953613
-.0022888184
.0016479492
-.0014343262
.0020599365
-.0031280518
-.0079193115
.0110168457
-.0080718994
.0127258301
.0040893555
.0128326416
.0054626465
.0091094971
-.0038146973
-.0125732422
-.0061492920
-.0062255859
-.0041046143
-.0041046143
-.0024871826
-.0032653809
-.0020904541
.0030822754
-.0023193359
-.0025177002
.0018463135
.0021362305
-.0030212402
-.0024108887
.0024414063
.0015563965
-.0020294189
-.0017700195
-.0017700195
.0021209717
-.0022583008
.0016479492
.0024261475
-.0034637451
.0074157715
.0075225830
.0095977783
.0037384033
.0106506348
-.0057220459
.0140228271
-.0027313232
.0124359131
.0050506592
-.0116729736
.0090637207
-.0135955811
-.0070648193
-.0117492676
.0067596436
-.0060882568
-.0021209717
-.0026702881
-.0016021729
-.0011749268
.0020751953
-.0012969971
-.0021362305
.0016021729
.0021362305
.0016326904
.0013885498
.0016632080
-.0023193359
.0012664795
-.0012969971
.0018310547
-.0013580322
.0018310547
.0018310547
.0027008057
-.0037384033
.0036163330
.0034790039
.0106201172
.0115051270
.0113830566
.0047760010
.0106658936
.0099487305
-.0134429932
-.0069732666
-.0117340088
-.0040283203
-.0059814453
-.0058441162
-.0052185059
.0021362305
-.0044860840
-.0032501221
-.0021209717
.0020751953
-.0028228760
.0037689209
-.0027313232
-.0017395020
.0018768311
.0012054443
.0020294189
-.0019836426
.0012969971
-.0014038086
.0006713867
-.0012054443
.0014038086
-.0020599365
.0023498535
.0067749023
.0075836182
.0104522705
.0110015869
.0053710938
.0107269287
-.0066833496
.0115661621
-.0084686279
-.0047149658
-.0048370361
-.0118408203
.0050201416
.0097045898
.0064697266
-.0090942383
-.0047149658
-.0042266846
-.0030059814
-.0027923584
-.0020751953
-.0027618408
.0012664795
-.0012207031
-.0013732910
.0018310547
.0016784668
.0011749268
-.0032196045
.0016784668
.0011901855
.0023803711
.0026397705
.0015563965
-.0012207031
.0023193359
.0038909912
-.0029449463
.0073394775
.0038604736
.0037841797
.0103607178
-.0092315674
.0130462646
.0029449463
-.0081481934
.0037078857
-.0132751465
-.0052490234
.0168457031
-.0096893311
-.0054626465
-.0065460205
-.0039672852
-.0041351318
-.0045928955
-.0033416748
-.0032348633
-.0046691895
.0023803711
.0024261475
-.0015563965
-.0021362305
.0019989014
.0023193359
-.0019989014
-.0017547607
.0013275146
-.0012969971
-.0021820068
.0013885498
.0014343262
-.0011291504
-.0021514893
.0025634766
.0081176758
.0025939941
.0172424316
.0095062256
.0122833252
.0108795166
.0146789551
-.0079040527
-.0135192871
-.0088195801
-.0049591064
-.0059204102
-.0072021484
-.0047912598
-.0055847168
-.0041656494
-.0068206787
.0030364990
-.0037078857
.0018310547
.0022888184
-.0023193359
-.0013732910
-.0040283203
-.0035552979
-.0032043457
-.0025024414
.0016937256
.0010528564
-.0021514893
-.0013732910
.0015869141
-.0022125244
-.0029754639
.0036773682
-.0023803711
-.0066070557
.0023040771
.0107269287
.0110931396
-.0104370117
.0066223145
.0097961426
.0129547119
-.0138549805
.0095977783
-.0052337646
-.0190734863
.0057220459
.0108032227
-.0043029785
-.0105590820
-.0046844482
-.0060424805
-.0047760010
-.0037689209
.0029754639
-.0031585693
.0041809082
.0026245117
-.0018157959
-.0029296875
.0015716553
.0022277832
-.0018157959
-.0019989014
-.0019531250
.0009155273
-.0012054443
.0017242432
.0014801025
-.0016479492
-.0020141602
-.0010681152
.0021972656
-.0015411377
.0052795410
.0093383789
.0104370117
.0111541748
.0036010742
.0089874268
.0074157715
.0110931396
-.0063934326
-.0095977783
-.0045623779
-.0106658936
-.0064239502
-.0160064697
.0052185059
-.0115509033
.0067138672
-.0079040527
.0045623779
-.0027923584
-.0027313232
.0027923584
-.0022125244
.0016021729
-.0017395020
.0015411377
-.0028228760
-.0027770996
.0016784668
.0021667480
.0019531250
-.0016632080
.0020751953
.0021362305
-.0023498535
-.0016479492
.0025329590
.0019683838
-.0043945313
.0060119629
.0062561035
.0101928711
-.0052642822
.0055999756
.0145111084
.0097656250
-.0070190430
-.0099639893
-.0109252930
-.0066375732
-.0053863525
-.0058135986
-.0081176758
-.0047454834
-.0033264160
-.0026855469
-.0035552979
-.0026245117
.0019836426
-.0033264160
.0022430420
.0024261475
-.0021514893
-.0026092529
.0020751953
.0016632080
-.0013275146
-.0014495850
.0016784668
-.0014648438
-.0014801025
.0018463135
.0013885498
-.0021362305
.0019989014
.0071411133
.0033721924
.0127716064
.0072174072
.0123138428
.0075531006
.0128479004
.0106964111
.0134582520
-.0122070313
-.0046844482
-.0080718994
-.0092926025
-.0129241943
.0053253174
-.0126800537
-.0053405762
-.0062713623
-.0036468506
-.0048828125
-.0028686523
.0022430420
.0032043457
-.0031280518
-.0047912598
.0024719238
.0020446777
-.0023956299
.0017700195
.0024108887
-.0021820068
-.0016326904
.0021209717
.0028991699
.0012969971
-.0021667480
.0040588379
-.0018310547
-.0030059814
.0030059814
-.0028228760
.0104217529
.0059661865
-.0080566406
.0089569092
.0113677979
.0071563721
.0093994141
-.0087890625
.0175781250
.0086517334
-.0056457520
-.0034179688
-.0033569336
-.0043487549
-.0035247803
-.0036010742
-.0033569336
-.0028839111
-.0021209717
.0021362305
.0018310547
-.0027465820
-.0031890869
.0019836426
-.0015869141
-.0031585693
.0016632080
.0023651123
-.0017852783
-.0019989014
.0023040771
.0022277832
-.0036315918
-.0030059814
.0031127930
-.0021362305
.0056762695
.0059356689
-.0062255859
.0151214600
.0062103271
.0134277344
-.0081939697
-.0110015869
.0065155029
.0080566406
-.0055847168
-.0055541992
-.0039978027
-.0051727295
-.0045776367
-.0042877197
.0042266846
-.0064392090
-.0034332275
.0029602051
.0026397705
-.0018157959
-.0018463135
.0032806396
-.0022888184
-.0017242432
.0024261475
.0023040771
-.0030059814
-.0016632080
.0019836426
-.0014648438
-.0015411377
-.0019683838
.0012969971
-.0082855225
.0025024414
.0107879639
.0050048828
-.0084228516
.0107269287
.0117492676
.0064392090
-.0136566162
-.0071411133
-.0054168701
-.0128784180
-.0052490234
.0113067627
-.0106353760
-.0112762451
-.0074615479
-.0061950684
-.0056762695
-.0041046143
.0031890869
-.0028076172
-.0043945313
-.0024414063
.0021362305
-.0023193359
-.0027923584
.0026245117
-.0021209717
.0025024414
.0034027100
.0025482178
.0015563965
-.0019378662
.0014343262
.0019378662
-.0023345947
.0013122559
.0024108887
.0032043457
.0100097656
-.0056457520
.0117645264
-.0087127686
-.0127105713
.0052032471
.0135803223
-.0048828125
.0162811279
-.0052185059
-.0057373047
-.0053558350
-.0058288574
-.0055694580
.0053558350
-.0056457520
.0044708252
.0058288574
-.0039825439
.0023803711
.0018463135
.0027008057
-.0016021729
.0015411377
.0030822754
-.0037536621
-.0026245117
.0014495850
.0011596680
-.0012512207
-.0012512207
-.0011596680
-.0021057129
-.0011138916
.0019378662
-.0019226074
-.0026702881
.0080871582
.0083923340
.0113220215
.0046386719
.0111236572
.0051879883
.0144042969
-.0039978027
.0159149170
-.0101013184
-.0101623535
-.0062408447
-.0115509033
-.0112915039
-.0114440918
-.0085449219
.0046997070
-.0037841797
-.0040283203
-.0030212402
-.0030212402
-.0047454834
-.0030517578
.0031127930
.0018920898
-.0032348633
.0026092529
.0022430420
-.0030975342
-.0028686523
.0016632080
.0022430420
.0017089844
-.0012054443
.0022735596
.0030517578
-.0029296875
.0030670166
-.0054931641
.0088958740
.0094299316
.0068511963
.0050354004
.0126953125
.0096282959
-.0132446289
-.0079956055
-.0121307373
-.0051269531
.0132598877
-.0115661621
-.0123291016
-.0053558350
.0102691650
.0093383789
-.0053100586
.0036010742
-.0035705566
-.0032043457
.0025482178
.0023803711
.0034332275
-.0014801025
.0029907227
.0018463135
-.0030975342
-.0017700195
.0023193359
-.0020446777
-.0012054443
.0019989014
.0023498535
-.0022125244
-.0022277832
.0015563965
.0028839111
-.0025177002
.0029754639
.0023345947
-.0048522949
-.0050659180
.0108184814
.0113830566
-.0041961670
.0130157471
.0049896240
-.0151519775
-.0068817139
.0114288330
.0046691895
-.0050811768
-.0072784424
.0027465820
-.0020446777
-.0037536621
-.0025024414
.0027923584
-.0048980713
.0024566650
.0057373047
.0029602051
.0029907227
-.0026245117
.0014953613
-.0029144287
-.0015258789
.0023956299
.0029754639
.0018157959
-.0025024414
.0032043457
-.0052185059
.0055541992
.0089263916
.0092163086
.0042419434
.0118560791
.0058288574
.0101928711
-.0067443848
-.0073699951
-.0066375732
-.0072937012
-.0031433105
-.0121917725
-.0069732666
.0103759766
-.0112152100
-.0049591064
-.0059814453
-.0030517578
-.0039978027
.0045166016
.0031890869
.0022277832
-.0021362305
.0054473877
-.0017547607
-.0047302246
.0022125244
-.0029602051
-.0019683838
-.0022277832
.0020904541
.0025787354
-.0023956299
.0022888184
.0016784668
-.0012969971
-.0029907227
.0018157959
.0016784668
.0032501221
.0090484619
.0072784424
.0082092285
.0047454834
.0113677979
.0036773682
.0126342773
-.0070800781
.0112304688
.0067138672
-.0084075928
-.0134887695
-.0116882324
-.0086059570
-.0149688721
-.0149688721
-.0037689209
-.0046844482
-.0031127930
-.0023193359
-.0021514893
-.0021972656
-.0041961670
.0027923584
.0038909912
-.0024871826
-.0022125244
.0032653809
.0025177002
-.0029602051
.0015869141
.0019531250
.0011444092
-.0024719238
.0016784668
.0018615723
-.0018920898
-.0028228760
.0031280518
.0025634766
.0050201416
.0133361816
.0054168701
.0101623535
-.0046234131
.0062561035
.0039062500
-.0064239502
-.0034637451
.0097351074
-.0031127930
-.0042877197
-.0014648438
-.0022735596
-.0018463135
-.0009460449
-.0009613037
-.0009765625
-.0006866455
-.0007019043
.0006713867
.0004882813
.0003509521
.0002746582
.0001983643
.0001068115
