.0137023926
-.0098114014
-.0167999268
-.0200958252
-.0149993896
-.0182800293
-.0248413086
-.0192871094
-.0207824707
-.0193328857
-.0178680420
.0239562988
-.0289154053
-.0256958008
.0233764648
.0331573486
.0345611572
-.0359954834
-.0289764404
.0460815430
.0490722656
-.0579833984
.0430145264
-.0370483398
-.0479888916
-.0508422852
-.0457000732
-.0593872070
-.0674591064
-.0552062988
-.0806579590
-.0574188232
.0423278809
-.0558013916
-.0843353271
-.0825347900
-.0589904785
-.0988311768
-.0681762695
-.0406646729
.0626068115
-.0560607910
.0577392578
-.0852813721
.0541076660
.0628204346
-.0703277588
-.0839385986
-.0750579834
.0807189941
.0744628906
.0646972656
-.0747070313
-.0613708496
-.0788879395
-.0695190430
-.1066436768
.0589447021
-.0989837646
.0851135254
-.0964050293
.0780792236
-.0950927734
-.0941619873
-.0928955078
-.0566558838
.0813293457
-.0852050781
.1169891357
.0839843750
-.0828399658
-.1251678467
-.0976104736
.0645446777
.0756378174
.0748443604
.0742034912
.0751953125
-.1135559082
-.0811004639
.1060791016
-.1160583496
-.0793914795
.0854949951
.1158294678
-.0894927979
.1002655029
.0860290527
.0751190186
.0791473389
-.0897369385
.0820159912
-.0706787109
-.0756988525
.0859985352
-.1042938232
-.0883178711
-.1041259766
.1026153564
.0792388916
-.0708618164
-.0997314453
-.1029663086
.0582580566
-.0705413818
.0756225586
-.0762176514
-.0964050293
-.0679168701
.0821685791
-.0640563965
-.0647125244
.0582885742
.0831756592
.0836334229
.0887756348
.0710601807
.0687255859
.0894317627
-.0663299561
.0998535156
.0654144287
-.1104583740
-.0713806152
-.0751647949
-.0764007568
-.0570373535
.1030426025
-.0798797607
.0714874268
.0956420898
.0943603516
.0866088867
.0895538330
-.0973968506
.1107177734
-.0832672119
-.0777893066
-.0905914307
.0885314941
.0989074707
-.0764160156
-.0643463135
-.0608520508
-.0839996338
-.0850524902
-.1258392334
-.0678710938
-.0762176514
.0845642090
.0814056396
-.0757141113
-.0982360840
-.1289978027
-.0876770020
.0701599121
.0985565186
-.1053619385
-.0955963135
.0860137939
-.1313476563
-.1263885498
.0920867920
-.1168670654
-.1083831787
-.1505737305
-.1371154785
-.1115112305
-.0915679932
-.1613006592
.1083221436
-.1110687256
-.1081085205
.1156005859
.0981750488
-.1502380371
.0870513916
.0756225586
-.1033172607
-.0952301025
-.1734771729
-.1222229004
.1073913574
-.1300201416
.1156921387
.0870208740
.0860748291
.0624237061
-.0903015137
.0828247070
-.1110534668
.0709228516
.1203308105
-.0936279297
.0860137939
.1090393066
.1190948486
-.1024932861
-.1575317383
.0831909180
-.0841217041
-.0781402588
-.0872344971
.0946197510
-.0961914063
-.1355438232
-.1334533691
.1235351563
-.1249542236
.0746154785
.0859222412
-.0902404785
-.0744018555
-.0717468262
.0830078125
-.0861663818
.0849761963
.0891723633
.1063690186
.0751495361
-.0690307617
-.1267852783
.0916900635
-.1039123535
-.0711517334
-.1106262207
.1288909912
-.1245574951
-.0801696777
-.0991363525
.0699768066
-.1159362793
-.0955505371
-.1105804443
-.1409912109
-.1157379150
.1153106689
-.0963745117
-.0868988037
-.1107330322
.1206817627
-.1458740234
.1133728027
.1017913818
-.1154327393
.0846405029
-.1245269775
.0982818604
-.1364135742
-.1545867920
-.0944519043
-.1695861816
-.0763397217
.1003570557
-.1936798096
.1112213135
-.0821228027
.1415252686
-.1535034180
.0983734131
-.0867309570
.1468505859
-.1336212158
.1644744873
-.1875152588
.1160736084
.1611938477
-.1593933105
-.1294403076
-.1173400879
-.1653747559
.1224212646
-.1685638428
-.0970916748
-.1195678711
.1551055908
.1213226318
.1828308105
.1135253906
.1654510498
.1396484375
-.1745910645
.1254730225
-.1345672607
.1127624512
.1419219971
-.1104125977
-.1563568115
-.1606903076
-.1540222168
-.1576080322
-.1313934326
-.0931549072
-.1398620605
.1537628174
.1251983643
-.0952301025
.0983276367
-.1584625244
.1621704102
-.1431274414
.1575164795
.1437683105
-.1303558350
-.0978546143
-.1622161865
.1233215332
-.1168060303
.1547241211
.1413879395
.1855163574
-.1516265869
-.1481018066
.1916503906
.1770477295
.1549224854
-.1141204834
.1608734131
-.1652679443
-.1822204590
.2429199219
.2203521729
-.1388244629
-.1439666748
.1649932861
-.2146301270
.1491394043
-.2227325439
.1360015869
.1484832764
-.1101531982
-.0947418213
.1797943115
-.1264038086
-.1676635742
-.0956420898
.2127380371
.1519927979
.1151428223
.1089019775
.1226043701
.2050018311
.1493682861
.1961517334
.1256713867
-.2352294922
-.2075958252
-.1689910889
.0904846191
-.1820983887
-.1232299805
.1221008301
.1090698242
-.1579895020
.1273803711
-.1391296387
.1521453857
-.1236114502
-.1994018555
.1204376221
-.1561279297
.1701202393
.1325073242
.1237945557
.2187957764
-.1910858154
-.1408538818
.1204376221
.1637725830
.1020660400
-.1036376953
-.1220550537
.1775817871
.1725921631
-.0782012939
.1210632324
-.1383819580
.1143798828
-.1294555664
-.1375579834
-.1878814697
-.1243286133
-.2083129883
-.1285095215
-.2089538574
.1420898438
-.1279602051
.1045837402
.1113128662
-.1043243408
-.1888732910
.0740509033
-.0896759033
.1157379150
-.1533966064
-.1606292725
-.1110382080
-.1047515869
-.1745300293
-.1954498291
.1408081055
.1578216553
.1231842041
-.0821685791
.1013488770
.1229095459
-.1058959961
-.1402740479
-.1657104492
-.1264190674
.0910949707
-.1047058105
.1216888428
-.1086273193
-.1103210449
.1107177734
-.0834960938
.1275177002
.1130523682
-.1150512695
-.0708770752
-.0992126465
-.0781250000
-.1205139160
-.1195983887
.1024017334
.1566314697
-.1288146973
.1279754639
-.1024780273
.1086425781
-.1091461182
.1308288574
.0825500488
-.1113586426
-.1465454102
-.1607818604
-.0784759521
-.1324005127
.0905151367
.1451263428
.0869598389
.0991210938
-.1021423340
.1288299561
-.1114349365
.0780029297
-.1041107178
-.1055145264
.0514526367
-.1391754150
-.0936889648
.0750579834
.0620574951
-.1272125244
.0990295410
.1309661865
-.0814514160
-.0684509277
-.1032257080
-.0755462646
-.1421508789
.0860900879
-.0708465576
-.1156768799
-.0901489258
.0754241943
.1134643555
.0932006836
.0712890625
-.1052093506
.0960540771
-.0997619629
.0614013672
-.0911865234
-.1361999512
.1062316895
-.1109924316
-.1334075928
-.0807189941
.0973968506
-.1033325195
-.0776977539
.0931243896
-.1012878418
-.1035614014
-.0633697510
-.0693511963
-.1172637939
-.0897827148
-.1119842529
.1132812500
-.0729522705
.0743103027
.1034698486
-.0885467529
-.0898132324
.0688934326
.0814056396
-.0616302490
-.0976562500
.0866699219
-.1059722900
.1356506348
.0919952393
.1134338379
-.0791320801
-.0666809082
-.1122436523
-.0941162109
.1093139648
.1051635742
.0761413574
-.0517272949
-.0767822266
-.0863037109
-.0596160889
.0757141113
.1184692383
-.0833435059
.0695190430
-.0894470215
.0804901123
.0880584717
-.1117248535
-.0901794434
.0469360352
.0751800537
-.1102142334
-.0583953857
-.1011962891
-.0857543945
.0875701904
-.0808105469
-.0741119385
-.1034698486
.0637664795
-.1495819092
.0850067139
-.0895233154
.0878601074
-.0776367188
.1400909424
.0964202881
.0986022949
.1318206787
-.1878051758
-.1206665039
.1040802002
-.0713500977
.1118469238
.1097869873
-.0920104980
-.0833435059
-.1088104248
.0977630615
-.0824127197
-.1080017090
-.0679931641
.0873413086
.1013793945
.0990142822
-.0971221924
.0706329346
-.1156921387
-.0828704834
-.0934600830
.0800323486
.0892181396
-.0867309570
-.0827789307
.0898742676
.0702667236
-.0959320068
-.0636596680
.0884094238
-.1534423828
-.0654449463
-.1221313477
.0974731445
.0653533936
-.0970001221
-.0669097900
-.1024475098
-.1040802002
.0811614990
-.0910797119
.0866241455
-.0734252930
-.0836029053
-.0795135498
.0898132324
.1080017090
-.0862121582
.1095275879
.1040191650
.0746765137
.0704956055
.1249389648
-.0786437988
-.0921936035
-.0923309326
.0791778564
-.0951080322
.0955657959
-.0664978027
-.0889739990
-.1005096436
.0815734863
-.0800781250
.0825500488
-.0843811035
-.0730438232
-.0807037354
-.0950927734
-.0611114502
-.0576171875
-.0979919434
.0990447998
-.1122741699
.0841979980
.0851287842
.1089935303
.0884094238
-.0655517578
.0930480957
.0758819580
.0919189453
.0859985352
-.0869750977
-.0726776123
-.0627899170
.0818023682
-.0750122070
-.0751647949
-.0710144043
.1280975342
-.1205902100
-.1018371582
-.0963592529
-.0751342773
.0911560059
-.0814208984
.0790557861
.0721435547
.1062622070
.0898437500
-.0940246582
-.0771331787
-.0735931396
-.0724639893
-.0875396729
.0775909424
-.0699615479
-.0971832275
.0908966064
-.0611114502
-.1124725342
.1197052002
.0932312012
-.0642242432
-.1271209717
.1042022705
.1065063477
.1209259033
.0561828613
-.0633087158
-.0903930664
-.1279296875
-.1121368408
.1142578125
-.0639190674
-.1045074463
-.1156768799
-.0743408203
.0945129395
-.0775146484
.0787048340
.0652465820
.0876617432
.0702819824
-.0842132568
-.0870971680
-.0736236572
-.0762786865
.0938568115
-.0924377441
.0739135742
-.1011810303
-.0879821777
.1144714355
.0696563721
.0744018555
.0784149170
.0981292725
-.0793457031
-.1065063477
.1093750000
.0735778809
-.0773468018
-.0893402100
.0709075928
-.0541687012
.1065521240
-.0978393555
-.0849151611
-.0859069824
-.0853424072
-.0672149658
-.0969390869
-.0922088623
.0947265625
-.0912628174
-.0947113037
-.0733795166
-.0664672852
-.0662231445
-.0922546387
-.1217956543
.1351013184
-.1136322021
-.1413726807
-.0749359131
-.1044616699
-.0730285645
.0706481934
-.0675811768
-.0894622803
-.1023406982
-.0871429443
.0902252197
-.0908813477
-.1184539795
-.0928192139
.1046600342
-.0922088623
.0952301025
-.0903320313
-.0890502930
-.1246185303
.1275482178
.1347045898
.0837402344
-.1245727539
-.0684356689
.0794067383
-.1365509033
-.0829467773
-.1101074219
.0848999023
-.0618591309
-.1159057617
-.1224517822
-.0763854980
-.0800170898
-.0598449707
-.0951385498
.0472869873
-.1011657715
-.0863189697
-.0859985352
-.1043243408
.0624847412
-.1281738281
-.1091156006
-.0896301270
.0972442627
-.0563354492
-.1284942627
.0896759033
.0946807861
.0825805664
.0969543457
-.1081085205
.0856018066
-.0777740479
-.0880889893
.1185607910
-.0724639893
-.1367187500
-.0960235596
-.0791931152
.1601715088
.0825653076
-.1046142578
-.1089935303
-.1092224121
.0866241455
.0698242188
.1209411621
.1050720215
-.1569824219
-.1067199707
-.0932617188
-.0811767578
-.0592193604
.1021118164
-.0982208252
.0679626465
-.0915985107
.0959777832
-.0894775391
-.0979919434
-.0928802490
-.0663757324
.0686492920
.0644378662
-.0714569092
-.1032562256
-.0891113281
-.0711669922
.1115417480
-.1005401611
.0878601074
-.1259155273
.1231536865
-.1000213623
.0798034668
-.0942077637
-.0719451904
.0791168213
-.1354217529
.0843505859
.0983734131
-.1273803711
-.0492858887
-.0709991455
-.1115570068
.1271514893
-.1083984375
-.0605316162
-.0819549561
-.0789489746
-.0822753906
.0845336914
-.0978698730
.0786895752
-.0755157471
-.1173553467
-.0935974121
-.1154174805
-.0909576416
-.1048736572
-.1111907959
-.0788879395
.0853729248
-.0692749023
.0878295898
.1264648438
-.1138305664
.0790100098
-.1190643311
-.0915222168
-.0975189209
-.0838165283
-.0738983154
-.0783691406
-.0764160156
-.0793304443
.0893707275
-.0871887207
-.0754241943
-.0626831055
.0852966309
.0570983887
-.0730285645
-.0839996338
-.0503234863
-.0692443848
-.0795745850
.0795135498
-.0809783936
-.0686950684
-.0664367676
-.0666503906
-.0889282227
-.0706939697
.0557708740
-.0687408447
.0746612549
-.0771636963
.0910339355
-.0677490234
-.0802459717
.0872192383
-.0684204102
.0955963135
-.0913238525
-.1131134033
.0654144287
.0659027100
.0458221436
.0991210938
-.0971069336
.0844726563
-.0664520264
-.1365509033
.0581207275
-.0778045654
-.0814056396
.0492401123
-.0736999512
-.0690612793
.0788879395
.0763397217
-.0730590820
.0559082031
.0849456787
-.0588073730
-.1005554199
-.0792999268
-.0723571777
.0641479492
.0491790771
-.0819854736
-.0717926025
-.0761413574
-.0567779541
-.0476226807
.0597991943
-.0623626709
.0524902344
.0973510742
-.0880279541
.0832061768
.0861511230
-.0823516846
.0612792969
-.0549316406
-.0742645264
-.0513305664
.0750732422
.0731201172
-.0723724365
.0534820557
.0516204834
-.0596160889
.0407714844
-.0801086426
-.0655212402
-.0576171875
-.0512847900
.0696868896
-.0968627930
-.0477447510
-.0724487305
-.0431365967
-.0572509766
.0493164063
-.0642700195
-.0462036133
-.0736389160
.0339508057
.0395660400
.0368194580
-.0424194336
-.0406341553
.0453186035
-.0572967529
-.0408325195
-.0390472412
.0420227051
.0428161621
-.0350036621
-.0379943848
.0510559082
-.0246429443
.0212860107
-.0320281982
-.0265960693
-.0375366211
.0270385742
-.0265960693
-.0294799805
-.0373535156
-.0285491943
.0379028320
-.0280914307
.0197906494
.0216522217
-.0161132813
.0184631348
-.0247955322
-.0122985840
.0166168213
-.0154418945
.0139007568
.0099639893
-.0107421875
.0118103027
-.0107269287
.0083465576
-.0068664551
-.0094604492
-.0080871582
.0045776367
-.0052947998
-.0055847168
.0000305176
.0000305176
.0000305176
.0000305176
-.0000305176
