.0005035400
.0003967285
.0002136230
.0003662109
.0001983643
.0001983643
.0003662109
.0002441406
-.0002136230
-.0002899170
-.0002746582
.0002899170
-.0001983643
.0003204346
-.0002746582
-.0002441406
.0005493164
-.0006256104
.0016021729
.0023651123
.0040588379
-.0022735596
.0009918213
.0013885498
-.0011138916
-.0009155273
-.0010375977
.0007476807
.0009155273
.0008697510
.0006561279
.0011749268
-.0011138916
.0027618408
-.0026855469
.0018768311
-.0025177002
-.0014801025
-.0017395020
-.0030975342
.0023651123
.0010528564
.0010681152
-.0009918213
.0009918213
.0016021729
-.0014648438
-.0013732910
-.0011901855
.0018157959
-.0008392334
-.0012054443
.0006103516
-.0016021729
-.0013275146
-.0017547607
-.0010375977
.0005950928
-.0010681152
.0007171631
-.0008544922
-.0007324219
.0007324219
.0006256104
.0005187988
-.0005645752
.0004119873
-.0004119873
.0005340576
-.0005493164
.0003356934
.0003967285
.0090026855
-.0018463135
-.0081939697
.0136566162
.0251464844
-.0218505859
.0187683105
-.0224456787
.0150909424
.0203094482
.0331726074
.0206909180
-.0401763916
.0454864502
-.0289459229
-.0552368164
.0515136719
-.0481262207
-.0397796631
-.0474548340
-.0673522949
-.0456085205
-.0438995361
.0830535889
.0943908691
.0498352051
-.0631866455
.0726928711
-.0752716064
.0402526855
-.0632171631
.0597381592
-.0409698486
.0427398682
.0615386963
-.0506134033
-.0345458984
-.0484771729
-.0549468994
-.0253753662
-.0368804932
.0317840576
.0392303467
.0247955322
-.0292968750
-.0235748291
-.0239105225
.0291290283
-.0335693359
-.0242767334
-.0166625977
.0179901123
.0228576660
-.0245819092
.0260467529
.0127868652
.0146179199
-.0286865234
-.0134429932
.0092926025
-.0127868652
.0073242188
-.0072326660
-.0062866211
-.0040588379
.0070343018
.0025939941
.0057067871
.0054931641
.0048522949
.0053863525
.0237579346
.0389099121
.0512237549
-.0544586182
.0548400879
.0408020020
.0358123779
-.0262603760
.0229797363
.0139617920
.0060272217
-.0032348633
-.0024261475
-.0033111572
.0033721924
.0029907227
-.0026855469
.0034637451
.0025177002
-.0019073486
.0011749268
.0022735596
-.0010833740
-.0021820068
-.0009765625
-.0013275146
.0032958984
.0014343262
.0014801025
-.0019378662
.0023803711
.0016784668
.0019683838
.0014038086
-.0010986328
.0028839111
.0018920898
.0008697510
-.0017395020
-.0143127441
-.0162963867
-.0171966553
-.0089569092
-.0319061279
.0461425781
-.0623016357
-.1025695801
-.0411376953
.0647430420
-.0833587646
.1056060791
.0856170654
.1035766602
.0923919678
-.1036529541
-.1245422363
-.1841278076
-.1638183594
-.1179504395
-.1039581299
.1447296143
-.1145172119
.0988616943
-.1076812744
.1357269287
.1380310059
-.1030426025
-.1400909424
.1654205322
-.1911315918
.1294403076
-.0787658691
.1300659180
-.1128387451
-.1322326660
-.1278381348
.0912017822
-.1061401367
-.1114196777
-.0964202881
.0741119385
-.0743713379
-.0835876465
-.0854644775
-.0338134766
-.0837097168
.0878143311
-.0943908691
.0963287354
.0923309326
.0886840820
.0657806396
-.1107177734
-.0635528564
.0418395996
.0611877441
-.1010589600
.0589904785
-.0888366699
-.0370635986
-.1051483154
-.0539855957
-.0919036865
.0596313477
.0933074951
.0894470215
.0762786865
.0491790771
-.0598754883
.0795593262
.0567016602
.0230712891
.0256805420
.0300903320
.0249481201
-.0283660889
-.0108184814
-.0095672607
.0052032471
.0045318604
-.0072326660
.0033569336
-.0065765381
-.0028686523
-.0026092529
-.0043792725
.0055999756
.0035552979
.0025177002
.0038299561
.0037231445
-.0028381348
.0045623779
.0035095215
-.0028991699
.0025787354
-.0013122559
.0035400391
-.0023803711
.0019226074
-.0019683838
-.0023193359
.0019683838
.0013427734
.0011749268
-.0029296875
-.0021820068
.0024261475
.0026397705
-.0011596680
-.0025329590
-.0022430420
.0015258789
-.0007019043
.0008697510
-.0007476807
-.0017089844
.0012664795
.0014190674
.0013427734
-.0009765625
.0015411377
.0016479492
-.0009155273
.0018615723
.0005950928
-.0011138916
.0012512207
-.0005035400
.0137634277
-.0016632080
.0228729248
-.0319976807
-.0493164063
-.0526275635
.0703430176
-.0937805176
.0728912354
.0545654297
-.1169433594
.1151580811
.0860748291
-.0936126709
-.1435852051
.1054992676
.1099548340
-.1372375488
-.1078033447
-.1219329834
-.0844573975
-.1686248779
.1135559082
-.1093444824
-.1003723145
.0837249756
-.1178741455
.1139984131
-.1105957031
-.0964508057
-.1055908203
-.0860748291
-.0608062744
-.0940856934
.1050109863
-.0702972412
-.1047363281
.1325988770
-.1463012695
-.0837249756
-.0792999268
.1017761230
.0784912109
.0332336426
-.0613861084
-.0846862793
-.0894470215
.0512084961
-.0691070557
.0639190674
-.0217132568
.0279846191
-.0464172363
-.0628051758
-.0160217285
.0493621826
-.0391540527
.0280609131
-.0220794678
.0252685547
.0336303711
.0210876465
.0261383057
-.0248413086
.0316467285
.0360870361
.0263366699
-.0345153809
.0343017578
-.0426788330
-.0211486816
-.0200195313
-.0288085938
-.0345458984
.0075988770
.0166778564
-.0151214600
.0067749023
.0093994141
.0173492432
-.0040588379
-.0106048584
-.0037536621
.0089111328
.0071868896
.0065307617
.0050811768
-.0023345947
.0044708252
.0030670166
-.0031433105
.0020599365
.0020599365
.0019226074
.0040435791
.0036773682
-.0023956299
.0031127930
.0037536621
.0040130615
-.0031890869
.0024414063
-.0015258789
-.0014648438
-.0013122559
.0012512207
.0027770996
.0010681152
-.0016784668
-.0030517578
-.0014343262
.0019836426
-.0016784668
.0014801025
.0015563965
-.0029602051
.0021667480
.0025329590
-.0019683838
.0022125244
.0019683838
-.0011901855
-.0220642090
-.0042266846
-.0147094727
-.0139617920
-.0412139893
.0770721436
.0587921143
.0719604492
-.0719604492
-.0740509033
-.1343383789
.0867156982
-.0587463379
-.0834045410
-.1064910889
-.1130523682
.1138610840
.0986175537
-.0999298096
-.0937347412
-.0851287842
-.1009674072
-.1063537598
.0957794189
-.0859985352
.0961151123
-.0921020508
-.0883483887
-.1023254395
-.0919952393
-.0850524902
-.1175689697
-.1231689453
-.0766143799
-.1049346924
-.0600585938
-.0932006836
-.1013488770
-.0904846191
-.1005249023
-.0782623291
-.0835723877
-.0767822266
.0918426514
-.0888671875
.0578918457
-.0318450928
.0446166992
-.0175781250
-.0220642090
.0261840820
-.0157623291
.0084838867
-.0175781250
-.0159454346
.0227355957
-.0421142578
-.0286407471
.0332946777
.0193328857
-.0302276611
-.0313568115
.0166473389
-.0324096680
-.0562744141
-.0614776611
-.0479888916
.0657806396
-.0613250732
-.0429534912
-.0614776611
-.0612487793
-.0824890137
-.0451812744
-.0454101563
.0825805664
-.0636749268
.0404663086
.0650787354
-.0847320557
-.0604400635
.0336151123
-.0487213135
.0564575195
.0324707031
.0358581543
-.0544738770
.0534515381
.0425872803
.0270385742
.0375518799
-.0307159424
.0376586914
-.0259246826
.0413513184
.0281524658
.0314788818
-.0263824463
-.0275573730
-.0212249756
-.0231323242
-.0249633789
-.0249938965
.0298919678
-.0193328857
-.0116271973
.0144958496
-.0248107910
.0143737793
-.0157623291
.0187225342
-.0204772949
.0152130127
-.0099182129
.0125122070
.0066986084
-.0072326660
.0054931641
.0051574707
-.0071868896
-.0036315918
-.0026855469
-.0039215088
-.0042419434
.0046081543
.0042572021
-.0030670166
-.0043487549
.0042114258
.0039062500
-.0028533936
.0019378662
.0036621094
.0032653809
.0034637451
-.0016021729
-.0011596680
.0017089844
.0021820068
.0025177002
.0025939941
.0019836426
.0024719238
.0032348633
-.0018463135
.0025177002
-.0020141602
-.0023803711
-.0018920898
-.0015716553
.0017089844
-.0059356689
-.0027618408
.0153350830
-.0374145508
-.0475006104
.0515747070
-.0711975098
-.0747528076
-.0868530273
.0783691406
-.0870056152
-.0934906006
.0983886719
-.1175689697
-.1340026855
.0977478027
.1080017090
-.1100311279
-.1469879150
-.1076049805
-.1123504639
-.1229248047
-.1428527832
-.1141204834
-.0921020508
.0995330811
-.0775756836
.0927734375
-.0872802734
-.1061553955
.0647888184
-.0836334229
.0563964844
-.1018676758
.0706481934
-.0717010498
-.0840606689
-.0817108154
.0393981934
-.0672454834
-.0850982666
-.0842132568
-.0874633789
.0890655518
.0641632080
-.0499572754
.0746002197
.0627288818
.0749816895
.0742034912
.0384368896
-.0482177734
.0387268066
.0252532959
-.0368041992
.0287475586
.0254211426
-.0150451660
-.0121459961
.0149688721
.0069732666
.0090026855
.0036926270
-.0046844482
-.0012207031
.0051269531
.0029449463
.0046386719
.0033264160
.0039672852
.0047454834
-.0033111572
.0024719238
-.0029602051
-.0019073486
-.0046234131
.0023956299
.0025329590
-.0033264160
-.0027770996
.0025329590
-.0014801025
-.0024261475
.0026245117
-.0013275146
.0027008057
.0021209717
-.0018920898
.0004425049
-.0016174316
.0014495850
.0016021729
-.0018768311
.0015411377
.0024261475
-.0009765625
-.0023803711
.0014343262
-.0017242432
.0014495850
.0009613037
-.0014343262
.0016937256
-.0009002686
.0013122559
.0012359619
-.0009155273
-.0015411377
.0016021729
.0010528564
.0010070801
.0013885498
-.0009613037
-.0007019043
.0013885498
-.0018157959
-.0008544922
-.0010986328
-.0015411377
-.0012359619
.0016021729
-.0009613037
-.0015411377
.0009307861
-.0011444092
.0008697510
.0008850098
.0017547607
-.0012359619
.0013427734
-.0009155273
-.0007934570
.0006866455
.0014953613
-.0009002686
-.0007324219
.0008697510
-.0006561279
-.0014343262
.0008850098
.0011138916
.0008544922
-.0009918213
.0013885498
.0005187988
-.0003051758
.0010833740
-.0010833740
.0006713867
.0005035400
.0003509521
-.0006256104
-.0004882813
-.0008087158
-.0008239746
.0011444092
.0015258789
-.0007934570
.0010528564
.0007476807
-.0007019043
-.0007781982
.0008850098
.0006408691
.0006408691
-.0004882813
.0009918213
-.0007781982
-.0011138916
-.0009918213
.0012969971
-.0011138916
.0016326904
.0009765625
.0010375977
.0005493164
-.0009613037
.0006866455
-.0007781982
.0007629395
.0008239746
-.0015411377
.0051727295
.0032501221
-.0178680420
.0046997070
-.0739593506
-.0522613525
.0450592041
.0559387207
-.0569458008
-.1065521240
.0939636230
.0771484375
.0834503174
.0842285156
.1080932617
.0895233154
-.0985717773
.1135864258
.1272277832
.1304168701
-.0945129395
-.1238403320
.1344299316
.0937652588
.0981445313
.0975341797
.0885467529
-.1022644043
.0951538086
.0983581543
-.0734863281
-.0924682617
-.1057434082
.0785827637
-.0593566895
-.0983886719
-.0890960693
-.0860290527
-.0690460205
.0561523438
-.0850067139
-.0772399902
-.0839996338
-.0763702393
-.0839691162
.0831604004
.0601196289
-.0291290283
-.0555725098
-.0467224121
.0267181396
-.0460968018
.0286865234
-.0081787109
-.0093841553
.0134735107
.0038757324
.0063018799
.0040588379
-.0021057129
.0031585693
.0033416748
-.0038452148
.0070495605
-.0027923584
-.0028076172
-.0026397705
.0027465820
-.0042114258
.0017852783
-.0016021729
-.0034790039
.0021209717
.0018310547
.0005950928
.0010986328
-.0029449463
.0012054443
-.0013275146
.0011291504
.0024414063
.0010986328
.0024414063
-.0022583008
-.0009765625
-.0019683838
.0014801025
.0016479492
.0011596680
.0004119873
-.0012207031
.0012359619
-.0013580322
-.0010375977
-.0015258789
-.0009765625
-.0007171631
.0008544922
-.0008850098
-.0010223389
.0009460449
-.0010070801
.0009307861
-.0013122559
.0006866455
-.0006256104
.0006866455
.0004882813
-.0011444092
.0003356934
-.0006103516
-.0006103516
.0007019043
-.0006866455
.0005035400
.0006256104
-.0008544922
-.0004730225
-.0007934570
.0006713867
.0007019043
-.0004882813
-.0005035400
.0004425049
-.0006713867
.0004272461
-.0006408691
.0005493164
-.0004730225
.0008544922
.0004882813
.0007781982
-.0004425049
.0004272461
-.0006256104
-.0003509521
-.0007171631
.0005950928
-.0004425049
.0008697510
-.0008087158
.0007171631
-.0004730225
.0004119873
.0006866455
-.0004119873
-.0004577637
.0004730225
.0004730225
.0023040771
-.0028686523
-.0187377930
-.0233764648
-.0337829590
-.0820312500
.0511169434
-.0574340820
.0787963867
-.0975036621
.0358123779
.0935211182
-.1129760742
-.0801086426
-.1046752930
-.1329650879
-.1064300537
-.0970153809
-.1441497803
-.1547546387
.1269378662
.0960998535
-.1405487061
.1105804443
-.1221771240
.0764007568
.0884552002
.0777435303
-.1106109619
-.0646209717
.0793304443
-.0967254639
-.0659179688
-.0694580078
-.1085968018
-.1087799072
-.0726776123
-.0425872803
-.0735473633
-.0846557617
-.0976257324
-.0766906738
-.0475616455
-.0640869141
-.0440826416
.0479583740
-.0310821533
.0259246826
.0117797852
-.0144042969
-.0084991455
-.0077972412
-.0062713623
.0047912598
-.0029144287
.0049133301
-.0072479248
.0047454834
.0064392090
-.0041198730
.0026550293
.0041656494
.0039825439
.0044555664
-.0023651123
.0042114258
-.0024719238
.0022430420
.0014038086
.0013275146
.0019073486
-.0021057129
.0019531250
-.0021667480
-.0015258789
-.0009918213
.0025329590
.0024261475
.0014801025
-.0017852783
.0012054443
.0017395020
.0010833740
.0012817383
.0023498535
-.0015258789
-.0003814697
.0013580322
