.0029602051
-.0041961670
.0029144287
-.0029602051
.0041961670
-.0042572021
-.0026245117
-.0066833496
.0039367676
.0037384033
-.0052947998
.0035095215
-.0041046143
.0045928955
-.0041503906
.0043334961
-.0058898926
.0079345703
.0099029541
.0079956055
-.0068969727
-.0091857910
-.0069580078
-.0090637207
-.0111541748
-.0093383789
.0078735352
-.0096282959
.0088500977
-.0086669922
.0095977783
-.0092163086
.0101165771
.0101623535
-.0105590820
.0083312988
-.0115051270
.0161590576
.0127258301
.0151062012
-.0184326172
.0137939453
.0193634033
.0176086426
.0238800049
-.0203704834
.0223083496
-.0225677490
.0217895508
.0218658447
.0225830078
.0237121582
.0216064453
.0160217285
-.0207672119
.0315399170
.0328216553
-.0302124023
.0295867920
.0340423584
-.0281677246
.0301818848
.0246734619
.0280761719
-.0284881592
-.0331573486
-.0323791504
.0357818604
.0339050293
.0325317383
.0307769775
.0281066895
.0303649902
.0291442871
.0292816162
.0257263184
.0261077881
.0265197754
.0245971680
.0277557373
.0230865479
.0234069824
.0272369385
.0231628418
.0259857178
.0273132324
.0291595459
.0301818848
.0300140381
.0323333740
.0297698975
-.0317230225
-.0283966064
-.0271606445
-.0257568359
-.0286407471
.0269317627
.0277252197
.0253601074
-.0224761963
-.0271759033
-.0273284912
-.0229797363
-.0216979980
.0173339844
-.0209960938
.0196228027
-.0172882080
.0192565918
.0127868652
.0157775879
.0151824951
.0152282715
.0184783936
.0142974854
.0128173828
-.0134582520
.0150909424
.0133514404
.0148773193
.0127410889
.0096130371
.0158233643
.0137634277
-.0103759766
-.0089263916
.0119171143
-.0124206543
.0119934082
-.0100708008
-.0112457275
.0140838623
-.0131988525
.0120849609
.0118103027
.0117034912
.0126800537
-.0100402832
-.0090484619
.0102539063
-.0095367432
.0083007813
.0099182129
.0078887939
-.0082550049
.0080108643
.0116882324
.0086822510
.0102233887
.0104827881
.0099792480
.0098266602
-.0091094971
.0087127686
-.0071716309
-.0075531006
-.0082855225
-.0069274902
.0080108643
-.0071411133
.0069732666
.0077209473
.0072479248
-.0084075928
-.0103454590
.0083007813
.0088043213
-.0091552734
-.0090942383
-.0104522705
-.0097198486
-.0099792480
.0093231201
-.0087432861
.0103607178
-.0084533691
-.0087280273
-.0085601807
-.0081481934
.0095214844
.0095825195
.0097351074
.0111999512
-.0106506348
.0109252930
.0088806152
.0100555420
.0088958740
.0102996826
.0105438232
.0088958740
-.0096893311
.0092773438
-.0102081299
.0094604492
.0095214844
-.0097045898
-.0095062256
.0093078613
-.0093994141
.0092620850
-.0113830566
.0086517334
.0106964111
.0125274658
.0090942383
-.0134277344
.0117492676
.0135040283
.0057525635
-.0065765381
.0047760010
.0043792725
-.0038604736
.0027465820
.0042266846
.0041809082
-.0040130615
-.0037994385
.0039825439
-.0039672852
-.0036926270
-.0029144287
-.0023651123
.0031738281
-.0030364990
-.0031890869
-.0030670166
-.0034942627
-.0028991699
.0040130615
-.0029907227
.0036926270
.0037384033
-.0031890869
.0031433105
-.0030670166
.0044860840
-.0049438477
.0142822266
.0349273682
-.0559997559
-.0762634277
.0189971924
.0495910645
.0315704346
.0180511475
-.0092773438
.0115814209
-.0062408447
.0040130615
-.0053100586
-.0051422119
-.0037994385
.0037994385
.0027160645
.0055541992
-.0039215088
.0036621094
-.0071411133
-.0249938965
.0554962158
.0656127930
.0682678223
-.0509338379
.0857849121
.0626678467
-.0789489746
.1240997314
-.1209869385
.1138916016
-.1248474121
.0904693604
.1435241699
.1338958740
-.1116333008
-.1119384766
.1093139648
-.1157836914
.1287231445
-.0905609131
-.0936584473
-.0928649902
-.1196899414
-.0991973877
-.1096191406
-.0752410889
-.0844573975
.0664520264
-.1045532227
-.1061553955
.1025238037
-.0712585449
.1007385254
.0814819336
-.0828399658
.0770721436
.0775756836
-.0693511963
.0880737305
-.0875244141
.0735321045
.0803070068
.0722808838
.0947723389
.0732269287
.0694580078
-.0717010498
-.0901184082
.0860137939
.0838470459
-.0710144043
.0648803711
.0827331543
.0824127197
.0650482178
.0705718994
-.0680236816
-.0769958496
.0566101074
-.1004791260
.0892944336
.0768737793
-.0934143066
-.0664367676
.0885009766
.0810852051
-.0785064697
-.0775604248
-.0817718506
-.0725250244
-.0550384521
-.0843200684
.0674438477
-.0904846191
.0844268799
.0826110840
.0726928711
.0963745117
-.0682678223
-.0389556885
.0310974121
-.0163879395
-.0055694580
-.0085906982
-.0066680908
-.0054168701
.0069274902
.0073089600
-.0051727295
-.0042266846
.0047454834
.0051727295
.0042419434
-.0043945313
-.0040588379
.0034027100
.0161743164
-.0256500244
-.0347137451
-.0470428467
.0619506836
-.0638732910
.0587615967
.0855712891
.0687103271
.0581054688
.0544586182
-.0708007813
-.0890502930
.0798645020
-.1014404297
-.0956726074
.0817260742
-.0620422363
.1015014648
-.1213226318
-.0868682861
.0567474365
-.0710601807
.0964508057
-.0830993652
.0917663574
-.0588073730
.0856475830
-.0522308350
.0610351563
.0832824707
-.1034851074
.0633850098
.0926818848
.0932312012
-.0775299072
.0675506592
-.0693817139
-.0597839355
-.0621337891
-.0639038086
-.0720672607
.0694274902
.0685272217
.0651550293
-.0863800049
.0482940674
.0578460693
.0799255371
-.0649719238
-.0650024414
-.0648498535
.0761108398
-.0737152100
-.0650482178
-.0793304443
.0893402100
.0612030029
.0572052002
-.0465240479
-.0447998047
.0687255859
.0570678711
-.0801086426
.0483093262
-.0528869629
.0445098877
.0540618896
.0509338379
-.0643310547
-.0616607666
-.0691986084
-.0605316162
-.0461883545
.0515441895
.0432128906
.0585937500
-.0654449463
-.0652008057
-.0413818359
-.0289001465
.0261840820
-.0203857422
.0225830078
.0173187256
-.0132751465
.0069427490
-.0068817139
-.0044708252
-.0042572021
.0038757324
.0042114258
.0033721924
.0029144287
.0030975342
-.0045166016
-.0027618408
.0020599365
-.0035858154
.0022583008
.0030212402
-.0036163330
.0029296875
-.0043334961
-.0024719238
.0041198730
-.0029449463
.0034027100
-.0031127930
-.0049438477
-.0026245117
-.0065765381
.0039825439
.0079040527
-.0077667236
.0084838867
-.0130004883
-.0116424561
-.0115203857
.0121307373
.0106353760
.0128936768
.0116271973
.0138854980
.0175170898
-.0148010254
-.0125427246
.0165557861
-.0119018555
.0170898438
-.0208587646
.0238800049
.0199432373
.0153350830
.0173492432
.0139312744
-.0124359131
-.0164794922
-.0161132813
.0130767822
.0187225342
.0176086426
.0160675049
.0153656006
.0151824951
-.0272827148
-.0191040039
.0287780762
.0162506104
.0187835693
-.0196228027
.0169830322
.0125732422
-.0197448730
-.0173034668
-.0183410645
-.0204162598
-.0178070068
.0178985596
.0229797363
.0210418701
.0260772705
.0244293213
.0227355957
.0208587646
.0161895752
.0131072998
-.0107727051
.0088653564
.0122222900
-.0112304688
-.0116424561
.0148925781
-.0114440918
-.0100555420
-.0110168457
-.0107727051
-.0108795166
-.0115203857
-.0090332031
.0108795166
.0146331787
-.0140686035
-.0152130127
.0153808594
-.0136566162
-.0172424316
.0162658691
.0168151855
.0233001709
.0173339844
-.0279388428
-.0175933838
.0310058594
-.0249481201
.0278625488
.0308685303
.0231018066
.0311737061
.0385742188
.0314788818
-.0387573242
.0272827148
-.0341949463
-.0258483887
.0323486328
.0419616699
-.0331420898
.0328063965
.0392608643
.0485992432
-.0549774170
.0520935059
.0497131348
.0528564453
.0467681885
-.0559844971
.0603637695
-.0668487549
-.0698547363
-.0624847412
-.0605316162
.0545501709
.0601501465
-.0704650879
.0628509521
.0634460449
.0767517090
.0854187012
.0787963867
-.0771789551
-.0845336914
-.0843811035
-.0862579346
.1040954590
.1029663086
.0934295654
.1092224121
.1101531982
.0907592773
.0722351074
.0645599365
.0714721680
-.0733184814
-.0726776123
.0817565918
.0729064941
.0744476318
.0781402588
.0854949951
.0789794922
.0795898438
.0819396973
.0787506104
.0818786621
.0844421387
.0896148682
.0881347656
.0711517334
.0804290771
.0776672363
.0811157227
.0833129883
.0959777832
.0987701416
.0738372803
.0801696777
.0632019043
-.0609588623
.0746307373
.0708465576
-.0647430420
-.0614166260
.0604095459
.0756225586
.0732269287
.0757141113
.0669097900
.0414428711
.0550842285
.0597076416
.0447235107
.0500183105
.0499877930
.0487976074
-.0348663330
.0324554443
.0278015137
-.0269775391
-.0317382813
.0306091309
.0258178711
-.0273895264
-.0239105225
.0250549316
-.0303649902
.0280303955
.0260925293
.0223541260
.0258789063
-.0228424072
-.0251464844
.0289001465
-.0215148926
.0193176270
-.0312500000
-.0326232910
-.0361175537
-.0351715088
.0352478027
.0375213623
.0353546143
-.0251007080
-.0323944092
.0397796631
.0410003662
.0428466797
.0394592285
.0394439697
-.0293731689
.0242004395
.0392761230
-.0399932861
-.0396118164
-.0439758301
.0395202637
.0415496826
.0410156250
.0243835449
.0362701416
-.0350189209
.0355224609
-.0341796875
-.0386962891
.0387420654
.0364227295
.0231475830
.0369110107
.0399475098
.0380859375
.0362548828
.0356292725
.0378112793
-.0375671387
-.0314788818
.0268249512
-.0424194336
-.0402069092
-.0369873047
-.0397644043
-.0412902832
-.0390319824
-.0378723145
.0330047607
-.0266876221
.0306549072
.0305938721
.0280456543
.0291442871
.0308685303
.0303649902
.0299224854
-.0340270996
-.0415191650
-.0484008789
-.0531311035
.0571594238
.0529632568
.0529785156
.0526885986
-.0527038574
.0457153320
.0339813232
-.0442810059
.0513763428
.0520172119
.0456085205
.0604858398
.0369110107
.0431823730
.0460357666
.0392456055
.0273437500
.0420532227
.0376434326
.0296630859
.0425262451
-.0321044922
-.0394592285
-.0462036133
-.0442962646
.0350646973
-.0400695801
.0166473389
.0086364746
.0052490234
-.0044097900
.0039520264
-.0045928955
-.0031890869
-.0038909912
-.0045013428
.0035858154
.0037994385
.0032653809
.0043640137
.0029449463
.0027923584
-.0027923584
-.0029144287
-.0030670166
.0026245117
-.0032653809
.0037384033
.0034790039
.0033874512
-.0022430420
-.0029754639
-.0035552979
-.0034942627
.0028076172
-.0037536621
-.0026855469
-.0040740967
.0101470947
.0137939453
-.0315246582
-.0374450684
.0415496826
.0315246582
-.0380859375
.0329742432
.0413818359
.0476379395
.0478363037
.0457153320
.0443725586
.0420989990
.0305786133
.0348205566
.0355682373
.0355682373
.0375518799
.0362854004
.0373229980
.0380554199
-.0359649658
-.0304107666
.0319976807
-.0430908203
-.0424957275
.0431823730
.0409088135
.0385589600
.0383605957
.0345764160
.0382080078
-.0380249023
-.0411834717
-.0406799316
.0413208008
.0391082764
.0414123535
.0350494385
.0279541016
.0418090820
.0389862061
-.0386505127
.0352478027
-.0330047607
-.0281372070
-.0344085693
-.0345306396
.0420074463
.0340728760
-.0438995361
-.0447387695
-.0453948975
-.0384216309
-.0309753418
.0343322754
-.0348510742
-.0343780518
-.0334625244
-.0298004150
-.0330810547
-.0335083008
.0321807861
-.0334930420
-.0311737061
.0273742676
.0305328369
-.0268249512
.0272369385
.0292510986
.0220642090
.0166015625
-.0208435059
-.0193939209
-.0180664063
.0151977539
.0122528076
-.0095672607
-.0047454834
-.0046081543
.0053253174
-.0042419434
.0030975342
-.0032653809
.0037841797
.0041046143
-.0033874512
.0028686523
-.0028991699
.0041046143
.0036010742
.0030212402
-.0026245117
.0037384033
-.0035552979
.0027770996
-.0030059814
.0049133301
.0041351318
.0106964111
.0137176514
.0079498291
-.0157318115
.0322265625
.0232391357
.0125579834
-.0062713623
.0023193359
.0026702881
.0046691895
.0035400391
.0030212402
.0039367676
-.0026397705
-.0037078857
.0040588379
.0038909912
-.0036315918
.0025787354
.0029907227
.0030822754
-.0021057129
.0022735596
-.0029754639
-.0203857422
.0289764404
.0403900146
.0490112305
-.0492095947
.0607910156
.0587615967
.0820617676
-.0980377197
.0974121094
-.1078948975
-.0930175781
-.1123657227
-.0988922119
-.0835266113
-.0999298096
.0980682373
-.0982818604
-.0982360840
.1044158936
-.0825195313
-.0811004639
.0651245117
-.1015014648
.0779113770
-.0904846191
-.0807952881
-.0875701904
-.0915527344
-.0977935791
-.0865325928
-.0851135254
-.0959930420
-.0882263184
-.0765686035
.0652770996
.0639495850
.0604705811
-.0598144531
-.0668334961
-.0649108887
-.0601348877
-.0586090088
-.0599975586
-.0607910156
-.0550689697
-.0575408936
-.0567932129
-.0523529053
-.0554199219
-.0520172119
-.0608673096
-.0618286133
-.0631408691
-.0680236816
-.0564422607
-.0484771729
-.0455169678
-.0365447998
-.0469055176
-.0413970947
.0535430908
.0477447510
.0498962402
.0310974121
.0354309082
.0469360352
.0282897949
-.0370178223
.0245513916
.0169525146
-.0182342529
-.0193786621
.0168304443
-.0216674805
.0205383301
-.0170440674
.0195465088
.0112915039
-.0186462402
-.0182189941
.0199890137
.0138854980
.0053253174
.0044555664
.0033874512
.0049285889
-.0037994385
.0033721924
-.0037689209
-.0041961670
.0045471191
.0048065186
.0043182373
.0025787354
