-.0002136230
-.0011596680
-.0023956299
.0024566650
.0030670166
-.0055389404
-.0058593750
-.0053710938
-.0064392090
-.0088806152
.0082092285
-.0079040527
.0115203857
.0121765137
.0141601563
.0198974609
-.0268249512
-.0298767090
.0292358398
.0396728516
.0404052734
-.0178985596
.0424499512
.0314636230
.0273132324
-.0234222412
-.0218353271
.0165100098
-.0249786377
-.0196990967
-.0199432373
-.0327758789
.0140838623
-.0282592773
.0253601074
-.0175170898
-.0190887451
-.0259704590
.0178375244
.0246887207
.0190734863
-.0221252441
-.0187683105
-.0114746094
-.0133514404
.0136718750
.0128784180
-.0093078613
-.0168151855
-.0151214600
.0136260986
.0133972168
.0146636963
-.0163421631
.0146636963
.0123748779
-.0197601318
-.0113830566
.0119171143
.0130310059
.0083007813
-.0100555420
-.0093841553
-.0071411133
.0066986084
-.0083007813
.0176239014
-.0146942139
-.0154571533
.0101013184
-.0183563232
.0121917725
-.0131378174
-.0109252930
.0157318115
.0130615234
-.0180969238
.0133972168
.0147857666
.0163116455
.0116882324
.0166473389
-.0093688965
.0109100342
.0254974365
-.0125274658
.0135955811
.0199890137
-.0121612549
.0099945068
-.0124511719
-.0196838379
-.0140228271
-.0172882080
.0210266113
-.0230255127
.0282592773
.0344085693
.0497741699
.0377502441
.0353240967
-.0264739990
-.0250701904
.0287933350
.0149383545
.0189514160
-.0209503174
.0210723877
.0239257813
.0137329102
-.0093841553
.0158843994
.0077209473
-.0160980225
-.0085906982
-.0220794678
-.0108642578
.0190734863
-.0253601074
.0227355957
.0239105225
-.0186462402
.0216674805
.0149841309
.0163726807
-.0093536377
-.0122833252
.0171356201
.0176239014
.0156402588
-.0099182129
.0085754395
.0129699707
.0104522705
.0080413818
-.0061492920
.0113677979
-.0061645508
-.0071868896
.0084381104
-.0083465576
-.0097503662
-.0111236572
.0117950439
-.0093841553
.0115356445
-.0061950684
-.0045928955
-.0076599121
-.0059204102
-.0042877197
-.0116271973
-.0065155029
.0080718994
.0101928711
.0062866211
-.0088806152
-.0092468262
-.0069580078
.0154724121
-.0116729736
.0118103027
.0119781494
.0096588135
.0086212158
-.0167541504
.0100097656
.0142517090
.0186614990
-.0263061523
-.0218048096
-.0135955811
.0276031494
.0140228271
-.0190734863
-.0194854736
.0138244629
-.0194702148
.0160980225
.0174865723
.0154113770
.0130462646
.0148162842
-.0161132813
.0137176514
-.0188140869
.0085601807
-.0135803223
.0168304443
-.0155334473
.0095825195
.0130615234
.0138397217
.0114288330
-.0140686035
-.0114288330
-.0104522705
.0119171143
.0167846680
-.0196228027
-.0139923096
-.0170593262
.0106658936
.0165405273
-.0137634277
-.0080261230
.0074462891
-.0109405518
.0183410645
-.0257568359
.0257110596
.0138549805
.0197448730
-.0217590332
.0203094482
.0228881836
.0215606689
.0206909180
-.0245208740
-.0194244385
.0166778564
.0258331299
-.0234069824
-.0256805420
-.0188140869
.0134124756
-.0111999512
.0144805908
.0173034668
-.0115661621
.0094146729
.0085754395
-.0128936768
.0116271973
-.0153045654
-.0133209229
-.0161132813
-.0108947754
-.0111846924
-.0175933838
.0150604248
.0112762451
.0139312744
-.0175170898
-.0194091797
.0229492188
.0121154785
.0264587402
.0163574219
-.0187835693
-.0155487061
.0161285400
.0150299072
.0131072998
-.0187377930
.0163421631
.0147399902
.0060119629
.0125122070
.0173492432
.0142974854
.0122985840
-.0152893066
.0143280029
-.0178222656
-.0184936523
.0235137939
-.0087585449
-.0208129883
.0205230713
.0163726807
.0205078125
-.0126800537
.0186767578
-.0121459961
-.0187835693
-.0171661377
.0138397217
-.0170745850
.0317230225
.0191802979
-.0253906250
-.0188598633
-.0171203613
-.0150451660
.0143585205
.0190887451
.0161590576
.0128479004
-.0101928711
-.0169219971
-.0083923340
.0085296631
-.0080566406
.0109100342
.0125274658
.0116729736
-.0089569092
.0121002197
.0161437988
-.0114288330
-.0243072510
.0141601563
-.0202789307
-.0102386475
.0184478760
.0169830322
-.0174407959
.0195617676
.0129699707
.0150604248
-.0121459961
.0144042969
.0260467529
.0168457031
-.0223388672
.0205993652
.0226898193
.0199279785
.0199584961
-.0208282471
-.0204467773
.0207672119
.0124359131
-.0144653320
-.0156097412
.0182037354
.0127716064
.0134887695
.0131683350
.0151977539
-.0199432373
.0135498047
-.0228271484
.0204925537
.0220947266
.0277709961
-.0312957764
.0307617188
-.0374603271
-.0306243896
.0266876221
-.0215454102
-.0109558105
-.0104827881
-.0088348389
.0149536133
-.0066375732
-.0110168457
.0099182129
-.0109252930
.0131378174
.0138549805
-.0104217529
.0082244873
-.0121459961
-.0095214844
.0099029541
.0095214844
-.0098266602
.0118408203
.0086975098
-.0053863525
.0126647949
-.0162658691
.0113677979
-.0082092285
.0115509033
-.0115356445
.0099029541
-.0081481934
-.0098114014
.0116882324
-.0093841553
-.0081481934
-.0082550049
.0094451904
.0102233887
.0094604492
-.0105285645
.0111083984
-.0084838867
-.0091857910
-.0099182129
.0110626221
-.0090332031
.0052032471
-.0130310059
.0069274902
.0095214844
-.0141601563
-.0090484619
-.0219421387
.0213775635
.0289001465
.0234069824
.0259246826
-.0339050293
.0202178955
.0241088867
-.0234985352
-.0260162354
-.0112762451
-.0184936523
.0112762451
.0138549805
.0190582275
-.0108642578
.0088348389
.0120391846
.0127563477
.0061645508
-.0097808838
-.0153503418
-.0097961426
.0162506104
.0163726807
-.0148620605
.0171661377
.0186004639
.0234680176
.0234222412
-.0209197998
.0198669434
.0299682617
-.0249328613
-.0273132324
-.0182342529
.0203552246
-.0141143799
.0145111084
.0165710449
.0098876953
-.0113983154
.0131072998
.0118408203
.0130004883
-.0209197998
-.0205078125
.0259094238
.0219573975
.0237579346
-.0226440430
.0214080811
-.0239715576
-.0258789063
.0267181396
-.0213470459
.0299072266
.0241851807
-.0321807861
-.0191650391
.0311279297
-.0282287598
-.0288696289
-.0177917480
.0109252930
-.0159912109
-.0183258057
-.0140991211
-.0096893311
.0196380615
-.0083618164
.0088043213
.0124664307
.0135955811
-.0124053955
-.0134124756
-.0090942383
-.0148620605
.0164184570
.0239105225
.0157318115
-.0139770508
-.0199584961
-.0232543945
.0240631104
.0209045410
-.0143890381
.0208587646
-.0194091797
.0148925781
-.0218963623
-.0092315674
-.0159759521
.0109405518
-.0124816895
.0090789795
.0115966797
-.0091705322
-.0128631592
-.0164337158
.0199584961
.0152435303
-.0363616943
.0307617188
-.0244293213
-.0317535400
-.0360412598
.0365905762
-.0356750488
.0295867920
.0237884521
.0294189453
.0393829346
-.0287322998
-.0318756104
-.0352783203
.0356140137
-.0287628174
.0203247070
.0201873779
.0280456543
-.0168304443
-.0214233398
.0259399414
.0210266113
-.0204772949
.0195922852
-.0175170898
.0223083496
-.0152435303
.0247192383
-.0235443115
.0217132568
-.0320587158
-.0529785156
-.0314941406
.0263824463
-.0169372559
.0151519775
.0123748779
-.0165100098
-.0115203857
-.0121154785
.0130767822
.0087585449
.0114288330
-.0128326416
-.0158386230
.0138702393
.0099029541
-.0098876953
-.0091400146
-.0303192139
-.0320587158
.0243988037
.0206604004
.0212402344
-.0250244141
-.0152435303
.0137023926
-.0139465332
-.0095062256
-.0100097656
.0103454590
.0155029297
.0137481689
.0229492188
-.0190277100
.0183410645
.0212707520
.0344238281
-.0168457031
.0102996826
.0184936523
.0133056641
.0107269287
-.0115966797
.0090179443
-.0089721680
.0090026855
-.0052032471
-.0086669922
.0095977783
-.0095672607
.0117797852
.0136871338
.0125427246
-.0145721436
-.0174713135
.0157623291
-.0118103027
.0177307129
-.0090789795
-.0144348145
-.0120697021
-.0137329102
.0109252930
-.0121917725
-.0176239014
.0166778564
-.0253753662
.0164184570
-.0142059326
.0124969482
-.0121459961
-.0134429932
.0134582520
.0168914795
-.0198364258
-.0194549561
-.0167541504
.0178985596
.0189971924
.0096588135
-.0124511719
-.0230407715
-.0135650635
-.0178833008
.0105285645
-.0130615234
.0177001953
-.0121917725
.0112762451
.0091857910
.0112609863
.0096893311
-.0090179443
-.0050201416
-.0112915039
-.0115966797
.0070953369
.0089263916
-.0102691650
.0103759766
-.0103912354
-.0096130371
.0113067627
-.0140380859
-.0152893066
-.0202941895
-.0207519531
-.0123138428
-.0175933838
-.0215606689
.0182952881
.0216674805
-.0166320801
.0221862793
.0242614746
.0224304199
.0292510986
-.0133209229
.0133819580
.0116729736
-.0152282715
.0198059082
.0096435547
-.0098419189
.0128936768
-.0056762695
.0124664307
.0110168457
.0095214844
.0134887695
-.0174865723
.0154724121
-.0250854492
-.0322570801
.0385131836
-.0388183594
.0131530762
.0087127686
.0166168213
.0097961426
-.0107269287
-.0178375244
.0238647461
.0126342773
-.0105743408
.0126190186
.0108795166
-.0121917725
.0094299316
.0074157715
-.0083770752
-.0233459473
.0259246826
.0248718262
-.0182952881
.0199737549
-.0242614746
.0158081055
-.0185394287
.0205841064
.0157623291
.0174407959
.0233154297
.0166931152
.0153656006
-.0144653320
.0137329102
-.0128326416
.0159759521
.0113983154
.0118865967
-.0118408203
.0136871338
-.0116577148
-.0206146240
-.0228271484
.0163116455
.0162811279
.0175170898
-.0233001709
-.0149993896
.0138397217
.0145874023
-.0187988281
.0184783936
.0100555420
-.0130157471
-.0252838135
-.0162200928
.0096130371
-.0115356445
-.0079498291
.0148468018
.0141601563
-.0106506348
.0072479248
-.0124359131
-.0204772949
-.0164947510
-.0200195313
.0207366943
.0230255127
-.0157012939
.0136871338
-.0260467529
-.0180664063
.0091705322
.0190429688
-.0161743164
.0159301758
-.0162658691
-.0096893311
-.0101776123
.0087280273
.0133056641
.0067291260
-.0078735352
-.0101470947
-.0103912354
-.0095520020
-.0126342773
-.0104827881
-.0110321045
-.0138397217
.0103759766
.0096740723
-.0104370117
.0113983154
-.0131835938
.0114440918
-.0089721680
-.0092163086
.0100402832
-.0074157715
.0068664551
-.0079650879
.0087127686
-.0139160156
-.0068969727
-.0075683594
.0128784180
-.0109252930
.0135498047
.0179748535
.0140838623
-.0206604004
-.0127105713
.0114288330
-.0108947754
.0090026855
-.0073699951
-.0125427246
.0047607422
-.0108947754
.0119323730
.0126647949
-.0072174072
-.0093688965
-.0061950684
-.0074157715
-.0083770752
.0081939697
-.0078582764
-.0070495605
.0076446533
-.0119171143
-.0110931396
.0108337402
-.0110015869
.0124511719
-.0087280273
-.0107116699
.0088500977
.0100097656
-.0107574463
-.0075225830
-.0076751709
-.0101776123
.0125122070
.0207366943
-.0133819580
.0086822510
-.0100097656
.0108337402
.0097045898
.0142517090
-.0070037842
.0067749023
.0129699707
-.0115051270
.0189208984
-.0152587891
.0170440674
.0125732422
-.0092010498
-.0137023926
-.0151062012
-.0074157715
.0205383301
-.0113983154
-.0161590576
.0157775879
.0101013184
-.0077362061
.0083312988
-.0113067627
.0187835693
.0243835449
.0386962891
-.0243682861
-.0344543457
.0304718018
-.0246124268
.0303955078
-.0245666504
.0536804199
.0356750488
.0308685303
-.0211791992
-.0247955322
-.0376586914
.0246124268
-.0382537842
.0327301025
-.0306243896
-.0326995850
-.0256652832
.0249938965
.0162506104
.0156250000
-.0121307373
-.0184631348
-.0185546875
.0182952881
.0163879395
-.0119628906
.0159759521
.0151824951
.0172576904
.0173339844
.0173645020
.0279235840
-.0116882324
-.0115356445
.0084533691
-.0059204102
-.0066833496
-.0200500488
.0114898682
-.0112762451
-.0118713379
-.0147552490
.0149993896
.0164031982
.0112304688
-.0181274414
-.0196380615
-.0213623047
.0164642334
.0260162354
-.0259704590
-.0251922607
-.0215301514
.0264587402
.0267791748
-.0206298828
.0216217041
-.0152893066
-.0291290283
.0170288086
-.0174407959
.0254516602
.0249633789
-.0223999023
-.0225677490
-.0266571045
-.0190887451
-.0156707764
-.0238494873
.0114593506
.0134582520
.0106811523
-.0127410889
.0110168457
-.0067138672
.0157012939
.0090789795
-.0088500977
-.0069274902
.0125427246
.0089874268
.0140686035
.0111999512
-.0073089600
.0091857910
-.0099182129
-.0201110840
.0141906738
-.0160675049
.0250854492
-.0272216797
.0287170410
.0271148682
-.0465698242
.0350036621
-.0416717529
-.0457305908
.0334320068
-.0386505127
.0323638916
-.0330657959
-.0307464600
.0312194824
-.0174713135
-.0158081055
-.0136566162
-.0126495361
.0084838867
.0088653564
-.0077972412
.0091247559
.0071716309
-.0090942383
-.0136718750
-.0155944824
-.0225677490
-.0137939453
-.0098724365
.0081329346
.0080108643
-.0118255615
-.0134277344
.0098724365
-.0090484619
-.0044860840
.0071868896
.0102691650
-.0070190430
-.0050201416
.0066833496
.0051116943
-.0041046143
.0048522949
-.0048980713
.0069427490
.0035858154
.0051879883
-.0080108643
.0063171387
.0071716309
-.0041046143
-.0053405762
-.0032501221
-.0046386719
.0054321289
-.0050506592
.0037841797
-.0026550293
-.0025177002
-.0027618408
.0022125244
-.0022277832
-.0037384033
.0039825439
-.0028839111
.0041351318
-.0034179688
-.0017852783
-.0023803711
.0017089844
-.0020599365
.0012512207
.0010223389
-.0007171631
.0002136230
-.0000610352
