.0000457764
-.0000457764
-.0000610352
-.0000457764
.0000457764
-.0000915527
-.0001983643
-.0002593994
-.0005493164
-.0007324219
-.0032806396
-.0005645752
-.0010986328
-.0009765625
-.0006408691
-.0011138916
-.0006561279
-.0009307861
-.0054626465
-.1250000000
-.1056060791
-.1245117188
-.0948944092
.0738677979
-.0581359863
-.0795440674
.0982513428
-.0676422119
.0588989258
-.0462341309
.0421905518
-.0219573975
-.0195617676
.0063934326
-.0053100586
.0029144287
-.0025177002
-.0027160645
-.0026550293
-.0023040771
-.0018005371
-.0013275146
-.0017852783
-.0015411377
-.0021820068
-.0012359619
-.0009307861
-.0008239746
-.0008087158
-.0006713867
-.0008392334
-.0007324219
-.0005493164
-.0005493164
-.0006713867
-.0005645752
-.0004730225
-.0005493164
-.0006256104
-.0007019043
-.0008544922
-.0014038086
-.0007171631
-.0004119873
-.0004425049
-.0005798340
-.0004577637
-.0004882813
-.0006408691
-.0004882813
-.0005187988
-.0005187988
-.0007171631
-.0005645752
-.0003662109
-.0011444092
-.0009918213
-.0005645752
-.0009307861
-.0005187988
-.0005645752
-.0005645752
-.0004272461
-.0006713867
-.0006103516
-.0005340576
-.0003814697
-.0006561279
-.0010986328
-.0010681152
-.0005950928
-.0007781982
-.0017547607
-.0027313232
-.0014190674
-.0015258789
-.0021667480
-.0021362305
-.0028228760
-.0033264160
-.0025177002
-.0037231445
-.0086059570
-.0070495605
.0124816895
.0133666992
.0209045410
.0150299072
-.0153198242
.0127105713
.0083312988
-.0056915283
-.0110168457
-.0095214844
-.0070343018
.0090637207
-.0081329346
-.0078887939
-.0059509277
.0060119629
.0040130615
.0049743652
-.0035858154
-.0036010742
.0112152100
-.0031738281
-.0046691895
-.0021667480
-.0019378662
-.0020141602
-.0022430420
-.0011444092
-.0016174316
-.0012664795
-.0009613037
-.0007781982
-.0009918213
-.0018157959
-.0010223389
-.0007629395
-.0008850098
-.0005645752
-.0006256104
-.0006408691
-.0004882813
-.0003967285
-.0007324219
-.0005645752
-.0004425049
-.0005340576
-.0004577637
-.0004577637
-.0006256104
-.0005645752
-.0003967285
-.0004882813
-.0005798340
-.0004882813
-.0006713867
-.0005950928
-.0004119873
-.0005493164
-.0003204346
-.0005187988
-.0005187988
-.0005645752
-.0005493164
-.0005187988
-.0004119873
-.0005187988
-.0002899170
-.0004425049
-.0004882813
-.0005645752
-.0004577637
-.0006103516
-.0006866455
-.0003967285
-.0005035400
-.0006256104
-.0004882813
-.0003662109
-.0004882813
-.0004730225
-.0003509521
-.0005493164
-.0006408691
-.0004882813
-.0005798340
-.0007324219
-.0007781982
-.0006256104
-.0005187988
-.0004577637
-.0003509521
-.0006256104
-.0005645752
-.0004119873
-.0004882813
-.0004577637
-.0006561279
-.0005493164
-.0005645752
-.0005645752
-.0005798340
-.0005950928
-.0004272461
-.0006713867
-.0007781982
-.0005645752
-.0005035400
-.0006103516
-.0005798340
-.0005798340
-.0005493164
-.0005340576
-.0006866455
-.0004882813
-.0005187988
-.0005187988
-.0005950928
-.0008087158
-.0004577637
-.0004882813
-.0006408691
-.0006103516
.0025177002
.0382690430
-.0850677490
-.1112365723
-.0749816895
-.0907440186
.0735015869
.0719299316
.0816650391
.1012573242
.0927886963
.0756683350
-.0698699951
-.0655975342
-.0606994629
-.0302734375
-.0164489746
-.0135345459
.0061035156
.0060882568
-.0070495605
-.0035705566
-.0041656494
-.0021362305
-.0024566650
-.0013580322
-.0012207031
-.0023956299
-.0009613037
-.0010375977
-.0010375977
-.0010375977
-.0007934570
-.0016479492
-.0011138916
-.0011444092
-.0015411377
-.0008544922
-.0010375977
-.0008087158
-.0008697510
-.0007324219
-.0005950928
-.0007019043
-.0004577637
-.0008239746
-.0007171631
-.0004577637
-.0005645752
-.0006103516
-.0005798340
-.0004730225
-.0007171631
-.0006408691
-.0003967285
-.0004577637
-.0004882813
-.0007019043
-.0004577637
-.0012664795
-.0005340576
-.0003814697
-.0006561279
-.0005950928
-.0005493164
-.0004425049
-.0007324219
-.0007324219
-.0005950928
-.0003662109
-.0006713867
-.0006103516
-.0003051758
-.0006256104
-.0005645752
-.0004119873
-.0005493164
-.0006408691
-.0003967285
-.0006713867
-.0005035400
-.0005645752
-.0006103516
-.0006408691
-.0009307861
-.0004577637
-.0006256104
-.0009155273
-.0004577637
-.0007019043
-.0005798340
-.0006866455
-.0009155273
-.0008239746
-.0014801025
-.0016937256
-.0018768311
-.0031127930
-.0031433105
-.0032196045
-.0031585693
-.0057220459
-.0072631836
-.0084838867
.0080566406
-.0056304932
-.0084533691
-.0068969727
-.0057983398
.0063476563
-.0056915283
-.0045471191
-.0045013428
.0042724609
-.0037994385
.0204162598
.0125579834
-.0084838867
-.0085754395
-.0043029785
-.0054931641
-.0034484863
.0038146973
-.0044860840
-.0028991699
-.0022277832
-.0021667480
-.0016632080
-.0034027100
-.0013580322
-.0009765625
-.0008850098
-.0005798340
-.0007934570
-.0007019043
-.0006103516
-.0005645752
-.0005035400
-.0005798340
-.0004882813
-.0005035400
-.0005340576
-.0006103516
-.0005187988
-.0004425049
-.0005798340
-.0005340576
-.0006561279
-.0006561279
-.0007476807
-.0004272461
-.0005340576
-.0006561279
-.0005493164
-.0004577637
-.0004577637
-.0006103516
-.0005645752
-.0004577637
-.0005187988
-.0005035400
-.0003509521
-.0006256104
-.0005950928
-.0008239746
-.0004577637
-.0005798340
-.0004119873
-.0003967285
-.0003814697
-.0006561279
-.0006256104
-.0005645752
-.0006256104
-.0005035400
-.0005187988
-.0003204346
-.0006561279
-.0007629395
-.0005493164
-.0005493164
-.0003051758
-.0006408691
-.0005645752
-.0005035400
-.0005340576
-.0005340576
-.0006408691
-.0002899170
-.0006408691
-.0004425049
-.0004272461
-.0006256104
-.0007629395
-.0006103516
-.0005340576
-.0155487061
-.0255432129
-.0570526123
.1017608643
-.0759887695
.0573730469
.0714263916
-.0802307129
-.0980224609
-.0927581787
-.0712280273
.0734558105
-.0740661621
.0557708740
.0621795654
.0497131348
.0421600342
.0570526123
.0527648926
-.0256958008
.0399169922
-.0269927979
.0296173096
-.0126342773
-.0046234131
-.0041198730
.0028686523
-.0017700195
-.0018920898
-.0015869141
-.0013427734
.0005950928
-.0009460449
-.0012512207
-.0010833740
-.0012512207
.0023193359
-.0007476807
-.0011901855
.0008239746
-.0016784668
-.0009918213
-.0007629395
-.0008850098
-.0012512207
-.0011596680
-.0008697510
-.0011138916
-.0009460449
-.0009918213
-.0015716553
-.0014190674
-.0010223389
-.0008697510
-.0007171631
-.0005950928
-.0006103516
-.0009155273
-.0012969971
-.0009307861
-.0008544922
-.0013275146
-.0009765625
-.0006256104
-.0010986328
-.0007629395
-.0010223389
-.0007629395
-.0005035400
-.0007171631
-.0006408691
-.0006103516
-.0005187988
-.0005340576
-.0005645752
-.0004882813
-.0010528564
-.0004730225
-.0005950928
-.0007171631
-.0004730225
-.0005340576
-.0007476807
-.0005340576
-.0008392334
-.0005798340
-.0007171631
-.0007629395
-.0004119873
-.0005950928
-.0006561279
-.0006408691
-.0007629395
-.0004730225
-.0007934570
-.0007476807
-.0012969971
-.0006866455
-.0006866455
-.0009613037
-.0008697510
-.0006408691
-.0007019043
-.0011596680
-.0007476807
-.0008544922
-.0010070801
-.0014801025
-.0032806396
-.0016479492
-.0026702881
-.0036010742
-.0052490234
-.0080413818
.0090179443
-.0089721680
-.0109252930
-.0097961426
.0192718506
.0117950439
.0096282959
-.0075378418
-.0115051270
.0055541992
-.0099029541
-.0074310303
.0077362061
-.0053253174
-.0093536377
.0050048828
-.0041809082
-.0042572021
-.0044403076
-.0037078857
-.0026702881
.0020599365
-.0018310547
-.0016021729
-.0015258789
-.0012207031
-.0007781982
-.0007324219
-.0010986328
-.0008697510
-.0007171631
-.0004119873
-.0007476807
-.0008697510
-.0006103516
-.0008850098
-.0006408691
-.0006256104
-.0005187988
-.0003204346
-.0005645752
-.0005493164
-.0004119873
-.0006561279
-.0005340576
.0001525879
-.0006256104
-.0006713867
-.0006256104
-.0005187988
-.0003356934
-.0007324219
-.0005340576
-.0003051758
-.0006256104
-.0005493164
-.0002593994
-.0006256104
-.0005493164
-.0003967285
-.0006866455
-.0002746582
-.0004119873
-.0004577637
-.0007476807
-.0004425049
-.0001373291
-.0005340576
-.0006408691
-.0005645752
-.0005798340
-.0005950928
-.0003814697
-.0004272461
-.0005645752
-.0004425049
-.0005187988
-.0005035400
-.0006561279
-.0004577637
-.0005645752
-.0005493164
-.0003509521
-.0003814697
-.0005493164
-.0004730225
-.0005798340
-.0005950928
-.0005645752
-.0007019043
-.0041351318
-.0337219238
-.0137481689
.0129547119
.0229492188
-.0764770508
-.0639038086
.0386199951
-.0635375977
-.0496978760
-.0535888672
-.0692901611
.0281829834
.0445556641
-.0323181152
.0511016846
-.0576324463
-.0594635010
-.0547027588
-.0641326904
-.0943145752
.0736541748
.0525512695
-.0539245605
-.0308685303
.0278015137
-.0170593262
-.0128784180
-.0116424561
.0056610107
.0030975342
-.0029907227
-.0030364990
-.0030975342
-.0017242432
.0016174316
-.0011444092
-.0010986328
-.0011901855
-.0010223389
-.0010070801
-.0007476807
-.0010070801
-.0009155273
-.0007934570
-.0010223389
-.0008087158
-.0008544922
-.0007781982
-.0009307861
-.0019226074
-.0007781982
.0030364990
-.0009460449
-.0009002686
-.0007629395
-.0006256104
-.0006713867
-.0004119873
-.0007324219
-.0005950928
-.0007324219
-.0007019043
-.0006713867
-.0005645752
-.0006561279
-.0005340576
-.0006561279
-.0005645752
-.0004730225
-.0006256104
-.0008239746
-.0004882813
-.0008850098
-.0007171631
-.0005493164
-.0005493164
-.0007476807
-.0007171631
-.0002593994
-.0007781982
-.0006408691
-.0005187988
-.0005798340
-.0008544922
-.0007781982
-.0010528564
-.0006713867
-.0009613037
-.0007171631
-.0007019043
-.0010223389
-.0007781982
-.0007476807
-.0010528564
-.0012359619
-.0014495850
-.0015258789
-.0014648438
-.0021209717
.0022125244
-.0016784668
-.0021514893
-.0041961670
-.0046997070
.0088500977
-.0063934326
-.0086364746
.0078735352
-.0076446533
-.0077819824
-.0081787109
-.0058441162
-.0080413818
.0057067871
.0083160400
-.0086822510
-.0052947998
.0104522705
-.0136260986
-.0078277588
.0072784424
-.0069885254
.0066528320
-.0037841797
-.0037231445
-.0045318604
.0025024414
-.0028228760
.0023803711
-.0030822754
.0014648438
-.0012817383
-.0022583008
-.0025024414
-.0014038086
-.0017242432
-.0029754639
-.0026397705
-.0012207031
-.0010223389
-.0010375977
-.0009307861
-.0018310547
-.0007324219
-.0005493164
-.0007781982
-.0007476807
-.0007324219
-.0003662109
-.0007476807
-.0007324219
-.0006103516
-.0004272461
-.0005645752
-.0006408691
-.0004730225
-.0005645752
-.0005035400
-.0005645752
-.0005950928
-.0004730225
-.0005798340
-.0004577637
-.0005645752
-.0006866455
-.0004119873
-.0005645752
-.0005187988
-.0006561279
-.0005035400
-.0005493164
-.0008697510
-.0019683838
-.0027770996
-.0011138916
-.0034332275
-.0053253174
.0037994385
-.0039062500
-.0051574707
-.0101470947
-.0379028320
-.0380401611
-.0350952148
-.0305328369
.0259552002
.0140380859
-.0107727051
.0110931396
-.0212249756
-.0314025879
.0282440186
.0288848877
.0317993164
.0379943848
-.0927734375
-.0523529053
.0799713135
-.0473480225
-.0617065430
.0743408203
.0568389893
-.1227416992
-.0896148682
-.1122283936
.1022033691
.0750885010
.0490264893
-.0640411377
-.0579681396
-.0463714600
.0292663574
.0218963623
-.0090026855
-.0077209473
.0072937012
-.0032501221
.0034637451
.0029144287
-.0032196045
-.0024719238
-.0017089844
-.0011596680
-.0009307861
-.0008087158
-.0016174316
-.0020751953
.0010986328
-.0010375977
.0011901855
-.0009765625
-.0012054443
-.0007324219
-.0007324219
-.0012207031
-.0014801025
-.0009918213
-.0007629395
-.0008392334
-.0009307861
-.0033416748
-.0012054443
.0005035400
-.0010528564
-.0008087158
-.0007324219
-.0015411377
-.0009155273
-.0005035400
-.0006561279
-.0009613037
.0010223389
-.0012207031
-.0011444092
-.0009307861
-.0010833740
.0009307861
-.0012512207
-.0011138916
-.0006561279
-.0008087158
-.0023498535
-.0013580322
-.0012664795
-.0008239746
-.0009765625
-.0011444092
-.0006408691
-.0008850098
-.0007629395
-.0006256104
-.0004272461
-.0003204346
-.0008087158
-.0006561279
-.0007171631
-.0007171631
-.0008087158
-.0007019043
-.0009918213
-.0007019043
-.0008087158
-.0008392334
-.0007324219
-.0010375977
-.0015869141
-.0018768311
-.0017700195
-.0020294189
-.0023651123
-.0040130615
.0052642822
.0046844482
-.0056915283
-.0084838867
-.0054321289
-.0092773438
.0093078613
-.0059661865
.0069122314
-.0065765381
.0056457520
-.0074005127
.0064697266
-.0064392090
.0079040527
-.0052490234
-.0045318604
.0040588379
.0027008057
.0018615723
.0016174316
-.0013580322
-.0015258789
-.0013122559
-.0010528564
-.0012512207
-.0011138916
-.0012817383
-.0007629395
-.0011596680
-.0008544922
-.0008544922
-.0007781982
-.0006561279
-.0005798340
-.0016479492
-.0011444092
-.0006103516
-.0009155273
.0004119873
.0002288818
-.0003204346
-.0006866455
-.0002136230
-.0003051758
-.0004272461
-.0003662109
-.0003204346
-.0002899170
-.0002288818
-.0004730225
-.0001678467
-.0001373291
-.0001678467
-.0000915527
-.0001525879
-.0001068115
-.0000915527
-.0001525879
-.0001831055
-.0001373291
-.0001220703
-.0000915527
-.0000915527
-.0000915527
-.0001068115
-.0000762939
-.0000915527
-.0000762939
-.0000762939
-.0000762939
-.0000610352
-.0000915527
-.0000915527
-.0000762939
-.0000610352
-.0000762939
-.0000762939
-.0000610352
-.0000762939
-.0000457764
-.0000610352
-.0000610352
.0000457764
.0000457764
.0000457764
