-.0000457764
.0000457764
.0000457764
-.0000305176
-.0000457764
-.0000457764
-.0000457764
-.0002136230
-.0004119873
-.0100555420
.0126647949
.0114135742
-.0031433105
.0080718994
-.0051422119
.0033569336
.0052490234
.0047302246
-.0059814453
-.0084075928
.0065155029
.0085144043
-.0107269287
.0105895996
.0128479004
.0092163086
.0046386719
.0086669922
.0042266846
-.0098876953
.0092163086
-.0101165771
-.0166625977
.0104980469
.0170593262
.0107879639
-.0085906982
.0128021240
.0079803467
-.0128021240
.0077209473
.0268249512
.0167083740
-.0233001709
.0279998779
.0193328857
-.0184173584
-.0118560791
.0145111084
-.0163726807
.0233306885
.0265960693
.0174560547
-.0107574463
.0140686035
.0103607178
-.0168304443
-.0192108154
.0179748535
-.0167236328
-.0108184814
.0113220215
-.0192260742
-.0136108398
-.0080718994
.0071563721
-.0116729736
-.0119476318
.0144195557
-.0076446533
-.0150604248
.0158691406
.0052947998
-.0158691406
.0090789795
-.0104980469
.0089263916
-.0119323730
.0171203613
-.0186767578
-.0121459961
.0108032227
.0100250244
-.0102691650
.0184631348
.0531158447
-.0257720947
-.0195159912
-.0355987549
.0360870361
-.0334472656
-.0523834229
.0477142334
.0620727539
-.0496215820
-.0377655029
.0706787109
.0481109619
.0605773926
-.0562896729
-.0459289551
.0538482666
.0364379883
-.0622253418
-.1254882813
-.0608673096
.0485229492
-.0401763916
-.0592651367
-.0710144043
-.0503082275
-.0423431396
-.0352630615
-.0453491211
-.0261383057
.0544738770
-.0359191895
-.0656127930
.0516357422
.0417327881
.0527801514
-.0924987793
-.0458679199
-.0585937500
.1309051514
.0739288330
.0480041504
-.0436553955
-.1023712158
.0620574951
-.0695037842
.0431518555
.0441284180
.0491180420
.0850219727
.0494689941
-.0436096191
-.0753479004
-.0338745117
.0404968262
-.0829620361
.0343933105
-.0546112061
.0331878662
-.0368652344
-.0435485840
.0276641846
.0589752197
-.0865631104
-.0323944092
.0510559082
-.0438995361
-.0262908936
.0338897705
.0374908447
-.0454254150
.0486450195
.0354156494
-.0437164307
.0393066406
.0614013672
-.0451202393
.0580291748
.0571441650
-.0548248291
.0545654297
.0480346680
.0447998047
-.0406341553
-.0422058105
.0325317383
-.0826873779
-.0882720947
-.0738067627
.0704345703
-.0608673096
-.0338592529
.0496215820
.0460815430
-.0587463379
-.0274047852
.0560913086
-.1136322021
-.0962371826
-.1108245850
.0588836670
.0506439209
-.0546569824
.0772705078
.0844116211
-.0707244873
-.0588073730
-.0994567871
-.0404663086
.0395812988
-.0599822998
-.0361480713
-.0532531738
.0283508301
.0587921143
.0943298340
.0600738525
.0568084717
-.0185546875
.0336761475
-.0426177979
.0547790527
.0580444336
-.0684356689
-.0787658691
-.0554809570
-.0717926025
.0590820313
-.0988464355
-.1314544678
-.1061706543
-.0486602783
-.0660858154
-.1179656982
.1510162354
-.1396484375
-.1190338135
-.0833282471
-.0539398193
.0752716064
-.0956115723
-.0885314941
.0713043213
-.0677185059
.0571136475
-.0450744629
-.0842742920
.0701599121
.0575561523
-.0449523926
-.0662994385
.0865631104
-.0674438477
.0514984131
.0900573730
-.0747222900
.0662841797
-.0539550781
-.0476226807
-.0843048096
.0806274414
-.0711212158
-.1803436279
.0692443848
-.0500183105
.0458526611
.0558776855
-.0768890381
.0643920898
-.0625457764
-.1170654297
-.0677185059
-.0523681641
.0400238037
-.0888061523
-.1108551025
-.0510253906
-.0584411621
-.0419616699
-.0625000000
-.0605010986
-.0941009521
.0575408936
-.0461730957
.0452423096
.0408325195
-.0435180664
.0465850830
.0489196777
-.0883789063
-.0448608398
-.0312652588
-.0359039307
.0980072021
-.0298156738
.0523681641
-.0873260498
.0590515137
.0597534180
.0730438232
.0668182373
-.0440826416
-.0629425049
.0734710693
-.1565704346
.0868072510
-.0673828125
-.0331726074
.0789031982
-.0596313477
.0629272461
-.0642395020
.0420379639
-.0517730713
-.0535888672
.0430297852
.1016235352
.0663909912
.0709381104
.0647277832
-.0736236572
.0321502686
.0587005615
.0704956055
.0895843506
.0662231445
-.0877075195
-.0487518311
.0725402832
-.0591125488
-.0759887695
.0568542480
-.0713348389
.0400238037
.0611114502
-.0711212158
.0779266357
.0475921631
-.0521087646
-.0503845215
-.0901184082
.0550231934
.0799713135
-.0701293945
-.0630645752
.0494689941
-.0863800049
-.0669555664
-.1002349854
-.0748596191
.0878753662
-.0764923096
-.1343841553
-.0785369873
.0840759277
-.0725402832
-.0815887451
-.0772399902
-.1117248535
.0761718750
.0525054932
-.0880889893
-.0813751221
.0642395020
-.1302032471
-.0466613770
-.0659790039
.0782928467
.0334625244
.0843505859
-.0759124756
.0343170166
-.0625000000
-.0841827393
.0888061523
-.0588073730
.0600128174
-.0871429443
.0619201660
.0838928223
-.0811309814
.0653839111
-.1210479736
.0480957031
.0701599121
.0567321777
-.0674438477
.0431365967
.0684661865
-.0882110596
-.0731506348
-.0608520508
.0605468750
.0690307617
.0601043701
.0607910156
.0748291016
.0526580811
-.0529785156
-.0803680420
-.0563049316
.0666503906
.0596771240
-.0682373047
.0628356934
.0547790527
-.0898132324
-.0387420654
-.0704040527
.1075439453
.0804901123
-.0807952881
-.1254425049
-.0684356689
-.0903930664
.0672760010
.0715637207
-.0835876465
.0757293701
-.0613098145
.0592346191
-.0930328369
-.0688781738
-.0804138184
-.0620117188
-.1131744385
.0731048584
.1029205322
-.0793914795
.0782165527
-.0745849609
-.1254882813
-.0847778320
.0527191162
.0576477051
.0709533691
-.0862579346
.0562438965
.0660400391
.0572357178
.0440216064
-.0636138916
-.0565185547
-.0683135986
.0715332031
-.0865173340
.0801849365
-.0902709961
-.1194305420
-.0902099609
-.0628814697
-.0572967529
.0890960693
.0841827393
-.1094970703
-.0970916748
-.0702819824
.0520172119
-.1071777344
-.0629730225
.0727233887
.0529937744
.0473937988
-.0694885254
-.0461120605
.0613250732
-.0608978271
-.0484619141
-.0557098389
-.0534973145
-.0430603027
.0912170410
-.0550842285
.0388946533
-.0418548584
-.0489501953
-.0521545410
-.0826873779
-.0654602051
.0801544189
-.0405426025
.0481719971
-.0434417725
-.0445709229
-.0485992432
-.0545501709
.0489807129
.0447540283
.0536956787
-.0812988281
-.0392913818
-.0620727539
.0464172363
-.0384521484
.0289916992
.0382232666
-.0703125000
-.0498199463
.0544433594
-.0727386475
-.0775756836
-.0705718994
.0486145020
.0278930664
-.0562286377
-.0258178711
.0220184326
-.0333404541
-.0541839600
.0533599854
-.0358734131
.0398406982
-.0304107666
-.0362854004
-.0435485840
.0534820557
-.0475006104
.0213928223
-.0302276611
-.0161132813
-.0440673828
.0485687256
.0419616699
.0353851318
-.0565948486
-.0526428223
-.0369415283
-.0643920898
-.0428161621
.0586395264
-.0801544189
.0676574707
.0387115479
.0440368652
-.0372619629
-.0345306396
.0472869873
.0526885986
.0534362793
.0384063721
.0429534912
-.0627899170
-.0471801758
.0599822998
.0817565918
.0544433594
.0537719727
.0386047363
-.0479736328
.0632629395
-.0552062988
-.0541534424
-.0426788330
.0517120361
-.0375061035
-.0392608643
.0434417725
.0356903076
-.0449829102
.0600433350
-.0265197754
.0406646729
-.0399322510
-.0667877197
.0363769531
.0220489502
.0387725830
.0691070557
-.0712432861
.0689544678
-.0489959717
-.0516357422
.0498809814
.0655212402
-.0433197021
.0503540039
-.0862884521
.0402526855
.0623168945
-.0455169678
.0444183350
.0533447266
.0795593262
-.1155242920
-.0620727539
-.0679016113
-.0508117676
.0518798828
.0533294678
-.0681915283
.1161346436
-.0557098389
-.0656127930
-.0898590088
-.0783996582
.0679779053
.0713958740
.0861053467
.1000213623
-.0878753662
-.0578613281
-.0774230957
.0444030762
-.0788879395
.0513153076
-.0606842041
-.0850372314
-.0368804932
.0473175049
-.0461425781
-.1132965088
.0993499756
.0576629639
-.0479888916
-.0724487305
.0639495850
-.0486297607
.0578613281
-.0626525879
-.0535583496
-.0921020508
.0689697266
.0602264404
-.0355377197
-.0511779785
.0470733643
-.1211395264
.0711364746
.0572814941
-.0674896240
.0469665527
-.0610198975
-.0456085205
-.0741271973
.0459442139
-.0533599854
.0358734131
-.0476379395
.0810394287
-.0749816895
-.0625457764
.0606079102
.0624237061
-.0417022705
-.0434722900
.0358581543
.0695037842
-.0836029053
.0767517090
.0492553711
-.0942230225
-.0733337402
.0457611084
-.0479125977
-.0360412598
-.0423889160
-.0698547363
-.0863342285
-.0787506104
.0739746094
-.0715789795
-.0793609619
.0670013428
-.0811004639
-.1058197021
-.0876770020
.0636444092
-.1058654785
-.1094055176
.0571136475
.0628967285
.0666351318
-.0896606445
-.1697387695
-.1640777588
-.0880584717
.0605010986
-.0874023438
-.0624084473
-.0655975342
.0703277588
.0402984619
.0683746338
.0737152100
-.0420532227
-.0335998535
-.0664672852
-.1842651367
.1504821777
-.0618286133
-.0561218262
-.0614776611
.0524902344
-.0735626221
-.0615386963
-.2083435059
-.0654602051
-.0565338135
.0619659424
-.0513610840
.0721740723
-.0748291016
-.0796813965
-.0581512451
.0375823975
.0436706543
.0683898926
.0526580811
-.0460662842
.0355072021
-.0473022461
.0516204834
-.0415649414
.0628356934
-.0549774170
.0289459229
-.0221405029
-.0371398926
.0398406982
-.0277404785
-.0333709717
-.0313720703
.0452575684
-.0323028564
-.0308532715
.0194854736
-.0290374756
.0310211182
.0239868164
-.0265045166
.0343780518
.0312194824
-.0247955322
-.0230407715
-.0178680420
.0209655762
-.0199279785
.0262756348
.0298004150
-.0219726563
-.0284118652
.0273742676
-.0214996338
-.0251464844
-.0213928223
-.0236358643
.0244445801
.0242462158
.0200500488
-.0306091309
-.0200347900
.0391693115
.0360412598
.0222320557
-.0187377930
.0301666260
-.0158843994
-.0302276611
.0216369629
-.0227508545
-.0238494873
.0257873535
-.0183868408
-.0265960693
-.0339965820
.0255279541
-.0247039795
-.0215148926
.0163726807
.0174560547
-.0195770264
.0160827637
.0265502930
.0265197754
-.0284881592
.0243682861
.0242919922
-.0226898193
.0181579590
.0151519775
-.0154266357
-.0191040039
.0171508789
.0165863037
-.0182037354
.0110931396
.0147552490
-.0140228271
-.0271759033
.0197753906
.0135498047
-.0220336914
.0183410645
.0183868408
-.0149536133
-.0131835938
.0156097412
.0123596191
-.0150299072
.0195007324
.0228729248
-.0184631348
.0146179199
.0195617676
-.0245361328
-.0146942139
.0089263916
.0108032227
-.0115661621
.0130157471
.0151672363
-.0177001953
-.0062561035
.0115509033
-.0190429688
-.0165405273
.0094146729
.0115661621
-.0141754150
-.0077972412
.0124359131
.0125579834
-.0099182129
.0176544189
.0096130371
-.0081939697
-.0081634521
.0096588135
-.0125122070
-.0093841553
.0112457275
.0087890625
-.0119323730
.0103912354
.0101318359
-.0097656250
-.0088958740
.0090637207
-.0057067871
-.0072784424
.0123748779
.0091094971
.0085754395
-.0106658936
.0147247314
-.0090179443
-.0114746094
.0110931396
-.0124816895
-.0110778809
.0094146729
.0134735107
-.0125579834
-.0144195557
.0139465332
-.0131835938
-.0098571777
.0191040039
.0158691406
-.0095214844
-.0149841309
.0199127197
-.0141143799
-.0120544434
.0181427002
.0147857666
-.0166168213
-.0166320801
.0274658203
-.0123443604
-.0227966309
-.0095520020
.0128326416
-.0139160156
.0156860352
.0164947510
-.0236816406
-.0191192627
.0157470703
.0112609863
-.0145874023
.0161132813
.0110931396
-.0162200928
-.0099182129
.0181579590
-.0105285645
-.0153503418
.0106353760
-.0093688965
-.0141601563
-.0124816895
.0172271729
-.0166320801
-.0111694336
.0128479004
-.0089874268
-.0132751465
-.0138702393
.0117492676
-.0178222656
.0068054199
.0145416260
-.0076904297
-.0134277344
.0141754150
-.0157165527
-.0127258301
-.0080718994
.0170593262
-.0180053711
-.0139007568
.0114288330
.0125122070
-.0145568848
-.0150299072
.0165863037
-.0192718506
-.0109558105
.0142669678
.0092010498
-.0119323730
-.0083465576
.0063934326
.0098724365
.0039825439
-.0063934326
.0077056885
.0065002441
-.0066375732
.0040130615
.0035858154
.0034484863
-.0041656494
.0050964355
-.0023193359
.0033416748
-.0037384033
-.0030822754
-.0025787354
.0027465820
-.0019989014
.0027465820
.0014495850
.0013580322
.0016326904
.0020141602
.0017852783
.0016479492
.0019836426
-.0014801025
.0021057129
.0010986328
-.0020751953
.0017089844
-.0010833740
.0019989014
-.0020904541
-.0019836426
-.0021209717
.0009002686
.0012512207
.0018615723
-.0019073486
.0011444092
-.0014648438
.0024566650
.0012054443
.0022735596
-.0015563965
.0015563965
-.0015106201
.0012359619
-.0025482178
.0018310547
-.0021209717
.0016784668
-.0012359619
.0016937256
-.0013427734
-.0014953613
-.0011444092
-.0011138916
.0013580322
.0014953613
.0020446777
-.0009765625
-.0019226074
-.0010375977
-.0015716553
.0014648438
.0013275146
.0012664795
-.0013732910
.0011444092
-.0014801025
.0019073486
-.0012359619
.0017852783
-.0017089844
.0014801025
-.0018463135
.0013275146
-.0013275146
.0016326904
-.0016937256
-.0007476807
.0013122559
-.0007324219
.0010681152
.0011749268
.0010070801
.0007019043
-.0005187988
.0008392334
-.0005798340
