-.0000305176
.0000305176
.0000457764
.0000305176
-.0000305176
.0000305176
.0000305176
.0000457764
.0000305176
.0000457764
.0000457764
-.0000305176
.0000305176
.0000305176
-.0001068115
-.0000762939
.0000915527
.0001831055
.0001220703
-.0001373291
-.0001373291
.0001220703
-.0001373291
.0000915527
-.0001525879
-.0001525879
-.0001831055
-.0001983643
.0001678467
.0001068115
-.0001983643
.0001831055
.0002441406
.0000915527
.0001831055
.0001220703
-.0001678467
-.0007019043
.0005340576
.0017089844
.0029754639
-.0095520020
.0200500488
.0078735352
.0122222900
.0292816162
.0228271484
-.0168151855
-.0280761719
-.0269317627
.0315093994
.0349578857
-.0617370605
.0444183350
-.0446472168
.0491638184
.0429382324
.0486755371
-.0366210938
-.0388336182
-.0579833984
.0414123535
-.0285949707
.0328674316
.0381622314
.0355224609
.0292053223
.0341491699
.0162506104
-.0332794189
.0188598633
-.0129852295
-.0126342773
-.0214233398
.0135650635
.0124511719
-.0087890625
-.0075531006
-.0114288330
.0074768066
.0035095215
-.0066833496
.0088348389
.0052795410
-.0039062500
.0041351318
.0053558350
.0049743652
.0029602051
-.0039215088
-.0028991699
.0026245117
-.0036315918
-.0024414063
.0018615723
.0014953613
.0031738281
.0016784668
.0016937256
-.0013580322
.0018768311
.0015869141
.0010986328
-.0007171631
.0004882813
.0010833740
-.0008087158
-.0008697510
-.0006256104
-.0006103516
.0003814697
.0007476807
.0005950928
.0006256104
-.0002746582
.0003356934
-.0005340576
-.0003356934
.0003509521
-.0004425049
-.0005035400
-.0003509521
-.0004119873
.0003356934
.0002136230
.0001983643
.0001831055
.0002593994
-.0001983643
.0001220703
.0001678467
-.0002746582
-.0002136230
.0003051758
-.0002593994
.0001831055
.0002746582
-.0002441406
-.0002136230
-.0002136230
.0003814697
.0002899170
.0003051758
-.0002593994
-.0003814697
.0003662109
-.0002441406
-.0002288818
.0002288818
.0002899170
.0001831055
.0003509521
.0003356934
.0003051758
.0003509521
.0001220703
.0001831055
-.0002593994
-.0001831055
-.0004577637
-.0001983643
.0001525879
.0001068115
.0001373291
.0001525879
.0001068115
.0001373291
.0001983643
-.0001220703
.0001831055
-.0003662109
-.0008392334
.0003967285
.0018463135
-.0023803711
.0037689209
-.0072174072
.0078582764
.0184783936
.0302124023
-.0213775635
-.0140686035
.0222778320
.0242309570
-.0313415527
.0236816406
.0304107666
-.0267944336
.0212097168
-.0337219238
.0411224365
.0487365723
.0352325439
.0411987305
.0415802002
.0580596924
-.0283660889
.0326690674
-.0480499268
.0471191406
.0250854492
-.0263061523
.0214385986
.0285644531
-.0285186768
-.0161285400
.0144195557
-.0188293457
.0122528076
-.0099029541
.0060272217
.0096130371
-.0089263916
-.0098571777
-.0032043457
.0045776367
.0059051514
.0057678223
.0040435791
-.0055236816
-.0030670166
.0034027100
-.0036010742
.0048217773
-.0028381348
.0026702881
-.0036010742
.0020751953
-.0017242432
-.0016632080
-.0026550293
.0022430420
.0020599365
.0016632080
-.0015869141
-.0018310547
-.0012664795
-.0006103516
-.0006256104
-.0010223389
-.0007476807
.0004119873
.0008087158
-.0009307861
-.0005798340
.0004882813
.0007324219
.0002593994
.0002593994
-.0004577637
-.0002441406
-.0002593994
.0002746582
-.0003662109
-.0002288818
.0001983643
-.0002441406
-.0001678467
.0003204346
.0002441406
.0001373291
.0002441406
.0001831055
-.0001983643
-.0001678467
-.0002288818
-.0002441406
-.0003204346
-.0001525879
.0001220703
.0001373291
.0001678467
-.0000610352
.0002136230
.0000762939
.0001068115
-.0000762939
.0000762939
-.0003051758
-.0001373291
-.0000762939
-.0000762939
.0000915527
.0000762939
.0001373291
.0002136230
.0002136230
.0001373291
.0001068115
.0000762939
-.0001525879
-.0000915527
-.0001831055
-.0001220703
-.0002288818
.0000762939
-.0001373291
.0001831055
.0002593994
.0001983643
.0001983643
.0000915527
-.0000915527
-.0001068115
-.0000915527
-.0002899170
-.0001525879
-.0001373291
-.0000915527
.0001678467
.0001373291
.0001068115
.0000915527
.0001983643
-.0000915527
.0001525879
.0001220703
.0001220703
.0000762939
-.0001068115
-.0001831055
-.0001068115
.0001220703
.0000915527
.0001983643
.0001373291
.0001525879
.0002136230
.0001220703
-.0001373291
-.0000610352
-.0001678467
-.0002593994
-.0000762939
-.0001220703
-.0000915527
.0001068115
.0000915527
.0001983643
.0001525879
.0001983643
.0001678467
.0001678467
-.0001068115
.0000915527
-.0002441406
-.0002288818
-.0000915527
-.0000915527
.0002136230
.0000762939
.0004425049
.0017852783
.0036926270
.0095214844
-.0146636963
-.0205230713
.0396118164
.0376739502
-.0285034180
-.0244140625
-.0325775146
-.0484313965
.0496063232
.0601806641
-.0282897949
.0490417480
.0777587891
-.0831298828
-.0568237305
-.0543212891
.0321197510
.0792999268
.0603942871
-.0340270996
-.0417022705
-.0317230225
.0768585205
.0337524414
.0401000977
.0256347656
.0497131348
-.0199584961
-.0186767578
.0198974609
.0052490234
-.0104217529
.0159301758
-.0089416504
.0099487305
-.0049438477
.0065307617
.0070037842
-.0059204102
-.0074157715
.0059051514
.0034790039
-.0061035156
.0056762695
.0031127930
-.0041198730
-.0024414063
-.0043640137
.0043945313
-.0027313232
.0022888184
-.0020751953
-.0034942627
.0020141602
-.0016021729
.0020294189
-.0014495850
-.0014801025
.0016326904
.0010375977
.0008544922
.0006408691
-.0011596680
.0009307861
.0006866455
.0008697510
.0006103516
.0008544922
-.0005950928
-.0008544922
.0006866455
-.0007781982
.0002288818
.0003051758
.0004577637
.0002746582
-.0002746582
.0004577637
.0001678467
.0003051758
-.0002288818
-.0002746582
-.0002746582
-.0002441406
-.0001525879
-.0002593994
-.0001373291
-.0002288818
.0002593994
.0001983643
.0001831055
-.0001831055
.0002136230
.0001220703
-.0001678467
-.0001525879
-.0002593994
-.0002288818
-.0002136230
-.0001220703
.0001525879
.0002288818
.0001831055
.0001068115
.0001831055
.0001068115
.0002136230
.0000915527
-.0001068115
-.0001983643
-.0001983643
.0000915527
.0000762939
.0000610352
.0000915527
.0001678467
.0002136230
.0002288818
.0002288818
.0001068115
-.0000762939
-.0002441406
-.0001373291
-.0002136230
-.0001068115
-.0001220703
-.0001525879
-.0000915527
.0000762939
.0002441406
.0001831055
.0001831055
.0000915527
-.0000762939
-.0001373291
-.0000762939
-.0001068115
-.0001678467
-.0002593994
-.0002441406
-.0000457764
.0001831055
.0002593994
.0001983643
.0000457764
-.0001220703
.0000762939
.0000915527
-.0001678467
-.0001678467
-.0003509521
-.0001068115
-.0001068115
.0002593994
.0001983643
.0001373291
.0001068115
.0001373291
.0001831055
.0001220703
.0001220703
-.0001373291
-.0002288818
-.0001831055
-.0001373291
.0001373291
-.0002136230
-.0000762939
.0000610352
.0001525879
.0001831055
.0002899170
.0001068115
.0000610352
-.0001831055
-.0001525879
-.0000915527
-.0001373291
-.0001220703
-.0001068115
.0000610352
.0000915527
.0001678467
.0001983643
.0000762939
-.0000457764
.0000762939
.0000762939
-.0001068115
-.0001678467
-.0001373291
-.0002136230
-.0000915527
.0000762939
.0001373291
.0000610352
.0001678467
.0001220703
.0001983643
.0001831055
-.0001831055
-.0001220703
-.0001831055
-.0001983643
-.0002441406
.0000610352
-.0001525879
.0001220703
.0001983643
.0001831055
.0001220703
.0001068115
.0000762939
.0001373291
-.0006713867
.0031890869
.0065765381
-.0111999512
-.0109252930
-.0160522461
.0278167725
-.0204162598
-.0148468018
.0198974609
.0215454102
-.0225830078
-.0389251709
-.0334472656
-.0383453369
.0363006592
.0688934326
.0734405518
.0682525635
.0563964844
.0475006104
-.0541687012
-.0445251465
-.0643463135
-.0424804688
.0541687012
.0238037109
.0280914307
.0429534912
-.0146484375
.0494537354
-.0258789063
-.0186614990
.0298461914
.0097656250
.0200195313
.0176849365
-.0178070068
-.0084381104
.0116424561
.0117187500
-.0072937012
-.0065460205
-.0040740967
.0057220459
-.0054016113
.0066070557
.0059204102
.0045318604
.0017852783
-.0061492920
-.0055084229
.0030670166
.0038604736
-.0033874512
-.0036621094
.0024719238
.0034790039
.0017089844
.0021362305
-.0008697510
.0022888184
.0013732910
.0015258789
.0010223389
-.0009002686
.0009155273
-.0005340576
-.0011901855
.0005035400
-.0014801025
-.0006866455
.0006103516
.0005950928
.0005340576
.0003814697
.0004730225
.0006866455
.0003814697
.0003356934
-.0003967285
-.0003051758
-.0005645752
-.0004119873
-.0002288818
.0002746582
-.0002136230
-.0003662109
.0002593994
.0001831055
.0002899170
.0004425049
-.0002136230
-.0001983643
-.0002899170
-.0001678467
-.0002441406
-.0001983643
-.0003509521
-.0001525879
.0001220703
.0002288818
.0001983643
.0001525879
.0001525879
.0001983643
-.0001525879
.0001373291
-.0001373291
-.0003204346
-.0001525879
-.0002288818
-.0001678467
.0002746582
.0001068115
.0002593994
.0002593994
.0002288818
.0001831055
.0001678467
.0002288818
-.0001678467
.0001525879
.0002136230
-.0001220703
-.0001525879
.0002441406
.0001068115
.0002593994
.0003051758
.0000915527
.0001068115
.0001373291
.0020294189
-.0033264160
.0123901367
.0191345215
.0151062012
-.0186920166
-.0359649658
-.0254211426
-.0121002197
-.0190582275
-.0268402100
-.0254974365
-.0306396484
.0554809570
.0585174561
.0539398193
.0683441162
-.0377349854
.0584716797
.0504302979
.0506744385
.0401458740
.0530090332
.0327453613
-.0332641602
.0299682617
.0228271484
-.0276184082
-.0277709961
-.0282592773
-.0267181396
.0246582031
.0134582520
-.0074462891
.0076904297
-.0080413818
.0121002197
.0081787109
-.0102539063
.0137329102
-.0081176758
-.0095214844
-.0074768066
.0078735352
.0083160400
-.0069885254
.0070343018
.0038146973
-.0024566650
-.0025634766
-.0020446777
.0045623779
.0043182373
-.0030822754
-.0016326904
.0019683838
.0026397705
-.0015563965
-.0016174316
-.0013580322
.0016632080
.0011138916
.0014190674
.0006256104
-.0005340576
-.0011138916
-.0009765625
-.0007476807
.0005645752
.0004882813
-.0005645752
-.0006713867
-.0004425049
-.0006256104
.0004119873
.0002899170
.0004425049
.0005187988
.0003051758
-.0004119873
-.0002441406
-.0001525879
-.0004119873
-.0002136230
-.0003814697
-.0003204346
-.0003204346
-.0001678467
.0004272461
.0002441406
.0001678467
.0001831055
.0002136230
-.0001983643
.0001525879
.0001983643
-.0002593994
-.0002288818
-.0001983643
.0001525879
-.0001373291
.0001983643
-.0001373291
.0002593994
-.0001525879
.0002746582
.0001678467
-.0001068115
-.0001831055
-.0002288818
-.0000915527
-.0001373291
.0001678467
-.0000915527
-.0001373291
-.0001373291
.0001068115
.0001831055
.0001373291
.0001373291
.0000915527
.0001525879
-.0000915527
.0000915527
-.0001678467
-.0000762939
-.0001373291
-.0000762939
.0001525879
.0002746582
.0001220703
.0002136230
-.0002441406
-.0000762939
-.0001983643
.0001525879
-.0003509521
-.0003204346
-.0003509521
-.0007324219
.0004882813
.0002288818
-.0003051758
.0005950928
.0009765625
-.0009613037
-.0016479492
-.0021057129
.0027008057
-.0022888184
-.0013275146
-.0032196045
-.0039215088
.0145721436
.0178375244
-.0118408203
-.0151672363
-.0140686035
-.0088195801
.0301513672
.0182495117
.0204010010
.0292968750
-.0161743164
-.0204315186
.0461273193
.0399932861
.0468597412
.0358123779
.0525665283
.0495605469
-.0442962646
.0430297852
.0395660400
-.0620880127
.0538177490
.0614166260
.0444488525
.0506896973
-.0382232666
.0449829102
.0400848389
.0325622559
-.0266571045
.0180053711
.0328063965
.0315551758
-.0337219238
-.0244903564
-.0151519775
.0160522461
.0171356201
-.0174713135
-.0194396973
.0137329102
-.0111694336
.0080871582
.0052032471
.0093231201
-.0087890625
.0111999512
-.0043640137
.0073089600
-.0051727295
.0041198730
-.0023040771
-.0033111572
.0038909912
-.0033416748
-.0036315918
.0031738281
.0028228760
-.0011291504
.0023651123
.0023345947
.0010528564
-.0012359619
.0015716553
-.0015411377
-.0009765625
.0009155273
.0009155273
.0008392334
.0010223389
.0007171631
-.0008697510
-.0004882813
.0008087158
-.0004577637
-.0004119873
-.0006713867
-.0005645752
.0004272461
.0004577637
.0003509521
.0003662109
.0005187988
.0001831055
.0005340576
.0002899170
.0001525879
-.0002593994
-.0003356934
-.0002593994
-.0004272461
.0001525879
-.0002899170
.0001525879
.0001831055
.0002136230
.0001831055
.0002288818
.0001525879
-.0001525879
.0001525879
-.0002288818
.0001373291
-.0002288818
-.0002441406
-.0001678467
-.0001525879
.0002136230
.0002136230
.0001525879
-.0001068115
.0001983643
.0001068115
.0000915527
-.0000915527
-.0001678467
-.0001831055
-.0001068115
.0000762939
-.0001373291
.0001525879
.0000915527
.0001678467
.0001525879
-.0001220703
.0001831055
.0000762939
-.0001678467
-.0001678467
-.0000915527
-.0001525879
-.0000762939
.0001068115
-.0001831055
.0000915527
.0001068115
.0002746582
.0001983643
.0001831055
-.0001068115
.0001373291
-.0001831055
-.0001220703
-.0001373291
-.0001983643
-.0000762939
-.0000762939
.0001373291
