-.0007934570
-.0007019043
.0016174316
.0008850098
-.0012359619
.0013732910
.0004882813
-.0014343262
-.0016021729
.0009765625
-.0011138916
-.0030822754
.0048980713
.0051879883
.0066986084
.0593414307
-.0700225830
.0669097900
.0579986572
-.0519104004
.0521545410
.0495452881
.0483093262
.0477905273
-.0460205078
.0467376709
.0438842773
-.0441284180
-.0412139893
-.0404052734
.0844573975
.0647430420
.0856323242
-.0806884766
-.0488586426
-.0718536377
-.0632171631
.0361328125
.0641937256
.0614166260
.0332489014
-.0587768555
-.0581207275
-.0383605957
-.0587005615
.0573120117
.0366516113
.0583953857
-.0563964844
-.0325622559
-.0561218262
-.0537261963
.0278625488
.0533905029
.0543365479
.0343475342
-.0540924072
-.0528411865
-.0366210938
-.0533752441
.0534362793
.0308380127
.0519409180
-.0507659912
-.0288848877
-.0520629883
-.0506591797
-.0256042480
.0498504639
.0499877930
.0333099365
.0501708984
-.0498504639
-.0311279297
-.0483856201
.0473937988
.0294494629
.0480194092
-.0471343994
-.0254364014
-.0466003418
-.0468292236
-.0278472900
.0460052490
.0465545654
.0298461914
-.0452117920
-.0452270508
-.0303039551
-.0459136963
.0456848145
.0251007080
.0442352295
.0428924561
-.0235137939
-.0430297852
-.0429534912
-.0257568359
.0422973633
.0417480469
.0277709961
.0416870117
-.0420074463
-.0253906250
.0402374268
.0405731201
.0231781006
.0409851074
.0387573242
-.0206604004
-.0399780273
-.0380554199
-.0257568359
-.0392456055
.0392303467
.0239105225
.0382537842
-.0373229980
-.0243682861
-.0386810303
.0372161865
.0195922852
.0362701416
.0352783203
.0189056396
-.0370483398
-.0357818604
.0264434814
.0356750488
.0361328125
-.0232696533
-.0349731445
-.0359344482
-.0198211670
.0335998535
-.0350494385
.0204772949
.0359954834
.0349273682
-.0252685547
-.0348663330
.0341033936
.0240325928
.0317230225
.0326538086
-.0229187012
-.0324554443
-.0325622559
-.0178985596
-.0319366455
-.0316772461
.0203704834
.0320739746
-.0321197510
-.0217895508
-.0306396484
-.0312347412
.0231475830
.0298004150
.0299530029
-.0180053711
-.0283966064
-.0309600830
-.0177001953
-.0291290283
.0296173096
.0174865723
.0281372070
.0291137695
-.0202178955
-.0290832520
-.0290374756
.0204925537
.0272827148
.0284729004
-.0176544189
-.0272827148
-.0276184082
-.0162353516
-.0282287598
-.0274963379
.0193023682
.0265808105
-.0269470215
-.0186157227
-.0259246826
-.0265502930
.0185546875
.0250854492
.0258636475
.0140075684
-.0244140625
-.0259704590
-.0160522461
-.0260009766
.0251312256
.0162200928
.0238189697
.0254669189
-.0181579590
-.0242767334
-.0243530273
.0160064697
.0223693848
.0231781006
.0139160156
-.0224914551
-.0234680176
-.0145568848
-.0238952637
.0225830078
.0151062012
.0230560303
-.0232849121
-.0160369873
-.0215911865
-.0233917236
.0147399902
.0209350586
.0213928223
.0119628906
.0208740234
-.0214843750
-.0145874023
-.0218505859
.0217895508
.0148162842
.0202026367
.0203247070
-.0153350830
-.0212860107
-.0196075439
-.0112152100
.0191497803
.0200347900
.0117797852
.0199432373
-.0208129883
-.0128479004
-.0198669434
-.0198211670
.0135345459
.0185699463
.0196228027
-.0133972168
-.0177307129
-.0196380615
-.0104675293
.0179901123
-.0187530518
.0099182129
.0179901123
-.0183105469
-.0128326416
-.0186614990
.0174560547
.0127410889
.0160827637
.0181274414
-.0116424561
-.0171356201
-.0185089111
-.0092010498
-.0175781250
-.0170593262
.0102386475
.0169067383
-.0173645020
-.0119018555
-.0155792236
-.0173187256
.0109405518
.0159454346
.0161285400
-.0095520020
-.0159759521
-.0166625977
-.0096740723
-.0161132813
.0166473389
.0095520020
.0156402588
.0153198242
-.0112304688
-.0155944824
-.0155029297
.0109252930
-.0136413574
.0146026611
-.0090026855
-.0150451660
-.0146331787
-.0084533691
-.0146789551
-.0157928467
.0095672607
.0142211914
-.0148162842
-.0102539063
-.0137786865
-.0141296387
.0096893311
.0144958496
-.0139465332
-.0079193115
-.0124969482
-.0139160156
-.0086517334
-.0149841309
.0135345459
.0092926025
.0121459961
-.0129089355
-.0101470947
-.0135345459
-.0137329102
.0094451904
.0123901367
-.0129699707
.0075073242
-.0133666992
-.0127105713
-.0074462891
-.0127258301
-.0124969482
.0079040527
.0123291016
-.0127868652
-.0094604492
-.0123138428
-.0131072998
.0075378418
.0109558105
.0123138428
.0063171387
-.0119018555
-.0115203857
-.0087432861
-.0118408203
.0112915039
.0080566406
-.0106811523
-.0114288330
-.0089111328
-.0117340088
-.0121612549
.0078735352
.0097503662
-.0106811523
.0062255859
.0113067627
-.0117645264
-.0073242188
-.0107727051
-.0109252930
.0070800781
.0102844238
-.0112304688
-.0081024170
-.0096130371
-.0105133057
-.0068664551
-.0096130371
.0107879639
.0055084229
.0097198486
.0098419189
-.0075225830
-.0102233887
.0095520020
.0069732666
.0089416504
-.0094451904
-.0075225830
-.0098419189
-.0097198486
-.0060882568
-.0086975098
-.0103149414
.0064544678
.0094146729
-.0098876953
-.0069732666
-.0081176758
-.0101776123
.0055847168
.0084533691
-.0099182129
-.0069427490
-.0088958740
-.0083465576
-.0058898926
-.0090789795
-.0090179443
.0051574707
-.0080718994
.0090026855
-.0066375732
-.0092315674
-.0089569092
.0069122314
.0082244873
-.0084991455
-.0055999756
-.0088500977
-.0085906982
-.0053405762
.0077819824
-.0090484619
.0047149658
.0079650879
-.0087738037
-.0062255859
-.0076446533
-.0088958740
-.0048522949
.0076751709
.0076751709
-.0060119629
-.0085754395
-.0075073242
-.0057067871
-.0079193115
.0074157715
.0049285889
-.0072174072
-.0076904297
.0045318604
-.0080871582
-.0074310303
.0054626465
-.0065460205
-.0070343018
.0042877197
.0076293945
-.0083770752
-.0051574707
-.0068664551
-.0068054199
-.0039672852
.0066680908
-.0078125000
-.0061798096
-.0060729980
-.0070648193
.0050201416
.0057067871
.0066223145
-.0048370361
-.0062866211
-.0070800781
-.0055084229
-.0075073242
-.0071258545
.0049743652
-.0071868896
-.0071716309
-.0052032471
-.0064544678
-.0069885254
.0043334961
-.0056152344
-.0064544678
.0033416748
-.0059814453
-.0063781738
-.0048675537
-.0056152344
-.0067901611
.0035858154
.0057220459
-.0065917969
-.0062103271
-.0065612793
.0057373047
.0041503906
-.0053405762
-.0061035156
.0037384033
-.0052642822
-.0056762695
-.0040740967
-.0062561035
-.0064239502
.0042572021
-.0053558350
-.0064392090
-.0040130615
-.0056915283
-.0056915283
-.0039215088
.0054168701
-.0065002441
.0032043457
.0048522949
.0057983398
-.0042266846
-.0050964355
-.0057678223
-.0037384033
-.0045166016
.0055999756
-.0051879883
-.0055541992
-.0051116943
-.0042114258
-.0054016113
.0048217773
.0035095215
-.0052337646
-.0054016113
.0030975342
-.0051116943
-.0050354004
.0032806396
-.0047912598
-.0055389404
-.0037231445
-.0042572021
-.0054168701
-.0039215088
-.0043945313
-.0053405762
-.0030364990
.0044250488
-.0051269531
-.0036010742
-.0052795410
.0048370361
-.0042266846
-.0044097900
.0043640137
-.0041351318
-.0041046143
-.0047302246
-.0033111572
-.0050659180
-.0043945313
.0032501221
-.0043487549
-.0044403076
-.0031738281
-.0052795410
-.0045623779
.0033721924
.0037841797
-.0050354004
-.0030822754
-.0037231445
-.0056304932
-.0042266846
.0035705566
-.0042724609
-.0026397705
-.0036773682
-.0043640137
-.0037231445
-.0040130615
-.0038452148
.0039215088
-.0032653809
.0042572021
-.0039215088
-.0048980713
.0037536621
-.0025329590
-.0043487549
-.0049743652
.0030212402
-.0039215088
-.0038604736
-.0036621094
-.0035400391
-.0041351318
.0031738281
.0032653809
-.0045318604
-.0028076172
.0032806396
-.0040740967
-.0028686523
-.0035095215
-.0036773682
-.0029449463
-.0039367676
.0031433105
-.0035705566
-.0038757324
.0032653809
-.0030822754
-.0031433105
-.0036315918
.0027008057
-.0040130615
-.0037078857
-.0021362305
-.0034790039
-.0034332275
-.0023651123
.0036010742
-.0038146973
.0027618408
.0035095215
-.0045928955
-.0032196045
-.0029296875
.0040435791
.0018005371
-.0030059814
-.0029602051
-.0027465820
-.0038146973
-.0030822754
-.0025024414
-.0026855469
-.0028076172
-.0033416748
-.0035247803
-.0032653809
.0026245117
-.0040893555
-.0030517578
.0024871826
-.0030822754
-.0030975342
-.0030212402
-.0028686523
-.0034027100
.0025939941
.0027770996
-.0033721924
-.0031280518
.0025939941
-.0032958984
-.0026550293
.0029296875
-.0032653809
-.0028228760
-.0025024414
.0033111572
-.0029449463
-.0034332275
.0027923584
.0021209717
-.0023345947
-.0029296875
-.0024871826
-.0028076172
-.0030059814
.0020751953
-.0031738281
-.0033721924
.0024719238
-.0027313232
-.0033721924
-.0020751953
.0024414063
-.0038299561
-.0026855469
.0023803711
-.0029144287
-.0027008057
-.0021362305
-.0031433105
-.0024261475
.0022277832
.0025329590
-.0026092529
-.0026397705
.0027160645
-.0029754639
-.0024566650
.0025939941
.0020751953
-.0030364990
-.0030975342
.0020446777
-.0027465820
-.0033874512
-.0017242432
-.0024261475
-.0030364990
-.0021820068
.0024871826
-.0030822754
.0018615723
-.0019378662
-.0026092529
-.0021972656
.0019531250
-.0027770996
-.0024566650
-.0025787354
.0028686523
-.0031890869
-.0026702881
.0025177002
.0027770996
-.0019683838
-.0026550293
-.0019836426
-.0026092529
.0027923584
.0018157959
-.0024108887
-.0031890869
.0017547607
-.0027923584
-.0027313232
.0018005371
-.0021362305
-.0027770996
.0021362305
.0018005371
-.0030822754
-.0020904541
-.0020904541
-.0027465820
-.0020446777
.0020446777
.0020294189
-.0022430420
-.0021972656
.0019836426
-.0027313232
-.0022583008
.0023498535
-.0016632080
-.0025329590
.0021972656
-.0017700195
-.0025329590
-.0028686523
.0021667480
.0019531250
.0018463135
-.0016937256
-.0020599365
-.0023956299
-.0019226074
.0021820068
-.0030212402
.0015411377
.0016632080
-.0019378662
-.0016021729
-.0019989014
-.0021209717
-.0016479492
-.0018005371
.0023040771
-.0022125244
-.0018768311
.0019531250
-.0016479492
-.0021209717
.0019073486
.0018768311
-.0018310547
.0021514893
.0014343262
-.0019073486
-.0015716553
.0017242432
.0022583008
-.0018615723
.0019989014
.0016174316
-.0020599365
-.0018310547
-.0022735596
-.0019531250
-.0016479492
.0019683838
-.0016174316
-.0016021729
.0011138916
.0017395020
-.0019836426
-.0015106201
-.0015563965
.0019683838
-.0014038086
.0019226074
-.0017242432
-.0025482178
-.0015563965
.0014801025
-.0018768311
-.0021820068
.0015869141
.0015106201
-.0013275146
-.0016021729
-.0012817383
-.0019531250
-.0015258789
.0014495850
-.0020751953
-.0018005371
-.0015106201
-.0016021729
-.0015411377
.0013275146
.0016174316
-.0015869141
-.0017395020
.0015106201
.0016632080
-.0010528564
-.0015411377
.0016174316
-.0018005371
-.0015716553
.0010528564
-.0019531250
-.0019531250
-.0012054443
-.0012969971
-.0010681152
.0015411377
.0011444092
-.0024719238
.0012817383
.0010986328
.0013885498
-.0007629395
-.0018310547
.0014648438
-.0013732910
.0011749268
.0011596680
-.0019073486
.0010375977
.0014801025
-.0014190674
-.0014038086
-.0013732910
-.0012817383
-.0019683838
.0014495850
.0013885498
-.0020599365
-.0010528564
.0011749268
.0013275146
-.0017700195
.0011901855
-.0009918213
-.0013275146
.0011901855
.0008697510
.0014953613
-.0013580322
.0014495850
-.0013732910
-.0007324219
.0010986328
-.0009918213
-.0016479492
-.0017089844
.0013122559
-.0014648438
-.0013427734
.0012054443
.0010681152
-.0010223389
.0010986328
-.0009613037
-.0016937256
-.0010070801
.0013122559
-.0011749268
-.0013122559
.0013122559
-.0007476807
-.0015869141
.0011749268
.0015258789
-.0014343262
-.0009765625
.0010528564
-.0012664795
-.0008850098
-.0013275146
.0007781982
-.0010375977
.0006866455
.0012207031
-.0013885498
-.0010223389
.0012054443
-.0008239746
-.0009918213
-.0010528564
.0011291504
-.0013427734
-.0011291504
.0005340576
-.0010070801
-.0009155273
-.0010070801
.0007781982
-.0010833740
-.0013427734
.0007171631
-.0012359619
-.0007019043
.0007171631
-.0008697510
-.0009155273
.0007019043
.0007476807
-.0010375977
-.0006713867
-.0005798340
-.0010833740
-.0008239746
.0013122559
.0007476807
-.0010528564
.0006408691
.0006866455
-.0008544922
.0010528564
.0004119873
-.0011596680
-.0008544922
.0007019043
.0009155273
-.0012054443
.0005493164
.0003967285
-.0008392334
-.0005798340
.0007629395
-.0007476807
-.0007934570
.0006408691
.0008239746
-.0007019043
.0004119873
.0003662109
-.0008239746
-.0008850098
.0004730225
-.0006256104
-.0006256104
.0006561279
.0007934570
-.0006866455
-.0006408691
.0004272461
-.0007629395
-.0006713867
.0008087158
.0004882813
-.0004882813
-.0005035400
-.0003051758
-.0006713867
-.0005035400
.0007476807
-.0007629395
-.0006713867
.0003509521
.0004730225
-.0006866455
-.0005340576
.0005645752
-.0007934570
-.0003967285
.0005187988
-.0005798340
-.0005645752
-.0005645752
.0005035400
-.0007476807
-.0005950928
.0003204346
-.0006713867
-.0003204346
.0003509521
-.0005035400
-.0004882813
.0003814697
.0004119873
-.0005493164
.0003356934
.0003204346
-.0005035400
-.0003967285
-.0003814697
.0005493164
-.0004119873
.0004577637
.0003051758
-.0003814697
-.0003204346
.0003967285
-.0004730225
-.0004272461
