.0000305176
.0001373291
-.0001068115
.0001373291
.0002441406
-.0017700195
-.0025329590
-.0053558350
.0048828125
.0043640137
-.0042572021
-.0096130371
-.0112609863
-.0105895996
.0065155029
-.0091552734
-.0094757080
-.0115814209
.0154876709
-.0147094727
-.0143585205
.0223846436
.0259552002
-.0157623291
-.0265808105
-.0371704102
-.0366058350
-.0376586914
.0413360596
-.0281372070
-.0258636475
-.0284576416
-.0226593018
-.0502777100
-.0327758789
.0350494385
-.0368194580
.0300750732
-.0358428955
-.0510406494
-.0484771729
-.0236511230
-.0788726807
-.0289001465
-.0287628174
-.0554199219
-.0418395996
-.0539398193
-.0392913818
-.0298461914
-.0457000732
-.0506896973
-.0349273682
-.0345764160
-.0520629883
-.0478668213
.0463867188
.0536346436
.0517425537
-.0616302490
-.0478668213
-.0593109131
-.0422668457
.0450592041
-.0412750244
-.0483093262
-.0632019043
.0443572998
-.0806427002
.0430755615
-.0528717041
-.0737762451
.0553741455
-.0548858643
-.0637817383
-.0626220703
-.0486602783
-.0700683594
-.0671691895
-.0609283447
-.0861511230
-.0439758301
-.0779876709
-.0585327148
.0474700928
.0606079102
-.0399475098
-.0407867432
.0544281006
.0610046387
-.0510864258
-.0716857910
.0340118408
-.0558471680
-.0670471191
.0446624756
-.0500030518
-.0599365234
-.0402374268
-.0642089844
-.0609283447
-.0768890381
.0639953613
-.0824127197
-.0409545898
-.0691375732
-.0483703613
-.0608520508
.0397338867
.0457153320
-.0584259033
.0514221191
-.0621490479
-.1042633057
-.0747528076
-.0420074463
-.0495910645
-.0623779297
.0571594238
-.0513153076
-.0611114502
.0593261719
-.0673065186
.0520629883
-.0867004395
-.0731658936
.0419464111
-.0424041748
-.0688323975
.0572662354
.0584869385
.0604705811
-.0708312988
-.0689392090
.0595245361
.0573425293
-.0512847900
-.0631103516
-.0749206543
-.0887908936
.0444488525
.0422973633
-.0520019531
.0714263916
.0377960205
-.0456695557
-.0722503662
-.0672760010
.0559539795
-.0537872314
-.0516357422
.0582885742
-.0797119141
-.0762481689
-.0767364502
-.0660400391
.0700836182
-.0381774902
-.0591278076
-.0566864014
-.0821228027
-.0830383301
-.0572967529
.0523529053
-.0953674316
-.0753479004
-.0656433105
-.0677032471
-.0799560547
-.0727081299
-.0717315674
.0443267822
-.0786743164
.0673828125
-.0531921387
-.0799713135
.0550537109
.0524444580
-.0477752686
-.0516510010
-.0772705078
-.0505981445
-.0653381348
.0523681641
.0642852783
.0438232422
-.0801544189
-.1158752441
-.0592803955
-.0586090088
-.0610351563
-.0609893799
.0369720459
-.0574798584
.0496673584
-.0570831299
-.1093444824
-.0810546875
.0647735596
-.0702209473
-.0788421631
-.0664672852
-.0609588623
-.0735778809
-.0467987061
-.0564727783
-.0839080811
.0621032715
.0463714600
-.0888061523
-.0681762695
-.0473785400
-.0788879395
-.0683898926
-.0818634033
.0587615967
.0700531006
-.0513763428
.0511322021
.0536193848
-.0848693848
-.0466003418
-.0765075684
-.0910644531
-.0528564453
-.0685577393
-.0924377441
.0408172607
.0576477051
-.0540008545
-.1035614014
-.0700836182
-.0585632324
-.0731048584
-.0501708984
-.0640411377
-.0572814941
-.0519561768
-.0782775879
-.0994873047
-.0762481689
-.0785675049
-.0437011719
-.1023101807
-.0430755615
-.0683593750
-.0553131104
-.0597076416
-.0737304688
-.0774078369
-.0706024170
-.0598602295
-.1049346924
-.0492553711
-.0827789307
.0538024902
-.0578765869
-.0591888428
-.0484466553
-.0751800537
-.0735168457
.0563201904
-.0550537109
-.0839996338
-.0605010986
.0479125977
.0636901855
-.0571594238
-.0607604980
-.0565643311
.0576324463
.0494689941
.0642395020
-.0700836182
.0640258789
-.0571594238
-.0612945557
-.0688629150
.0444946289
-.0718231201
-.0801239014
-.0882110596
-.0507659912
-.0508728027
-.0567169189
-.0656738281
-.0809936523
-.0662994385
-.0735626221
-.1150970459
-.0467834473
.0696258545
-.0571594238
.0431823730
-.0576171875
-.0499877930
-.0661163330
.0598449707
.0411682129
-.0709075928
-.1108856201
-.0783996582
-.0539093018
.0601043701
-.0770416260
-.1061706543
.0695495605
-.0716857910
-.0487060547
.0484466553
-.0467071533
-.0626678467
-.0614624023
-.0556335449
-.0598754883
.0596160889
-.0949401855
-.0880432129
.0436248779
-.0697631836
.0419006348
-.0609130859
.0552825928
.0580596924
.0402984619
-.0661010742
.0570983887
-.0523376465
-.0691680908
-.0664062500
-.0585479736
-.0496368408
.0422668457
-.0512695313
-.0472564697
-.0460205078
.0379791260
-.0604705811
-.0391998291
-.0679931641
-.0466003418
-.0852355957
.0484008789
-.0532073975
.0621032715
-.0363616943
-.0572662354
-.0656890869
-.0621490479
-.0474243164
-.0562286377
.0368194580
-.0653686523
-.0559387207
-.0717773438
.0466766357
-.0569458008
-.0736541748
-.0796966553
-.0672760010
-.0453338623
-.0837707520
-.0463714600
-.0477600098
.0446777344
-.0718536377
.0421295166
-.0452423096
-.0479278564
-.0538635254
-.0497436523
-.0442352295
-.0612640381
-.0663146973
-.0538330078
-.0521545410
.0546417236
.0397796631
.0354614258
.0567626953
-.0404052734
-.0756378174
-.0618591309
-.0529479980
-.0815734863
-.0496520996
-.0693054199
-.0395202637
-.0957641602
.0630340576
-.0720825195
-.0572357178
-.0722808838
-.0578460693
-.0437622070
-.0610504150
-.0734100342
.0597686768
-.0594635010
-.0616149902
-.1069183350
-.0527343750
-.0512542725
-.0531921387
-.0664825439
-.0640716553
-.0492095947
-.0637817383
-.0584716797
-.0431060791
-.0628051758
-.0524749756
-.0522003174
-.0411834717
.0525817871
.0574798584
-.0582580566
-.0626983643
-.0705261230
.0439910889
.0541992188
-.0628509521
-.0535278320
-.0808258057
.0504455566
-.0569305420
-.0863342285
-.0570526123
.0709686279
.0509490967
.0407714844
-.0583190918
-.0656127930
-.0637512207
-.0536193848
.0474395752
.0399017334
-.0851135254
.0530700684
-.0625610352
-.0916442871
-.0475616455
-.0626983643
-.0451812744
.0559692383
-.0453643799
.0615386963
-.0797576904
-.0568084717
.0420227051
-.0606689453
-.0679473877
-.0710906982
-.0563049316
.0612792969
-.0733184814
-.0481872559
-.0798797607
-.0357666016
-.0656738281
-.0775146484
-.0613250732
-.0674896240
.0505981445
-.0801086426
-.0498962402
.0444183350
-.0930480957
-.0488128662
-.0631256104
-.0645446777
-.0522613525
-.0568084717
-.0634002686
-.0490264893
-.0567321777
-.0570068359
-.0454711914
-.0726470947
-.0425415039
-.0567626953
.0474395752
.0554656982
-.0739898682
-.0697174072
.0520019531
-.0464324951
-.0540161133
-.0554504395
-.0599212646
-.0428314209
-.0681457520
-.0485382080
-.0512542725
-.0656890869
.0511322021
-.0596618652
-.0552825928
-.0578002930
-.0477905273
-.0928955078
-.0573883057
.0378112793
-.0664215088
-.0519714355
-.0623474121
-.0523681641
-.0707550049
-.0989379883
-.0609588623
-.0450744629
-.0628356934
.0492706299
-.0576477051
-.0669708252
-.0750885010
.0593872070
-.0381164551
.0506286621
.0559387207
-.0453186035
-.0754241943
-.0433959961
.0598449707
-.0473785400
-.0576477051
-.0469360352
-.0531616211
-.0989227295
-.0609283447
.0587768555
-.0585327148
-.0545349121
-.0528564453
-.1256408691
-.0785675049
-.0581359863
-.0460052490
-.0766754150
.0525970459
-.0633392334
-.0480957031
-.0503540039
-.0808563232
-.0541839600
-.0653686523
.0477905273
-.0755157471
.0529327393
.0469055176
-.0424804688
-.0495147705
.0471649170
.0424652100
-.0729980469
-.0597991943
.0410461426
.0534515381
.0604553223
-.0528411865
-.0611724854
-.0426788330
-.0477752686
-.1003875732
-.0500946045
-.0692596436
-.0546569824
.0700378418
-.0741577148
.0509643555
-.0815429688
-.0718383789
.0555267334
.0691680908
.0600280762
-.0598449707
-.1159515381
-.0643310547
-.0697784424
-.0540161133
.0464630127
-.1046295166
-.0611572266
-.0509033203
.0485229492
.0450134277
-.0689544678
.0507202148
-.0501861572
-.0578002930
.0623168945
-.0625610352
-.0698394775
-.0575561523
.0530548096
-.0874328613
-.0358276367
-.0493621826
-.0511627197
-.0838165283
-.0470275879
.0453796387
-.0875396729
.0470733643
.0471954346
-.0498962402
-.0597839355
.0683441162
.0585174561
.0390625000
-.0938720703
-.0486907959
.0554504395
-.0569915771
-.0477905273
-.0740814209
-.0544891357
.0458526611
-.0397949219
-.0739746094
-.0673522949
-.0629425049
.0494384766
.0481872559
-.0811920166
-.0722045898
.0445098877
.0533447266
-.0778350830
-.0740051270
-.0571136475
-.0504608154
-.0790863037
.0459442139
-.0535736084
-.0556945801
.0485992432
.0577697754
.0502624512
-.0624694824
.0441131592
-.0582885742
-.0473785400
-.0577850342
-.0526580811
-.1288299561
-.0664978027
-.0402679443
.0596923828
-.0516052246
-.0374450684
-.0544128418
.0595550537
-.0415191650
-.0543060303
-.0502929688
-.0529022217
-.0624084473
-.0739746094
-.0593566895
-.0638122559
-.0691223145
-.0616149902
-.0803222656
-.0617980957
.0631408691
-.0835723877
-.0719146729
-.1088714600
-.0688018799
.0809326172
-.0799255371
-.0749359131
-.0650329590
-.0643005371
.0424652100
-.0664978027
-.0588073730
-.0871887207
.0632324219
-.0475006104
-.0598449707
.0555877686
-.0700073242
-.0884857178
-.1039733887
-.0878906250
-.0935516357
-.0596008301
-.0902709961
-.0831756592
-.0726318359
.0708312988
-.0720367432
-.0887145996
-.0843048096
-.0796203613
-.1010589600
-.0824584961
-.0746154785
-.0740661621
-.1003265381
-.1052246094
-.1494445801
-.0565490723
-.0725708008
-.0677642822
-.0805206299
-.1114959717
-.1069488525
-.0736083984
-.1087799072
-.0711517334
-.0908966064
-.0837707520
-.0684661865
-.0841369629
-.0744781494
-.0660705566
-.1100921631
.0614013672
-.0682983398
-.0882720947
-.0769958496
.0807952881
-.1060943604
-.1246185303
-.0628204346
-.0845642090
-.0951538086
-.0851440430
.0887756348
.0723571777
-.0900268555
-.1358337402
-.0818481445
-.0634765625
-.0733337402
-.0712127686
-.0652923584
-.1126708984
-.0881347656
-.0622253418
.0622406006
.0504760742
-.1040039063
.0613708496
-.0517883301
-.1193847656
-.0657043457
-.0877075195
-.0507202148
-.0581665039
-.0776977539
-.0693359375
.0531921387
-.0619354248
-.0425720215
-.0457763672
-.0588989258
-.0587615967
-.0662536621
-.0442047119
.0335845947
-.0512390137
-.0576629639
-.0440521240
.0469207764
-.0520935059
-.0359039307
-.0504608154
-.0415649414
.0302429199
.0330047607
-.0488739014
-.0382843018
-.0301666260
-.0468597412
-.0392913818
-.0409851074
-.0453186035
-.0318145752
-.0636444092
-.0553436279
.0536804199
-.0283203125
-.0377044678
-.0289154053
-.0230255127
.0412597656
.0282135010
-.0347442627
-.0244445801
-.0285644531
-.0347290039
-.0337371826
.0263671875
-.0521545410
.0227508545
-.0214691162
.0277404785
-.0303649902
.0286865234
-.0237426758
-.0286865234
-.0185852051
.0324401855
-.0340728760
-.0197296143
-.0298461914
-.0180053711
-.0267944336
-.0317687988
-.0250091553
.0231628418
.0220336914
-.0192108154
-.0146331787
.0278320313
-.0182952881
-.0317382813
-.0260925293
.0203247070
.0178375244
.0216369629
-.0330810547
-.0243377686
-.0314331055
.0178375244
.0121765137
-.0276489258
-.0219879150
.0310516357
.0178527832
.0176849365
.0133361816
.0231781006
-.0193481445
.0182189941
.0212402344
-.0195922852
.0136260986
-.0154571533
-.0149536133
.0151977539
-.0154876709
-.0191040039
-.0213775635
-.0139160156
-.0218200684
.0107727051
.0200042725
.0168304443
-.0205383301
.0106811523
.0150604248
-.0147247314
-.0180511475
.0171966553
-.0126342773
-.0125122070
.0134735107
.0130462646
.0101776123
-.0111694336
.0152893066
-.0117645264
.0134582520
-.0114746094
.0131225586
-.0142822266
-.0075988770
-.0113220215
-.0148773193
-.0124816895
-.0127563477
.0083312988
.0093078613
.0133819580
-.0104980469
-.0150146484
.0111083984
.0156402588
-.0105895996
.0103607178
.0152587891
.0083007813
.0094909668
-.0129699707
-.0081024170
.0070190430
-.0106658936
-.0099792480
-.0094909668
.0096435547
.0084838867
-.0093688965
-.0093841553
.0097808838
-.0075988770
-.0078887939
-.0086517334
-.0094604492
.0085144043
.0125732422
-.0084533691
-.0062408447
-.0078582764
.0058593750
-.0056152344
-.0108642578
-.0063323975
-.0089111328
-.0080718994
-.0080413818
.0091247559
-.0120239258
.0069885254
.0130462646
.0078277588
.0097808838
.0091094971
-.0099487305
.0065612793
.0095672607
.0109100342
-.0093231201
-.0091705322
-.0073089600
-.0060424805
-.0072631836
-.0085906982
.0094909668
-.0095672607
.0081634521
-.0093383789
-.0067138672
-.0039215088
.0081481934
-.0071258545
-.0084991455
-.0076599121
-.0070953369
-.0053863525
-.0060424805
-.0063018799
-.0070037842
.0059051514
-.0081329346
-.0052642822
.0055694580
.0082702637
-.0090026855
.0071716309
-.0099639893
.0065155029
-.0064849854
.0038604736
.0046081543
-.0047149658
-.0041809082
-.0040740967
.0036315918
-.0042877197
-.0052032471
.0043640137
.0047149658
-.0033874512
-.0037536621
-.0029296875
-.0021209717
.0037689209
.0035858154
.0039672852
-.0024108887
-.0039672852
-.0023498535
.0020294189
.0020294189
-.0021514893
-.0017700195
-.0024108887
.0016784668
-.0018463135
.0014495850
.0016937256
-.0014190674
.0022888184
-.0010375977
-.0014495850
-.0012512207
-.0014495850
-.0009765625
.0006713867
-.0006866455
.0004577637
-.0004272461
.0002899170
-.0008392334
-.0002593994
-.0003356934
