-.0000305176
-.0000305176
-.0000305176
-.0000305176
-.0000305176
-.0000305176
-.0000305176
-.0000305176
-.0000305176
-.0000305176
-.0000305176
-.0000305176
-.0000305176
-.0000305176
-.0000305176
-.0000305176
-.0000305176
-.0000305176
-.0000305176
-.0000305176
-.0000305176
-.0000305176
-.0000305176
-.0000305176
-.0000305176
-.0000305176
-.0000305176
.0060729980
.0107269287
.0146636963
.0111389160
.0115203857
.0126647949
.0159301758
-.0151367188
-.0102539063
-.0123443604
-.0180969238
-.0188446045
-.0234069824
-.0243377686
.0187377930
.0294952393
.0322875977
.0348205566
.0307617188
-.0313110352
-.0375061035
.0323486328
-.0335540771
-.0532226563
.0534210205
.0759735107
.0469665527
-.0386505127
-.0525817871
-.0369262695
-.0683135986
-.0583190918
-.0572814941
.0482482910
-.0417633057
-.0804748535
-.0826416016
-.0859375000
.0658874512
.0883483887
.0782318115
-.0669403076
-.0710449219
.0652465820
.0641479492
.0669860840
.0512084961
-.1003265381
.0730285645
.0812683105
.0721435547
.0847625732
.0679321289
-.0542602539
.0666351318
.0927734375
.0564575195
-.0477600098
-.0639038086
.1111602783
.0546722412
.0640258789
.1202850342
-.0918579102
-.0560455322
.0928802490
.0795440674
.0819091797
.0735473633
.1272125244
-.0772094727
-.1266479492
-.0795440674
.0985260010
.1122741699
.0703887939
.0850830078
-.0883941650
.0929260254
-.1161804199
-.1357269287
-.0906524658
.0816802979
.0764617920
-.1060333252
-.0841064453
.1036682129
-.1305694580
-.0973205566
-.0890655518
-.1278686523
-.0903167725
-.0906219482
.0779113770
.1157226563
-.1408386230
-.1041412354
-.1288299561
-.0904693604
.0969848633
-.0964355469
-.1313629150
-.0846710205
.1045532227
-.1041259766
-.1343688965
.1143035889
-.1369171143
-.1174774170
-.1391906738
.1423645020
-.1107177734
-.1269226074
-.1368408203
-.1408538818
-.1682434082
-.1224975586
-.1191711426
.1529998779
.1256561279
-.1389007568
-.1132965088
.1532135010
-.1650543213
-.1289367676
-.1681671143
.1512908936
.1421051025
-.1816864014
-.1384887695
.1963348389
.1320648193
.1573791504
.2242431641
.1569976807
-.1583099365
.1519927979
.2023620605
-.2007141113
.1926269531
.1404113770
-.2048797607
.1685485840
.1808166504
.1452484131
-.2026214600
-.1827087402
.2069396973
.1832122803
.1742095947
.2091522217
.1900024414
-.1837005615
-.1829986572
-.2048187256
-.2738037109
-.2390594482
-.1915435791
-.1687927246
.2553100586
.1958618164
-.1674499512
-.1759185791
.2386627197
.2357635498
.2010650635
-.1558074951
.1900024414
-.2317657471
.1641693115
-.2454681396
-.1643066406
-.1995849609
-.2543029785
.1981048584
.2128448486
.2535400391
-.2620697021
-.2196807861
-.2212677002
-.2653961182
.2667236328
-.2470855713
.2614746094
.2243652344
-.1956176758
.2110443115
-.2946166992
-.2456817627
-.2671356201
.3225402832
-.2934417725
-.2824859619
.2843170166
-.2748260498
.2600708008
-.2831726074
-.2481842041
.2363128662
-.2633361816
-.3754425049
-.2690734863
.2839355469
-.2273406982
.2333068848
-.3378601074
-.2423706055
-.2620697021
-.3380889893
.2648162842
.2326354980
.2757110596
.3543395996
-.2294464111
-.2704772949
.2716674805
.2514038086
-.2783966064
.2532043457
.2880249023
.2859497070
-.2778472900
.2343292236
-.2614135742
.2926635742
.3055877686
.2041473389
.2581634521
.2586975098
.2422790527
.2212829590
.2437744141
.2459716797
-.2108001709
.2603607178
-.3004760742
.2705230713
.2938690186
-.2018585205
.2462921143
.2976379395
.2397918701
.2636718750
.2729797363
.2810821533
.2743377686
.2757568359
.2643280029
.2516326904
-.2618560791
-.2446441650
-.2327270508
.2576141357
.2803039551
-.2931823730
.2918395996
.2579498291
.2495727539
.2139129639
.1853485107
-.2552947998
-.3288421631
-.2226104736
-.2407836914
-.2964477539
.2279357910
-.2349548340
.2546844482
-.3717803955
-.2841949463
.2354431152
-.2962036133
.2494201660
.2462463379
.2622375488
.2781982422
.2347106934
.2950286865
-.2706298828
.3257446289
.2902984619
-.2561950684
.1957855225
-.3123626709
-.3043212891
.2631835938
-.2442321777
.2600250244
.2400054932
-.2531585693
.2785339355
.2676544189
.2207794189
.2554473877
.3751525879
-.2053833008
-.2555694580
.1906433105
.1990814209
.2278747559
.2874298096
-.2946624756
.2855377197
-.2303314209
.3052368164
.2918548584
.2393646240
.2644348145
-.2628173828
-.2789611816
-.2638397217
-.3049011230
.2670898438
.2351379395
.2942657471
-.2908172607
.2633514404
.2449340820
-.2669525146
-.2660827637
.2230834961
.2488098145
-.2101287842
-.2603302002
-.2881011963
.2687835693
.3187255859
.2435455322
-.2537841797
.2742767334
.1937255859
.2840118408
.2867736816
-.2304992676
.2805023193
.2316436768
.2546386719
.2686157227
-.2372589111
.2109069824
-.2374420166
-.2384948730
-.3268127441
.2560272217
-.2161407471
-.2849426270
.3269805908
-.2028045654
-.2064971924
.3303833008
.2054748535
.2932586670
-.2084197998
-.2787170410
-.2309112549
.2857666016
.2806396484
.2429199219
.2422027588
-.2900543213
.2840576172
-.2726745605
.2536010742
-.2583618164
.3089447021
-.2188262939
.2707672119
.2069244385
.2588806152
.2236938477
.2995605469
.2383880615
.2575378418
.2447967529
-.2567291260
.2260437012
.2338256836
.2620697021
.2412414551
.2832794189
.3038940430
.2433929443
-.2041625977
.2306365967
-.2598876953
-.3072052002
-.3171539307
-.2712249756
-.2251129150
-.2355194092
.2932586670
-.2807769775
.2943420410
.2178802490
.2623138428
.3065948486
-.2984161377
-.2928314209
.2314453125
.2498779297
.2385864258
.2829437256
.2589111328
.2145385742
-.1790771484
-.2136230469
.2378997803
.2632904053
.2646484375
-.2288360596
.2931365967
-.2431030273
.2774047852
-.1634216309
-.2463836670
-.2704010010
-.2090911865
.3149566650
.2153167725
-.2026062012
-.2321472168
-.3624877930
.2100372314
-.2325439453
-.2184753418
.1965026855
-.1939849854
-.1993865967
.2068786621
-.1919708252
.2423706055
-.2371368408
.2018280029
-.1374969482
.1481018066
.1632690430
.1802368164
.1536102295
.1967468262
-.1982727051
-.1685180664
-.1272888184
.1472167969
-.1211090088
.1749877930
.1160888672
-.1261444092
-.1242370605
.0929107666
-.1256866455
-.1125488281
-.0843811035
.0778350830
.1598358154
.0796661377
-.1396789551
-.0943298340
-.0799560547
.1093139648
.0985107422
-.0851898193
-.0998687744
.0814056396
.0602874756
.0860443115
.1126556396
.0966339111
-.0967254639
.0929565430
.0800323486
.0730285645
-.1165008545
.1042480469
.0901184082
.0817260742
-.0674285889
.0897674561
-.0941314697
-.1098327637
.1061859131
-.1098022461
.1128387451
.0937347412
.0911254883
-.1072387695
.0989532471
.1075897217
.1358795166
-.1159820557
.1021423340
.1219940186
-.0946807861
.1063385010
-.1290283203
-.0927429199
-.1426849365
.1247253418
.1247253418
.1031188965
.0831909180
-.0890045166
-.0965728760
-.0697326660
.0933990479
.0520782471
-.0750885010
.0721435547
.0898132324
.0617675781
-.0649261475
-.0617218018
-.0522155762
-.0619812012
-.0519409180
-.0582885742
-.0586395264
-.0607757568
-.0386199951
-.0403594971
-.0225830078
.0172119141
-.0229034424
.0235900879
.0238952637
-.0343780518
-.0380706787
-.0330963135
.0295562744
.0415496826
.0221099854
.0204010010
-.0233917236
-.0329284668
-.0331420898
-.0376129150
-.0466613770
-.0478973389
-.0525207520
-.0553131104
-.0528259277
-.0435333252
-.0538940430
-.0608520508
-.0521392822
-.0413208008
-.0501708984
-.0547790527
-.0418548584
-.0435791016
-.0429840088
-.0474853516
-.0440368652
-.0419311523
-.0325469971
-.0431823730
-.0401916504
-.0462341309
-.0516815186
-.0489196777
-.0363464355
.0318603516
.0298004150
.0282592773
.0370941162
.0297088623
.0184783936
.0201263428
.0226287842
-.0307159424
.0245361328
.0267028809
.0223846436
.0176849365
-.0214843750
-.0173034668
.0245513916
.0221557617
.0251922607
-.0215759277
.0255889893
-.0249328613
-.0270080566
-.0266113281
-.0329589844
-.0267944336
.0257110596
-.0253601074
.0219879150
.0241851807
.0228118896
.0267333984
-.0212707520
.0193939209
.0293426514
.0222625732
.0231018066
.0184173584
-.0229644775
-.0212402344
.0207672119
.0205841064
.0237121582
-.0147857666
-.0199890137
-.0163269043
-.0183715820
.0138549805
-.0167388916
.0156860352
-.0102233887
.0092773438
.0096740723
.0121307373
.0091247559
.0111999512
-.0093994141
.0122985840
-.0113067627
-.0089721680
.0099639893
-.0074157715
-.0104980469
-.0097961426
.0092010498
-.0094604492
.0100097656
.0100860596
.0081329346
.0059509277
.0077667236
-.0092468262
.0089569092
.0099029541
-.0074462891
-.0092010498
.0103759766
-.0082855225
-.0088653564
-.0115203857
-.0062255859
-.0060424805
.0117034912
.0080413818
-.0072326660
-.0082702637
.0103149414
.0087127686
.0066833496
-.0057983398
.0044708252
-.0099182129
.0077819824
-.0083312988
-.0085449219
.0064697266
-.0067138672
-.0069427490
-.0050354004
.0044403076
-.0056152344
.0048065186
-.0086212158
-.0065612793
-.0053863525
-.0064392090
-.0068664551
-.0051727295
-.0065460205
.0065917969
-.0070648193
-.0054016113
-.0058441162
-.0054779053
-.0044097900
.0064086914
-.0043640137
.0047607422
-.0056610107
.0031280518
-.0057525635
-.0056762695
.0052642822
-.0044250488
-.0055694580
.0045471191
.0050659180
.0042114258
.0086364746
.0061340332
-.0048217773
-.0063018799
.0034790039
-.0055389404
-.0042724609
-.0031280518
.0043029785
-.0038757324
-.0064849854
.0051574707
-.0049285889
-.0061798096
.0066375732
-.0032501221
.0038604736
.0030517578
-.0042114258
.0027313232
.0070495605
.0057067871
-.0066680908
-.0046844482
-.0040283203
-.0048828125
-.0053100586
-.0037384033
-.0035552979
.0057983398
.0032043457
-.0052947998
.0052337646
-.0026245117
-.0043640137
.0041351318
.0043945313
.0037994385
.0026245117
-.0037689209
-.0026245117
-.0058593750
-.0032653809
-.0040740967
.0036163330
-.0031280518
-.0047912598
.0048675537
-.0032958984
.0034332275
.0029602051
.0027770996
-.0028076172
-.0032501221
-.0022888184
-.0033721924
-.0022430420
.0027465820
.0031738281
.0028991699
-.0021362305
.0029144287
-.0028076172
.0021362305
-.0027008057
-.0032043457
.0020751953
.0021362305
.0019226074
-.0028381348
-.0020599365
.0031738281
-.0023040771
-.0019989014
.0027160645
-.0023345947
-.0021667480
.0023345947
-.0015258789
-.0023040771
-.0018615723
.0028076172
-.0025177002
.0025329590
.0019073486
.0021209717
-.0011291504
.0022125244
.0034637451
.0013885498
.0024108887
.0028076172
-.0016326904
-.0027008057
.0022888184
-.0020904541
-.0023803711
-.0016479492
.0024566650
.0017242432
.0017089844
.0023345947
-.0017395020
.0010223389
-.0017242432
.0016021729
-.0020294189
.0012969971
.0016479492
-.0014190674
-.0016021729
.0016326904
-.0015869141
.0011596680
-.0021514893
-.0023651123
.0014648438
-.0010223389
-.0016784668
.0022277832
-.0016784668
.0016937256
-.0016326904
.0012817383
.0017089844
.0014648438
-.0018768311
-.0016479492
-.0018463135
-.0014495850
.0026397705
-.0016479492
-.0012359619
-.0011901855
-.0017547607
.0016479492
.0015106201
.0015411377
.0014190674
-.0011749268
-.0015258789
.0016632080
-.0016021729
-.0017395020
.0008544922
.0014801025
.0009918213
.0009613037
.0016632080
.0009765625
.0013122559
.0010223389
.0017852783
-.0013275146
-.0012817383
-.0010375977
.0011291504
.0011901855
.0009613037
.0013122559
.0010070801
-.0007934570
.0010528564
.0009002686
.0010833740
.0014190674
-.0017852783
.0009307861
-.0007629395
.0009765625
.0014801025
-.0014801025
.0010986328
-.0009460449
.0010986328
-.0012359619
.0009918213
.0012512207
-.0006408691
-.0007324219
-.0009155273
.0010375977
.0009918213
.0010833740
-.0010681152
.0011901855
.0008850098
.0009613037
-.0010528564
.0007476807
-.0009002686
-.0006713867
.0009918213
-.0007934570
-.0010375977
.0004119873
.0008850098
-.0004425049
-.0011138916
.0006866455
.0006256104
-.0008087158
.0007934570
.0005798340
.0007934570
-.0007171631
-.0008697510
-.0007171631
-.0007476807
.0005798340
-.0008697510
-.0004272461
.0006408691
-.0007629395
.0004882813
-.0006561279
.0005340576
.0006103516
-.0005645752
-.0005950928
.0006866455
-.0011596680
.0005187988
.0005493164
-.0005340576
-.0004425049
-.0003814697
-.0004577637
.0003967285
-.0004272461
-.0003967285
.0003967285
.0002288818
-.0004730225
-.0003967285
-.0003662109
.0002899170
.0002899170
.0003967285
.0005798340
.0004119873
-.0002441406
-.0003051758
-.0004425049
.0003356934
-.0002746582
.0003051758
.0003051758
.0003509521
.0003662109
-.0004272461
-.0003509521
.0002288818
-.0003356934
-.0003356934
.0003967285
-.0003356934
.0003204346
.0004577637
.0003051758
.0002288818
.0003814697
.0001983643
-.0002746582
-.0003204346
-.0004730225
.0002441406
-.0001525879
-.0002288818
.0002746582
-.0002593994
.0002136230
-.0001983643
.0003051758
.0002899170
-.0002288818
-.0002441406
.0002441406
-.0001525879
-.0001373291
.0001831055
-.0001983643
.0001525879
.0001983643
.0001831055
.0001983643
.0001831055
.0001678467
.0001831055
-.0001983643
-.0001373291
-.0001678467
-.0001983643
-.0007934570
