-.0000762939
-.0000762939
-.0000915527
-.0001831055
-.0000915527
-.0000915527
-.0000915527
-.0000610352
-.0000610352
-.0003356934
-.0001220703
-.0001068115
-.0001068115
-.0003509521
.0006561279
-.0044250488
.0018615723
.0091247559
.0028533936
.0055389404
-.0033569336
.0025482178
-.0021362305
-.0023803711
-.0028228760
.0017852783
.0013732910
.0015411377
-.0059204102
-.0033111572
-.0011444092
.0009307861
-.0005035400
.0005187988
-.0008697510
.0006103516
-.0003509521
-.0001983643
.0001678467
-.0001983643
-.0001525879
-.0001525879
-.0001220703
-.0001983643
-.0001831055
-.0000915527
-.0001068115
-.0001068115
-.0000915527
.0000915527
-.0003509521
-.0001831055
-.0001678467
-.0001068115
-.0001831055
-.0001525879
.0087738037
-.0246582031
.0043029785
.0010681152
-.0015716553
-.0021514893
-.0014801025
-.0005340576
.0007324219
.0008087158
.0007171631
.0005798340
.0002288818
-.0004119873
-.0003204346
-.0002441406
-.0002441406
-.0005035400
-.0017395020
-.0008697510
.0014801025
-.0003509521
-.0002746582
-.0001983643
-.0001831055
.0001220703
-.0001983643
.0057373047
-.0041503906
-.0066070557
-.0015869141
-.0005340576
-.0017089844
.0005493164
-.0028533936
.0006713867
-.0050659180
.0017700195
-.0014495850
.0025482178
-.0005798340
-.0003967285
-.0012817383
-.0005035400
-.0003509521
.0001525879
.0002899170
-.0002136230
-.0022735596
-.0232238770
.0154418945
-.0092926025
.0127563477
-.0057678223
-.0097656250
.0234375000
.0072784424
-.0069427490
-.0051269531
-.0047760010
-.0088348389
.0035705566
.0030670166
-.0082550049
.0245513916
.0132751465
-.0164642334
-.0080261230
-.0106048584
-.0167083740
.0063934326
.0042877197
-.0074462891
.0086517334
-.0224914551
.0042724609
-.0019836426
.0241241455
.0085296631
-.0025482178
-.0220489502
-.0079803467
-.0139312744
.0047912598
.0024871826
.0023193359
.0019683838
.0009918213
.0007629395
-.0008697510
-.0009765625
-.0009613037
-.0034484863
-.0018005371
.0121307373
.0042266846
.0050506592
-.0028839111
.0010681152
.0009155273
-.0011138916
.0009155273
.0018005371
.0010986328
.0005798340
-.0006866455
.0008087158
.0002288818
.0012512207
.0007934570
.0004425049
-.0012969971
.0006256104
-.0008697510
.0197601318
.0131835938
.0047454834
.0014038086
.0024108887
-.0009460449
.0004882813
-.0017242432
-.0036468506
.0011749268
-.0002746582
-.0002593994
-.0004730225
-.0002899170
-.0002136230
-.0002593994
-.0001525879
-.0001525879
-.0003204346
-.0084838867
-.0012054443
-.0009918213
-.0004730225
-.0003814697
-.0003204346
-.0003051758
-.0002593994
-.0001831055
.0045471191
.0023651123
.0016174316
-.0005340576
.0021209717
.0010986328
.0002746582
-.0002136230
-.0001983643
-.0033416748
.0009307861
-.0003662109
-.0003662109
.0215148926
.0119628906
-.0070648193
-.0052032471
-.0091857910
-.0034332275
-.0035400391
.0063781738
.0117950439
.0048065186
-.0024719238
.0013275146
-.0007324219
-.0008087158
-.0004577637
.0002288818
.0005950928
.0004119873
.0003051758
.0002441406
-.0028228760
-.0008697510
.0002746582
-.0003051758
-.0016021729
-.0006408691
.0006713867
.0008697510
-.0006408691
-.0005035400
-.0004272461
.0002899170
.0002136230
-.0002441406
-.0003967285
-.0021209717
-.0009155273
-.0114898682
.0025482178
-.0015563965
-.0012054443
-.0009460449
-.0091094971
.0019073486
-.0091400146
-.0023651123
.0072937012
-.0034179688
-.0027923584
.0101776123
.0141601563
-.0076751709
-.0036468506
.0036468506
-.0009155273
-.0073699951
.0031890869
-.0070953369
-.0038146973
.0016326904
.0044097900
.0012664795
-.0009765625
-.0014801025
-.0005187988
-.0003662109
-.0003509521
-.0047149658
-.0019836426
-.0012054443
.0011596680
-.0007629395
-.0011596680
-.0009613037
.0006256104
.0069580078
.0150909424
.0104217529
-.0101165771
-.0022277832
-.0130462646
.0044860840
-.0165557861
.0097045898
-.0176086426
-.0051879883
.0023956299
-.0018157959
.0017395020
-.0024108887
.0151519775
.0216674805
.0052947998
-.0138092041
-.0080261230
-.0043334961
-.0025482178
.0017700195
.0022583008
.0015411377
.0018768311
.0028381348
.0009307861
-.0009918213
-.0031127930
-.0016479492
-.0008239746
-.0005340576
.0004577637
.0006103516
.0005035400
.0003509521
.0004119873
-.0002288818
-.0003662109
-.0002746582
-.0117797852
.0047454834
-.0025634766
.0012512207
.0008697510
-.0032043457
-.0057678223
.0014343262
-.0013122559
-.0008392334
-.0007476807
-.0006713867
-.0005035400
-.0008392334
.0003356934
-.0007781982
.0016326904
.0102233887
.0110015869
.0032806396
.0010070801
-.0007019043
-.0006713867
-.0003967285
-.0151062012
.0059509277
.0025787354
-.0016021729
-.0011444092
.0005493164
-.0004577637
-.0038299561
.0156707764
-.0059661865
.0195617676
.0070800781
-.0031738281
-.0032958984
-.0029449463
-.0014343262
.0008392334
.0014038086
.0013580322
.0008697510
.0099639893
.0061492920
-.0022735596
.0140228271
-.0037841797
-.0024719238
-.0025939941
.0045623779
-.0051879883
-.0035858154
.0007019043
-.0004272461
.0218963623
.0076904297
.0179290771
-.0207061768
-.0063934326
-.0025787354
-.0010223389
.0009460449
.0038299561
.0013427734
.0006713867
.0004425049
-.0010223389
-.0005798340
-.0004882813
-.0033721924
-.0031280518
.0014038086
-.0009613037
-.0005950928
.0133056641
-.0039215088
.0041351318
-.0019989014
.0006561279
.0028686523
-.0009155273
.0004577637
-.0002288818
-.0036315918
-.0016632080
.0089263916
.0060424805
-.0103607178
-.0021667480
.0010070801
-.0012969971
.0012817383
-.0009002686
-.0005187988
-.0081939697
.0017395020
-.0063323975
-.0013122559
-.0004882813
-.0003051758
-.0002899170
.0041351318
.0014953613
-.0005035400
.0072631836
.0029602051
-.0012664795
.0009002686
.0005187988
-.0004882813
-.0003356934
.0002288818
-.0003356934
.0001983643
-.0001831055
-.0005035400
-.0006866455
-.0002593994
.0001525879
.0010070801
.0205993652
.0079498291
.0039825439
-.0075073242
-.0205078125
.0110168457
.0180358887
-.0081329346
-.0018920898
-.0048370361
-.0020294189
.0133209229
.0051879883
.0027618408
-.0010070801
-.0199127197
-.0094757080
-.0044403076
.0025177002
-.0011596680
-.0091247559
-.0053100586
-.0017395020
.0012664795
-.0007171631
-.0008087158
-.0010681152
-.0070190430
-.0192260742
-.0104217529
.0049896240
.0040130615
-.0018615723
-.0021057129
.0012512207
-.0007934570
.0024414063
.0011138916
-.0010070801
-.0005798340
.0004272461
-.0003356934
-.0003356934
-.0001831055
-.0222625732
.0154571533
.0066986084
-.0156555176
-.0053710938
.0083770752
.0028228760
.0025787354
.0013275146
.0005035400
.0005950928
-.0005187988
-.0148925781
.0060577393
-.0070190430
-.0014190674
-.0007324219
-.0005035400
-.0003814697
.0042419434
.0020751953
-.0246276855
.0220489502
.0071411133
-.0230712891
-.0094146729
-.0051727295
-.0063171387
-.0025024414
.0019989014
.0025939941
.0017242432
.0018463135
.0020446777
-.0007019043
-.0015258789
-.0010681152
-.0008850098
-.0006256104
.0036315918
.0205078125
.0109100342
.0077972412
-.0062561035
-.0040130615
-.0019073486
.0028228760
.0015563965
.0019226074
.0013275146
-.0084838867
.0119628906
.0063323975
-.0021209717
-.0015106201
-.0007019043
-.0005950928
.0004577637
.0005645752
.0005493164
.0003204346
.0002746582
-.0002746582
-.0001831055
-.0001831055
.0002288818
.0017242432
-.0011291504
.0005493164
.0015106201
-.0005493164
-.0040130615
-.0012054443
.0016937256
.0009765625
-.0004882813
-.0003814697
.0003509521
.0002746582
-.0002593994
.0024108887
-.0011291504
-.0086212158
-.0016784668
-.0006256104
-.0006408691
-.0003967285
-.0003204346
-.0003356934
-.0002746582
-.0001983643
.0002899170
.0002441406
-.0002288818
-.0002593994
.0005645752
-.0003814697
-.0002441406
.0002593994
.0002441406
.0002136230
-.0002136230
-.0002136230
-.0002593994
-.0003204346
-.0106964111
-.0032043457
-.0014648438
-.0004577637
-.0004119873
.0003051758
-.0005187988
-.0061492920
.0096740723
-.0065307617
.0051574707
.0009155273
.0005798340
.0004272461
-.0215301514
.0101623535
.0041046143
-.0044555664
-.0020141602
-.0235137939
.0083160400
.0027465820
.0010223389
.0007476807
-.0013122559
-.0006866455
-.0058898926
.0019378662
.0047149658
.0014038086
.0014038086
.0025634766
-.0028381348
-.0018463135
-.0140075684
.0033416748
-.0017395020
-.0017242432
-.0122985840
.0022735596
.0012359619
.0006561279
-.0007171631
.0088500977
-.0049896240
.0024261475
.0155181885
.0094909668
.0095825195
-.0023651123
-.0015258789
.0010833740
-.0024261475
-.0019989014
-.0059204102
-.0019836426
.0008544922
-.0004730225
.0011444092
-.0005493164
.0005645752
-.0202941895
-.0070343018
-.0061950684
.0021514893
.0058593750
-.0014190674
-.0023651123
.0178222656
.0028533936
-.0009918213
-.0047912598
-.0014343262
-.0010375977
.0006408691
.0009460449
.0061645508
.0011596680
.0022430420
-.0013122559
.0008697510
-.0005798340
.0089721680
-.0038299561
-.0017547607
.0006408691
-.0003204346
.0018310547
.0012969971
-.0061798096
-.0075988770
-.0015869141
-.0021667480
.0011444092
.0007019043
-.0007019043
-.0003356934
-.0004119873
.0003051758
-.0003204346
-.0090026855
-.0031585693
-.0008239746
-.0195159912
-.0118713379
-.0048522949
-.0020904541
-.0009155273
-.0007781982
-.0004730225
.0004119873
-.0017089844
.0111083984
-.0058898926
-.0023498535
-.0019073486
.0016174316
.0006866455
-.0005493164
-.0003204346
.0198516846
-.0064849854
.0232696533
-.0136108398
.0083770752
.0064849854
-.0052642822
-.0030059814
.0019989014
.0027770996
.0016174316
-.0058288574
.0018310547
.0024414063
-.0007324219
-.0008544922
-.0007324219
-.0007019043
.0027923584
-.0016937256
.0005187988
.0005798340
.0004425049
.0004272461
.0004425049
.0013275146
-.0005493164
-.0003662109
.0026702881
-.0202178955
.0077514648
-.0103302002
-.0022277832
.0253906250
.0196228027
.0122375488
-.0147705078
-.0077362061
-.0036010742
.0016326904
.0030670166
.0028686523
.0151977539
.0039672852
-.0016479492
-.0013275146
-.0015258789
-.0014953613
-.0012512207
-.0008544922
.0007781982
.0007171631
.0003814697
.0004577637
.0008087158
.0007019043
.0004425049
-.0003356934
-.0003814697
-.0005035400
-.0003814697
-.0003967285
-.0006866455
-.0004730225
-.0003967285
.0002441406
-.0002746582
-.0066375732
.0040740967
-.0026855469
-.0022735596
.0009460449
.0097045898
.0019683838
.0068817139
-.0029449463
.0010375977
-.0014038086
-.0004730225
-.0003204346
.0026245117
-.0013275146
-.0005493164
-.0003967285
.0017852783
.0006103516
-.0003967285
-.0003204346
-.0209503174
.0138244629
.0084838867
-.0034179688
-.0161743164
-.0047607422
.0027465820
-.0013275146
.0007019043
.0004882813
-.0008850098
-.0046997070
-.0028686523
.0016174316
-.0010070801
-.0007934570
-.0002899170
-.0078887939
-.0033721924
-.0183715820
.0109558105
-.0046997070
-.0024719238
.0028533936
-.0018615723
-.0102386475
.0031433105
-.0014801025
.0005798340
.0014953613
.0004577637
-.0004272461
-.0115661621
.0060882568
-.0018463135
-.0006103516
.0009155273
-.0057830811
-.0048522949
.0025024414
.0016021729
-.0008392334
-.0006408691
-.0003509521
.0002593994
-.0002288818
.0003356934
-.0001831055
-.0001983643
-.0007019043
-.0009918213
-.0006866455
.0003204346
-.0032501221
-.0007171631
-.0005187988
-.0003967285
.0039062500
.0028076172
.0019683838
-.0010528564
.0007019043
.0004577637
-.0006103516
.0009918213
-.0017395020
-.0009307861
.0006713867
.0003509521
-.0002593994
-.0003814697
-.0002288818
-.0002746582
-.0005645752
-.0003509521
-.0001831055
-.0002593994
-.0002593994
.0001220703
-.0045318604
.0011138916
-.0001678467
-.0002288818
-.0002746582
-.0002288818
.0187530518
.0030059814
-.0013732910
-.0012969971
-.0012512207
-.0006561279
.0043640137
.0012512207
.0007629395
.0008697510
.0042266846
-.0024108887
.0015411377
.0035247803
-.0012054443
-.0009918213
.0019683838
-.0015563965
.0003814697
.0002746582
-.0001983643
.0001983643
-.0002593994
-.0002746582
-.0005950928
.0013885498
-.0003967285
-.0001831055
-.0009918213
.0003051758
-.0004425049
-.0004577637
-.0018920898
-.0010833740
-.0008239746
.0005187988
-.0003967285
-.0008697510
.0008544922
-.0011138916
-.0005035400
.0003814697
-.0008544922
-.0001983643
-.0002136230
.0072784424
-.0022430420
-.0015716553
-.0006561279
-.0006256104
-.0005187988
.0002746582
.0003356934
-.0002899170
.0003356934
.0001831055
-.0002593994
-.0003051758
-.0002746582
-.0002746582
-.0004730225
-.0002136230
.0001373291
.0001831055
-.0001831055
-.0002746582
-.0001525879
-.0001220703
.0001373291
-.0001220703
-.0001831055
-.0001678467
-.0001983643
.0000915527
.0001373291
.0001068115
-.0001373291
-.0001373291
-.0001678467
-.0001373291
-.0001373291
-.0001068115
-.0001068115
-.0001525879
.0006103516
-.0001983643
-.0021209717
.0005493164
.0003204346
.0001373291
-.0022888184
.0005493164
.0002288818
-.0001220703
-.0001220703
-.0001373291
-.0001068115
-.0001220703
-.0001068115
-.0001831055
-.0001831055
-.0001220703
-.0000762939
-.0000915527
-.0001220703
-.0001678467
-.0003204346
-.0001525879
-.0001068115
-.0000915527
-.0001068115
-.0000915527
