-.0000305176
.0000305176
-.0000305176
-.0000305176
.0000305176
.0000305176
.0000305176
.0025482178
-.0041961670
-.0049896240
.0144653320
-.0254669189
.0112304688
.0174102783
-.0284271240
.0214538574
.0099945068
-.0217132568
-.0274353027
.0188446045
.0237121582
-.0165252686
-.0187530518
.0223541260
.0115051270
.0258789063
.0138092041
-.0168457031
-.0155487061
.0124664307
.0218658447
-.0200500488
-.0174713135
.0273590088
.0257568359
-.0444793701
-.0326385498
.0889282227
.0679168701
-.0659637451
-.0520477295
.0348510742
.0469512939
-.0366821289
-.0319213867
.0261688232
.0303649902
-.0258483887
-.0230102539
.0278015137
.0094909668
.0186614990
-.0141906738
-.0242462158
.0198364258
.0196685791
.0237579346
-.0215759277
.0260620117
.0289611816
-.0320739746
-.0273590088
.0298004150
.0286102295
-.0398406982
-.0146331787
.0187835693
.0174713135
-.0298156738
.0134735107
-.0205993652
.0297241211
-.0183258057
-.0192108154
.0181427002
.0202636719
.0322265625
-.0350341797
-.0305328369
.0314788818
.0295867920
-.0283660889
-.0255584717
.0173797607
-.0150299072
-.0130767822
-.0184173584
.0130767822
.0320434570
-.0159606934
-.0316925049
.0281219482
.0363769531
-.0398712158
-.0316009521
.0270233154
.0294647217
-.0405883789
-.0175781250
.0246429443
.0328826904
-.0173492432
-.0203399658
-.0248107910
-.0115814209
.0233306885
-.0208282471
-.0253143311
-.0199890137
.0288391113
-.0336608887
-.0228118896
.0325012207
.0316162109
-.0235595703
-.0188903809
.0192718506
.0137634277
-.0319671631
.0212097168
.0250396729
.0199432373
.0251007080
-.0289001465
.0106201172
.0328826904
.0263061523
-.0412902832
.0267181396
.0347137451
-.0387725830
-.0193786621
.0285797119
.0100402832
-.0263824463
-.0132293701
-.0229034424
.0180053711
.0231628418
.0190277100
-.0269165039
.0296478271
.0263214111
-.0315093994
-.0250396729
.0358581543
.0215301514
-.0317687988
-.0208282471
.0149688721
.0131378174
-.0234985352
-.0132141113
-.0168304443
.0200805664
.0218048096
-.0276794434
-.0197601318
.0306243896
.0248718262
-.0411224365
.0234832764
.0268554688
-.0303649902
-.0363159180
-.0235290527
.0251007080
-.0170745850
-.0148620605
-.0128631592
.0279388428
.0216522217
-.0160522461
-.0204925537
.0245513916
.0245971680
-.0293884277
-.0246582031
.0247192383
.0275421143
-.0372619629
-.0241546631
.0216979980
.0146789551
-.0248565674
-.0193634033
-.0135040283
.0168151855
-.0126953125
.0125274658
-.0310058594
-.0187530518
.0249328613
.0316162109
-.0267944336
.0295562744
.0222473145
-.0293579102
.0118713379
.0328063965
-.0164489746
-.0191192627
.0156250000
.0192871094
.0198669434
.0300292969
-.0220489502
.0165405273
.0260925293
.0365905762
-.0334930420
-.0250854492
.0333099365
-.0309600830
-.0233917236
-.0226898193
.0131225586
-.0217437744
-.0160064697
-.0193939209
.0099487305
.0194396973
-.0213775635
-.0314331055
.0245819092
.0343780518
-.0287933350
-.0405120850
.0307464600
.0182342529
-.0280914307
-.0195007324
.0249176025
.0172119141
-.0186462402
-.0144958496
.0241851807
.0173797607
-.0221557617
-.0168151855
-.0215148926
.0255126953
.0264434814
-.0228576660
-.0280914307
.0313415527
-.0310668945
-.0307769775
-.0235595703
.0299377441
-.0162658691
-.0194702148
.0206298828
.0208282471
-.0263824463
-.0224914551
.0321960449
.0315704346
.0295257568
-.0338439941
-.0347595215
.0329437256
.0260620117
-.0376892090
-.0227050781
.0292663574
.0154418945
-.0117645264
-.0128936768
.0204925537
.0124969482
.0208435059
.0227661133
-.0230560303
-.0241394043
.0320434570
-.0347900391
-.0204925537
.0260009766
.0250091553
-.0287322998
-.0199127197
.0209808350
.0092926025
-.0270080566
.0127410889
.0258026123
.0235595703
.0108489990
-.0219116211
.0202789307
.0196380615
.0251312256
-.0376281738
-.0203094482
.0278472900
-.0272521973
-.0238494873
.0227661133
.0217437744
-.0232391357
-.0274200439
-.0131378174
.0143585205
.0158233643
-.0146331787
-.0199127197
.0274200439
.0260314941
-.0302886963
-.0237884521
.0350189209
.0249786377
-.0316772461
-.0193786621
.0255432129
.0211944580
-.0265045166
.0214080811
.0207061768
.0186309814
-.0183715820
.0308990479
-.0181274414
.0261993408
.0228271484
-.0369415283
-.0301971436
.0313720703
-.0319213867
-.0280914307
.0246429443
.0220642090
-.0323486328
-.0270080566
.0164031982
.0237121582
-.0198364258
-.0231933594
-.0265502930
.0188751221
.0310668945
-.0204620361
-.0370483398
.0282440186
.0244598389
-.0366210938
-.0216217041
.0262298584
.0258026123
-.0183868408
-.0189514160
.0137786865
.0141601563
.0235595703
-.0184936523
-.0138702393
.0235290527
.0300292969
-.0379943848
-.0226135254
.0281066895
-.0259704590
-.0276489258
-.0229034424
.0219268799
-.0165405273
-.0179901123
.0100555420
.0155487061
.0186157227
-.0179595947
.0225372314
-.0165405273
.0232238770
.0207824707
-.0348358154
-.0223541260
.0334167480
-.0377807617
-.0246887207
-.0250854492
.0231628418
-.0097045898
-.0132751465
-.0177459717
.0192871094
.0229034424
-.0234985352
-.0254058838
.0287933350
.0238647461
-.0307006836
-.0220031738
.0287322998
-.0284271240
-.0249481201
-.0136413574
.0102539063
-.0184631348
-.0174560547
-.0237731934
.0149688721
.0252685547
.0179443359
-.0314636230
.0210876465
.0354614258
-.0311431885
-.0329742432
.0263366699
.0214996338
-.0285491943
-.0243530273
.0135192871
.0158538818
.0223999023
-.0102844238
.0176696777
.0126647949
.0347595215
-.0253448486
-.0359344482
.0270233154
.0219726563
-.0369567871
-.0257415771
.0192108154
.0274963379
-.0236206055
-.0244750977
.0206604004
.0132751465
-.0237274170
-.0191497803
-.0169677734
.0229492188
.0155487061
-.0312042236
-.0242004395
.0302124023
-.0325164795
-.0304412842
-.0202789307
.0218200684
-.0313262939
-.0208435059
.0171356201
.0195007324
.0159759521
-.0076293945
-.0305938721
.0220031738
.0300598145
.0294189453
-.0277252197
.0305175781
.0291900635
-.0341339111
-.0190429688
.0237731934
.0225524902
-.0242919922
-.0219879150
.0202941895
.0108337402
-.0165557861
.0154876709
-.0176239014
.0209503174
.0276641846
-.0363464355
-.0270996094
.0275726318
.0315246582
-.0330810547
-.0247650146
.0251312256
-.0174255371
-.0229797363
.0166778564
-.0126800537
-.0190429688
-.0153503418
-.0275726318
-.0186614990
.0287017822
.0237731934
-.0367736816
.0289611816
.0254364014
-.0344085693
-.0212402344
-.0241546631
.0126342773
-.0211029053
-.0152893066
.0106048584
.0104522705
-.0131378174
.0131225586
.0210266113
.0168762207
.0180053711
-.0253448486
-.0225830078
.0229797363
.0247802734
-.0221557617
-.0207824707
.0148925781
.0228118896
-.0207519531
-.0170440674
.0168304443
.0175628662
.0130310059
.0230407715
-.0197601318
.0246124268
.0254821777
-.0262908936
-.0179290771
.0270385742
-.0277557373
-.0223541260
.0186920166
.0211029053
-.0169677734
-.0198974609
-.0129394531
.0123138428
.0176086426
.0130462646
-.0202941895
.0296478271
.0317230225
-.0363159180
-.0267639160
.0270538330
.0284881592
-.0382232666
-.0173645020
.0280151367
.0146942139
-.0305786133
.0211944580
.0155181885
.0246734619
.0212554932
-.0329589844
-.0158843994
.0308074951
.0256195068
-.0364379883
-.0269775391
.0321502686
-.0319061279
-.0307312012
.0310211182
.0258483887
-.0136718750
-.0219726563
-.0139770508
.0175018311
.0161590576
-.0117340088
-.0240173340
.0191955566
.0318298340
.0250701904
-.0297088623
.0249633789
.0218811035
-.0317687988
-.0317382813
.0233612061
.0207366943
-.0214996338
-.0175018311
.0196075439
.0143280029
.0256347656
-.0225982666
-.0245666504
.0251159668
.0283813477
-.0316009521
-.0322113037
.0288085938
.0237274170
-.0295867920
-.0154266357
.0248413086
.0148925781
-.0186462402
.0156860352
.0220642090
.0144195557
.0145263672
-.0207824707
-.0212249756
.0244903564
.0236511230
-.0413513184
-.0254669189
.0328674316
-.0275268555
-.0313262939
.0282897949
.0279693604
-.0218200684
-.0167541504
-.0133819580
.0169219971
.0164794922
-.0141296387
-.0153503418
.0154418945
.0275878906
-.0222778320
-.0252685547
-.0199432373
.0302276611
.0359191895
-.0357818604
.0321197510
.0346679688
-.0316009521
-.0246276855
.0239715576
.0301971436
-.0256805420
-.0163726807
.0204162598
.0180816650
.0256958008
-.0186920166
-.0327911377
.0295562744
.0277557373
-.0247650146
-.0348968506
.0307312012
.0347137451
-.0305480957
-.0398559570
.0370483398
.0247802734
-.0389862061
.0178375244
-.0239868164
.0240936279
.0214843750
-.0244903564
.0193481445
.0330200195
-.0287628174
-.0299835205
.0373229980
.0254364014
-.0333099365
-.0307006836
.0233001709
.0297393799
.0189361572
-.0193023682
.0202484131
.0204010010
-.0210418701
-.0165405273
-.0242156982
.0240783691
.0305328369
-.0332489014
-.0297698975
.0275421143
.0238494873
-.0245666504
-.0347747803
.0283050537
.0291137695
-.0312805176
-.0173645020
.0191345215
.0218811035
-.0121002197
-.0320892334
-.0209960938
.0377960205
.0340576172
-.0305938721
-.0268707275
.0285797119
-.0333099365
-.0259399414
.0325622559
.0212097168
-.0192108154
-.0197143555
-.0174713135
.0233459473
.0213928223
-.0231475830
-.0208892822
-.0291137695
.0321350098
-.0270843506
-.0231933594
.0372772217
.0272979736
-.0289916992
-.0251464844
.0202331543
.0211486816
-.0177154541
-.0136413574
.0157165527
.0157012939
.0314331055
-.0236206055
-.0184783936
.0264587402
.0372467041
-.0292968750
-.0236206055
.0290832520
.0258331299
-.0319366455
-.0233612061
.0307006836
.0150451660
-.0194091797
-.0198364258
.0176849365
.0309448242
.0220794678
-.0256500244
.0291595459
.0299224854
.0245819092
-.0304260254
-.0237274170
.0252990723
.0285949707
-.0334625244
.0195922852
.0171356201
-.0239257813
-.0143127441
-.0159606934
.0110473633
.0408477783
-.0240173340
-.0258331299
.0230712891
.0347595215
-.0370025635
-.0248870850
.0305328369
-.0329742432
-.0283050537
-.0193786621
.0203247070
.0219116211
-.0195159912
-.0284271240
.0220642090
.0245361328
.0273742676
-.0322418213
.0340881348
.0349273682
-.0290985107
-.0287322998
.0359191895
.0320281982
-.0358581543
-.0230865479
-.0218505859
.0175323486
-.0184173584
-.0184173584
-.0241851807
.0319671631
.0317687988
-.0309143066
-.0284576416
.0350799561
.0348815918
-.0304107666
-.0409088135
.0308227539
.0272216797
-.0257873535
-.0293884277
.0256500244
.0228424072
-.0139007568
.0193328857
.0193786621
.0346374512
.0213623047
-.0333099365
-.0287017822
.0372924805
-.0292205811
-.0318145752
-.0261840820
.0381317139
-.0140380859
-.0291290283
.0209808350
.0345916748
-.0293731689
-.0151672363
-.0192718506
.0221862793
.0368652344
-.0244750977
-.0322875977
.0306091309
.0271148682
-.0306701660
-.0285034180
.0241851807
.0272064209
-.0270080566
-.0161285400
.0221099854
.0201721191
.0198059082
-.0184936523
-.0280456543
.0456085205
-.0220336914
-.0397033691
-.0227661133
.0348663330
.0287475586
-.0286407471
-.0293121338
.0208587646
-.0330200195
-.0234832764
.0226440430
.0211486816
.0254211426
.0153961182
-.0276184082
.0256500244
.0356903076
-.0383758545
-.0269165039
-.0376281738
.0314636230
-.0341491699
-.0262908936
.0277099609
.0281677246
-.0213623047
-.0296478271
.0204010010
.0231628418
-.0258789063
-.0164794922
.0141296387
.0318450928
.0255889893
-.0367431641
-.0301971436
.0317382813
-.0235748291
-.0263977051
-.0280303955
.0252838135
.0212860107
-.0298614502
-.0186462402
.0278930664
.0245208740
-.0166015625
-.0292816162
.0265960693
.0341949463
-.0314941406
-.0349121094
.0387115479
.0362243652
-.0467376709
.1350555420
-.1180572510
.0729980469
-.1055603027
-.0465850830
-.0481719971
-.0461425781
-.0256500244
.0343627930
-.0261993408
-.0630493164
-.0343627930
.0430908203
-.0220336914
.0341644287
-.0139312744
.0159301758
.0160064697
-.0100402832
-.0103149414
-.0194702148
-.0205078125
.0152893066
-.0104827881
-.0286254883
.0078735352
.0169219971
-.0142364502
-.0175781250
-.0068359375
.0091247559
.0122528076
-.0104522705
-.0063476563
-.0063629150
.0098724365
.0033569336
-.0122680664
-.0039367676
.0137329102
-.0105590820
.0106506348
.0101013184
-.0077362061
.0114898682
.0066223145
.0033416748
.0040588379
.0051422119
.0059509277
-.0041656494
-.0076599121
.0032958984
-.0055541992
-.0053863525
.0034790039
.0055541992
.0028839111
.0027465820
.0057067871
.0074310303
-.0047912598
-.0031127930
-.0064239502
.0025024414
-.0019989014
.0041198730
-.0038299561
-.0059814453
-.0021972656
.0046844482
.0031585693
-.0027465820
-.0055694580
.0014648438
-.0032501221
-.0027770996
-.0034942627
-.0019531250
.0032196045
.0018768311
-.0021514893
-.0019531250
.0044708252
.0073699951
-.0113372803
-.0095977783
-.0078430176
.0080108643
-.0037689209
-.0037689209
-.0033111572
-.0028991699
.0028533936
.0035858154
-.0024414063
.0028381348
-.0023040771
.0017395020
-.0008850098
.0015869141
.0007019043
.0008239746
-.0014648438
-.0008087158
.0009460449
.0006561279
-.0008697510
.0005950928
.0010070801
-.0630493164
