-.0004882813
-.0005950928
-.0272369385
.1047821045
-.0492553711
.0374603271
-.0340270996
.1575622559
-.0903167725
.1528320313
.1108856201
.0770111084
-.0557556152
-.0452270508
.0256195068
-.0381164551
.0352783203
-.0324554443
-.0351562500
.0227966309
.0330657959
.0501251221
-.1381225586
.0687866211
.0624237061
-.0657806396
.0677032471
.0566711426
.0553283691
.0534973145
.0630035400
.0539703369
-.0526885986
-.0622863770
-.0702819824
.0549926758
-.0494232178
.1308441162
.0923156738
-.0815277100
.0883178711
.0700683594
.0683441162
-.0543975830
.0535430908
.0584564209
.0332336426
-.0406799316
-.0299224854
-.0268402100
.0271759033
.0356903076
-.1608581543
.0717620850
.0745849609
-.0526580811
.0751342773
.0714721680
-.0640106201
.0546875000
.0668640137
-.0492706299
-.0471191406
-.0657348633
-.0498657227
-.0435028076
.0434112549
.1471405029
-.0666961670
-.0612030029
.0690460205
.0598907471
-.0475006104
.0519104004
.0407409668
.0345458984
-.0369415283
-.1068878174
.0691833496
-.0577545166
.0575561523
-.0621643066
.0591888428
-.0713195801
-.0536193848
.0535736084
-.0570373535
-.0551910400
.0615692139
-.0609283447
.0588226318
.0471954346
-.0949096680
.0739440918
-.0485076904
.0562438965
-.0572509766
.1183471680
.1105651855
-.0659484863
.0684356689
.0605926514
-.0680541992
.0588531494
.0576629639
-.0384521484
-.0279693604
-.0299377441
.0242462158
-.0255584717
-.0282745361
-.0542907715
-.1483917236
.0598297119
-.0707855225
.0617675781
-.0596008301
.0625610352
-.0623779297
.0444335938
.0535583496
-.0431823730
-.0976562500
.0745239258
.0653839111
-.0609130859
.0595092773
-.0896606445
-.0621185303
-.0652923584
.0342864990
.0463714600
-.0459136963
.0449218750
-.0388031006
.1403503418
-.0945281982
-.0786132813
.0711212158
.0894927979
.0773315430
.0691070557
.0735626221
-.0954284668
.0594482422
.0611267090
.0651092529
-.0704803467
-.0559387207
.0510406494
-.0673522949
.0646820068
-.0682220459
-.0455474854
-.0531921387
-.0555725098
-.0588226318
.0935211182
-.0877990723
-.0614624023
.0572662354
.0583038330
.0650634766
.0582427979
.0335998535
.0307006836
.0217895508
.0220031738
.0225830078
-.0204772949
.0283660889
-.1200714111
-.0650634766
.0536346436
-.0597381592
-.0738372803
.0581054688
-.0615539551
-.0519561768
.0538177490
.0463409424
-.0753631592
.0583038330
.0621948242
-.0634002686
-.0409698486
.0907287598
.0658111572
.0416717529
.0565185547
.0414886475
-.0303192139
.0401306152
-.0405273438
-.1330566406
-.0834655762
.0791168213
-.0815734863
.0746917725
-.0778808594
-.0825042725
.0649261475
-.0591430664
-.0756988525
.0657653809
-.0788574219
.0860595703
.0683898926
-.0732879639
.0568695068
-.0811004639
.0584259033
-.0614929199
-.0566864014
-.0596313477
-.1551361084
-.0843963623
.1168212891
.1075439453
-.0678253174
.0744018555
-.0581512451
.0728607178
-.0507507324
-.0518188477
.0537872314
.0648956299
-.0523681641
.0579071045
-.0713653564
-.1206970215
.0662078857
.0530090332
-.0470123291
-.0532531738
.0523986816
-.0581207275
-.0434112549
-.0561828613
-.0753326416
-.0597991943
.0899047852
-.0861511230
.0806427002
-.0469665527
-.1134643555
-.0556945801
-.0733642578
.0513458252
-.0761260986
-.0480194092
.0434265137
-.0603027344
.0553588867
-.0885162354
.0659332275
.0525665283
-.0490570068
.0568695068
.0995788574
-.1189880371
.0691528320
-.0801544189
.0470428467
.0566711426
.0496520996
.0384368896
-.0527801514
.0429840088
.0481719971
.0452575684
-.0598449707
.0494842529
.1226806641
.0431823730
.0448608398
.0677795410
-.0376281738
-.0380859375
-.0339050293
.0458221436
.0346374512
-.0344696045
-.0643310547
.0334014893
-.0413208008
.0325317383
.1550140381
-.0870513916
-.1112823486
.0666351318
.0563049316
.0468139648
-.0477447510
.0484771729
.0469818115
.0406341553
-.1161499023
-.0733337402
.0465240479
-.0496673584
-.0467681885
-.1140136719
-.1247558594
.0917053223
-.0665283203
.0599060059
-.0484619141
-.0605773926
.0546722412
-.0438690186
.0463104248
-.0598602295
.0428466797
-.0431060791
.0339965820
-.0530548096
.1387023926
.0785064697
-.0576934814
-.0645294189
.0759887695
-.0543823242
.0744628906
.0544281006
-.0634918213
.0631866455
.0719146729
-.0505828857
.0626525879
.0683593750
-.0566558838
-.1315155029
-.0912628174
.0805816650
-.0767974854
-.0732879639
.0687103271
.0510253906
.0586395264
.0529327393
.0385131836
-.0257110596
-.0285339355
-.0263824463
-.0302886963
.0340881348
-.0819854736
-.0699157715
-.0474090576
.0808410645
.0723114014
-.0530090332
.0684967041
.0648651123
-.0536804199
.0639953613
.0505828857
.0587158203
.0521392822
.0583038330
.0588684082
.1192474365
.0925140381
-.0977325439
.0790557861
.0838470459
-.0658111572
-.0572814941
.0625762939
.0511169434
-.0372619629
.0971832275
-.0560302734
.0328521729
-.0382232666
.0439147949
-.0652160645
.0643310547
-.0579833984
-.0499572754
-.0503082275
.0562438965
.0469207764
.0453643799
.0576019287
.0419616699
.0539398193
.0636596680
.0579681396
-.0497741699
-.0453491211
.1194000244
.1147155762
.0841369629
-.0739440918
.0599975586
.0515289307
.0527343750
.0500946045
.0402526855
.0243682861
.0221099854
.0201873779
.0239715576
.0239562988
-.0329437256
.0517883301
.0994720459
-.0576477051
.0607604980
-.0663604736
.0496215820
.0529022217
.0476684570
.0607604980
.0559539795
.0575866699
.0519256592
.0365905762
.0731506348
-.0659179688
.1338806152
.0945281982
.0684204102
.0708465576
-.0599060059
-.0437774658
-.0469360352
.0323333740
.0299835205
-.1601867676
.0930633545
-.0867462158
-.1071014404
.1016540527
-.0855865479
.0863647461
.0961456299
-.0830841064
-.0695953369
.0842132568
-.0713043213
-.0780334473
.0694427490
-.0695190430
.0640411377
.0714721680
-.0610656738
-.0497894287
.0545349121
.0566101074
.1320800781
-.0854644775
-.0927886963
.0751647949
-.0764770508
.0778808594
-.0686492920
-.0457763672
-.0395355225
.0286560059
-.0296783447
.0283966064
.0299224854
-.0265502930
.0457153320
-.1443481445
.0767669678
-.0592193604
-.0626831055
-.0650329590
.0611114502
.0600433350
.0503692627
.0568237305
-.0568695068
.1067962646
.0565338135
-.0669860840
-.0628356934
.0878906250
.1071472168
-.0744934082
.0599822998
-.0605468750
-.0542755127
.0365905762
.0289306641
.0263671875
-.0527343750
-.1058959961
.0875549316
-.0706634521
.0916290283
-.0718078613
.0589904785
-.0880279541
-.0731658936
.0836486816
.0692901611
-.0573730469
.0746612549
-.0572052002
.0674133301
-.0622406006
-.0604705811
-.0628051758
.0633392334
-.0660247803
.0601196289
-.0692291260
-.1294860840
-.0663604736
-.0676574707
-.0556030273
-.0631408691
-.0673522949
-.0526580811
-.0513916016
-.1161956787
.0993194580
.0706024170
-.0587768555
.0929718018
-.0655670166
.0711212158
.0902709961
.0704956055
-.0568237305
-.0538787842
-.0709228516
.0790710449
-.0515747070
-.0650634766
.0540466309
.0643615723
-.0556030273
.0656890869
.0498962402
.0515594482
-.1253662109
.0985870361
-.0627136230
-.0575714111
.0589294434
-.0425872803
-.0455169678
-.0386199951
.0226745605
.1501007080
.0991363525
.0721893311
.0773773193
-.0893707275
-.0958862305
.0891113281
.0715637207
-.0650482178
.0689544678
-.0611267090
-.0683746338
.0735931396
.0747375488
-.0714874268
.0741729736
.0679779053
-.0577545166
.0515441895
.0538635254
-.0476531982
.1285705566
.0754547119
-.0978088379
-.0662231445
.0582580566
.0529937744
-.0727691650
-.0485992432
.0297851563
.0204467773
.0249328613
-.0247650146
-.0233917236
.0261077881
.0376434326
-.1446228027
-.0638427734
.0604705811
.0621643066
-.0591430664
.0524444580
.0550842285
-.0495452881
.0551147461
-.0518188477
-.0588073730
.0513458252
.0429687500
-.0496826172
-.0531158447
.1099395752
.0953216553
.0781860352
.0772552490
.0625762939
-.0626373291
.0852203369
-.0583343506
.0439910889
.0424499512
.0582885742
.0620269775
-.0369415283
.0366516113
.0471191406
.0520019531
-.0463256836
.0506134033
-.0611114502
.0497131348
-.0476074219
.0526428223
-.0535278320
.0601501465
.0671234131
.0871582031
.0484313965
.0402984619
.0450286865
.0583496094
.1370391846
.0846405029
-.0883636475
-.0634918213
.0661621094
-.0648956299
-.0437164307
.0458526611
.0531768799
.0390014648
.0204467773
.0250854492
.0291137695
.0279693604
.0216827393
-.1377105713
.0508117676
-.0728302002
.0553131104
.0466156006
.0740203857
-.0635070801
.0629730225
.0702209473
.0615539551
-.1118316650
-.0555114746
-.0683898926
-.0483856201
-.0625152588
-.1140594482
.0706024170
.0600280762
-.0541687012
-.0448760986
.0420074463
-.0381774902
.0376129150
.0501251221
.1286315918
-.0972442627
.0839385986
-.0901641846
-.0948638916
.1009216309
-.0987091064
-.0789642334
-.0752258301
.0943145752
-.0704956055
-.0775451660
-.0654754639
.0602416992
-.0587463379
.0685272217
-.0598144531
-.0660705566
-.0672912598
.0599822998
.0468750000
.1170959473
-.0769958496
.0542602539
.0648040771
-.0475006104
.0409851074
.0369262695
-.0523529053
-.0514373779
.0911712646
-.0856781006
-.0669555664
-.0799407959
-.0910339355
.0865478516
.0697479248
.0573883057
.0663604736
-.0614318848
.0715789795
.0582275391
-.0622711182
.0657196045
-.0634765625
.0604553223
.0595703125
.0552368164
-.0581054688
.0509033203
.0584411621
-.1218872070
.1014862061
-.0692443848
.0626373291
.0428619385
.0615539551
-.0393524170
.0519714355
-.1065979004
-.1169128418
.0801849365
-.0587768555
-.0842285156
.0791320801
.0678253174
-.0707702637
.0598602295
-.0682830811
-.0592956543
-.0759887695
-.0869293213
.0683898926
-.0616455078
-.0643768311
-.0857238770
.0683288574
.0783386230
.0644378662
.0642089844
.1125030518
.0543060303
.0594635010
.0668182373
.0615997314
.0585021973
-.0508575439
-.0610198975
-.0492401123
-.1232452393
.0892791748
.0757598877
-.0599822998
.0529479980
-.1281127930
-.0757751465
-.0879516602
-.0905456543
.0955352783
.1277770996
-.0859985352
.0979919434
.0821380615
.1026763916
.0858612061
.0828857422
.0671539307
.1465759277
-.1027526855
.1074676514
.0644226074
.0767669678
.1291503906
-.1031799316
.0765380859
.0773925781
.1568450928
-.1007843018
-.1011962891
-.0635223389
.0761413574
.1510009766
-.1146850586
.0984039307
.0686492920
.0887451172
-.0906372070
-.0827789307
-.0798797607
-.0731506348
.0746765137
.0936431885
-.0773620605
.0811157227
.0758056641
-.0664062500
.0686340332
-.1277923584
.1199493408
-.0908508301
-.1127471924
-.0931243896
.0779113770
-.0681610107
.0709075928
-.0601043701
.0540008545
-.0682678223
.0644683838
.0777282715
.0497283936
.0801544189
.1209869385
-.0894470215
-.0795898438
.0806732178
.0709838867
-.0868835449
.0783538818
-.0704345703
.0665130615
-.0779876709
-.1082305908
-.0848083496
-.0636749268
-.0574645996
.1447143555
.0782928467
-.0698699951
-.0881652832
-.0846099854
.0712127686
.0748138428
.0692138672
.0786590576
.1507415771
.1024932861
.0910644531
-.0811157227
-.0932922363
.0865325928
-.1138610840
-.0816345215
.0850219727
-.0841522217
-.0865325928
.1145477295
-.0875549316
-.0926513672
-.0978698730
-.0700836182
-.1032562256
.0946350098
-.0921020508
.0677795410
.0768280029
-.1656951904
-.0982055664
.0845794678
-.0780029297
.0657958984
.0742034912
-.0782928467
.0615692139
-.0659484863
-.0602264404
.0636749268
.0486450195
.0616455078
-.0575714111
-.0851440430
.1401824951
-.0743408203
-.0816497803
-.0771331787
-.0933837891
.0607299805
-.0538940430
-.0623931885
.0753784180
-.0565032959
-.0681457520
-.0705261230
.0544891357
.0610809326
-.0962982178
.0924530029
-.0857238770
.1136627197
.0976409912
.0843811035
.0704193115
-.0677795410
.0555267334
-.0489501953
-.0587921143
.0736541748
.0685577393
-.0587158203
.0500640869
.1086578369
-.0746307373
.0813446045
.0480041504
-.0744323730
-.0578308105
.0599517822
-.0551605225
-.0512084961
.0631408691
.0818023682
.0526428223
-.0545959473
-.0525512695
-.0458679199
.1198425293
-.0738525391
.0742645264
-.0577850342
-.0480957031
.0442657471
-.0474548340
.0618133545
-.0502166748
.0427703857
.0479736328
-.0269775391
-.0164031982
.0210723877
.0485382080
.0646362305
-.0501861572
-.0480346680
-.0525512695
.0496520996
.0366516113
.0447387695
-.0374298096
.0430603027
-.0439758301
.0370025635
-.0420227051
.0388641357
.0379180908
-.0528259277
.0248413086
.0372467041
-.0326080322
-.0227508545
-.0224304199
-.0226745605
.0218353271
-.0203552246
.0367736816
-.0173950195
.0165557861
-.0145568848
-.0164489746
.0142822266
-.0155639648
.0132446289
-.0116882324
.0128326416
.0126037598
-.0088195801
-.0057067871
-.0072937012
-.0060272217
-.0061492920
-.0056457520
-.0056762695
.0032501221
-.0040588379
-.0060119629
.0040588379
-.0040588379
.0026245117
.0019073486
-.0011291504
.0012512207
.0008850098
-.0006103516
.0005950928
-.0003967285
-.0003662109
.0003509521
.0001678467
.0001373291
-.0001068115
-.0000915527
-.0000457764
