.0000305176
-.0000305176
-.0000457764
.0000305176
.0000457764
.0005187988
-.0019836426
-.0023651123
.0033111572
-.0038604736
.0057373047
-.0127258301
.0071563721
.0130767822
-.0113525391
.0094451904
.0090484619
-.0154571533
-.0132293701
.0247497559
.0327453613
-.0239868164
.0193023682
-.0119323730
.0251617432
-.0196685791
.0380859375
-.0276184082
-.0251922607
.0213775635
-.0212554932
.0422058105
.0319976807
.0363159180
-.0266418457
.0175323486
-.0352630615
.0142211914
.0359344482
.0215148926
-.0254364014
.0203094482
.0179595947
.0206146240
-.0311584473
-.0429534912
-.0262298584
.0339202881
-.0357208252
.0209045410
.0211944580
-.0318908691
-.0314025879
.0480346680
-.0263366699
-.0348968506
.0210418701
.0166015625
.0433654785
.0231475830
-.0421752930
.0238037109
-.0301055908
.0298767090
-.0236511230
.0545349121
.0203552246
.0372467041
.0207061768
-.0253601074
.0240325928
-.0180511475
.0450134277
.0217437744
-.0352630615
-.0183258057
.0154266357
.0170135498
.0307769775
-.0566253662
.0293579102
.0440063477
-.0195770264
.0169677734
-.0206909180
.0374908447
-.0243682861
-.0500183105
-.0373382568
-.0245056152
-.0260925293
.0187683105
-.0474700928
-.0206604004
.0384063721
-.0374603271
.0202026367
-.0307159424
-.0237884521
.0563507080
-.0203094482
.0426177979
-.0278625488
.0219421387
.0213928223
-.0356903076
-.0662231445
.0197448730
-.0390014648
-.0338134766
.0187683105
.0262603760
-.0321044922
-.0294799805
.0450592041
.0443572998
-.0223083496
.0240631104
-.0242767334
-.0486602783
.0258331299
.0515289307
-.0303802490
-.0207366943
-.0301666260
-.0217285156
.0522460938
.0389556885
-.0367126465
-.0324859619
-.0216217041
.0287475586
-.0263214111
-.0374450684
-.0245819092
.0501708984
-.0259704590
.0281677246
-.0201263428
.0428619385
-.0287628174
.0447540283
-.0320434570
-.0327606201
-.0189514160
-.0279693604
.0460357666
.0263977051
.0355682373
.0225982666
.0193176270
-.0201568604
-.0373382568
.0533599854
-.0276031494
.0348968506
-.0336608887
-.0186614990
.0264129639
-.0321807861
-.0575256348
-.0359039307
.0538635254
-.0337982178
.0212554932
-.0176391602
-.0424041748
-.0228271484
-.0432586670
-.0317687988
-.0218811035
-.0165557861
-.0315246582
.0573577881
.0259094238
.0390319824
.0353088379
.0188903809
-.0267791748
-.0293884277
-.0465850830
-.0252532959
.0417175293
.0256195068
.0198669434
.0209960938
-.0415039063
-.0372924805
-.0473785400
-.0299987793
-.0277862549
-.0251312256
-.0268707275
.0441741943
.0278320313
.0337677002
-.0294494629
-.0209045410
-.0267639160
-.0224609375
.0420837402
.0250244141
.0370330811
-.0292663574
.0178222656
.0186920166
-.0297393799
-.0370941162
.0434570313
.0513153076
.0296325684
-.0250396729
-.0251159668
-.0355072021
.0196533203
.0444793701
-.0349578857
-.0327148438
-.0223541260
-.0234985352
.0481872559
.0254364014
.0415649414
.0210266113
.0196685791
.0216217041
-.0292968750
.0376434326
-.0228424072
.0407257080
-.0339508057
.0205078125
.0183410645
-.0348815918
-.0275878906
.0379486084
.0452575684
.0209503174
.0194702148
-.0216674805
-.0440368652
-.0226440430
.0406341553
-.0291748047
.0217285156
-.0202789307
.0207519531
.0424194336
.0214538574
.0496520996
-.0211791992
-.0191955566
.0235443115
-.0249786377
.0463867188
-.0182342529
-.0338134766
-.0237731934
-.0168457031
.0171051025
.0252685547
-.0379180908
.0288696289
.0461730957
-.0311737061
-.0210266113
-.0173187256
-.0414733887
-.0246582031
.0471649170
.0372009277
-.0208892822
.0197143555
-.0212554932
-.0373229980
.0218353271
-.0380859375
-.0357971191
.0228271484
.0196380615
-.0205841064
.0435333252
.0214385986
-.0386810303
.0258636475
-.0237731934
.0263671875
.0283813477
.0599670410
-.0195770264
.0327453613
-.0285339355
-.0157928467
-.0200653076
.0246429443
-.0400543213
-.0262908936
.0495452881
-.0281677246
.0242919922
-.0218200684
-.0425872803
-.0271606445
.0580291748
-.0363922119
.0254211426
-.0251617432
.0174560547
.0474700928
.0201263428
-.0474548340
.0248870850
-.0219573975
-.0204620361
-.0387573242
.0334930420
-.0276031494
-.0370788574
-.0397491455
-.0180816650
.0236816406
-.0358123779
-.0283660889
.0429077148
.0399322510
.0205535889
.0218658447
-.0219573975
-.0482025146
-.0278778076
-.0466156006
-.0442199707
.0296478271
-.0263977051
-.0220794678
-.0370330811
.0289001465
.0402832031
.0232543945
-.0204925537
.0272674561
-.0224456787
.0520324707
-.0307312012
-.0404052734
-.0270538330
-.0176239014
-.0253753662
-.0411529541
-.0432891846
-.0185699463
.0397796631
-.0348815918
.0211334229
.0160675049
.0283660889
-.0283508301
.0574035645
-.0317840576
.0211791992
-.0251159668
.0189819336
-.0542602539
-.0278625488
.0401458740
-.0281372070
-.0186767578
-.0217132568
-.0209808350
-.0503845215
.0289306641
.0236053467
.0284423828
.0299377441
.0272064209
-.0180511475
.0603179932
.0317535400
.0350646973
.0238494873
-.0171508789
.0180511475
.0228118896
.0438385010
.0246124268
-.0353393555
-.0237426758
.0158386230
.0227661133
.0248260498
-.0307159424
.0374755859
-.0369873047
.0269775391
-.0255889893
.0203552246
-.0360565186
-.0300750732
.0385131836
.0407714844
-.0212707520
.0229492188
-.0166625977
.0315551758
.0284423828
.0412139893
.0225067139
-.0205078125
.0232086182
-.0205993652
-.0400238037
.0284729004
.0397949219
-.0336303711
-.0220642090
-.0233306885
-.0333557129
.0434722900
.0240783691
.0340728760
.0218658447
-.0175018311
-.0234222412
.0305938721
.0488739014
.0199737549
-.0381011963
-.0331726074
-.0186767578
.0188293457
-.0375518799
-.0363159180
-.0305786133
.0442657471
-.0326232910
-.0203399658
.0170135498
-.0332946777
-.0329895020
-.0587005615
-.0328521729
-.0430297852
.0224609375
-.0192871094
-.0417175293
.0252532959
.0394897461
-.0273742676
.0239715576
.0211486816
-.0193481445
.0484313965
-.0215454102
.0384216309
-.0290985107
-.0198059082
.0223693848
-.0268249512
-.0394897461
.0232543945
.0401763916
.0273590088
.0246429443
-.0164794922
.0272674561
-.0291137695
.0314636230
-.0396118164
-.0297241211
-.0302124023
-.0215148926
.0323944092
.0228576660
.0551300049
-.0269165039
-.0269470215
.0269165039
-.0314025879
-.0416870117
.0152587891
-.0442810059
.0270690918
-.0231475830
.0311431885
-.0249938965
-.0330505371
-.0178833008
.0401611328
-.0253753662
-.0188751221
-.0264129639
-.0183258057
.0532836914
.0339355469
.0306091309
.0262145996
-.0200653076
-.0197296143
.0207824707
.0608978271
.0254821777
-.0413818359
.0212097168
-.0146789551
.0222320557
.0280914307
.0444641113
.0204467773
.0422363281
-.0332489014
.0171508789
.0208129883
-.0288543701
-.0471038818
-.0344848633
-.0356292725
.0314483643
.0142669678
.0165100098
-.0380554199
-.0315093994
.0532073975
-.0303192139
.0132446289
-.0198822021
-.0243225098
-.0432434082
.0238342285
-.0502166748
-.0252685547
.0228118896
.0215454102
-.0237121582
.0489501953
.0207214355
.0357666016
.0212860107
-.0217895508
.0314483643
.0205535889
.0516815186
.0189514160
-.0404510498
-.0222320557
-.0202484131
.0144500732
.0346832275
-.0430908203
.0263824463
.0486145020
.0238647461
-.0171051025
.0206146240
-.0350952148
-.0265045166
-.0312194824
.0445098877
-.0279083252
.0170745850
.0203704834
-.0437622070
-.0252227783
.0446014404
-.0390777588
-.0286102295
.0207672119
-.0220184326
-.0438385010
.0207977295
-.0312957764
-.0292053223
.0285949707
-.0189514160
.0133819580
.0610504150
.0250701904
-.0323486328
.0279388428
-.0255432129
-.0213928223
-.0242462158
.0545043945
-.0204925537
.0357208252
-.0344696045
-.0146484375
.0169677734
-.0357208252
-.0520324707
-.0267486572
.0433959961
-.0300903320
.0247802734
-.0153045654
-.0352783203
-.0330657959
.0400238037
-.0469970703
-.0249176025
-.0230407715
.0209350586
.0417785645
.0246429443
.0442657471
-.0377197266
.0187225342
-.0260162354
.0273895264
-.0488739014
.0381164551
.0381774902
.0335540771
-.0174102783
-.0241851807
-.0200653076
.0601043701
.0319824219
-.0335235596
.0223999023
-.0210266113
.0232543945
-.0297851563
.0352020264
.0210418701
-.0390014648
-.0318298340
.0169372559
.0179748535
-.0306701660
-.0323791504
.0283660889
.0343933105
-.0239562988
-.0235748291
.0209808350
-.0353698730
-.0278015137
.0419311523
-.0449066162
.0180358887
-.0254669189
-.0178070068
-.0487976074
.0310974121
-.0288085938
-.0312042236
.0221252441
-.0190429688
-.0289916992
.0547637939
.0270690918
.0381622314
.0298767090
.0208892822
-.0332946777
-.0328521729
-.0286865234
.0233764648
.0478973389
-.0335540771
.0231170654
.0129241943
-.0201110840
-.0282135010
.0548248291
.0526275635
-.0337524414
.0361633301
-.0239105225
-.0382537842
-.0221252441
-.0535888672
-.0327148438
.0225219727
-.0294494629
-.0219879150
.0549774170
.0205383301
.0365600586
.0264587402
-.0226287842
-.0301513672
.0186462402
.0619812012
.0269317627
-.0434875488
-.0308380127
.0171813965
-.0179290771
-.0244750977
-.0353698730
.0370025635
.0436096191
.0343017578
.0529785156
-.0324401855
-.0364379883
-.0287170410
-.0196228027
.0457611084
.0253448486
.0388793945
.0318756104
-.0203552246
-.0198822021
-.0276489258
-.0376129150
-.0314331055
.0393829346
-.0268554688
.0224761963
-.0235595703
-.0468292236
-.0297241211
.0475769043
-.0323333740
-.0249786377
-.0215301514
-.0257873535
.0525207520
.0250549316
.0363769531
.0254974365
-.0184783936
.0211791992
.0332183838
.0487518311
.0243377686
.0496520996
-.0295257568
-.0195159912
.0238800049
-.0395202637
-.0413970947
.0487365723
-.0416564941
-.0315093994
-.0268554688
-.0171356201
.0422058105
.0285339355
.0626220703
.0261383057
-.0258636475
-.0261688232
-.0314178467
.0417938232
.0234222412
.0394592285
-.0298614502
.0275268555
-.0208892822
-.0514068604
-.0408020020
-.0439147949
-.0350036621
-.0208587646
.0227966309
-.0226593018
-.0354614258
.0210571289
.0493011475
.0326080322
-.0269622803
-.0227966309
-.0175170898
.0587005615
.0232086182
.0337982178
-.0227355957
-.0187988281
.0177612305
-.0334167480
.0339813232
-.0269775391
.0405578613
-.0275268555
-.0166473389
.0115966797
-.0629577637
-.0317993164
-.0506744385
-.0445098877
-.0235595703
-.0211334229
-.0186309814
.0402832031
.0251617432
.0372467041
-.0242462158
.0219421387
-.0225372314
-.0230407715
.0520782471
.0244903564
-.0362091064
.0189971924
.0161895752
.0219726563
-.0300445557
.0242462158
.0281524658
.0434875488
-.0326843262
-.0188751221
.0193481445
-.0355377197
-.0338745117
-.0455474854
-.0341033936
-.0314178467
-.0261230469
-.0199737549
-.0393066406
.0201873779
.0311889648
-.0386962891
-.0224609375
.0193176270
-.0181121826
.0511627197
.0245056152
.0377044678
-.0221710205
-.0221710205
.0174407959
-.0268554688
.0511169434
.0262451172
-.0449371338
-.0297241211
-.0140228271
-.0136413574
-.0348205566
-.0363311768
-.0338745117
.0363464355
.0299072266
-.0234832764
-.0218811035
-.0415344238
-.0258331299
.0482330322
-.0369415283
.0197143555
-.0206298828
-.0285949707
.0349273682
.0223999023
.0349426270
.0183258057
-.0156250000
-.0269927979
.0173950195
.0528869629
.0177459717
-.0395355225
-.0221557617
-.0133666992
.0151519775
-.0446624756
-.0394744873
-.0278625488
-.0367431641
-.0255126953
-.0164489746
.0224609375
-.0339813232
-.0558471680
.0270538330
.0338592529
-.0208587646
-.0192565918
.0186462402
-.0393218994
-.0288848877
.0452270508
-.0269622803
-.0240783691
.0174255371
.0281524658
-.0381011963
.0217132568
.0381469727
.0189361572
-.0257873535
-.0241851807
-.0248413086
.0592956543
.0185241699
-.0328979492
-.0293579102
.0160675049
-.0196380615
-.0360107422
.0350036621
.0237121582
.0426788330
-.0317687988
-.0188293457
.0154266357
-.0332641602
-.0346984863
.0492401123
.0380859375
-.0217742920
.0209808350
-.0229339600
.0390319824
-.0250549316
.0473327637
-.0206451416
-.0353393555
-.0201110840
.0195312500
.0543823242
.0189514160
.0349273682
.0173950195
-.0144653320
-.0319824219
-.0161895752
.0637207031
.0210723877
-.0289764404
-.0274505615
-.0186462402
.0201568604
.0342712402
-.0480194092
-.0331573486
.0418853760
-.0244293213
-.0205688477
-.0156250000
-.0322113037
-.0272064209
-.0496215820
-.0265197754
-.0295715332
.0183410645
.0152740479
-.0450592041
.0200653076
-.0308227539
-.0163421631
-.0164184570
.0188293457
-.0149078369
.0392456055
.0177154541
.0265655518
-.0117950439
-.0144500732
-.0144805908
-.0130462646
.0366516113
.0174407959
-.0240936279
-.0159606934
-.0144348145
-.0140991211
.0174407959
-.0224304199
-.0201568604
.0285034180
-.0178985596
.0114898682
-.0130004883
.0222015381
-.0182037354
.0246734619
-.0156860352
-.0117034912
.0088348389
-.0086212158
-.0171356201
-.0087127686
-.0129394531
-.0099334717
-.0089721680
-.0090179443
-.0070953369
.0169525146
.0082550049
.0117340088
-.0061645508
-.0068664551
.0061187744
.0075683594
-.0088195801
.0056457520
.0070343018
-.0055389404
-.0025634766
.0022125244
-.0043792725
-.0040740967
-.0034790039
.0043640137
-.0018310547
.0011138916
.0009918213
-.0012817383
-.0006561279
.0003356934
