-.0006408691
.0025177002
.0078430176
.0068817139
-.0113220215
-.0128326416
.0198669434
-.0235443115
.0239562988
-.0380096436
-.0525512695
.0354614258
.0299530029
.0468750000
.0298767090
-.0459594727
-.0352935791
.0824737549
-.0550994873
-.0678710938
.0570678711
.0845336914
.0791778564
.0995483398
-.1018524170
.1060943604
-.1279907227
.1548004150
.1591949463
-.1392974854
.0667419434
-.1086120605
-.1277160645
-.1571960449
-.1601409912
-.1180572510
-.1190185547
.1309204102
.1059417725
.1477050781
.1188201904
.1260070801
.1217803955
-.1443328857
.1058959961
-.1709747314
.1129608154
-.1368255615
-.1619262695
-.1490325928
.1791229248
.0959472656
-.1170349121
-.1025695801
.1384887695
-.2550506592
.1751098633
-.1664733887
-.1988983154
-.3132171631
.1677551270
.1464385986
.1981964111
.1909179688
-.2402191162
-.1215209961
.1779022217
.2043457031
.1611022949
.1206207275
.2353973389
.1690673828
.1215057373
-.2376098633
.2246246338
.3993530273
.3238677979
.2161712646
.2295074463
-.1374359131
.2263031006
-.2527770996
.2142944336
.2804107666
-.2318572998
.1605834961
-.2409515381
.2473754883
.3219604492
-.2585601807
-.2460021973
-.1959533691
.1720123291
.2017211914
.1466522217
.2004852295
.3312988281
.2082366943
.2957611084
.3041534424
.2653503418
.2591400146
-.3049774170
-.3200683594
-.1759338379
-.2392730713
.2347106934
.2125701904
.2364501953
.2754211426
.2384643555
.1597137451
-.2131958008
.2509155273
.3220520020
.3841247559
.3954010010
-.3457489014
.2769775391
.1935424805
.1628570557
.2339172363
-.2171325684
-.2283325195
.2210540771
.2076263428
.1951141357
.3060455322
-.2025756836
-.2060241699
.4393920898
.3711700439
-.4438018799
.3489532471
.3913421631
-.3736877441
-.3123931885
-.3101959229
.2085723877
.2157135010
-.2943878174
-.3563842773
-.3791046143
-.4202880859
.3974151611
.3547058105
-.3211669922
-.4053344727
-.3165588379
-.3829650879
.3797454834
-.3306579590
-.3368072510
.3475799561
.2308654785
-.3545837402
-.3563385010
-.4456329346
-.2863159180
.2574615479
.2331085205
-.3256683350
.2959747314
.4052276611
-.3196563721
-.3923492432
-.4311828613
-.3002929688
-.3782806396
.2549591064
.4072113037
-.3518981934
-.3220367432
.4456176758
.3793029785
.2704772949
-.2716064453
-.3002624512
-.3527221680
.3233947754
.4437408447
.3641357422
-.3466491699
-.2198944092
.3521270752
.3492126465
.3922729492
.2836761475
-.3110809326
.4245452881
.2662048340
.2782592773
-.2845916748
-.3612976074
-.2773895264
.3558807373
.3227233887
.2675018311
.3600311279
.3287963867
.2540283203
.2797698975
-.2815856934
-.3437957764
-.4005126953
.4456176758
.4121856689
-.3916778564
-.4456329346
.3748626709
-.2979583740
.2506408691
.3347778320
-.2947082520
.3446807861
.4456329346
-.4456176758
.4436492920
.4066162109
.2492523193
.2149963379
.2759552002
-.4167633057
.2503662109
.2641296387
-.2748870850
.3309478760
.3722381592
.4436035156
.2572021484
.2982330322
-.3405609131
.3117523193
.2734527588
.1675872803
.2577667236
-.2628784180
.3575286865
-.2071380615
-.3030242920
.4242401123
.2243041992
.2980804443
-.2783966064
-.3108062744
-.1913604736
-.2483367920
-.3047180176
-.3726501465
-.3883514404
.2772369385
-.3102111816
-.2679290771
-.3343811035
.2508544922
-.2768859863
.4178009033
-.2574005127
.4426574707
.4456176758
-.3680267334
-.3724670410
-.3353729248
-.2798004150
.3667144775
-.4167633057
-.4384155273
.4456176758
.4456176758
-.3720703125
-.3766021729
-.3674926758
.4456176758
.3422241211
.3200836182
-.4270629883
.2738952637
-.2049102783
-.2301330566
.2093200684
.3686523438
.1635742188
.2413330078
.3403778076
-.2739562988
-.2935333252
.3022155762
.2433776855
.2000732422
.1908721924
.1808471680
-.2044982910
-.2391510010
-.1169281006
-.2000579834
.2687225342
.2773895264
-.2532348633
.1500396729
.2286529541
.2396697998
.3771514893
.2139129639
-.2546844482
.2328948975
.2535858154
-.3132781982
.1982421875
.2605895996
-.2717437744
-.3753356934
.3121948242
-.2671203613
.2298431396
.1869964600
.1870422363
.2697296143
.2053070068
-.1585693359
-.1644134521
.1784057617
-.1415863037
-.2077178955
-.2198944092
.2269287109
.1641387939
.1648406982
.1478118896
.1645202637
-.1033782959
-.1718292236
.1513977051
.1088256836
.2680816650
.1122131348
.1165618896
-.2060852051
-.1592407227
-.1082305908
.1759033203
-.1120452881
.1112365723
.1667785645
-.1956787109
.2160797119
-.1101684570
-.0868072510
-.1547851563
-.1453704834
.2208709717
-.1634216309
-.2122344971
.1737060547
.1464538574
.1622619629
.0923919678
.1628112793
-.1676025391
.2605895996
-.2696380615
-.1824645996
.2460632324
.1561126709
.1795501709
.1558074951
.1327362061
-.1321868896
.1034393311
.1482391357
-.1119995117
.1450195313
.1289215088
.1891174316
.1612396240
.2141723633
.1880645752
-.2324676514
.2383728027
-.1942291260
-.1566619873
-.1699676514
.1228637695
.1644287109
-.1637878418
.1646423340
-.1658477783
-.2434539795
-.1344604492
-.1493377686
-.1389617920
-.2662048340
.2410278320
-.1625366211
-.1200256348
-.0941314697
.1120300293
.1813201904
.1857452393
.2220306396
-.2642364502
-.1415710449
.1473999023
-.2090759277
.1929779053
.2000579834
-.2880096436
-.1332550049
.2277679443
-.2766571045
.3006896973
-.1422424316
-.2510986328
-.2609710693
.1875457764
.1626739502
-.2050323486
.1718444824
.1284637451
-.1710815430
-.2840423584
-.2588195801
-.2144012451
.3174133301
.1937713623
.1719512939
-.2411499023
.1800384521
.1629791260
.2900238037
-.3059692383
-.1532592773
.2176666260
.2018127441
-.2628173828
-.2480773926
.1265716553
.1859588623
.3149871826
.1329040527
.3852844238
.3136138916
-.1382446289
.2111663818
.2057952881
.2894592285
.3061981201
-.1580657959
.2762451172
-.1668853760
-.2226257324
.1521148682
.2888488770
.2117614746
.2446594238
.2597961426
.2038269043
-.3692016602
.2933502197
.2257995605
-.2332305908
-.3486633301
-.2239227295
.2416229248
-.2088928223
-.3423156738
.2978668213
-.3055877686
-.4265289307
.2730560303
-.1548309326
.2592620850
-.4010009766
-.4224090576
.3866729736
.4456176758
-.2186126709
-.2678527832
.3399200439
.4138488770
.2899475098
.2946472168
.4060821533
-.3288574219
.3000335693
.2519531250
.4039306641
.3266448975
-.2210693359
.4201202393
.2921295166
-.1851959229
.2984008789
-.3157501221
-.3536376953
.2880706787
.3202972412
-.4260406494
-.2352142334
.3222656250
.3027801514
.4012145996
-.2441101074
.1934356689
-.4414215088
.3124542236
-.4193267822
-.3873291016
.2191162109
.3875274658
.2603759766
.3908233643
-.2865753174
-.3259582520
.3944702148
-.3595581055
-.4222412109
-.3839416504
.2604980469
-.4435729980
.3570556641
.2379455566
.4437103271
.3222198486
-.4409942627
.4456176758
-.4456176758
.4444122314
-.4456329346
-.4420471191
.4446563721
-.3766479492
-.3421478271
-.3028717041
-.3975067139
-.2271575928
-.4439392090
.3888397217
-.4389495850
-.4456176758
.4456329346
-.4428558350
.4456176758
-.2558746338
.4094696045
-.4409179688
.4445648193
.4456024170
-.4456329346
-.4456176758
.4456329346
-.4456176758
.4424591064
-.4456329346
.4432220459
.4437866211
.4421844482
-.4449920654
.4456176758
-.3293151855
-.4456329346
-.4456329346
-.4398651123
-.4443664551
.4446411133
.4456176758
.4456176758
.4402923584
.4439849854
-.3616333008
.4453582764
.4456024170
.4456176758
.4456024170
.4325561523
-.4376983643
.4451751709
-.4456329346
.4414367676
-.4450073242
.4427032471
-.4144592285
-.4440155029
.4456176758
.4456176758
.4456176758
-.4456329346
.4456176758
.4456176758
-.4456329346
-.4456329346
.4456024170
-.4456329346
.4273681641
-.4456329346
.4424896240
-.4436492920
-.4456176758
.4437103271
-.4421844482
.4456176758
.4456024170
.4246368408
-.4203796387
.4456176758
-.4261474609
-.4404907227
-.4376220703
.4452209473
.4456176758
.4440307617
-.4456329346
.4419403076
-.4443054199
.4456176758
-.4456329346
.4439697266
-.4456329346
.4296112061
.4328460693
.4456176758
.4456329346
-.4456329346
.4456176758
-.4456329346
.4420166016
.4394378662
.4159088135
.4456176758
.4392547607
-.4402923584
-.4456329346
.4435424805
-.4456329346
-.4456329346
-.4456329346
.4456176758
.4356994629
-.4456176758
-.4456329346
.3920745850
-.4409637451
-.4451446533
-.4456329346
.4449310303
-.4456329346
.4456176758
.4456176758
.4456176758
-.4456329346
-.4456329346
.4445495605
.4456176758
-.4438476563
.4456176758
-.4456329346
.4456176758
-.4456329346
.4442291260
.4456176758
-.4456024170
-.4395294189
.4456024170
.4456176758
.4456176758
.4456176758
.4456176758
-.4456329346
-.4452056885
-.4444427490
-.4456329346
-.4317321777
.4456176758
.4456176758
.4456176758
-.4456329346
-.4435577393
-.4456329346
.4409027100
-.4456329346
-.4418487549
.4456176758
-.4132080078
.4415893555
.4391937256
-.4448547363
.4456176758
-.4412536621
.4456176758
.4456024170
-.4456329346
-.4456329346
.4456176758
-.4406738281
-.4423980713
.4456176758
.4378509521
-.4456176758
.4380645752
.4451751709
.4456176758
-.4101715088
-.4417114258
.4456176758
.4456176758
-.4423522949
-.4416809082
-.4421997070
-.4456329346
.4456176758
-.4451141357
-.4456329346
-.4456329346
.4433746338
.4456176758
-.4102020264
.4362335205
-.4456176758
.4249267578
.4456176758
-.4423217773
.4435729980
-.4456329346
.4413452148
-.4456329346
.4456176758
.4456329346
.4456176758
-.4362335205
-.4456329346
-.4456176758
.4440155029
-.4387054443
-.4456329346
-.4456329346
.4409179688
-.4419708252
.4456024170
.4456176758
-.4261474609
.4431304932
-.4456329346
-.4429016113
-.4456329346
-.4456329346
-.4359893799
-.4447937012
.4279174805
.4451751709
.4451904297
-.4456329346
-.3517913818
-.4456176758
.4456176758
.4434967041
-.4456176758
.4361419678
-.4456176758
.2673645020
-.4289398193
.3022918701
.4456024170
.4456176758
-.3876647949
.4442291260
-.4404602051
.4456329346
-.4221191406
-.4456329346
.4408874512
-.4322052002
.4425201416
-.4210205078
.3597869873
.3390960693
-.4456329346
.4440307617
.4456176758
-.3864288330
.4456176758
.4456176758
-.4425354004
.4426269531
.4416656494
-.4131927490
-.4407043457
.4319458008
.4456176758
.4420318604
.4442901611
-.4438476563
.4417114258
.4456176758
-.4456329346
.4271392822
.4456176758
.4456176758
.4456024170
.4427185059
-.4456329346
-.4150390625
-.4456329346
.4190063477
.4456176758
-.4421691895
-.4037322998
.4456176758
.4456176758
-.4456329346
.2687835693
.4456176758
.4333190918
.4456176758
-.4387359619
.2909393311
.4456176758
-.4057617188
.3748474121
-.4434051514
-.4456329346
.4451904297
.3495941162
-.3669738770
.4210205078
.4299163818
-.3061370850
-.4384307861
.4247894287
.2229156494
-.4439392090
.4414520264
-.4434967041
-.4456329346
.1847076416
.4456024170
.4456176758
-.3890228271
-.3772735596
-.4124298096
-.2965393066
.3674011230
.3904418945
-.3150787354
.2232971191
-.3933868408
-.4332275391
-.2245941162
.2896423340
.3379821777
-.3384857178
-.4426422119
.3647766113
.2696685791
.4391937256
.3056640625
.4456176758
.4441833496
.4369659424
-.2962036133
-.3431396484
.3961334229
.2395782471
.4404754639
-.2985534668
.3201599121
-.4090576172
-.3267974854
-.4106140137
.4419403076
.3744506836
.3909454346
-.3063964844
.3532714844
-.3130493164
-.3963012695
-.3069610596
.4372406006
.4272308350
.3984832764
-.1985473633
-.2303314209
-.2638092041
.3564758301
.3248443604
-.2219085693
.4126892090
-.4132537842
-.3619842529
-.1906738281
-.3063812256
.1555480957
.3139343262
.3076629639
-.3053131104
-.4411315918
-.4429779053
.2697296143
-.3048553467
-.3193664551
-.2669982910
.3934631348
.2632293701
.4036560059
-.1597595215
-.2681427002
.2265472412
-.2230987549
-.2195434570
-.1686706543
.2145996094
.1683807373
.3380889893
-.2922058105
-.3515777588
-.3259277344
.2659149170
.2612304688
.2218627930
-.2033081055
-.1694488525
-.1964416504
-.2117156982
.1516876221
.1738433838
-.1025238037
.1041412354
.1505279541
-.0897521973
-.1403198242
.1895751953
-.1589202881
-.1683502197
-.2048950195
.1686859131
.0604705811
-.1274108887
-.0889282227
-.1191864014
-.1454925537
.1674499512
-.1570587158
.1578826904
-.1917419434
.1422271729
.1721954346
-.1604156494
.2232055664
-.0991821289
-.1323699951
-.1142578125
-.1059570313
.1552734375
.1402282715
-.1280517578
-.0895538330
.1339874268
.0877075195
.0905609131
.0614013672
-.0754394531
-.0745697021
-.0790100098
.0678558350
.0449066162
-.0749664307
-.0731048584
.0566406250
.0650177002
.0715637207
.0417327881
.0464172363
.0486145020
.0710296631
.0441741943
.0415802002
.0426635742
.0378112793
.0414123535
.0420684814
.0563964844
-.0327911377
-.0343017578
-.0455017090
-.0240478516
-.0267486572
-.0217285156
.0205841064
.0193786621
.0146636963
.0154113770
-.0161743164
.0205993652
.0138702393
.0064697266
-.0106658936
-.0085754395
-.0042877197
-.0138397217
.0087432861
.0064086914
.0034790039
.0014953613
.2766876221
