-.0644378662
-.1267547607
-.1016998291
-.0890808105
-.1398315430
.0984344482
.0817413330
-.0704650879
-.0906524658
.1071472168
.0989379883
.0873260498
-.1508331299
.1440887451
-.1858978271
.0897827148
.1369781494
.1388397217
.1804199219
-.2336273193
-.1823577881
-.1309356689
-.1298370361
-.1336517334
-.1639251709
-.1137847900
.1089630127
-.0856170654
-.1642608643
-.1157684326
-.0989074707
.1324462891
.1154479980
.1476440430
-.0860443115
.1629943848
-.0983734131
-.0750122070
.1207275391
.1743621826
-.1219940186
-.1428833008
.1827850342
-.1082305908
.2094116211
-.1586608887
-.1109619141
-.0827789307
.1374816895
-.2494964600
.2118225098
.1767883301
-.1814270020
.2178344727
-.2370300293
-.1349487305
-.2048797607
-.1571502686
.1794891357
-.1675109863
.1654815674
-.1975097656
.2286987305
-.1390380859
.1356658936
.0943450928
-.1853179932
.2801513672
-.1328887939
-.2445831299
-.1693572998
-.1479187012
-.2521362305
.1732940674
.2046661377
.2132720947
.1238403320
-.1522216797
.1237487793
.1340789795
.1270294189
-.2116394043
-.2278442383
.2683258057
-.1497802734
.1708526611
.1303253174
-.1901702881
-.1774749756
-.2827453613
-.1208953857
-.1241302490
-.1159057617
-.1855926514
-.3111724854
.2928314209
-.2072448730
-.1346893311
-.1856079102
-.2096099854
-.1453247070
.1629486084
.1776580811
.1917114258
.2121582031
.3257751465
.2249298096
.2203216553
-.1909027100
-.2503967285
.1782684326
-.2406158447
.3441772461
.2754211426
-.2642364502
.1835937500
.2727355957
-.3343200684
.3133239746
.2284545898
-.2556457520
-.2773590088
-.3513488770
-.3231353760
-.3165588379
.3009948730
.3149414063
.3363342285
-.3565368652
.2430267334
-.3412170410
.2609558105
.2311553955
-.2955780029
.2761383057
.2364807129
.2456054688
-.3095550537
-.2483367920
.2915039063
-.3513336182
-.3069458008
.2489471436
.3467254639
.3597106934
-.3495330811
-.3501892090
-.3623046875
.3523864746
-.3503265381
.3404235840
.3440551758
-.3303375244
-.3129882813
.3462982178
.2482452393
-.2984771729
-.2965240479
-.3198242188
.2801055908
.2820281982
.2823791504
.2160339355
.2547607422
.3547821045
.3561401367
.3735504150
.3490753174
.3682250977
.3533935547
.2959442139
.3428649902
.3568572998
.3502960205
-.2985992432
.2097930908
-.2990112305
-.3285980225
.3585662842
.3325805664
-.3576660156
.3551940918
-.3596954346
.3567504883
.3565979004
-.3534851074
.3216857910
.3595733643
.3531799316
-.3183135986
.3508911133
.3300628662
.3485870361
.3462982178
.3253936768
-.2977905273
-.3527221680
.3566131592
.3194732666
-.3567047119
.3521423340
.3344268799
-.3343505859
.3180084229
-.3342132568
-.3567199707
.3522949219
.3556213379
-.3371582031
-.3546905518
-.3268432617
.3013000488
.3461151123
.3637084961
-.3242187500
.3311614990
.3363342285
-.3203735352
-.2462921143
-.3318786621
.3519287109
.3536376953
.3491516113
-.3149108887
-.3389434814
-.3516082764
.3503112793
-.3144683838
-.3476409912
.3472900391
.3479614258
-.2976989746
-.3587341309
.3592987061
.2843780518
-.3390808105
-.3296966553
.3590545654
-.3538055420
.3513031006
.3600616455
-.3426666260
.3577880859
.3514404297
.3536834717
-.3507232666
.3539733887
.3328552246
.3504791260
.3560638428
-.3490905762
.3497772217
.3530273438
.3537902832
-.3633117676
.3621826172
-.3600463867
.3326873779
.3568725586
.2885894775
.3676147461
.3096466064
-.3453369141
.3573303223
-.3584594727
-.3601989746
.3627471924
-.2808227539
-.3603363037
.3670806885
-.3637542725
.3717498779
-.3611450195
.3543395996
-.3223571777
-.3531951904
-.3590393066
-.3554077148
-.3531341553
.3533325195
.3594055176
-.3590240479
.3621215820
.3655853271
-.3673858643
-.3405456543
.3524169922
-.3525543213
.3500061035
.3612823486
.3656616211
.3552246094
.3619384766
-.3590240479
.3586883545
-.3609619141
.3559112549
-.3520965576
.3316802979
.3544006348
.3586578369
-.3607940674
-.3558044434
.3625183105
-.3543548584
.3546600342
-.3559112549
.3616485596
.3555755615
-.3478088379
-.3526000977
.3510894775
.3541717529
.3588104248
.3581085205
.3482055664
-.3628234863
.3564758301
.3563690186
.3712463379
-.3557128906
-.3599853516
-.3594818115
.3507232666
.3612365723
-.3605651855
.3566436768
.3560485840
.3600769043
-.3607482910
-.3648223877
-.3648376465
-.3610534668
.3626556396
.3547210693
.3607025146
.3555450439
-.3557281494
-.3643798828
-.3540954590
.3318634033
.3654022217
-.3725585938
.3700866699
.3646087646
.3604125977
-.3630828857
.3654785156
-.3621673584
-.3662414551
.3611755371
.3671417236
-.3636169434
.3656616211
-.3663940430
.3695220947
-.3714447021
-.3665008545
-.3670196533
.3642730713
-.3644866943
.3634948730
-.3558044434
.3687286377
.3630065918
-.3590850830
-.3650360107
.3619537354
-.3619537354
-.3643951416
.3528594971
.3640899658
-.3575897217
.3571319580
.3589630127
.3655700684
-.3658294678
.3608398438
-.3650207520
-.3611297607
-.3611602783
-.3540649414
-.3582763672
-.3611297607
.3644409180
.3633270264
.3641967773
.3622283936
.3609313965
.3692169189
.3584747314
.3682403564
.3703308105
.3576965332
-.3649291992
.3631591797
.3616790771
.3679046631
.3691711426
.3623962402
.3644409180
-.3658905029
.3604431152
-.3573608398
-.3628540039
.3589935303
.3625946045
.3697357178
-.3646392822
.3603515625
.3704071045
-.3672332764
.3639373779
.3619079590
.3623962402
-.3578186035
-.3649291992
.3601379395
.3746185303
.3640441895
.3599853516
.3611297607
-.3560333252
.3657226563
-.3671875000
-.3592834473
.3607482910
.3597717285
.3650512695
.3611907959
-.3633270264
.3615570068
-.3532714844
.3593902588
-.3614501953
-.3376770020
.3625488281
.3569030762
-.3606719971
.3300781250
-.3619232178
.3601226807
-.3602600098
-.3551635742
-.3587799072
.3494415283
.3577117920
.3574676514
-.3609771729
.3625488281
-.3590393066
-.3531799316
.3580017090
-.3644561768
.3567962646
-.3533935547
-.3527374268
-.3343811035
-.3565673828
.3626556396
-.3516845703
-.3557281494
.3582000732
.3548583984
-.3520202637
.3500366211
.3555755615
.3555297852
-.3483734131
-.3413848877
.3540344238
-.3517761230
.3576660156
.3556213379
.3564300537
.3589324951
.3633117676
-.2675018311
-.3559265137
.3579101563
.3540649414
-.3552246094
.3535308838
-.3544769287
.2969207764
-.3423767090
.3543243408
.3497619629
.3503265381
-.3409118652
-.3340454102
.3608245850
.3576202393
-.3553314209
.3609771729
.3560333252
.3573608398
-.3235931396
.3554382324
.3249969482
-.3568267822
.3601989746
.3625335693
.3508911133
.3572235107
.3600616455
.3586120605
.3586120605
.3609619141
-.3562622070
-.3567199707
.3552398682
-.3580474854
.3541564941
-.3541870117
.3452148438
-.3487396240
.3076324463
.3527832031
.3560180664
.3518829346
-.3591918945
-.3557586670
.3550109863
-.2775726318
.3557586670
-.3531951904
-.3597869873
-.3291320801
-.3520507813
-.3577117920
.3510284424
-.3366241455
.3588409424
.3572387695
.3609313965
.3646850586
-.3568115234
.2923736572
-.3398742676
.3321380615
-.3529510498
.3563537598
.3290557861
.3152313232
-.3483428955
.3538513184
.3576507568
.3634490967
.3401184082
.3560943604
.3613586426
-.3509521484
.3309020996
.3521728516
.3232116699
.3573455811
.3558654785
-.3567657471
.3553466797
.3557891846
-.3504943848
.2844085693
.3554382324
.3228912354
.3160095215
.3138732910
-.3417510986
.3601684570
-.3280792236
.3577423096
.3559875488
-.3523559570
-.3554992676
.3592071533
-.3580322266
-.3336181641
.3373107910
-.3493499756
-.3516845703
-.3618164063
-.3575744629
.3616333008
-.3540344238
.3537902832
.3487243652
.3286743164
.3072814941
-.3512268066
-.3576507568
.3472747803
.3524932861
.3576049805
-.3260650635
-.3073272705
.3310394287
-.3338470459
-.3480377197
-.3245849609
-.3446807861
-.3571624756
.3522796631
.3336334229
.2838439941
.2943725586
.3597869873
.3483276367
-.2814788818
.2507629395
.2773742676
.2325897217
-.3443908691
.2211303711
.2415618896
.2168121338
-.2929229736
-.3424377441
.2396545410
-.1890563965
.1814880371
.2050781250
-.2879486084
-.3429107666
-.2551116943
.2041168213
-.3130035400
-.3533782959
-.1898956299
-.1987304688
-.2055664063
.3493041992
.1784667969
-.2331848145
-.2946624756
.3072052002
.3568267822
.3578338623
.2385864258
-.3504028320
.3532867432
.3550872803
.2465972900
.1959991455
-.1871490479
-.2956695557
-.2303466797
-.3546905518
.3538665771
-.3491973877
.3477172852
-.3319702148
-.3232727051
-.3546752930
.3055267334
-.1889190674
.2369995117
-.1768035889
-.2135314941
.1262512207
-.1916351318
-.1577148438
.3386840820
.1518249512
-.1872406006
-.2455596924
.1845855713
.1805877686
-.1397857666
.1369628906
-.1721038818
-.2122650146
.1363372803
.2053680420
.1895904541
.2113647461
.1655120850
-.1034240723
-.1695556641
.1223907471
-.0996093750
-.0833740234
-.1058654785
.1245727539
.1014251709
-.1513671875
.1454925537
.1763000488
.1329498291
-.1162719727
-.1140441895
-.1261444092
.0748748779
.2180175781
.1562652588
-.1163330078
.1250915527
-.2699432373
-.2076263428
-.1175994873
.1775207520
-.1446380615
-.1018218994
-.0881500244
-.1091461182
.1622009277
-.1823730469
-.1248016357
-.1257934570
.1187896729
-.1481628418
.1949310303
.1257629395
.1268920898
.0932006836
-.1515045166
-.1818695068
-.1717224121
-.1690979004
.1051330566
-.1419677734
.1590423584
-.1375732422
-.1640777588
.0824432373
.1236877441
.1356201172
.1360931396
-.1199645996
.0861816406
-.1132965088
.1047821045
-.0802764893
.1181945801
-.1707153320
.1476593018
-.1131439209
-.1161193848
-.1538696289
.1017913818
.0983886719
.0585327148
-.1156463623
.1041564941
-.1255493164
.1013031006
-.0633697510
.0876464844
-.0946807861
-.0544738770
-.0772247314
.1068115234
.1052703857
.0793609619
.1173858643
.1008300781
-.0892639160
.1474151611
.1066131592
-.1128845215
-.0905914307
.1226196289
.0871582031
.1168212891
-.0873718262
-.0792694092
-.1349334717
-.1259765625
-.1093139648
.0866241455
-.0805816650
.1026000977
.1167907715
-.0576629639
-.0995635986
.1132049561
-.0715484619
-.1126861572
-.0659179688
.0775146484
-.0943145752
-.0706176758
-.1312255859
.0511779785
-.0868530273
-.0958099365
-.0618896484
.1128997803
-.0961608887
.1225891113
-.0570373535
.0547180176
-.0749664307
.0549468994
-.1072387695
.0840759277
-.0556030273
.1670074463
-.1024169922
-.0725860596
.0961151123
-.1245727539
-.0858154297
-.0967254639
.0771636963
.0789184570
-.0794067383
-.0548553467
.0608520508
.0857849121
.0875701904
-.1119842529
.1134948730
-.0707092285
-.0745391846
-.0953369141
-.0926361084
.0709228516
.0656433105
-.0554046631
-.0636749268
.0509643555
-.0497589111
.0900421143
-.0964813232
-.0412445068
-.0904083252
.0357666016
-.0445404053
.0495910645
.0486297607
-.0736083984
.0597686768
-.0424957275
.0873718262
-.0603637695
.0880432129
.0707244873
.0569152832
-.0428619385
.0323181152
.0471496582
-.0414733887
.0509643555
-.0487060547
-.0839080811
-.0833282471
.0461578369
.0886688232
.0883483887
-.0926055908
-.0657958984
-.0554656982
-.0287475586
.0259552002
.0357055664
-.0469207764
.0299072266
-.1856994629
.0368499756
.0557403564
.0500335693
-.0619354248
.0915069580
.0914154053
.0493469238
-.0435638428
-.1304473877
-.0535736084
.0688781738
.0933685303
.0426635742
.0325469971
-.0485534668
.0247192383
-.0410003662
-.0407562256
-.0490722656
.0581970215
-.0445098877
.0736389160
-.0555114746
-.0410766602
-.0645904541
.0697784424
-.1120910645
.0840454102
.0566711426
.0519714355
-.0464935303
-.0582733154
.0364227295
.0455780029
-.0557861328
-.0516510010
-.0553131104
.0456085205
.0763397217
.0386657715
-.0639190674
-.0593414307
.0814361572
.0788726807
.0651245117
.1189422607
.0460357666
-.0970611572
-.0628204346
.0399475098
.0391540527
.0466461182
-.0356750488
.1044158936
-.0369110107
-.0361938477
-.0713195801
.0367431641
.0434417725
-.0314331055
.0424499512
-.0345764160
-.0399780273
.0428314209
.0669250488
-.0449371338
.0606231689
-.0335235596
.0282592773
.0706634521
-.0460662842
-.0437622070
-.0347595215
-.0558624268
-.0618286133
-.0467529297
-.0578765869
.0314636230
-.0505828857
-.0384674072
.0362091064
.0262145996
-.0388031006
.0479278564
.0259094238
-.0329437256
.0408782959
-.0313262939
.0284729004
-.0372924805
.0818634033
-.0519409180
-.0554046631
.0498962402
.0467834473
-.0311431885
-.0282135010
-.0293426514
-.0530700684
.0650024414
.0541687012
-.0581970215
-.0416564941
.0496063232
.0278930664
.0480346680
-.0680084229
.0776367188
-.0325622559
-.0380096436
-.0406494141
-.0451354980
-.0508270264
.0458679199
.0632019043
.0431823730
.0657043457
.0600433350
.0385589600
-.0514068604
.0520935059
-.0393524170
-.0334777832
-.0267944336
-.0354309082
.0184783936
.0251007080
-.0323028564
.0247039795
.0211639404
.0176086426
-.0289611816
-.0279388428
-.0402069092
-.0194854736
-.0164794922
-.0190124512
.0119934082
-.0077972412
.0071563721
-.0038909912
-.0038909912
.0096740723
-.0009460449
