-.0005340576
-.0009002686
-.0004272461
-.0017089844
-.0029602051
.0069274902
.0042266846
-.0147399902
-.0134735107
.0194396973
.0060272217
.0061340332
-.0063171387
.0088806152
-.0036773682
-.0034942627
.0016632080
-.0015716553
.0018005371
.0016632080
.0053863525
-.0073089600
.0061645508
.0054016113
-.0019226074
-.0038909912
-.0050811768
.0016632080
-.0023193359
.0042877197
-.0020904541
-.0079498291
-.0074005127
.0074615479
-.0057373047
.0067596436
.0072174072
-.0054168701
-.0037536621
-.0054321289
.0026702881
-.0063781738
-.0049438477
.0192413330
.0124053955
.0112457275
-.0115814209
-.0054321289
.0150451660
.0101928711
-.0079040527
.0067901611
.0093688965
.0275878906
.0262603760
.0148468018
-.0108489990
.0075836182
.0139465332
-.0116271973
.0064849854
.0074615479
-.0055389404
.0090637207
-.0158996582
.0115051270
-.0088806152
.0151367188
-.0143432617
-.0042419434
.0097808838
-.0128326416
.0060119629
-.0094299316
.0110626221
-.0162353516
.0131378174
.0085906982
.0132904053
-.0079193115
.0066986084
.0051879883
-.0034332275
.0099334717
.0102233887
.0282135010
.0180969238
.0269470215
.0161590576
-.0068969727
-.0110778809
-.0172729492
-.0131530762
.0156250000
-.0068817139
.0173492432
.0215148926
-.0168151855
.0155944824
.0146789551
.0087432861
.0071563721
-.0111236572
-.0052795410
.0042724609
-.0058593750
-.0131683350
.0110168457
-.0124816895
-.0086059570
.0154266357
-.0138397217
.0146026611
-.0120849609
-.0062561035
.0076446533
.0164642334
.0219573975
.0148925781
.0190582275
-.0160980225
-.0220031738
.0122528076
.0077362061
-.0132751465
.0105438232
.0133666992
-.0148620605
.0578155518
.0222320557
-.0319824219
.0156555176
-.0187377930
.0303039551
-.0209350586
-.0145874023
.0123596191
-.0097351074
.0482788086
-.0374603271
.0344848633
-.0119934082
-.0215606689
.0144195557
-.0205230713
.0110626221
-.0218505859
-.0090637207
-.0182342529
.0167236328
.0180206299
-.0111541748
.0091400146
-.0165252686
.0121612549
-.0111999512
-.0080871582
-.0076141357
-.0071868896
.0195922852
-.0214080811
-.0133514404
.0116271973
-.0086975098
-.0180206299
-.0108337402
-.0070495605
-.0124359131
-.0073242188
.0211944580
.0449523926
-.0304565430
-.0221862793
-.0197906494
-.0270843506
.0235595703
.0308227539
.0139770508
-.0150909424
.0104522705
-.0139465332
.0239868164
-.0296020508
-.0464782715
.0286407471
-.0207672119
-.0107421875
.0181579590
.0200347900
.0098114014
-.0117340088
.0228576660
-.0161743164
-.0151672363
-.0123748779
-.0142974854
-.0066223145
-.0061950684
.0027008057
.0145721436
.0111236572
-.0283660889
.0312805176
-.0107574463
.0151214600
-.0166320801
.0191345215
.0152893066
.0148010254
.0136718750
-.0083923340
-.0110015869
-.0070800781
.0439300537
-.0372924805
.0336761475
-.0145263672
.0127105713
.0222930908
.0248413086
.0231475830
.0190582275
.0134277344
.0611572266
-.0430755615
.0592346191
.0253295898
.0180053711
.0098724365
-.0250091553
.0115509033
.0139007568
-.0228271484
-.0121307373
.0161895752
-.0166168213
-.0137481689
-.0087280273
.0134582520
.0141143799
-.0094299316
-.0056610107
.0066070557
.0118408203
.0199127197
.0238037109
-.0231018066
.0116271973
-.0117187500
-.0267486572
.0167236328
-.0193023682
.0102233887
.0172729492
.0131988525
.0556945801
-.0471343994
.0305023193
-.0166931152
-.0147552490
.0224914551
-.0278320313
.0541534424
.0182800293
-.0193939209
.0083312988
-.0373687744
.0229187012
-.0440216064
.0257263184
.0222778320
-.0208892822
.0225830078
.0162963867
-.0109863281
-.0239562988
.0319519043
-.0237121582
-.0139923096
.0100250244
-.0214233398
.0169830322
-.0167846680
.0170745850
.0035705566
.0164184570
.0148010254
.0318450928
.0242614746
-.0208282471
.0141601563
.0251770020
.0157623291
.0252227783
.0249328613
.0187683105
.0162963867
.0129547119
.0714263916
.0638427734
-.0420074463
.0230560303
-.0146636963
-.0275268555
-.0346221924
-.0300598145
-.0231018066
-.0170135498
.0704803467
-.0694580078
.0652313232
.0313110352
-.0237426758
.0192108154
-.0280456543
-.0310821533
-.0188751221
.0188751221
.0279083252
.0215454102
.0250854492
-.0182342529
-.0163421631
-.0285491943
-.0241394043
-.0189208984
.0148315430
-.0063934326
-.0143890381
.0344238281
.0335998535
.0236968994
-.0271453857
-.0164642334
-.0425872803
-.0251312256
.0387115479
.0627746582
-.0561065674
-.0490264893
.0555419922
-.0617065430
.0640258789
-.0708923340
.0483703613
.0499420166
-.0549621582
-.0703277588
.0777435303
-.0719299316
.0831756592
-.0600128174
-.0704498291
.0653839111
-.0603332520
.0619506836
.0585937500
-.0588836670
-.0540161133
-.0489501953
-.0561828613
.0571289063
.0507659912
.0534362793
-.0541381836
.0569610596
.0470733643
.0582733154
.0544433594
-.0497283936
.0461425781
.0487213135
-.0530395508
-.0512847900
-.0573577881
.0541229248
-.0512847900
-.0535736084
.0530090332
-.0513305664
-.0559234619
.0549926758
-.0571289063
-.0478210449
-.0518798828
-.0534667969
.0535278320
.0426788330
.0523529053
-.0502014160
.0495452881
.0457916260
-.0546264648
.0513916016
.0475769043
.0548858643
-.0512542725
.0441589355
.0529632568
-.0511016846
.0499725342
-.0415496826
-.0528717041
.0534057617
-.0492706299
-.0478515625
.0537872314
-.0535125732
-.0457916260
-.0530853271
.0511627197
-.0447387695
-.0504608154
-.0552368164
.0488586426
.0476379395
.0529174805
.0504150391
.0484161377
.0483245850
-.0513000488
.0534820557
.0531311035
-.0540161133
-.0555114746
-.0471649170
.0510101318
-.0505981445
.0462493896
.0389862061
-.0421600342
-.0341339111
-.0218505859
.0253448486
-.0231933594
-.0123596191
-.0142517090
.0163421631
.0216674805
.0199737549
-.0223846436
.0165557861
-.0112762451
-.0106048584
.0097656250
-.0054321289
.0054779053
-.0049285889
-.0128631592
.0128479004
-.0128631592
-.0119628906
.0131835938
.0126190186
-.0120849609
.0197296143
-.0156860352
.0264129639
-.0388031006
.0380706787
.0338897705
-.0407257080
-.0399780273
-.0346374512
.0476531982
.0502929688
-.0519256592
.0582122803
-.0636749268
.0481414795
.0680847168
-.0718231201
-.0646667480
.0569458008
.0393829346
.0449829102
-.0621032715
-.0720062256
.0655212402
.0502319336
.0570678711
-.0633697510
-.0607757568
-.0579528809
-.0599517822
.0564575195
.0573120117
.0453948975
.0516510010
.0538177490
-.0534057617
-.0453186035
-.0524749756
.0574188232
.0541381836
.0462036133
.0551300049
.0554962158
-.0560302734
-.0471038818
-.0507812500
-.0546417236
.0536499023
.0529022217
.0529479980
.0525665283
.0514984131
.0538635254
-.0562744141
.0507965088
.0523681641
-.0515594482
-.0548706055
-.0430145264
-.0524291992
-.0539703369
.0536193848
.0470581055
.0556945801
.0545959473
-.0502166748
-.0556945801
.0561370850
-.0526123047
.0442199707
.0565032959
.0495452881
.0478210449
.0515441895
-.0517120361
-.0550384521
-.0455322266
-.0538482666
-.0555725098
-.0409240723
-.0543823242
-.0548095703
.0512084961
-.0433959961
-.0526885986
.0537567139
-.0504913330
-.0487365723
.0522460938
-.0537414551
-.0478210449
-.0580749512
.0478515625
.0520782471
.0481567383
.0539550781
-.0500335693
.0481414795
.0533447266
.0548095703
.0508880615
.0518493652
.0596008301
.0469512939
.0535278320
.0541534424
.0543518066
.0529174805
-.0550231934
.0525360107
.0482635498
.0563964844
.0553741455
.0451660156
-.0541534424
-.0533142090
-.0449523926
-.0531311035
.0508880615
-.0523071289
-.0543060303
.0518035889
-.0538635254
-.0494995117
-.0557556152
-.0554351807
-.0457763672
-.0469207764
.0543975830
.0498352051
.0476226807
.0502624512
.0543670654
.0478820801
.0509338379
-.0547637939
-.0501251221
-.0448608398
-.0550384521
.0525360107
-.0549926758
-.0447235107
-.0495147705
-.0528717041
-.0518798828
-.0529327393
-.0496520996
.0531158447
.0520935059
-.0516204834
.0547790527
.0487518311
-.0493927002
-.0501251221
.0412902832
-.0556488037
.0560760498
-.0550537109
-.0491638184
.0535278320
-.0465393066
-.0526275635
.0552368164
-.0519256592
-.0481872559
.0524444580
.0531921387
.0476379395
.0503997803
.0537414551
.0480651855
.0541839600
-.0547790527
-.0549011230
-.0444488525
-.0528259277
-.0522918701
-.0460662842
-.0542297363
-.0508270264
.0505523682
.0462341309
.0538024902
.0558471680
.0499877930
.0520782471
-.0513000488
-.0540161133
-.0488586426
-.0530242920
-.0563201904
.0507812500
.0526733398
.0573120117
.0558013916
.0450286865
.0552978516
.0490875244
-.0529479980
-.0494995117
.0526733398
-.0549316406
-.0499877930
.0445098877
.0556793213
.0573883057
.0485992432
.0542449951
-.0568847656
.0537109375
.0416564941
-.0546569824
.0484619141
-.0411682129
-.0549468994
.0556488037
-.0486145020
-.0535888672
-.0520629883
.0490570068
.0456695557
.0542907715
-.0521697998
-.0528411865
-.0509948730
-.0514221191
-.0543518066
.0439453125
.0479888916
.0503692627
.0512084961
-.0458374023
.0335998535
.0379028320
-.0410461426
-.0334320068
-.0342102051
-.0460662842
-.0306701660
.0163879395
.0213623047
-.0285797119
.0408172607
-.0364074707
.0235137939
.0259704590
-.0178375244
-.0337219238
.0351257324
.0413818359
.0193786621
.0175781250
-.0141296387
-.0130310059
-.0121917725
-.0087585449
.0113372803
-.0119018555
-.0164031982
.0253906250
-.0137023926
-.0157928467
.0157775879
-.0164642334
-.0074462891
-.0106048584
.0062103271
-.0096282959
-.0126190186
.0250549316
-.0230712891
-.0095062256
.0105133057
-.0188140869
.0171661377
-.0135192871
-.0053405762
-.0084228516
.0164794922
-.0244903564
-.0339050293
.0301361084
-.0331726074
-.0130462646
-.0137786865
.0240783691
.0111694336
.0151672363
-.0117340088
-.0202941895
-.0444793701
-.0376586914
-.0153198242
-.0215301514
-.0118408203
-.0135040283
.0210571289
-.0178070068
-.0142822266
-.0145874023
.0211029053
.0128936768
-.0145111084
.0208892822
-.0151367188
.0184020996
.0212860107
-.0110626221
-.0049438477
-.0074768066
-.0098876953
-.0240478516
.0296936035
-.0220336914
-.0103302002
.0208892822
.0260620117
-.0134735107
-.0066833496
.0058288574
.0072784424
.0229644775
-.0501251221
.0379791260
.0394439697
.0157165527
-.0146789551
-.0142211914
.0299835205
.0190429688
.0138549805
-.0193328857
.0189056396
-.0512695313
.0505981445
-.0490112305
-.0154571533
.0263061523
-.0090789795
.0194549561
-.0231018066
-.0123443604
-.0077972412
.0368347168
-.0223999023
-.0174560547
.0206756592
-.0232238770
-.0204010010
.0133361816
.0175781250
.0067291260
.0080718994
-.0101318359
.0074920654
-.0264282227
.0175781250
-.0159454346
-.0258483887
-.0164184570
.0212554932
.0149841309
.0086975098
.0101165771
-.0071868896
.0357513428
-.0276336670
-.0364074707
.0166168213
-.0137634277
-.0191497803
.0276489258
.0197906494
.0200347900
.0219421387
.0167694092
.0640411377
-.0414733887
.0253295898
-.0236968994
.0164337158
-.0204772949
-.0163879395
-.0150756836
.0106201172
-.0087432861
-.0212249756
.0149841309
.0113983154
-.0250091553
-.0178833008
.0248107910
.0170593262
-.0088043213
.0067749023
-.0065917969
-.0111694336
.0381164551
.0326232910
.0205078125
.0135955811
-.0140533447
-.0223083496
.0146636963
.0129089355
-.0195922852
-.0138397217
.0079498291
.0618133545
-.0296478271
-.0337524414
.0143280029
-.0128479004
-.0286865234
-.0279693604
-.0122985840
-.0228729248
-.0182495117
-.0515899658
.0278625488
.0353240967
.0144042969
.0230407715
-.0173339844
-.0161743164
.0127563477
-.0166168213
-.0116882324
-.0161590576
-.0231781006
.0175933838
-.0131530762
-.0261535645
.0162658691
-.0106048584
.0226440430
.0126647949
-.0116729736
-.0079193115
-.0253448486
.0158996582
-.0247497559
-.0287475586
-.0198974609
-.0229797363
.0255126953
.0151672363
.0097961426
.0158538818
-.0144805908
-.0664062500
.0457611084
-.0233154297
.0185241699
.0218963623
-.0299377441
.0390472412
-.0185546875
.0166168213
.0117034912
-.0358886719
.0305023193
.0252685547
-.0281219482
-.0218658447
-.0165252686
.0223541260
-.0214538574
.0196685791
-.0220489502
-.0456542969
-.0262298584
-.0185089111
.0152282715
-.0207977295
.0234832764
.0178375244
.0177612305
-.0082092285
.0105285645
-.0173950195
-.0231628418
-.0214385986
.0298767090
.0179443359
-.0209808350
.0164489746
-.0103607178
.0089416504
.0126037598
-.0179290771
-.0177459717
-.0384674072
-.0386810303
-.0361480713
-.0103149414
-.0157775879
-.0220336914
.0181579590
.0146331787
.0133056641
.0120391846
-.0209960938
.0442962646
-.0304107666
.0205688477
.0256195068
-.0121154785
.0107879639
-.0119323730
-.0110168457
-.0100860596
-.0178375244
-.0145874023
.0082244873
.0078277588
-.0092163086
-.0150604248
-.0071563721
.0074310303
-.0112762451
-.0038452148
.0075378418
.0101623535
-.0090179443
-.0117340088
-.0052185059
-.0070190430
-.0104827881
-.0046234131
.0054626465
.0042572021
.0037841797
-.0035552979
-.0104064941
.0101623535
.0105133057
.0042266846
-.0036773682
.0054016113
.0041351318
-.0023956299
-.0028533936
-.0018310547
.0036926270
.0030517578
-.0009307861
-.0097656250
