.0005798340
-.0002899170
-.0004730225
-.0011444092
-.0009155273
-.0009765625
-.0009613037
-.0005645752
-.0005340576
-.0008392334
.0009613037
.0042114258
.0062103271
.0066375732
.0158538818
.0322113037
-.0349884033
-.0509490967
-.0566253662
-.0635375977
-.0685424805
-.0734863281
.0632934570
-.0615692139
.0496520996
.0636596680
-.0622711182
-.0729980469
-.0759582520
.1238098145
.1416625977
.1428375244
.1088256836
.1199798584
-.1352844238
-.1252593994
.1867370605
.1346282959
-.1920013428
-.1928710938
.1190032959
.1081085205
-.1132354736
.1174774170
-.1362915039
.1605529785
.1742248535
-.2502899170
-.2290191650
-.2326660156
-.2501068115
-.2712249756
-.2288970947
-.1998596191
-.2075195313
-.1976165771
-.2076110840
-.2313079834
-.2320861816
-.2366943359
-.2441711426
-.2373046875
-.1994323730
-.1944427490
-.2560272217
-.2358398438
-.2484893799
.1817016602
-.2242126465
-.1716461182
.1519317627
-.1402282715
.1386566162
.1305389404
.1134185791
.1190948486
.1334838867
.1204223633
.1533203125
.1703186035
-.1818847656
-.1935882568
-.1934814453
-.1974639893
-.1844482422
.1782684326
.1771240234
.1681823730
.1789855957
-.1227416992
.1604614258
-.1645660400
.1030578613
-.1432037354
-.1166381836
.1550750732
-.1159362793
-.1395568848
.1394042969
-.1339111328
-.1270599365
.1071777344
-.1218109131
.1599273682
-.1118011475
.1444549561
.1797790527
.1618804932
-.1640472412
.1836395264
.1584472656
.1279602051
.1199798584
.1061859131
-.1227111816
-.1369018555
-.1166839600
-.1254272461
-.1136627197
-.1280364990
-.1120300293
-.1719970703
.1395568848
.1609649658
.1828002930
-.1478271484
.1421051025
-.1760101318
-.1674652100
-.1448974609
-.1533660889
-.1245727539
.1210174561
.1509857178
-.1493835449
-.1350708008
-.1394805908
.1243743896
-.1232452393
-.1410217285
-.0963439941
-.0976104736
.1360778809
-.1437988281
-.2027587891
-.1928100586
.1512298584
-.1205139160
.1823883057
.2204284668
-.2163391113
.2456817627
-.3073577881
-.3220825195
-.2655487061
-.2675018311
-.3156890869
-.2168121338
-.1406402588
.1688690186
-.1739501953
.2058715820
.1576232910
-.1859741211
-.2190856934
.1949615479
.1667327881
-.1752471924
-.1072235107
.1442413330
-.2061767578
-.2378692627
-.2011566162
.3024749756
-.2855377197
-.2451477051
.1856842041
.2085723877
.1474456787
-.1456909180
-.2082061768
.2443695068
-.1791992188
.2191162109
.2158966064
.1474609375
.1923675537
-.2064514160
-.1662597656
-.2214202881
.1591339111
-.2178497314
-.1823120117
-.1669769287
.2109222412
.2532653809
.2060089111
-.2505645752
.2945556641
-.1830139160
.2389373779
-.3096008301
-.2358093262
.2659454346
.2044067383
-.2136535645
.1730499268
-.2468719482
-.2179107666
-.2210235596
-.2201843262
.2061004639
.2379760742
-.2482452393
.2974700928
.2109985352
.1812591553
.1897583008
-.2246856689
.2774200439
.3018188477
.2485504150
.2088317871
.2280731201
-.1871795654
-.2084197998
.2048339844
-.2173309326
-.2153472900
.1958007813
-.2046508789
-.2467803955
-.2480621338
-.2369232178
.1486816406
.2180633545
.1864624023
-.1756896973
-.2783660889
.2220611572
.2461395264
.2300109863
.1948394775
.2499542236
.2213592529
.3273315430
.2481842041
.2626495361
.3024749756
.1927337646
.2011108398
.1652984619
.1742858887
.1991271973
.2383117676
-.1781311035
-.2254638672
.2801055908
-.2288513184
-.2298278809
-.2132110596
.2397766113
-.2636260986
-.2103424072
.1801605225
.1811523438
-.1916961670
.1937255859
.2148132324
.2691955566
-.2467346191
-.2359466553
-.2395629883
.2625274658
-.3070220947
.2622528076
.3196105957
.3240203857
.2086944580
.3085174561
.3198242188
.3044891357
-.3208923340
-.3320159912
.3368682861
-.3288726807
.3305358887
.3331604004
.3303985596
-.3218994141
-.2959289551
.2538757324
-.3073120117
.2548675537
-.2593841553
.2908172607
-.2614746094
-.2417297363
-.2096710205
.1831970215
.2672729492
.2366790771
.2906341553
.2468414307
.2334594727
.1769866943
.3085021973
.3151092529
.3162689209
.2036132813
.2453002930
.3120117188
.2369689941
.2579498291
-.2026672363
.2181091309
.2907714844
.2877197266
-.2827606201
.2412414551
-.3059539795
.2977447510
-.2627716064
.3194885254
-.2475280762
-.3019866943
-.2522125244
-.2323455811
-.2777252197
-.3047027588
.3139343262
.3206787109
.2799530029
.2714080811
.2819671631
-.2556152344
-.2979278564
.2571258545
.1964263916
.2277679443
-.2712554932
-.2230987549
.2299652100
-.3068847656
.3133850098
.3215942383
.3022918701
-.2683715820
-.2488555908
-.2191619873
-.2497406006
.3221282959
.3028259277
.2965850830
.2673492432
.2654571533
.3176727295
-.2459716797
.3251342773
.2191772461
-.3190917969
.3245239258
-.2404174805
-.2907867432
-.2094116211
.2914123535
.3316192627
-.3115386963
.2975311279
.3362731934
.3224029541
.3186187744
-.3043823242
.3032226563
-.2626342773
-.2291717529
-.2422332764
-.2593078613
.2300109863
.2817840576
-.3237762451
.2100677490
-.3038482666
-.2446746826
-.2155914307
.3049926758
-.1976623535
-.1870422363
-.3089294434
-.3030700684
.3154602051
-.2848510742
.3231048584
-.3149108887
-.3232574463
.3277435303
-.2059020996
-.3121795654
.2716979980
-.3070526123
-.2865753174
-.1811523438
-.1449432373
.2394256592
.3208312988
-.3184204102
-.2931365967
.3269348145
.2354278564
.3398284912
-.2075805664
.2767028809
-.2234039307
-.2172088623
-.2647857666
.2621307373
.3065032959
-.2391662598
-.3179626465
.2276306152
-.3222503662
.3342895508
-.3145294189
-.3072357178
.3194580078
-.3017425537
-.3100433350
.3265380859
.3272857666
.2596740723
-.3241119385
.3336334229
.1954040527
.3146362305
-.3336334229
-.3176422119
-.1642608643
.1928863525
-.2458801270
.2848663330
.3342895508
.3064117432
.1636505127
-.2685546875
-.2448730469
-.1669769287
-.3218841553
-.2223968506
.2167816162
-.0936279297
-.2344665527
-.1526336670
.1331176758
.2059478760
-.1437988281
.1072998047
.0928344727
.0936126709
.0814819336
.1240539551
-.0475311279
-.1165008545
.1226043701
-.0461578369
-.0637054443
-.0520935059
.0728607178
-.0398559570
-.0776824951
-.0408630371
.0497131348
-.0658874512
-.0538940430
-.0207214355
-.0359802246
.0196685791
-.0416412354
-.0236206055
.0251464844
.0249786377
-.0214996338
.0251770020
.0196990967
-.0246124268
.0151824951
.0131225586
.0284576416
-.0186920166
.0130767822
-.0162963867
.0145263672
.0296020508
.0084686279
-.0113830566
.0194244385
-.0227966309
.0106506348
.0092926025
-.0076904297
-.0129089355
.0104370117
-.0106811523
.0078125000
-.0086364746
.0064392090
.0085754395
-.0066680908
.0105743408
.0052947998
.0101623535
.0061645508
.0115509033
-.0064392090
-.0092315674
-.0037689209
-.0037384033
.0059967041
.0039825439
-.0042266846
-.0041656494
-.0048217773
.0055084229
-.0028533936
.0032501221
.0030517578
.0018310547
.0044097900
-.0027313232
-.0038452148
.0064697266
-.0048065186
-.0041046143
-.0028076172
.0034637451
-.0026245117
-.0028839111
-.0045013428
.0036773682
.0040283203
-.0017242432
-.0029296875
-.0024261475
-.0021820068
-.0021820068
-.0016632080
-.0024108887
.0030517578
-.0019836426
-.0030364990
-.0018768311
-.0026245117
.0017852783
-.0014343262
-.0018157959
-.0011444092
-.0023956299
.0012359619
-.0012664795
-.0008239746
-.0021820068
-.0008850098
-.0010681152
-.0015258789
-.0019836426
.0005187988
-.0010070801
.0004730225
-.0007629395
-.0005950928
.0005798340
.0009155273
-.0018768311
.0019989014
.0097045898
.0134124756
.0420837402
-.0632476807
-.0725555420
.0757446289
.0949401855
.1051788330
.0766296387
.0682373047
-.0393066406
-.0578918457
-.0921325684
-.0484466553
.0957183838
.0641632080
-.0920867920
.1129913330
.1444549561
-.1713256836
.1453247070
.1894378662
-.1545562744
-.1732788086
-.1705780029
-.1593933105
-.2583618164
-.2164764404
-.2001800537
.2402648926
-.2017059326
.1394042969
-.1618194580
.2387390137
-.2332153320
.1871490479
-.2097473145
.1939239502
.1708221436
-.1651000977
-.1617889404
-.2158813477
-.1740570068
-.2180328369
-.1906127930
.1906127930
.2485351563
-.2093811035
-.2889404297
-.3178710938
-.3067474365
-.2808380127
-.2291107178
-.3032836914
-.2812805176
-.3213195801
-.3235015869
-.3229522705
-.3238983154
-.3233642578
.2822113037
-.2823181152
.2941284180
-.2556457520
-.2063903809
-.1984252930
.2608184814
.2974090576
.2167968750
.2398681641
.2238616943
.2162780762
.1712341309
.1651000977
-.1905212402
.1580352783
.2060241699
-.1733703613
-.2301788330
-.1928100586
-.2453460693
-.2702484131
-.1603698730
-.2349090576
-.2169342041
.2279052734
-.2152557373
-.2224121094
-.2062988281
-.1580810547
.2075805664
-.1951446533
.1143646240
.1570129395
.2161865234
.1739044189
-.1096649170
-.1147613525
.1427764893
-.1666870117
.1328430176
-.1485290527
.1614379883
-.1601104736
-.1421813965
-.1117706299
-.1601257324
-.1712799072
-.2077789307
-.2610015869
-.2109832764
-.1947937012
.1891784668
.1389465332
.1331634521
-.1062164307
-.1773529053
-.2066040039
-.1334533691
-.1566009521
-.1665344238
-.1835937500
-.1682281494
.1501770020
.1499023438
-.1110076904
.1083068848
-.1754302979
-.1982421875
-.2546386719
.2113342285
-.1926879883
-.2539367676
-.2045593262
-.2386779785
.2005615234
.2191772461
.2124176025
.2101135254
-.1734313965
.1520538330
.1761474609
-.1838989258
-.2194366455
-.2210235596
.1686553955
.1997222900
.2697448730
.3152465820
.2324981689
.2708129883
.3164520264
.3084259033
.2759552002
-.2915649414
-.2966308594
-.3070068359
-.2699279785
.2241973877
-.2358093262
-.1839904785
.1735687256
.1867828369
.1847076416
.1868286133
.2078552246
.1814727783
.2485198975
.2477264404
-.2407836914
.2441406250
.2612762451
.2475585938
-.2048950195
-.1882171631
.1505737305
.1555786133
.1994628906
.1863403320
-.1703491211
-.2018280029
.1986846924
-.1927947998
.1959228516
.2186889648
.1904754639
.2322692871
-.1857757568
.2326507568
.2113037109
-.2730407715
.2777862549
.3091278076
.3139801025
.3302764893
.3182678223
.3305053711
-.2879943848
.3309631348
.2904205322
.3263397217
.3175964355
.3154602051
.3086700439
-.3087615967
-.2874450684
-.3041229248
-.2750396729
-.3059844971
.3271484375
.2278900146
.2917480469
.2683563232
-.2198333740
-.2189178467
-.2247619629
-.2996520996
-.2400665283
.1985626221
.2488098145
-.2468872070
-.3212127686
-.2926330566
.3187561035
-.2468872070
.2178039551
.2044677734
-.1617584229
.1498260498
.2185211182
-.2958984375
-.2255554199
-.2917633057
.3392181396
-.3301086426
.3074951172
.3415374756
-.3315582275
-.3257751465
.3366241455
-.3255615234
-.2011108398
.3346099854
.3429718018
-.3020019531
-.3051757813
.1792907715
.3334350586
-.1572570801
.2947387695
-.2555999756
.1890411377
-.1815643311
.2829742432
.2553253174
-.2660827637
.2319793701
-.3034820557
-.2789154053
.2697906494
-.3235626221
-.1676330566
.3292999268
.2191162109
.2498321533
-.2767486572
-.2659759521
.2295989990
-.2406311035
.1504974365
-.1075439453
.2896728516
-.2240600586
-.3030548096
-.2501068115
-.2127227783
.1918945313
-.2470855713
.3035736084
.2187500000
.2355194092
.3026885986
-.2283782959
.1983947754
.3002624512
.2471313477
.2704467773
.3258361816
-.2482147217
.2528839111
.2077941895
-.2618713379
-.2673339844
.3095092773
-.2096710205
.2260894775
.2545928955
.1383819580
-.2263031006
-.1867675781
-.2304077148
.2539825439
.2242889404
.3314361572
.1912536621
.1531066895
.2035369873
.2707672119
.2552947998
.2980651855
-.2511291504
-.1712036133
.2298278809
-.2362060547
-.2281036377
-.1774291992
.2489929199
.2958221436
.1863708496
.2693328857
.2785491943
.3117523193
-.1962127686
.2510986328
.2062225342
-.1615905762
-.2615814209
.1545104980
.1638488770
-.1973876953
-.1979064941
.1895141602
.2564544678
-.2600555420
.1511535645
-.2578887939
-.1642608643
.2653961182
-.2341613770
.1988067627
.2032165527
-.2239685059
-.1203765869
-.1369476318
-.1244659424
-.0942993164
-.0924224854
-.1385192871
.1172485352
-.0823211670
.0820312500
.1215362549
.0762329102
-.0751190186
.0758209229
-.1006317139
.0268859863
.0442962646
-.0673675537
.0645751953
.0589752197
-.0502166748
-.0360870361
.0592803955
.0388336182
-.0344238281
-.0302276611
-.0259704590
-.0421600342
-.0328216553
-.0226898193
-.0341949463
-.0211791992
.0271301270
-.0184936523
-.0235900879
.0160980225
.0228118896
.0110931396
.0137939453
.0183715820
.0266265869
.0163421631
.0174102783
.0195770264
-.0107269287
.0114440918
.0131835938
.0136413574
.0153198242
-.0161895752
-.0137634277
-.0115356445
-.0094757080
.0080566406
.0106353760
-.0115661621
.0058898926
-.0083007813
.0096893311
-.0056457520
.0018920898
.0076904297
-.0039825439
.0039978027
.0039062500
.0053558350
-.0028076172
.0031433105
.0034790039
.0022735596
.0046081543
.0047454834
-.0046539307
.0050659180
.0036163330
-.0026550293
-.0021972656
-.0031585693
.0039978027
.0027618408
-.0014038086
.0015106201
-.0010986328
-.0009918213
-.0014038086
.0007019043
.0011596680
-.0007781982
-.0010223389
