.0026397705
-.0032806396
-.0015869141
.0034027100
-.0022735596
.0038604736
-.0033874512
.0036926270
-.0024414063
-.0023345947
.0046386719
-.0033416748
.0031127930
.0017700195
.0019226074
.0064849854
-.0039825439
.0031738281
.0046081543
.0028381348
.0044708252
-.0056915283
.0063323975
-.0051116943
-.0045471191
-.0023498535
-.0042266846
.0049591064
-.0039215088
.0028839111
.0033416748
-.0031890869
.0015106201
-.0024108887
.0028533936
.0031280518
-.0016326904
.0032348633
-.0040435791
.0034484863
-.0031585693
.0034942627
.0026245117
-.0041198730
.0012054443
-.0038299561
.0040435791
.0041656494
-.0031280518
.0038604736
-.0023345947
.0042266846
-.0033264160
.0027008057
-.0024871826
.0031585693
-.0028839111
-.0029907227
-.0043334961
.0021514893
-.0040588379
.0030212402
.0029907227
.0012817383
-.0028076172
-.0061950684
.0027618408
-.0048065186
-.0026092529
-.0023345947
-.0028228760
.0021209717
-.0040740967
.0042419434
-.0012512207
-.0034179688
.0038757324
-.0033416748
.0048675537
.0030670166
-.0039978027
-.0020141602
.0034484863
.0041809082
-.0034484863
-.0068969727
.0370025635
-.0235900879
.0236816406
-.0207061768
-.0220184326
-.0191497803
-.0178070068
.0154418945
-.0119781494
.0109710693
.0151062012
-.0163116455
.0134887695
-.0152587891
.0130767822
-.0111694336
.0168457031
.0145568848
-.0149383545
.0138244629
.0144348145
-.0111846924
.0120239258
-.0153656006
.0122070313
-.0119934082
.0076141357
-.0106811523
-.0104827881
.0101470947
-.0098724365
.0076751709
.0122833252
.0085601807
-.0085144043
-.0148773193
-.0093688965
.0114288330
.0094909668
.0092773438
-.0085601807
.0094909668
.0093383789
-.0091247559
.0095367432
-.0072937012
.0090332031
-.0092468262
.0100402832
.0098724365
-.0130310059
.0111083984
-.0097351074
.0083618164
-.0090484619
-.0096740723
.0130004883
-.0091857910
.0102844238
-.0102233887
.0097351074
.0075531006
.0073699951
-.0076446533
-.0087280273
.0055847168
.0089569092
-.0061187744
.0083007813
-.0077056885
.0061035156
-.0063323975
-.0086059570
.0073242188
-.0073852539
.0076599121
-.0079650879
.0095977783
-.0075683594
-.0100250244
.0075378418
.0077514648
.0063781738
-.0077514648
-.0097961426
.0072631836
.0075225830
-.0087127686
.0073852539
-.0077362061
.0084838867
-.0086669922
.0076751709
.0095520020
-.0064392090
.0071258545
-.0068664551
.0078125000
-.0069122314
-.0066070557
-.0063476563
.0061187744
.0087585449
-.0076446533
.0049438477
-.0048065186
.0050201416
.0050964355
.0071868896
.0055694580
-.0067138672
-.0071105957
.0087890625
-.0060729980
.0054321289
-.0084228516
-.0070343018
.0101928711
-.0083007813
.0057067871
-.0070343018
.0085449219
.0088958740
-.0073547363
.0060882568
-.0077667236
.0079345703
-.0066070557
.0077514648
.0064544678
-.0066680908
-.0044250488
-.0045318604
.0079193115
.0068969727
-.0050354004
.0049896240
.0050659180
.0040283203
.0040740967
-.0079650879
.0061187744
-.0044250488
.0049438477
-.0043640137
-.0048675537
.0065307617
-.0049133301
.0070190430
-.0054626465
.0041961670
-.0061798096
-.0055084229
.0075378418
-.0072479248
-.0051727295
-.0053558350
-.0053100586
.0066528320
-.0050354004
-.0077972412
-.0046081543
.0101623535
.0121917725
-.0117034912
.0064544678
.0069732666
-.0105590820
.0087432861
-.0097045898
.0071411133
-.0169677734
.0272979736
-.0079956055
-.0221252441
-.0168762207
.0083770752
.0117492676
-.0113525391
.0102539063
.0184631348
-.0113525391
.0096282959
-.0070648193
-.0139465332
.0383300781
-.0181121826
.0147247314
.0110015869
-.0206756592
.0132293701
-.0131988525
.0149230957
-.0076446533
-.0123901367
.0096588135
-.0096282959
-.0160064697
-.0131225586
-.0323181152
.0181579590
.0180206299
.0297241211
-.0285797119
.0164489746
-.0127105713
-.0259399414
.0184020996
-.0096588135
-.0147857666
-.0146942139
-.0121002197
.0194091797
-.0121612549
-.0111999512
-.0059661865
.0123901367
.0123443604
-.0127410889
-.0617218018
-.0681915283
.0295104980
.0335845947
-.0175476074
-.0219268799
.0155029297
.0287170410
.0175781250
.0080108643
-.0093231201
-.0127868652
.0038452148
.0108947754
.0096435547
-.0169982910
.0072021484
.0141754150
.0075378418
-.0167236328
-.0094451904
.0128784180
.0100860596
.0152740479
.0148773193
-.0146942139
-.0078887939
.0102233887
.0159301758
-.0074462891
-.0150146484
-.0060729980
.0103607178
.0157470703
-.0107269287
-.0157012939
-.0064239502
.0134887695
.0231170654
-.0141601563
-.0082397461
.0063018799
.0158996582
.0121307373
.0092468262
-.0116729736
-.0124206543
.0120697021
.0076904297
-.0096740723
-.0171661377
.0098724365
-.0243988037
-.0367736816
.0334930420
.0220794678
-.0148468018
-.0152435303
.0187225342
-.0129547119
-.0228576660
-.0128326416
.0164337158
.0458374023
.0456390381
-.0591125488
-.0405120850
.0393066406
.0268707275
.0213317871
-.0284729004
-.0151519775
.0159759521
-.0118408203
-.0116577148
-.0206909180
.0173950195
-.0257873535
.0153350830
-.0135803223
-.0131988525
.0156250000
.0125885010
.0126647949
-.0129089355
-.0089416504
-.0167541504
.0155029297
.0118103027
.0200958252
.0229949951
-.0283355713
-.0207061768
.0186767578
.0141754150
-.0131530762
.0107421875
-.0162200928
.0148468018
-.0168914795
.0193939209
-.0087890625
.0131225586
-.0083618164
.0087738037
-.0111694336
-.0090789795
.0134124756
.0112915039
-.0196838379
.0095977783
-.0083923340
-.0110321045
.0054779053
-.0078735352
-.0082244873
.0108642578
-.0160522461
.0080108643
-.0098876953
-.0140838623
.0093231201
-.0130004883
.0071258545
-.0101165771
.0118713379
-.0179595947
-.0096435547
.0145263672
-.0061340332
-.0191955566
.0099792480
.0071868896
.0110473633
.0159454346
-.0102233887
.0052642822
-.0189361572
.0053405762
.0070190430
.0128784180
.0086975098
-.0106353760
.0140686035
.0079040527
.0078887939
-.0135192871
.0074005127
.0068206787
.0094451904
.0102386475
.0072784424
-.0093841553
-.0087738037
.0118255615
-.0120544434
.0090484619
-.0062103271
.0075225830
.0069885254
.0087127686
.0077056885
-.0138244629
.0073852539
-.0137023926
.0070800781
-.0161285400
.0127105713
.0086364746
.0124053955
.0132598877
.0130615234
.0068817139
.0107879639
.0080718994
-.0057067871
.0119781494
-.0083007813
.0066223145
-.0073699951
-.0094146729
.0084381104
-.0175018311
-.0049133301
.0100708008
-.0046386719
-.0121459961
.0116424561
.0084838867
.0064697266
.0184173584
-.0174255371
-.0129852295
-.0175781250
.0097198486
-.0122985840
-.0156097412
-.0142974854
-.0158233643
-.0135803223
-.0128173828
.0127105713
-.0115051270
.0068511963
.0112304688
-.0057067871
.0138549805
-.0096130371
-.0083312988
-.0126647949
.0055236816
-.0067749023
-.0055694580
-.0065155029
.0152130127
.0089874268
.0097503662
.0087585449
.0050048828
-.0152282715
-.0093078613
-.0132141113
-.0124511719
.0093688965
.0058441162
.0053253174
-.0061798096
-.0075378418
.0117340088
-.0078735352
.0052032471
-.0110015869
.0059051514
-.0152893066
.0084991455
.0091400146
.0056457520
-.0072021484
.0055084229
.0060272217
-.0072021484
.0091552734
-.0071105957
.0065002441
-.0059509277
-.0058593750
-.0049591064
-.0068511963
.0057678223
-.0087890625
.0083618164
-.0077514648
.0074768066
-.0121002197
.0115051270
-.0057067871
.0052185059
-.0123748779
-.0085449219
.0077209473
-.0122070313
.0043792725
-.0062561035
-.0072937012
-.0105285645
-.0040130615
-.0053558350
-.0066833496
.0074920654
-.0091705322
.0057830811
.0048828125
-.0101318359
-.0100250244
.0090789795
.0091247559
-.0073089600
-.0068054199
-.0023345947
-.0077667236
-.0061187744
-.0096130371
.0046844482
-.0116271973
.0093994141
.0056762695
.0038299561
-.0063018799
.0058593750
-.0060577393
.0102691650
-.0103149414
.0091400146
.0114135742
.0131988525
-.0126037598
.0060882568
.0081939697
-.0091094971
-.0102539063
-.0254821777
.0184478760
-.0172271729
-.0152893066
.0163574219
.0143432617
.0125579834
.0111083984
.0062255859
-.0080718994
.0102844238
-.0112915039
-.0123748779
.0091705322
.0062408447
.0092010498
-.0132293701
.0059356689
.0038604736
.0096435547
.0090179443
.0059661865
-.0057067871
-.0067901611
.0110168457
-.0062408447
.0056152344
-.0111999512
.0096588135
-.0096130371
.0111541748
-.0050811768
-.0092163086
.0106048584
-.0082397461
.0081939697
-.0061187744
.0087127686
-.0062866211
.0106506348
.0051574707
-.0082397461
-.0078582764
-.0093383789
.0092773438
.0078125000
.0098876953
-.0097198486
-.0065155029
.0128631592
.0057373047
-.0072784424
.0084838867
.0061798096
-.0107116699
.0096130371
-.0073242188
.0083923340
-.0065002441
.0077819824
.0098114014
-.0098571777
.0164489746
-.0117645264
.0102386475
.0053710938
.0114288330
-.0075531006
-.0079498291
-.0133819580
.0146942139
.0084228516
-.0070953369
-.0178375244
-.0097808838
.0061340332
-.0095214844
.0080413818
-.0113525391
.0124969482
.0089263916
.0107574463
-.0058441162
-.0075836182
.0072174072
-.0031738281
.0056304932
-.0082702637
-.0090332031
.0075225830
-.0089111328
.0157623291
-.0075988770
-.0091247559
.0099029541
.0064697266
.0109558105
.0045623779
.0057220459
-.0093383789
-.0090942383
.0068969727
-.0094757080
-.0057830811
-.0078430176
-.0071563721
.0156097412
.0188446045
-.0156555176
-.0081481934
.0101623535
.0078887939
.0126037598
-.0079193115
-.0093231201
-.0060119629
-.0096588135
-.0085754395
.0217590332
.0281372070
.0375366211
-.0273437500
.0278015137
-.0185852051
.0134735107
.0118103027
-.0165557861
.0090789795
-.0166015625
.0072326660
-.0161285400
.0118408203
.0054931641
.0131835938
-.0139312744
.0072479248
.0071105957
-.0119628906
-.0058135986
-.0089111328
.0083770752
.0106201172
-.0070190430
.0106964111
-.0122833252
.0060272217
-.0124206543
.0133972168
-.0054321289
.0049133301
-.0053100586
-.0057678223
.0057220459
-.0096740723
-.0076446533
.0128936768
.0121307373
.0055999756
.0057830811
-.0074615479
-.0056915283
.0105285645
.0080108643
.0114440918
-.0104827881
.0075378418
.0108184814
.0066375732
-.0099182129
-.0102081299
-.0103149414
.0067443848
.0068054199
.0099487305
-.0121459961
-.0098266602
.0138092041
-.0104522705
-.0092163086
.0060119629
-.0089874268
-.0035552979
.0086822510
.0067596436
-.0061492920
-.0089721680
.0088653564
.0068511963
-.0052490234
-.0082855225
.0074920654
-.0048980713
.0048522949
-.0080413818
.0061798096
-.0049896240
-.0060729980
-.0068817139
.0038757324
.0077209473
.0035552979
-.0047607422
.0030822754
.0069427490
-.0090332031
-.0056762695
.0066223145
.0076599121
-.0042877197
-.0078277588
-.0062866211
.0069580078
.0069732666
.0060272217
-.0038604736
-.0083465576
-.0042114258
-.0055236816
.0076293945
-.0042114258
-.0059356689
-.0059814453
.0084228516
.0074157715
-.0086669922
-.0050048828
.0073699951
.0091400146
.0079040527
-.0084381104
-.0058593750
.0096893311
.0212249756
-.0082702637
-.0120849609
-.0092010498
-.0103607178
-.0084838867
.0085906982
.0034332275
-.0059356689
-.0061798096
-.0064239502
.0054321289
-.0075378418
-.0045928955
-.0084381104
.0080108643
.0055694580
-.0059661865
.0026245117
.0056457520
.0061950684
-.0054168701
.0046386719
.0035400391
-.0048370361
.0055541992
.0061492920
.0022125244
-.0067443848
-.0056152344
.0053863525
-.0047454834
-.0047149658
.0045166016
.0020446777
-.0069427490
-.0036315918
.0035858154
.0044250488
-.0062866211
.0036010742
.0063171387
.0035095215
.0035705566
-.0058135986
.0037384033
-.0046691895
.0036926270
-.0034332275
-.0022583008
-.0023193359
-.0058441162
.0020904541
.0036010742
.0024414063
-.0033874512
-.0027008057
.0072937012
.0028839111
-.0044555664
-.0042114258
.0043182373
-.0035705566
.0032806396
-.0040740967
-.0030670166
.0027618408
.0018005371
.0034790039
-.0042877197
.0036926270
.0021820068
.0035400391
.0032806396
.0020904541
-.0017852783
.0042724609
-.0023193359
.0023651123
.0108032227
.0892791748
.0502014160
-.0610961914
-.0610961914
.0363006592
-.0290527344
-.0215911865
-.0187835693
-.0104370117
-.0115814209
-.0098266602
.0130004883
-.0132751465
.0241546631
-.0186920166
.0159912109
-.0094146729
.0124969482
-.0062866211
.0073547363
.0081176758
.0134582520
-.0133972168
.0207366943
-.0277099609
-.0166320801
.0123596191
-.0126800537
.0151367188
-.0130462646
.0168457031
-.0101470947
.0118865967
-.0118560791
-.0039520264
.0134887695
-.0094909668
-.0052337646
.0096435547
-.0075531006
.0105133057
-.0119323730
.0082397461
-.0128631592
.0028839111
.0062866211
-.0113220215
.0140380859
-.0095977783
-.0106658936
.0043487549
-.0027923584
.0065765381
-.0113372803
.0071563721
.0084838867
-.0063476563
.0053405762
-.0044708252
.0062561035
.0062713623
-.0045776367
.0033874512
-.0028381348
.0035705566
-.0039520264
.0024719238
.0022430420
-.0024414063
.0019683838
-.0018005371
.0014038086
.0011596680
-.0013885498
.0010070801
-.0014038086
.0005035400
-.0009460449
-.0007171631
.0009460449
-.0010833740
.0004119873
-.0002746582
.0001678467
.0001678467
-.0000610352
