-.0078887939
-.0064697266
.0097503662
.0090026855
-.0066375732
-.0153961182
.0137329102
.0162353516
.0204772949
-.0367431641
-.2359161377
-.1755676270
.2968444824
.1251525879
-.1126098633
-.1092376709
-.1048583984
.0831756592
.0828552246
.0863647461
.0681915283
.0530395508
-.0648803711
-.0541839600
.0707855225
.0643768311
-.0612792969
.1458587646
-.0811920166
-.0767974854
.0843200684
-.1163330078
.0953826904
-.0950164795
-.0751647949
-.0976867676
.1201934814
-.1009216309
.1430511475
-.1009521484
.1599884033
-.1354675293
-.1580810547
-.1504821777
-.1681823730
-.1570281982
.1647338867
-.1260833740
.1051788330
-.1399993896
-.1445465088
.1362609863
.1184234619
-.1608123779
-.1271209717
-.1078338623
.1053466797
.0894012451
-.0899810791
-.0955200195
-.0840911865
.1022186279
.0998840332
-.0949401855
-.1237640381
.1062622070
.1159362793
.0719909668
-.1093139648
-.0943145752
.0933227539
.0911407471
.1073150635
-.0753479004
-.0752868652
.1010894775
.0642242432
-.0625457764
-.0679016113
-.1121215820
.1096801758
.0753936768
-.0739593506
.1478729248
.0672454834
.0658874512
-.0655212402
-.0945587158
-.0764007568
.0773162842
-.0624389648
-.0736846924
-.1038360596
-.0629425049
-.0979156494
-.0722045898
.0585937500
-.0679168701
.0690917969
-.0821533203
-.1008758545
.0710601807
-.0944519043
.0809020996
-.0987548828
-.0781250000
-.0851287842
-.0927276611
.0821990967
-.1449737549
-.1229553223
.0902252197
.0753936768
.0843658447
-.1055603027
.0950317383
-.0686340332
.0797271729
-.0650329590
.0799255371
.1037750244
.0738067627
-.0672149658
.0860595703
-.0688476563
.0621643066
-.0740661621
-.0649261475
.0662078857
.0647888184
-.0644683838
-.0937347412
.1296997070
-.0743255615
-.0719757080
-.0726470947
.0665283203
-.0813293457
-.0502471924
-.0707244873
-.0672912598
.0709533691
.0675201416
-.0652770996
.0609283447
.0553588867
.0596771240
.0682373047
-.0744781494
.0535888672
-.0699005127
.0488433838
.0578308105
-.0933380127
.0886383057
.0807952881
-.0674743652
-.0571594238
.0924377441
.0675048828
.0788269043
.0826873779
.0814971924
.0640411377
-.0670318604
-.0800476074
-.0843658447
.0699005127
-.0701904297
-.0509796143
-.0811767578
.0879974365
.0652923584
.0621337891
-.0608978271
.0539398193
.0859222412
-.0531768799
-.0597381592
-.0753936768
.0525817871
-.0502319336
-.0670623779
-.0592956543
-.0462951660
-.0534362793
.0644683838
-.0901641846
-.0482940674
.0489349365
.0862121582
-.0728607178
.0467376709
.0749053955
.0860443115
-.0653839111
-.0600738525
-.0593109131
.0554504395
-.0703277588
-.0603485107
-.0904388428
.0690460205
.0948333740
-.0787658691
-.0590820313
.0424499512
-.0672302246
-.0748901367
.0511322021
.0670166016
.0433807373
.0693359375
.0927734375
.0482482910
.0443572998
.0415954590
-.0536956787
.0453643799
.0453338623
.0640563965
-.0679016113
.0616149902
-.0498504639
-.0586853027
.0613403320
-.0606994629
-.0726013184
-.0600433350
.0563507080
-.0608215332
-.0496368408
.0737915039
.0469360352
.0762329102
.0769042969
-.0648498535
.0680999756
.0653839111
-.0677185059
.0738372803
.0623016357
.0953979492
-.0611877441
.0700836182
.0691223145
-.0465240479
.0424499512
.0503082275
.0493927002
-.0451812744
-.0415649414
-.0486297607
.0484619141
-.0425262451
-.0407714844
-.0438385010
-.0536804199
-.0418243408
-.0541534424
-.0570068359
.0618286133
-.0721740723
.0635375977
-.0610046387
-.0669097900
.0505065918
.0506591797
-.0493469238
-.0694885254
.0619049072
.0578002930
-.0449523926
-.0593566895
.0737457275
.0614929199
-.0538940430
.0577087402
.0476379395
.0446166992
.0574493408
-.0465698242
-.0407257080
-.0413970947
.0457763672
.0473327637
-.0918273926
.0460510254
.0564270020
.0529785156
-.0639495850
.0501861572
.0469360352
.0419158936
.0549316406
-.0475463867
-.0489959717
-.0570983887
-.0483398438
-.0526885986
-.0622558594
.0384216309
-.0388031006
.0583801270
-.0622100830
.0484008789
.0403900146
-.0526123047
-.0536804199
-.0437927246
.0640869141
-.0557556152
.0440673828
-.0509796143
.0558776855
-.0489959717
.0457763672
.0369110107
.0292510986
-.0486907959
.0564270020
-.0473327637
-.0494689941
.0445556641
.0367889404
-.0395965576
.0319976807
.0599060059
-.0449523926
-.0411376953
.0384368896
-.0680694580
-.0618286133
.0725402832
-.0495758057
.0719604492
.0485229492
.0394744873
-.0412139893
.0584869385
.0534362793
.0301971436
-.0797424316
-.0537872314
-.0484466553
.0443115234
.0484771729
-.0383148193
-.0447387695
.0546112061
.0531616211
-.0650482178
-.0509948730
.0656738281
.0495452881
-.0447235107
.0437469482
-.0581054688
.0404052734
.0628356934
.0789947510
-.0520477295
-.0465087891
.0405273438
.0562438965
-.0429992676
.0557250977
.0509338379
-.0423278809
-.0708312988
-.0572052002
.0591125488
-.0497283936
.0406494141
-.0570831299
.0417327881
-.0639038086
-.0355377197
.0356750488
.0341491699
.0756072998
-.0620727539
.0469665527
-.0380859375
-.0330810547
-.0588378906
-.0474853516
-.0478668213
.0455627441
.0366821289
-.0514221191
-.0399475098
.0489501953
-.0408020020
.0456848145
-.0370941162
.0412292480
.0612335205
-.0454711914
-.0443878174
.0342254639
.0398559570
-.0508880615
-.0374450684
-.0245056152
.0379180908
.0383605957
.0290679932
.0609588623
.0483398438
-.0431671143
-.0225219727
-.0291595459
.0415954590
.0520324707
-.0472106934
-.0471191406
-.1020202637
-.0945587158
.0640869141
.0707397461
-.0837554932
-.0527496338
.0546112061
-.0620269775
-.0502166748
-.0476379395
.0475463867
-.0452575684
-.0341339111
-.0295715332
.0416107178
.0395355225
.0340576172
-.0249786377
-.0233001709
.0201416016
-.0423278809
-.0181884766
-.0186309814
.0174713135
-.0354309082
-.0279541016
.0209350586
.0168457031
.0228881836
-.0259399414
-.0232849121
-.0179595947
.0285186768
.0246429443
-.0389099121
-.0258636475
-.0193328857
-.0218963623
-.0235443115
.0210723877
.0287628174
.0193023682
.0190277100
-.0173339844
.0160522461
.0244445801
-.0173339844
-.0187530518
.0181884766
.0232543945
-.0188446045
.0312500000
.0183563232
.0546569824
-.0209503174
.0287170410
-.0313415527
-.0271148682
-.0203857422
-.0174255371
-.0196533203
.0222167969
.0188903809
-.0205688477
-.0235595703
-.0201263428
.0183563232
.0158538818
-.0174102783
.0124664307
.0228271484
.0187225342
-.0160827637
-.0157165527
.0125274658
.0170593262
.0161895752
-.0168762207
.0133209229
.0182495117
.0124969482
-.0126800537
-.0394744873
.0265350342
.0307006836
.0146484375
.0256195068
.0194396973
.0286560059
.0332183838
-.0156555176
-.0165100098
.0139923096
-.0141296387
.0134429932
-.0150756836
.0183105469
.0149383545
.0147552490
-.0234832764
-.0184631348
.0108795166
-.0107574463
.0114440918
-.0124206543
.0406341553
.0187377930
-.0164489746
-.0223693848
.0160980225
.0182495117
.0177612305
-.0150299072
-.0100097656
.0129089355
.0156555176
-.0222320557
.0130157471
.0167083740
-.0120849609
-.0171051025
-.0099182129
.0176544189
-.0166168213
.0307922363
-.0146636963
-.0156707764
.0198974609
-.0134124756
-.0160369873
-.0114746094
.0145111084
-.0175781250
-.0264739990
.0213470459
.0121917725
.0299682617
-.0106506348
-.0162353516
.0139312744
.0164337158
-.0195007324
-.0185852051
.0144805908
.0188446045
-.0122222900
-.0106658936
-.0399017334
.0218200684
.0228729248
-.0239562988
-.0235137939
-.0174407959
.0332336426
-.0219421387
-.0167846680
.0241699219
.0367126465
.0209655762
-.0330657959
.0182342529
.0238342285
.0207824707
-.0170593262
-.0219268799
-.0179595947
.0115966797
.0154876709
-.0190429688
.0113067627
.0239715576
-.0167999268
-.0211791992
.0129699707
.0309600830
.0192260742
-.0159759521
-.0135192871
.0156250000
.0178222656
.0279846191
-.0143432617
.0375061035
.0241851807
-.0213165283
-.0182189941
-.0214538574
.0170745850
.0151672363
.0117340088
-.0395965576
.0492248535
.0157012939
.0144958496
-.0124816895
-.0508575439
-.0230865479
.0160217285
.0403442383
-.0323486328
.0186309814
.0218811035
-.0363616943
-.0264129639
-.0124511719
.0434265137
-.0215301514
-.0196838379
-.0190734863
.0179595947
.0345001221
.0246887207
.0154418945
.0201721191
.0121459961
.0126953125
-.0131378174
-.0218353271
.0193023682
.0153350830
-.0155792236
-.0129394531
.0088653564
.0209503174
-.0128326416
-.0142059326
-.0116424561
.0200500488
.0197753906
-.0170898438
-.0278778076
.0250396729
-.0177612305
-.0179138184
-.0136260986
.0107421875
.0106811523
.0100250244
.0079040527
.0199432373
.0266265869
.0254821777
-.0206146240
-.0086364746
.0151672363
.0263214111
-.0305633545
-.0257568359
.0257568359
.0202331543
.0163879395
-.0160675049
.0398864746
.0301055908
-.0207214355
-.0165557861
-.0349426270
-.0347290039
.0206604004
-.0257415771
-.0215606689
.0204772949
-.0153198242
-.0174407959
.0162200928
-.0119781494
.0123901367
-.0125427246
-.0151824951
.0113372803
.0123748779
.0129089355
-.0097351074
-.0102844238
.0524139404
.0963745117
-.0251312256
-.0388946533
-.0221099854
.0201873779
-.0447845459
-.0288696289
-.0148620605
.0229187012
.0185394287
-.0162506104
-.0156097412
.0145721436
.0131072998
-.0438385010
-.0225677490
.0152893066
.0200653076
-.0176391602
-.0162200928
-.0149993896
.0365447998
-.0422668457
.0207824707
-.0358886719
-.0239562988
.0221710205
-.0240478516
-.0234832764
.0181121826
.0151824951
-.0220794678
-.0332641602
.0173645020
.0142059326
.0140075684
-.0353240967
-.0222625732
.0270080566
.0241394043
-.0197448730
-.0146636963
.0172729492
.0189666748
-.0132751465
-.0219573975
.0127410889
.0169982910
.0120239258
-.0139465332
-.0102844238
.0098724365
.0083007813
-.0086517334
-.0153656006
-.0160217285
.0137786865
.0079956055
-.0095977783
-.0271301270
.0140228271
.0126342773
.0129394531
-.0123748779
.0091552734
.0108947754
-.0094451904
-.0115509033
.0102539063
.0104675293
-.0093994141
-.0082092285
-.0065155029
.0077362061
.0099182129
-.0059356689
-.0088806152
.0106048584
.0087585449
-.0063781738
-.0080718994
.0058288574
.0087432861
.0048522949
-.0087738037
-.0093688965
.0104217529
.0093231201
-.0061798096
-.0086212158
.0044555664
.0099182129
-.0062713623
-.0081176758
-.0077819824
.0075225830
.0050201416
-.0070648193
.0070953369
.0084686279
-.0063323975
-.0061492920
-.0058746338
.0110626221
.0081481934
.0057067871
-.0051116943
-.0078735352
.0054779053
.0070953369
-.0065917969
-.0069122314
.0076446533
.0099182129
-.0078277588
-.0103607178
.0080718994
.0095214844
.0060729980
-.0064849854
-.0062866211
.0047760010
.0073547363
-.0048065186
-.0080108643
.0077362061
.0078277588
-.0061798096
-.0099639893
-.0060272217
.0111236572
-.0062255859
-.0071105957
-.0072021484
.0068817139
.0075683594
-.0052185059
-.0070953369
.0062866211
.0089721680
-.0049285889
-.0054321289
-.0057373047
.0093841553
.0102996826
-.0072937012
-.0058898926
.0082244873
.0095825195
-.0067596436
-.0092315674
-.0049743652
.0077972412
-.0045471191
-.0066375732
.0058135986
.0066680908
-.0064697266
-.0055847168
-.0061645508
.0077972412
.0072784424
-.0062866211
-.0071868896
.0056915283
.0079803467
-.0062866211
-.0057373047
.0053253174
.0077514648
.0057525635
-.0058746338
-.0039520264
.0058746338
.0064849854
-.0052337646
-.0066223145
.0063934326
.0059204102
-.0056762695
-.0088500977
-.0085601807
.0084838867
.0057220459
-.0070495605
-.0068054199
.0072937012
.0073547363
-.0072784424
-.0051269531
.0036163330
.0081634521
.0055999756
-.0073242188
-.0035705566
.0049591064
-.0032958984
-.0062561035
-.0077819824
.0087432861
.0079956055
-.0066986084
-.0083923340
.0049591064
.0081481934
-.0045318604
-.0071411133
.0048370361
.0066680908
.0046081543
-.0096740723
-.0061645508
.0094299316
.0051879883
-.0057067871
-.0076141357
.0065002441
.0070953369
-.0048828125
-.0073699951
-.0052947998
.0077056885
.0068664551
-.0079498291
-.0068054199
.0077056885
.0070953369
-.0070953369
-.0050811768
.0072479248
.0085296631
.0057373047
-.0084533691
-.0061950684
.0074157715
-.0068511963
-.0043792725
-.0066223145
.0045013428
.0080718994
-.0059204102
-.0102081299
-.0062103271
.0077056885
.0065765381
-.0079956055
-.0061645508
.0086517334
.0084533691
.0044860840
-.0092773438
.0057525635
.0061340332
.0044250488
-.0069732666
-.0076904297
.0085906982
.0062255859
-.0049438477
-.0065765381
-.0054626465
.0098876953
.0063781738
-.0051269531
-.0048370361
.0052490234
-.0079193115
-.0096282959
.0061645508
.0067291260
-.0063323975
-.0074615479
-.0062255859
.0067443848
.0050811768
-.0060577393
-.0067596436
.0050048828
.0083007813
-.0046081543
-.0075531006
-.0062103271
.0065155029
.0054473877
-.0062103271
-.0057373047
.0038146973
.0074005127
-.0062103271
-.0075531006
.0053100586
.0063018799
.0059967041
-.0063629150
-.0081634521
.0055847168
.0057373047
-.0069122314
-.0055236816
-.0086517334
.0050048828
.0057373047
-.0055847168
.0050048828
.0077819824
-.0059967041
-.0113677979
-.0068969727
.0089263916
