-.0001220703
.0009307861
.0021972656
-.0018768311
.0018157959
.0023193359
-.0017700195
.0043487549
.0048828125
.0045318604
.0062103271
.0045928955
.0067443848
-.0067291260
-.0069427490
.0105743408
-.0072479248
.0081939697
.0089111328
.0113677979
.0118408203
.0145263672
.0153961182
.0129699707
.0139617920
.0152130127
-.0206298828
-.0208435059
.0140838623
.0218353271
-.0135955811
.0256958008
-.0217590332
.0206909180
.0096130371
.0110168457
-.0236053467
.0240173340
.0245819092
-.0251464844
-.0212402344
-.0263977051
.0158233643
-.0229339600
-.0197906494
.0225677490
.0162048340
-.0226135254
-.0236206055
.0147705078
.0161437988
-.0192565918
.0147857666
.0172882080
-.0118255615
.0129852295
-.0115966797
.0137939453
-.0167694092
.0269012451
.0165252686
.0167388916
.0252227783
-.0193786621
-.0186004639
.0171661377
-.0105743408
-.0312957764
.0089263916
.0167236328
-.0193023682
.0163269043
.0158691406
.0112304688
-.0164337158
-.0163574219
-.0143737793
-.0167236328
-.0149383545
.0175781250
.0125885010
-.0119018555
-.0178833008
.0115661621
.0109252930
-.0105743408
.0116424561
-.0202484131
.0141448975
.0140533447
.0200805664
.0173797607
.0131530762
.0168304443
.0134429932
-.0110015869
.0110015869
-.0106506348
.0190887451
-.0149383545
.0180664063
.0104980469
.0142211914
.0129547119
-.0087585449
.0178222656
-.0116577148
.0141296387
.0156860352
.0153198242
.0174865723
.0157928467
-.0168609619
-.0240325928
-.0202331543
.0166473389
.0130004883
-.0169677734
-.0136260986
.0184326172
.0165710449
.0214996338
.0103149414
-.0159454346
.0158233643
-.0266265869
.0113677979
-.0243225098
-.0199127197
-.0190124512
.0217742920
-.0144042969
.0182189941
.0126342773
.0152435303
-.0100708008
.0127868652
.0149688721
-.0136718750
-.0110473633
-.0113067627
.0114746094
-.0088500977
.0108032227
.0126342773
.0137939453
-.0105133057
-.0116729736
-.0187530518
-.0134429932
-.0144348145
-.0174560547
-.0220336914
.0174713135
-.0190429688
-.0187377930
.0124969482
.0128784180
-.0112457275
.0114440918
.0178527832
.0082244873
.0111541748
-.0146636963
.0119018555
.0094909668
.0168762207
.0150299072
-.0135040283
-.0136718750
-.0101928711
.0126037598
-.0099792480
.0133972168
-.0167236328
.0109558105
-.0097961426
.0092163086
-.0083618164
-.0077819824
-.0088958740
-.0074005127
.0147247314
.0105438232
-.0110473633
.0107879639
.0092315674
.0093231201
-.0138092041
.0151824951
-.0156555176
-.0172882080
.0195922852
.0258331299
.0162353516
-.0252838135
.0283203125
.0240936279
.0330047607
-.0164184570
.0267639160
-.0164794922
.0238494873
.0173950195
.0183715820
.0161895752
.0128021240
.0178070068
.0152435303
.0192871094
.0381317139
.0251464844
.0258178711
-.0161285400
.0179443359
.0212860107
-.0228576660
.0279846191
.0316619873
-.0224761963
-.0230712891
.0162506104
.0194396973
.0220794678
-.0200805664
-.0251922607
.0193176270
.0197601318
.0149688721
.0242462158
-.0177459717
.0292358398
.0262603760
.0190429688
-.0238952637
.0193176270
.0163726807
-.0122070313
.0133361816
-.0172882080
-.0129699707
.0200958252
.0160675049
.0078887939
-.0090179443
-.0175323486
.0177612305
.0230255127
.0224304199
-.0272369385
-.0282287598
.0283203125
.0359649658
.0326232910
.0293426514
-.0389556885
-.0384674072
.0332946777
.0498199463
.0282592773
-.0212097168
.0168151855
-.0136260986
-.0091400146
.0121612549
.0198669434
.0089111328
.0114440918
.0108337402
-.0117797852
.0144958496
.0144500732
.0171203613
.0149383545
.0157623291
-.0206604004
.0197448730
.0204315186
-.0151519775
.0163574219
.0096435547
-.0141601563
-.0110473633
.0124969482
.0118255615
.0156555176
.0105895996
.0167236328
-.0161437988
-.0107727051
-.0131225586
.0155181885
.0189208984
.0208740234
.0136871338
-.0111846924
-.0128936768
-.0139923096
.0102844238
.0181274414
.0173034668
.0232543945
-.0207824707
-.0126953125
-.0124053955
.0181884766
.0147399902
.0251159668
.0191802979
.0246276855
.0178985596
.0196380615
-.0160827637
.0209197998
.0151367188
.0161437988
.0156555176
-.0120849609
.0133819580
-.0133514404
-.0096435547
-.0152435303
.0129241943
.0135498047
.0118255615
.0125579834
.0101623535
.0134582520
-.0123443604
-.0127258301
.0121612549
.0148773193
.0143890381
.0130310059
.0091400146
-.0068511963
.0109558105
-.0145568848
.0132293701
.0129547119
.0116882324
.0100555420
.0104064941
-.0209045410
.0104370117
-.0091857910
.0078277588
.0114746094
.0152130127
.0139617920
-.0139007568
.0175323486
-.0145111084
-.0146636963
-.0138702393
-.0222778320
.0115814209
-.0152282715
.0150299072
-.0166320801
.0083770752
.0103912354
.0163421631
.0121459961
.0100250244
.0153808594
-.0143585205
-.0091857910
.0131378174
-.0152587891
.0127105713
.0118713379
.0128173828
.0095520020
.0077819824
.0113067627
-.0093231201
-.0131683350
.0140533447
.0096282959
-.0107574463
.0119781494
-.0079956055
-.0142974854
-.0094757080
.0139312744
-.0152740479
-.0087890625
.0131378174
.0099945068
.0129394531
-.0124816895
.0101623535
.0119628906
-.0172271729
-.0137786865
-.0202636719
.0155792236
-.0099182129
-.0108489990
.0124511719
-.0145874023
.0141143799
.0081787109
.0116577148
-.0083770752
.0099945068
.0131988525
.0135345459
.0105743408
.0108337402
.0133514404
.0134429932
.0151519775
.0125885010
.0119171143
-.0180969238
.0176391602
.0139923096
-.0126342773
.0144042969
-.0124053955
.0129089355
.0167236328
.0130004883
-.0140686035
-.0092773438
.0126342773
-.0119476318
.0134277344
-.0176544189
.0137634277
.0133056641
.0107116699
.0098266602
.0138244629
.0102691650
.0118865967
-.0090332031
.0141296387
.0090026855
.0126953125
.0097961426
.0163879395
-.0141601563
.0117645264
.0172882080
.0154418945
.0093536377
.0143890381
.0106048584
.0100402832
.0111541748
.0067901611
.0091247559
.0102844238
-.0094146729
-.0106811523
.0098114014
-.0107879639
.0106353760
.0125122070
.0103149414
.0099792480
-.0081024170
.0103149414
-.0122222900
.0109405518
.0112609863
.0127563477
-.0098571777
.0110321045
-.0139465332
.0108489990
.0091705322
-.0140228271
.0105285645
-.0084228516
-.0102386475
.0105285645
.0119781494
-.0081939697
.0110168457
.0074157715
-.0089263916
-.0071105957
.0151367188
.0115661621
.0075225830
-.0087890625
-.0104522705
.0142517090
-.0075225830
-.0109863281
.0101928711
.0086364746
-.0079650879
.0122833252
.0085906982
.0101928711
.0109710693
.0064392090
-.0077209473
-.0107116699
.0086517334
.0146789551
.0108337402
.0123596191
.0155487061
.0108337402
-.0123748779
.0125122070
-.0115051270
-.0149078369
.0137329102
.0109252930
.0092468262
-.0113983154
.0074768066
.0106658936
.0083160400
.0114440918
.0120086670
.0102386475
.0072937012
-.0071868896
.0108947754
.0109252930
-.0106506348
.0120544434
-.0156097412
-.0106964111
.0092315674
.0133819580
.0160675049
.0118255615
.0122985840
.0091094971
.0171203613
-.0102844238
-.0111083984
.0123748779
.0146942139
.0077514648
.0087890625
-.0096893311
.0084228516
-.0101165771
.0155029297
.0128326416
-.0079956055
.0088195801
-.0110168457
-.0159912109
-.0120544434
-.0096435547
.0069885254
.0097656250
.0108337402
.0096740723
.0063018799
-.0056304932
-.0074005127
-.0108184814
.0062255859
-.0090789795
.0081787109
.0097808838
-.0081024170
.0072326660
.0110168457
.0090026855
.0101470947
.0108489990
.0067291260
.0083465576
.0083160400
-.0061950684
-.0092620850
.0178375244
.0103759766
.0116882324
-.0086517334
-.0072784424
-.0167083740
.0115966797
.0130157471
.0113220215
-.0076904297
-.0127563477
-.0106353760
.0129547119
.0135498047
.0095520020
.0128326416
-.0162811279
.0173492432
-.0165252686
-.0089416504
.0124359131
-.0115051270
.0176086426
.0191955566
.0185089111
.0155639648
.0215759277
-.0173797607
.0153350830
.0182037354
.0149230957
.0144500732
-.0116882324
.0113067627
-.0134887695
.0183715820
.0222625732
-.0170135498
.0124816895
.0148468018
.0136718750
.0171661377
.0212402344
.0170288086
.0144500732
-.0121917725
-.0107727051
.0119476318
.0167846680
.0163574219
.0193786621
.0119323730
-.0109252930
-.0107574463
-.0076141357
.0132293701
.0192718506
.0155792236
.0168762207
.0102386475
.0138397217
.0132598877
.0090332031
.0133056641
-.0137329102
-.0071716309
.0073852539
-.0124816895
-.0072021484
-.0111541748
.0068206787
-.0078887939
.0116577148
.0108032227
-.0082550049
.0093841553
.0093231201
.0119628906
.0133361816
.0117950439
.0101623535
.0105743408
.0119323730
.0106506348
.0170745850
.0139007568
-.0116729736
.0126037598
.0215606689
-.0292816162
-.0206604004
.0214843750
.0220336914
-.0132293701
-.0134887695
.0133666992
.0127563477
.0119476318
.0107269287
.0135498047
.0093688965
.0116577148
.0127258301
-.0088806152
.0107574463
-.0132904053
.0086517334
.0115051270
.0088195801
.0130615234
-.0074157715
.0116882324
-.0112762451
.0112152100
-.0106353760
.0138244629
.0110778809
.0105133057
.0163421631
.0143280029
-.0128326416
-.0199737549
-.0181274414
.0197143555
-.0227966309
-.0224151611
.0140991211
.0158233643
.0348510742
-.0248260498
-.0432434082
-.0331268311
-.0231933594
.0310668945
.0196990967
.0159912109
.0125427246
.0094909668
.0129394531
.0152740479
.0102081299
-.0113067627
.0137481689
-.0086364746
-.0180664063
.0156555176
.0153350830
-.0191040039
.0216217041
.0101928711
.0099334717
.0110015869
-.0126647949
-.0110626221
-.0124053955
.0094146729
.0120391846
-.0115814209
.0092620850
.0099792480
.0114746094
.0141143799
.0127258301
.0099639893
-.0119781494
.0130462646
.0229949951
.0211334229
-.0176239014
.0223236084
.0236816406
-.0198211670
.0189971924
.0216217041
.0210113525
.0320739746
.0423583984
.0200805664
.0397796631
.0332641602
.0325927734
.0238647461
.0217742920
.0276184082
.0418701172
-.0738983154
-.0683898926
-.0521392822
.0164794922
.0182647705
-.0116577148
-.0099639893
.0115203857
.0184478760
.0085906982
.0119018555
-.0125274658
.0140686035
.0199432373
-.0133972168
.0195922852
.0160827637
.0167541504
.0103302002
.0192718506
-.0216674805
-.0242156982
.0150756836
.0135345459
.0118713379
.0141754150
.0159454346
-.0164642334
.0181884766
.0127563477
-.0114135742
.0110778809
.0134124756
.0106353760
.0172729492
-.0158843994
.0134887695
-.0214385986
.0124206543
-.0204925537
.0159149170
.0193328857
-.0213775635
.0256195068
.0240631104
.0282440186
-.0357818604
.0262908936
.0332946777
.0248413086
-.0206909180
-.0207672119
.0206909180
.0142059326
.0153656006
-.0142669678
.0182342529
.0192413330
-.0189514160
-.0247802734
-.0217590332
.0169525146
.0100250244
-.0149688721
.0158691406
-.0158996582
.0180511475
.0176544189
.0259552002
.0249633789
.0211486816
-.0214843750
.0216369629
.0154876709
.0171203613
-.0198822021
-.0155944824
.0248107910
-.0254058838
.0160217285
-.0271453857
.0119018555
.0076141357
.0141906738
.0128173828
-.0097503662
.0085754395
.0070648193
.0123291016
.0092315674
.0129394531
.0155792236
-.0227203369
-.0173492432
.0110778809
.0162658691
-.0267486572
.0196228027
.0096435547
-.0137481689
.0143890381
.0150451660
.0134735107
-.0113677979
.0192260742
-.0144805908
.0170440674
-.0244445801
.0184173584
.0163269043
.0166625977
.0176391602
-.0196685791
.0271911621
-.0154266357
.0245971680
-.0337219238
-.0204315186
-.0173187256
.0134582520
-.0130615234
.0172424316
.0149841309
-.0165557861
.0077819824
.0103912354
.0132598877
-.0116424561
.0124969482
-.0135955811
-.0109252930
-.0087585449
-.0061798096
.0092315674
.0073852539
.0097503662
.0077667236
-.0081024170
.0055236816
-.0051116943
.0080261230
.0055084229
.0058898926
-.0064239502
.0072631836
.0073089600
.0066833496
.0084686279
.0142974854
.0084533691
-.0113067627
-.0098114014
-.0150146484
-.0181121826
-.0215911865
-.0204925537
.0148620605
.0172729492
-.0158996582
-.0115966797
-.0180206299
-.0127258301
-.0115203857
-.0102081299
.0119018555
-.0057678223
.0127563477
-.0126190186
.0166931152
-.0099792480
.0117797852
-.0110015869
.0045471191
-.0063629150
.0080108643
.0042419434
-.0064239502
.0044250488
.0080261230
.0062561035
.0091552734
.0088500977
.0071258545
-.0060729980
.0047149658
-.0041961670
-.0052490234
-.0025024414
-.0030670166
.0032043457
.0054168701
.0045776367
.0034637451
-.0048217773
.0057678223
-.0048217773
-.0038757324
.0043029785
.0043487549
.0031585693
.0030670166
.0022888184
-.0026702881
.0032348633
-.0040283203
.0023345947
.0032196045
.0017547607
.0019073486
-.0021362305
.0019531250
.0018157959
.0018005371
.0021057129
-.0030975342
.0022430420
-.0016479492
-.0017395020
.0022888184
-.0009460449
.0009765625
-.0011444092
-.0011444092
.0008544922
-.0006103516
.0006256104
.0011291504
-.0009002686
.0006408691
.0006256104
.0006713867
-.0004425049
.0005798340
.0006561279
-.0004272461
.0002746582
.0001983643
.0001068115
.0000305176
