-.0005340576
.0006256104
.0007019043
-.0007171631
-.0004119873
-.0008087158
.0008392334
.0008239746
-.0006103516
-.0006561279
.0010528564
.0006256104
-.0009155273
-.0007934570
-.0006713867
.0005950928
.0009460449
-.0007629395
-.0008850098
.0009002686
.0009765625
.0009918213
-.0010986328
.0008697510
.0007934570
-.0007934570
-.0013122559
.0007324219
.0006713867
.0006713867
-.0005950928
-.0007934570
-.0007019043
.0013275146
.0011291504
-.0010375977
-.0010070801
-.0008544922
.0007629395
.0010528564
-.0010833740
.0010986328
.0005950928
-.0010528564
-.0008392334
-.0009002686
.0008239746
.0008697510
.0008239746
-.0005493164
.0005493164
.0007629395
.0005493164
.0006713867
-.0011444092
-.0007934570
.0010223389
.0013732910
-.0007171631
-.0010681152
.0012207031
-.0009002686
-.0009307861
-.0009002686
-.0012359619
.0011596680
-.0014648438
-.0009002686
-.0010223389
.0008850098
-.0007324219
.0008392334
-.0007629395
-.0008850098
.0009155273
-.0016632080
.0012207031
-.0009460449
.0009307861
-.0012664795
.0015106201
-.0013885498
-.0009613037
.0008239746
.0010528564
.0005645752
-.0012664795
.0012817383
.0013580322
.0006408691
-.0006866455
.0010223389
.0010070801
.0013580322
.0008544922
.0012207031
-.0009155273
.0006256104
.0009765625
-.0008850098
-.0009307861
.0014953613
.0010070801
-.0008087158
-.0007171631
-.0018615723
.0010833740
-.0015106201
.0016021729
-.0013122559
.0014038086
-.0013885498
.0014495850
-.0011901855
.0014343262
-.0016174316
.0014343262
-.0012359619
.0013732910
-.0005645752
.0016632080
-.0009155273
-.0019226074
.0017242432
.0012969971
.0009155273
-.0026397705
.0012207031
.0015869141
-.0006713867
.0013122559
-.0012817383
.0012969971
-.0017395020
.0010375977
.0009460449
-.0014801025
.0011596680
.0019531250
.0011901855
-.0019073486
-.0012054443
.0015563965
-.0019989014
.0015869141
-.0016479492
.0024414063
.0014343262
-.0011444092
.0013427734
-.0023498535
.0019531250
.0013427734
-.0030517578
.0015869141
-.0009918213
-.0008544922
.0021667480
-.0013122559
.0018920898
.0013885498
.0012664795
-.0016021729
-.0016021729
.0023040771
.0019836426
-.0025787354
.0010223389
.0022430420
-.0018768311
.0020446777
.0012512207
-.0033569336
.0022583008
.0017547607
-.0035247803
.0010070801
.0014190674
-.0025787354
.0028686523
-.0012359619
-.0034637451
.0015258789
.0012512207
-.0029907227
.0009002686
-.0009460449
-.0030975342
.0021972656
.0014343262
-.0036163330
.0021820068
.0031738281
-.0042266846
.0017852783
.0030364990
-.0016174316
.0016174316
.0014801025
.0017852783
.0016784668
-.0010833740
.0023651123
-.0013580322
-.0046844482
.0033569336
.0026092529
-.0057678223
.0015869141
.0026550293
-.0028381348
.0026245117
-.0031127930
.0022583008
.0021057129
-.0038757324
.0019989014
.0022583008
-.0033111572
.0018310547
-.0016632080
.0022125244
-.0020141602
-.0048370361
.0026397705
.0026855469
-.0039520264
.0021972656
-.0037384033
.0034942627
.0019989014
-.0067901611
.0028076172
.0023803711
.0033264160
.0019073486
-.0069274902
.0035552979
.0032501221
-.0029602051
.0018005371
-.0070648193
.0040740967
.0027313232
-.0025787354
-.0025787354
-.0058288574
.0036926270
.0032653809
-.0030059814
.0024261475
-.0064086914
.0047760010
.0031890869
.0021820068
.0030059814
-.0068664551
.0038909912
-.0054473877
.0048217773
.0034027100
-.0055236816
.0022583008
-.0075988770
.0041809082
.0037994385
.0037078857
.0030975342
-.0060729980
.0034484863
-.0072021484
.0046844482
.0048065186
.0036773682
.0035552979
-.0063781738
.0034179688
-.0088958740
.0046997070
-.0023651123
.0050048828
.0035400391
-.0025634766
.0034942627
-.0094604492
.0032806396
-.0079345703
.0059967041
.0029754639
.0036010742
.0062866211
-.0032958984
.0046691895
-.0083923340
.0027008057
-.0089416504
.0042114258
-.0050354004
.0047302246
.0049896240
.0054626465
.0043182373
-.0028533936
.0051727295
-.0053863525
.0052947998
-.0107879639
.0034332275
-.0078887939
.0035400391
-.0076141357
.0051574707
-.0087432861
.0053405762
-.0035400391
.0048217773
.0035858154
.0039367676
.0063018799
.0047607422
.0032958984
.0044097900
.0053100586
.0027618408
.0047912598
-.0052642822
.0045166016
-.0044097900
.0057830811
-.0070800781
.0064392090
-.0077056885
.0042572021
-.0067138672
.0053405762
-.0087585449
.0070190430
-.0083160400
.0043945313
-.0078277588
.0052185059
-.0067138672
.0066986084
-.0083923340
.0050201416
-.0044097900
.0080718994
-.0036621094
.0061645508
-.0030059814
.0063629150
.0054626465
.0055999756
.0078277588
.0082092285
.0083770752
-.0072479248
.0072021484
-.0126495361
.0072937012
-.0134582520
.0081024170
-.0117340088
.0067443848
-.0111999512
.0095977783
-.0088806152
.0074920654
.0039978027
.0070495605
.0068817139
-.0076141357
.0074768066
-.0125427246
.0071563721
-.0150604248
.0086212158
-.0121154785
.0075225830
-.0044860840
.0077819824
.0062561035
-.0108642578
.0074462891
-.0111541748
.0074005127
-.0099945068
.0075225830
.0047454834
.0065917969
.0052795410
-.0108947754
.0079956055
-.0131072998
.0071868896
-.0047912598
.0058898926
.0061187744
-.0119934082
.0061187744
-.0100250244
.0062103271
-.0073699951
.0090942383
.0060424805
-.0092620850
.0060882568
-.0119781494
.0085144043
-.0036315918
.0045166016
.0065307617
-.0127563477
.0079345703
-.0090179443
.0052642822
.0057220459
-.0097045898
.0066833496
-.0094299316
.0059204102
.0047607422
-.0098724365
.0069885254
-.0115203857
.0074005127
.0045623779
-.0101623535
.0080871582
-.0103149414
.0068054199
.0051116943
-.0090484619
.0071868896
-.0117950439
.0070343018
.0045471191
-.0106658936
.0063934326
-.0073547363
-.0048828125
.0046539307
-.0092773438
.0069122314
.0041503906
-.0085296631
.0069580078
-.0080413818
.0072479248
.0060424805
-.0095825195
.0079498291
-.0043487549
-.0084533691
.0061340332
-.0051422119
.0042419434
.0072631836
-.0098419189
.0042266846
.0049896240
-.0080718994
.0078125000
-.0041656494
-.0083007813
.0084075928
-.0080871582
.0062255859
.0069885254
-.0079803467
.0048217773
.0065155029
-.0093383789
.0063476563
.0046691895
-.0074920654
.0062713623
.0059204102
-.0070343018
.0059051514
-.0055389404
-.0070343018
.0071411133
-.0052337646
-.0043182373
.0053100586
-.0076904297
.0029296875
.0062408447
-.0084075928
.0041046143
.0061798096
-.0057830811
.0052185059
.0062408447
-.0093536377
.0048828125
.0070495605
-.0095825195
.0062561035
.0060577393
-.0093231201
.0084228516
.0081481934
-.0129394531
.0077209473
.0060882568
-.0121459961
.0114288330
.0065917969
-.0123901367
.0106658936
.0083618164
-.0176696777
.0117797852
.0084991455
-.0171203613
.0164031982
.0118408203
-.0157470703
.0099029541
.0131835938
-.0201110840
.0097351074
.0124969482
-.0162658691
-.0193328857
.0179138184
-.0084228516
-.0212402344
.0196838379
-.0122680664
-.0254211426
.0196533203
.0135040283
-.0290832520
.0235290527
.0128021240
-.0298767090
.0275878906
.0217590332
-.0276184082
-.0212249756
.0271453857
-.0241851807
-.0325164795
.0362396240
-.0140228271
-.0410003662
.0372161865
.0173339844
-.0412445068
.0371551514
.0273895264
-.0373229980
-.0411376953
.0492248535
-.0294952393
-.0502624512
.0506286621
.0175781250
-.0601959229
.0503387451
.0359649658
-.0511169434
-.0472412109
.0410766602
-.0332946777
-.0615386963
.0643768311
.0264282227
-.0604248047
.0675659180
.0504150391
-.0503997803
-.0517272949
.0529327393
-.0198516846
-.0679473877
.0545654297
.0315246582
-.0631103516
-.0636138916
.0658111572
-.0262145996
-.0621948242
.0715789795
.0380859375
-.0505218506
-.0486297607
.0549926758
-.0270385742
-.0531311035
.0567932129
.0340576172
-.0534667969
-.0433654785
.0635223389
-.0241851807
-.0554351807
.0553436279
.0352478027
-.0437011719
-.0496368408
.0452728271
.0172424316
-.0450592041
.0382995605
.0294494629
-.0249786377
-.0425720215
.0476379395
.0186767578
-.0344543457
-.0331573486
.0496673584
.0140228271
-.0335235596
.0448760986
.0389404297
-.0222778320
-.0278320313
.0406494141
.0195007324
-.0274810791
-.0247039795
.0361022949
-.0118560791
-.0298004150
.0251007080
.0347442627
-.0173950195
-.0289459229
.0305480957
.0249023438
-.0181579590
-.0267486572
.0269775391
.0108795166
-.0202941895
-.0198822021
.0221405029
.0057525635
-.0177917480
-.0127716064
.0189361572
-.0100708008
-.0144653320
.0146789551
.0153808594
-.0112915039
-.0135498047
.0169067383
.0137023926
-.0105743408
-.0130767822
.0200042725
.0090942383
-.0115966797
-.0109100342
.0168304443
.0055999756
-.0092315674
-.0095214844
.0133819580
.0052795410
-.0089263916
-.0066680908
.0115356445
-.0050048828
-.0065002441
-.0033111572
.0097656250
-.0070495605
-.0065307617
.0051727295
.0102996826
-.0066070557
-.0070800781
.0078277588
.0129699707
-.0065612793
-.0102539063
.0093536377
.0118560791
-.0064392090
-.0080718994
.0085754395
.0092315674
-.0051574707
-.0068817139
.0058135986
.0068511963
.0029754639
-.0052185059
.0026092529
.0058898926
-.0055694580
.0046234131
.0033721924
-.0055389404
-.0076751709
.0052490234
.0053253174
.0032653809
-.0061645508
-.0069885254
.0058135986
.0085296631
-.0054016113
-.0056304932
.0078277588
.0074920654
-.0051269531
-.0057830811
.0083312988
.0063171387
-.0059661865
-.0052337646
.0049743652
.0057220459
-.0041198730
-.0046234131
-.0045928955
.0060424805
.0044097900
.0047760010
-.0036010742
.0045471191
.0047302246
.0047454834
-.0041503906
-.0039215088
-.0039520264
.0048522949
.0041351318
-.0030975342
-.0039367676
-.0047760010
.0045928955
.0053863525
-.0046234131
-.0056152344
.0047302246
.0067596436
-.0049896240
-.0046081543
.0043487549
.0068664551
.0049896240
-.0060882568
-.0056915283
.0074005127
.0047760010
-.0055694580
-.0065917969
.0093841553
.0079650879
-.0054626465
-.0058441162
.0081634521
.0061798096
.0056762695
-.0079956055
-.0049285889
.0062561035
.0054168701
-.0090637207
-.0086059570
.0060272217
.0052032471
-.0072479248
-.0069274902
.0064544678
.0072479248
-.0059051514
-.0074920654
.0075073242
.0055694580
-.0070495605
-.0094604492
.0090179443
.0107421875
-.0070037842
-.0105133057
.0085296631
.0139617920
-.0067291260
-.0115509033
.0080718994
.0193023682
-.0103759766
-.0142517090
-.0132598877
.0222625732
.0107879639
-.0162048340
-.0170440674
.0263061523
.0188446045
-.0189819336
-.0200958252
.0296325684
.0355682373
-.0179748535
-.0247497559
.0294799805
.0421752930
.0116729736
-.0283050537
-.0294494629
.0502929688
.0158081055
-.0313110352
-.0364379883
.0530242920
.0258178711
-.0301971436
-.0419006348
.0583953857
.0399627686
-.0264892578
-.0466156006
.0620422363
.0597076416
-.0222625732
-.0542449951
-.0548706055
.0675811768
.0294189453
-.0563964844
-.0659790039
.0814208984
.0528259277
-.0523071289
-.0796051025
.0913696289
.0856323242
-.0365295410
-.0833282471
.0695800781
.0972442627
.0386962891
-.0850982666
-.0715332031
.0978851318
.0678100586
-.0665740967
-.0742492676
.1003723145
.0865936279
-.0343017578
-.0752410889
.0711669922
.0869293213
.0343017578
-.0656280518
-.0724945068
.0864105225
.0477294922
-.0479431152
-.0680694580
.0847320557
.0587463379
-.0314025879
-.0663757324
-.0641326904
.0643920898
.0309600830
-.0549774170
-.0722351074
.0583190918
.0348663330
-.0447082520
-.0670928955
.0509490967
.0487060547
-.0239868164
-.0625762939
-.0450439453
.0508575439
.0274353027
-.0520172119
-.0454864502
.0483398438
.0356750488
-.0364379883
-.0410919189
.0408020020
.0409088135
-.0217895508
-.0375366211
-.0335998535
.0396270752
.0240020752
-.0308990479
-.0391540527
.0339660645
.0239715576
-.0218353271
-.0361938477
.0308074951
.0238800049
-.0104064941
-.0325775146
-.0268249512
.0233917236
.0123138428
-.0288085938
-.0312500000
.0226898193
.0175170898
-.0181274414
-.0311126709
.0196685791
.0183715820
-.0094909668
-.0288085938
-.0157470703
.0182952881
.0117492676
-.0244293213
-.0210266113
.0164489746
.0125579834
-.0174865723
-.0199737549
.0142669678
.0162048340
-.0099029541
-.0191497803
.0114135742
.0171203613
.0097808838
-.0161590576
-.0135955811
.0137176514
.0108032227
-.0108184814
-.0143890381
.0139770508
.0114135742
-.0059814453
-.0127258301
.0105590820
.0120544434
.0055084229
-.0120391846
-.0078125000
.0102996826
.0064544678
-.0092468262
-.0105895996
.0095977783
.0068206787
-.0070495605
-.0117797852
.0090789795
.0086212158
.0049591064
-.0098724365
-.0043487549
.0084381104
.0072631836
-.0095367432
-.0079956055
.0072784424
.0068817139
-.0065612793
-.0079498291
.0052947998
.0066375732
.0059967041
-.0085144043
-.0048675537
.0066833496
.0070343018
-.0082397461
-.0064086914
.0066223145
.0057983398
-.0058288574
-.0064544678
.0044250488
.0049285889
-.0040893555
-.0050659180
.0034484863
.0036926270
.0023498535
-.0040588379
-.0022430420
.0026245117
.0020141602
-.0030517578
-.0022430420
.0016632080
.0012207031
-.0013275146
-.0010528564
.0005645752
.0001678467
