-.0000305176
.0000305176
-.0000305176
-.0000305176
.0000305176
-.0000305176
.0000305176
-.0000305176
.0000305176
.0000305176
.0000305176
.0000305176
.0000305176
-.0000305176
-.0000305176
-.0000305176
-.0000305176
-.0000305176
-.0000305176
.0000305176
.0000305176
-.0000305176
.0000305176
-.0000305176
-.0000305176
.0000305176
-.0000305176
.0000305176
-.0001068115
.0006561279
-.0013580322
.0018157959
-.0012512207
.0031738281
-.0035247803
-.0027465820
.0055236816
-.0056762695
-.0069122314
-.0052337646
-.0045471191
.0077819824
-.0050964355
-.0060577393
-.0051574707
.0071868896
-.0049285889
-.0171813965
.0230407715
-.0150451660
-.0316162109
.0331420898
-.0508270264
-.0380096436
.0360870361
-.0466156006
-.0519561768
-.0603179932
.0514221191
.0513153076
-.0655975342
-.0587463379
.0518493652
-.0460662842
.0380401611
-.0298156738
.0290374756
.0175170898
-.0385284424
-.0187835693
.0254211426
.0354003906
.0518951416
.0509643555
.0431671143
-.0460357666
-.0324249268
-.0255584717
-.0254974365
-.0184631348
-.0174102783
.0163421631
-.0209350586
-.0228729248
.0262756348
.0242767334
-.0298309326
-.0232849121
.0221557617
.0289916992
.0270080566
.0323028564
-.0242614746
.0323638916
.0215759277
.0171661377
.0118865967
.0129699707
.0120849609
.0160827637
.0177154541
-.0235137939
.0267639160
.0309448242
-.0346527100
-.0296325684
-.0368957520
-.0307159424
.0205230713
.0353393555
-.0433349609
-.0322723389
-.0254058838
-.0296783447
-.0263214111
-.0263061523
-.0312347412
.0170593262
-.0096893311
.0097198486
.0118255615
.0089569092
.0081176758
-.0145263672
-.0121917725
.0145111084
.0216674805
-.0175476074
.0149078369
-.0202484131
.0112915039
-.0178680420
-.0134277344
.0167388916
-.0209045410
-.0170440674
.0142822266
.0150451660
.0156250000
.0198974609
-.0196228027
-.0150299072
-.0173797607
.0164794922
.0164794922
-.0183868408
.0188293457
.0177001953
.0173339844
-.0181427002
.0155944824
-.0196838379
-.0109863281
.0192565918
-.0154571533
-.0133666992
.0171356201
.0150299072
-.0100860596
.0120697021
-.0068054199
-.0093078613
.0111846924
.0057220459
.0094451904
.0087127686
-.0068359375
-.0068969727
-.0055389404
-.0079803467
-.0056304932
-.0051727295
-.0076141357
.0068054199
-.0075225830
-.0080566406
-.0086517334
.0111694336
.0082092285
.0121002197
-.0105590820
-.0104980469
.0070190430
.0104675293
-.0135955811
.0193023682
.0243377686
-.0274353027
-.0556793213
-.0317382813
.0398864746
.0356750488
.0265502930
.0245971680
-.0221862793
.0177612305
-.0155029297
-.0166473389
-.0135803223
.0224609375
.0175476074
.0263519287
.0271759033
-.0314025879
.0349121094
.0329132080
.0381622314
.0269012451
-.0216064453
-.0238800049
-.0409240723
-.0293273926
.0287933350
-.0312194824
-.0316467285
.0243072510
.0282592773
.0259857178
.0191192627
.0251007080
-.0203399658
.0197143555
-.0187072754
-.0172729492
-.0087890625
-.0050811768
-.0085754395
.0072784424
-.0082855225
.0090179443
-.0054168701
-.0066375732
-.0089874268
.0135803223
.0186920166
.0182800293
-.0128936768
-.0135650635
.0157165527
-.0122985840
-.0121002197
.0126953125
-.0122833252
.0122222900
-.0125122070
.0128021240
-.0113220215
.0099792480
-.0102233887
-.0097656250
-.0091552734
.0065612793
.0061035156
.0065917969
.0071258545
-.0033111572
-.0057067871
.0084075928
.0065460205
-.0055999756
.0048370361
.0056304932
.0048828125
-.0063629150
-.0059814453
.0055694580
.0175323486
-.0066223145
.0107727051
.0146484375
-.0097656250
.0080413818
-.0081939697
.0080718994
-.0146026611
-.0080718994
.0072631836
-.0151672363
-.0115814209
-.0081481934
-.0121307373
.0059509277
.0072326660
.0079650879
.0078125000
-.0092468262
-.0077972412
-.0074157715
-.0073394775
-.0050048828
-.0058898926
-.0034790039
-.0110015869
.0073547363
.0086517334
-.0094909668
.0075683594
-.0093994141
-.0146789551
-.0124511719
-.0141754150
.0124206543
-.0148162842
-.0122528076
.0094299316
-.0164031982
.0181732178
-.0125427246
-.0136871338
-.0225677490
.0185852051
.0168457031
.0173492432
.0129089355
-.0118255615
-.0128479004
.0132141113
.0089263916
.0081176758
-.0069580078
-.0049438477
.0094909668
-.0052947998
-.0058288574
-.0072784424
-.0120391846
-.0076904297
.0149841309
-.0198974609
-.0220184326
.0144958496
-.0399322510
.0314483643
-.0447540283
-.0359344482
.0327911377
.0428314209
-.0363159180
.0362548828
.0353240967
.0284729004
.0232696533
-.0192108154
-.0211639404
-.0216217041
-.0168914795
-.0112609863
-.0072326660
-.0059967041
-.0072631836
-.0039367676
-.0046386719
-.0075378418
-.0064392090
-.0055236816
.0076751709
.0098876953
.0106201172
.0097045898
.0298767090
.0240325928
.0297698975
.0224914551
.0203552246
.0271759033
.0266571045
.0252380371
.0246887207
.0268249512
.0098724365
.0202789307
.0194091797
-.0183105469
.0278778076
-.0233764648
.0344238281
-.0356903076
-.0310821533
-.0286102295
-.0216827393
.0161895752
.0378417969
-.0378417969
-.0373535156
.0300903320
-.0282592773
.0247955322
-.0238342285
.0305938721
-.0142059326
.0156707764
.0159301758
-.0224151611
-.0167541504
-.0200958252
-.0202789307
.0209808350
-.0156860352
-.0177459717
-.0186920166
.0131988525
.0186767578
.0190734863
.0242156982
-.0114593506
-.0093231201
-.0127563477
-.0102844238
.0099029541
-.0117187500
.0106964111
-.0105133057
.0093383789
.0105285645
.0102233887
-.0097045898
-.0134124756
-.0071716309
-.0086975098
.0131683350
-.0074615479
-.0109710693
-.0077209473
.0106658936
.0068969727
-.0095520020
-.0091705322
.0088806152
-.0074615479
-.0075225830
-.0079956055
-.0063781738
.0093841553
.0075988770
-.0088348389
-.0165100098
.0097503662
-.0087585449
-.0095672607
-.0111694336
-.0080261230
.0099792480
-.0078582764
-.0058746338
.0065917969
-.0066680908
-.0130615234
-.0173645020
.0271453857
-.0182647705
-.0232543945
.0224151611
.0202026367
-.0121612549
-.0064544678
.0090942383
.0117950439
.0111694336
-.0091247559
-.0082855225
.0075836182
.0045013428
-.0075225830
-.0134277344
.0251770020
.0168304443
.0193481445
.0196380615
-.0257873535
-.0194549561
-.0255279541
-.0228881836
-.0234832764
-.0189819336
-.0154113770
-.0146942139
-.0151062012
-.0157012939
.0079803467
.0125885010
.0155639648
.0109100342
.0184783936
.0116424561
-.0101928711
.0077972412
-.0150451660
.0100097656
.0088500977
.0152893066
.0323638916
-.0449218750
-.0322418213
.0272521973
.0315399170
.0403900146
-.0371246338
.0265350342
-.0486145020
.0512390137
-.0393218994
.0288696289
.0312347412
-.0269622803
.0319366455
.0322723389
.0244293213
.0355377197
.0280151367
-.0200958252
.0168914795
.0245361328
-.0164489746
-.0226593018
.0142364502
-.0183105469
.0126037598
-.0153808594
-.0397796631
.0339202881
-.0243225098
.0283203125
-.0289764404
.0243530273
.0165100098
-.0167083740
-.0157470703
.0181732178
-.0227661133
-.0203399658
-.0206146240
.0196533203
-.0236816406
.0191345215
-.0243072510
.0248413086
-.0287017822
-.0262298584
.0246582031
-.0196533203
-.0266571045
-.0197448730
-.0213165283
-.0256500244
-.0126495361
.0127868652
-.0172576904
-.0229492188
-.0111999512
-.0117492676
.0082244873
-.0077514648
-.0066375732
-.0114746094
.0081787109
.0176696777
.0144805908
-.0097808838
-.0070800781
.0045623779
-.0103912354
-.0073699951
.0096282959
.0088043213
-.0079803467
-.0072937012
.0092773438
.0085296631
.0065460205
.0091705322
-.0072631836
-.0073699951
.0111236572
.0125732422
-.0084075928
.0091857910
.0079040527
-.0089874268
.0097351074
-.0089569092
-.0080718994
-.0073242188
.0051574707
-.0046234131
-.0046997070
.0107421875
.0119323730
-.0093231201
-.0099945068
.0076293945
.0072326660
.0070495605
-.0090637207
.0127410889
-.0118560791
.0093078613
-.0083007813
.0068969727
-.0074310303
-.0072937012
-.0115051270
.0055541992
.0118713379
-.0084838867
.0053405762
.0082244873
.0097045898
-.0090179443
-.0063629150
-.0062408447
-.0074005127
.0125579834
.0086669922
.0102691650
-.0126495361
-.0114288330
.0076751709
-.0087890625
-.0090637207
-.0070800781
.0071258545
.0132904053
-.0130920410
.0057678223
-.0073852539
-.0092163086
-.0085906982
.0082702637
-.0092315674
-.0056915283
.0110168457
-.0060119629
.0076446533
-.0047760010
-.0058135986
-.0075073242
.0102539063
.0079040527
.0092315674
-.0088806152
-.0075225830
.0063018799
.0099487305
.0085906982
.0081024170
-.0056457520
.0068206787
.0123138428
.0098114014
.0135040283
-.0116424561
.0119018555
.0124053955
.0081634521
-.0119171143
-.0153656006
.0133361816
-.0150299072
-.0108032227
.0161895752
.0101470947
.0127105713
-.0169525146
.0152282715
-.0168304443
.0157318115
.0178527832
-.0096282959
-.0113067627
-.0171356201
.0204772949
.0157623291
.0121154785
-.0249328613
-.0151214600
-.0149993896
-.0171508789
-.0209960938
-.0119476318
.0135345459
-.0142517090
.0125885010
.0080108643
.0196380615
.0171203613
.0212707520
-.0151367188
.0139465332
-.0162200928
-.0210266113
-.0405120850
.0318298340
-.0189819336
-.0222930908
-.0161132813
.0187072754
-.0170440674
.0231323242
.0180206299
.0188598633
-.0148773193
-.0169677734
-.0111541748
-.0131835938
-.0151519775
-.0140686035
.0110168457
-.0055694580
.0043640137
-.0042114258
.0070037842
-.0069732666
.0074310303
.0055999756
.0084991455
.0089874268
-.0110473633
-.0100250244
.0060729980
-.0089874268
-.0090637207
-.0091552734
-.0079193115
.0083923340
.0068206787
-.0101623535
.0103454590
.0074615479
-.0084075928
.0119323730
.0075683594
-.0046844482
-.0069427490
-.0102691650
-.0072479248
.0074920654
.0082397461
-.0039672852
-.0083923340
-.0054168701
-.0078582764
.0093841553
.0088195801
.0138549805
.0162200928
-.0107269287
-.0081329346
-.0077972412
-.0095825195
.0056762695
-.0090332031
.0065460205
.0077819824
-.0057373047
-.0052032471
.0064239502
.0069274902
-.0062866211
.0052642822
-.0046386719
-.0052490234
.0050354004
-.0057220459
-.0068511963
.0050201416
.0088043213
.0108184814
.0079040527
-.0115203857
-.0056915283
-.0082550049
-.0074005127
-.0078430176
-.0067138672
.0057373047
-.0072326660
-.0070343018
-.0099334717
-.0071868896
.0072326660
-.0105743408
.0101623535
-.0077972412
-.0091247559
-.0068511963
.0055847168
-.0052490234
-.0056304932
.0060424805
-.0067749023
-.0076904297
-.0072479248
-.0050354004
.0066375732
-.0097351074
.0081634521
.0102386475
.0058288574
-.0069274902
.0053558350
.0060882568
.0038604736
-.0050354004
.0052795410
-.0085144043
.0068817139
.0058288574
.0054321289
-.0098266602
.0051116943
.0073547363
.0189819336
.0132598877
.0126495361
.0292663574
-.0139617920
.0073699951
-.0079345703
-.0179901123
-.0162200928
-.0256195068
-.0151672363
.0181579590
.0120849609
-.0213317871
-.0303497314
-.0276336670
-.0229339600
-.0245208740
.0113677979
.0222625732
-.0106811523
-.0088500977
-.0081481934
.0060119629
-.0067291260
-.0070495605
.0071563721
-.0046844482
.0049438477
.0073699951
-.0108489990
-.0179443359
-.0337371826
.0449676514
.0532226563
.0236511230
.0174713135
-.0122528076
.0078582764
.0056457520
-.0082244873
.0050964355
-.0048370361
-.0068817139
.0054321289
-.0056304932
-.0080413818
.0060119629
.0063629150
-.0098419189
-.0235443115
.0087738037
-.0055999756
.0090026855
-.0082244873
-.0095672607
.0086822510
-.0311584473
-.0377655029
.0317993164
.0325164795
.0419616699
-.0483856201
.0151367188
.0257720947
.0413208008
-.0164947510
.0456085205
.0404357910
.0223083496
.0376129150
-.0392608643
.0230560303
.0399475098
-.0353698730
.0311889648
-.0351409912
.0121765137
.0274200439
-.0445251465
-.0284271240
-.0337982178
-.0160980225
-.0301208496
.0101318359
-.0107879639
-.0102691650
-.0103607178
.0132904053
.0135498047
.0224761963
-.0168457031
.0132446289
-.0097351074
.0081329346
-.0122375488
.0090789795
.0101470947
.0057220459
-.0109405518
.0084533691
-.0064392090
-.0151672363
-.0315551758
-.0408630371
.0369415283
-.0426635742
-.0545043945
.0234222412
-.0363922119
-.0157623291
-.0107269287
-.0203704834
-.0203704834
-.0154113770
-.0194549561
-.0135040283
.0073394775
-.0099182129
.0073852539
.0040283203
.0097656250
-.0052032471
.0071563721
.0082550049
-.0083618164
.0225677490
-.0465698242
-.0484924316
-.0516357422
-.0654602051
-.0528869629
-.0515899658
.0380554199
.0273895264
.0239257813
.0208587646
.0182037354
-.0144653320
.0274047852
.0197753906
-.0429687500
-.0369873047
.0251007080
-.0405578613
.0228729248
-.0465393066
-.0236816406
-.0334625244
.0292358398
-.0293579102
-.0308380127
-.0200195313
.0140533447
-.0058288574
.0085144043
.0131683350
-.0059051514
.0107727051
.0115661621
.0188293457
-.0172729492
-.0144348145
-.0116271973
-.0161132813
-.0105895996
-.0154418945
.0117034912
.0110778809
.0074157715
.0104217529
-.0188751221
-.0115203857
.0113830566
-.0122375488
.0072021484
-.0071411133
.0061187744
.0041351318
.0058441162
.0044250488
.0037231445
-.0031127930
-.0035247803
.0021514893
.0011901855
.0024414063
-.0012664795
-.0012512207
.0011138916
.0005035400
.0000915527
