-.0000305176
.0000152588
-.0000305176
.0000152588
-.0000305176
-.0000152588
.0000305176
.0000305176
.0000152588
-.0000152588
-.0000152588
.0000152588
.0000305176
-.0000305176
-.0000305176
.0001831055
-.0004882813
-.0017700195
-.0016784668
.0022125244
.0060577393
-.0132598877
-.0219726563
.0106048584
-.0156860352
-.0157165527
-.0120239258
.0071105957
-.0110321045
-.0062408447
-.0066223145
-.0075073242
-.0055236816
.0045471191
-.0050964355
.0071716309
-.0047760010
-.0090789795
-.0057220459
.0091552734
-.0065765381
.0060272217
.0125427246
-.0094757080
.0084533691
.0101928711
-.0116577148
.0112609863
-.0103302002
.0130310059
-.0180664063
-.0139007568
-.0087738037
.0148010254
.0109252930
-.0179138184
.0151214600
-.0192413330
.0144500732
-.0338897705
.0139007568
-.0169677734
.0260772705
-.0182495117
.0221252441
-.0164337158
.0349121094
-.0272369385
.0220336914
-.0268402100
-.0321960449
.0263977051
.0252532959
-.0244598389
-.0212402344
.0197296143
-.0130157471
-.0220031738
-.0165405273
-.0278015137
-.0253906250
-.0276031494
-.0186462402
-.0201873779
-.0251159668
-.0197448730
.0179443359
.0550842285
-.0388641357
-.0282440186
.0278167725
.0299377441
-.0220947266
.0264587402
-.0234527588
-.0183563232
.1140747070
.0472259521
-.0345001221
-.0331573486
-.0304718018
-.0266876221
-.0352325439
-.0225219727
.0284118652
-.0296020508
.0297698975
-.0492553711
-.1380462646
.1574096680
.0950012207
.0914916992
.1221618652
-.0954132080
.0635223389
.0707092285
-.0561523438
.0406188965
-.0505371094
.1484375000
-.1356506348
-.0808258057
.0705718994
.0807952881
-.0531311035
-.0565185547
.0442810059
.0291748047
.0347747803
-.0319976807
.0243988037
-.0239257813
-.0223236084
.0216369629
-.0252075195
-.0128326416
-.0207824707
.0142517090
-.0241241455
-.0140991211
.0104980469
.0095977783
-.0108337402
-.0100860596
.0099182129
.0074768066
-.0130920410
.0079650879
-.0067596436
-.0051574707
-.0070800781
-.0045928955
-.0080108643
-.0054016113
-.0048370361
-.0019683838
.0031738281
.0053100586
-.0064239502
-.0040130615
-.0036010742
-.0032958984
.0027618408
-.0032348633
.0026397705
-.0023345947
-.0024719238
.0025177002
.0027008057
-.0029144287
-.0021362305
-.0030975342
-.0025329590
-.0026550293
-.0013580322
.0010223389
-.0009307861
-.0012664795
-.0010528564
.0015869141
-.0008239746
-.0009155273
-.0008087158
.0007934570
-.0007476807
.0007171631
-.0007019043
-.0005340576
-.0005950928
-.0003509521
-.0004577637
-.0003356934
-.0003204346
-.0002746582
.0000152588
-.0000152588
-.0000305176
-.0000305176
.0000305176
-.0000305176
-.0000915527
-.0005645752
-.0017547607
.0032653809
-.0035095215
-.0031433105
-.0020141602
-.0035095215
-.0031127930
.0037841797
.0023193359
-.0031890869
-.0028686523
.0032348633
-.0024414063
.0016784668
.0020751953
-.0021209717
-.0028076172
.0018310547
-.0011444092
-.0128479004
.0091552734
-.0051727295
.0052642822
-.0050354004
.0056457520
.0032958984
.0071716309
.0038757324
.0042724609
-.0051422119
.0028228760
.0021667480
-.0020446777
-.0017547607
-.0025329590
-.0016784668
-.0014495850
.0012817383
-.0013275146
-.0013885498
-.0012359619
-.0010986328
-.0013427734
-.0010986328
-.0011444092
-.0008392334
-.0008239746
.0063781738
-.0019683838
.0017242432
.0021972656
.0020904541
.0017089844
.0053863525
.0026092529
.0030670166
.0024414063
-.0022583008
-.0012664795
-.0012512207
.0012817383
-.0012054443
.0008697510
-.0007171631
-.0006866455
-.0008850098
-.0005340576
-.0010681152
.0005798340
-.0012664795
.0009613037
-.0008087158
-.0011901855
.0014648438
-.0032043457
.0015716553
-.0028839111
-.0010833740
-.0013275146
-.0012664795
-.0007019043
.0008850098
.0008544922
-.0006103516
.0003204346
-.0005493164
-.0006256104
-.0004577637
.0029449463
.0038604736
.0369262695
.0227661133
.0106658936
-.0097351074
.0068817139
.0071258545
-.0044708252
.0056304932
.0052795410
-.0036926270
-.0023651123
.0035400391
.0035400391
.0027618408
-.0051574707
.0025329590
-.0024871826
-.0090179443
-.0061950684
-.0019989014
.0029144287
-.0022583008
-.0022430420
-.0019989014
-.0017547607
.0010375977
.0012054443
-.0009918213
-.0010833740
-.0010986328
-.0007019043
-.0011901855
-.0009155273
-.0007476807
-.0010070801
-.0009613037
.0006103516
.0022125244
.0009765625
-.0005950928
-.0007324219
.0007019043
-.0013885498
.0034332275
.0014190674
-.0012359619
-.0017089844
.0165405273
-.0110473633
-.0029296875
.0036163330
-.0028533936
-.0042114258
-.0022430420
.0021209717
.0026550293
-.0018920898
.0023193359
.0016784668
.0012969971
-.0020599365
-.0013275146
.0016021729
.0011901855
-.0010986328
-.0007934570
-.0013122559
.0009918213
-.0007324219
-.0009460449
.0009002686
-.0007324219
.0015869141
-.0021667480
.0013427734
-.0032348633
.0015563965
-.0012512207
.0058898926
-.0025329590
-.0017547607
.0050048828
.0026702881
.0012207031
.0024414063
.0015258789
-.0014038086
-.0016021729
-.0011596680
.0014801025
-.0022125244
-.0011749268
.0009155273
.0016326904
.0006866455
.0010375977
.0021972656
.0019989014
-.0013580322
-.0009002686
-.0016632080
-.0035095215
-.0022125244
-.0029449463
-.0015258789
-.0014801025
-.0009765625
.0011138916
-.0011138916
.0028381348
.0013580322
-.0011291504
-.0011291504
-.0010223389
-.0009307861
-.0008239746
-.0006103516
-.0007019043
-.0005645752
.0003967285
-.0006256104
-.0004272461
.0007324219
-.0003967285
-.0008392334
-.0009307861
.0009002686
-.0085601807
.0118103027
-.0049438477
.0453033447
.0094299316
-.0098114014
-.0106506348
-.0130615234
.0058441162
-.0096893311
-.0064697266
-.0054931641
-.0057525635
-.0179901123
-.0104064941
.0077056885
.0088806152
-.0061340332
-.0115356445
.0390930176
.0318603516
-.0235443115
.0218811035
-.0139923096
-.0109558105
-.0065765381
.0110015869
-.0062866211
.0045623779
-.0198669434
.0079498291
-.0060729980
.0193481445
-.0106811523
-.0054931641
-.0061035156
.0034332275
-.0064239502
.0029449463
-.0051422119
-.0024566650
.0030059814
-.0020446777
-.0022888184
-.0016021729
-.0024261475
.0049591064
.0042114258
-.0049285889
-.0034942627
-.0048370361
.0061798096
-.0070648193
.0203094482
.0193939209
.0102691650
-.0092620850
.0155029297
.0091552734
.0206756592
-.0118713379
-.0072174072
.0053253174
-.0053863525
-.0042572021
-.0035858154
-.0039215088
.0025177002
-.0034942627
.0021209717
-.0020141602
-.0030212402
.0022125244
-.0025024414
-.0013885498
-.0018310547
-.0014495850
-.0016479492
-.0008544922
.0007781982
-.0016632080
-.0012359619
.0012359619
-.0012054443
-.0009613037
-.0009002686
-.0009460449
-.0003509521
.0005035400
-.0004730225
-.0003356934
-.0004119873
.0004272461
-.0004730225
-.0003051758
-.0002746582
-.0002746582
-.0002746582
.0030670166
.0026702881
.0011291504
.0012512207
.0010833740
.0008087158
-.0009460449
-.0008087158
-.0009002686
-.0009765625
.0016174316
.0016021729
-.0017700195
.0020751953
-.0023956299
.0010223389
-.0019683838
-.0009918213
.0014190674
.0011749268
.0017700195
-.0008392334
-.0020751953
-.0011444092
-.0011291504
.0011138916
.0010375977
.0008087158
-.0005340576
.0007934570
-.0020141602
-.0013580322
.0010681152
-.0010528564
-.0007476807
.0009002686
.0012359619
-.0012054443
-.0016174316
-.0012359619
-.0004882813
-.0003356934
-.0007629395
.0008544922
-.0014648438
.0007171631
-.0011291504
.0007019043
-.0009002686
.0009460449
-.0006713867
-.0009765625
-.0026397705
.0041961670
-.0023956299
-.0023193359
.0037689209
-.0038452148
.0022430420
-.0015106201
.0097961426
-.0042724609
-.0043640137
.0040130615
.0026550293
.0031127930
-.0020904541
.0019073486
-.0025939941
-.0014343262
.0024871826
-.0021820068
-.0023651123
-.0017089844
-.0014038086
-.0011138916
-.0012359619
.0032348633
-.0014495850
-.0009155273
-.0012359619
-.0009613037
-.0009155273
.0009460449
.0007781982
.0005798340
-.0008239746
-.0004119873
.0005187988
-.0010070801
-.0005798340
-.0010070801
.0006408691
-.0007934570
-.0003814697
-.0017242432
.0039062500
-.0007781982
.0012207031
.0012359619
-.0013427734
-.0007781982
-.0007324219
-.0010681152
-.0007629395
.0013580322
.0005950928
-.0016021729
.0011596680
-.0011291504
.0021057129
-.0012664795
-.0009307861
-.0012359619
-.0007781982
.0012664795
-.0011291504
-.0008392334
-.0044097900
.0012969971
-.0010528564
.0007629395
-.0008850098
-.0010986328
.0007781982
-.0010070801
-.0008239746
-.0010375977
-.0005950928
-.0010833740
-.0013275146
-.0008697510
-.0004730225
-.0004119873
-.0006256104
-.0007934570
-.0004882813
.0004577637
-.0003662109
-.0004730225
-.0005187988
.0005187988
-.0006103516
-.0004425049
-.0005340576
.0003204346
.0003814697
-.0003356934
-.0021514893
-.0012054443
.0007476807
-.0005798340
-.0015258789
.0024261475
-.0026550293
.0014953613
-.0012512207
.0017089844
-.0012207031
-.0012054443
-.0008697510
.0008239746
.0009765625
.0004577637
-.0003967285
-.0003051758
.0002593994
.0003051758
.0004119873
.0002746582
.0003204346
-.0002441406
-.0001983643
-.0003051758
.0001983643
-.0002441406
-.0011596680
-.0014953613
-.0007476807
-.0011138916
-.0006256104
.0006408691
.0003356934
-.0005950928
-.0005035400
.0003967285
.0003356934
-.0004730225
.0008239746
-.0002441406
.0002746582
.0004272461
-.0005035400
-.0003356934
-.0002593994
-.0014648438
-.0019836426
.0012207031
.0010223389
.0009002686
.0008850098
-.0009002686
.0020294189
.0018157959
.0112915039
-.0049896240
-.0018463135
-.0028228760
-.0028991699
.0063323975
-.0026245117
-.0020751953
-.0031738281
-.0033264160
-.0026397705
-.0039367676
.0025939941
.0033111572
-.0070953369
-.0022735596
-.0020599365
.0029907227
.0029602051
-.0021820068
-.0027313232
.0021362305
.0027465820
-.0018310547
.0011749268
-.0014953613
.0013427734
-.0011138916
.0014648438
.0012817383
-.0014343262
.0015106201
-.0012969971
.0011138916
.0013580322
-.0009918213
.0008239746
-.0011138916
.0008697510
-.0005798340
-.0004425049
-.0004730225
-.0007629395
-.0005950928
.0003204346
.0003356934
.0005187988
-.0002746582
-.0005798340
-.0005035400
-.0003967285
.0037078857
-.0020141602
.0017242432
-.0018463135
-.0012512207
-.0014038086
.0012207031
-.0008087158
-.0007934570
-.0016174316
-.0008544922
-.0024871826
-.0018463135
-.0013580322
-.0049285889
-.0019989014
.0023498535
-.0096435547
-.0034484863
.0023345947
.0026092529
.0023956299
-.0027160645
.0015411377
.0018768311
.0011749268
-.0014648438
.0007934570
-.0007934570
-.0007019043
.0007629395
-.0013275146
-.0012817383
-.0006866455
.0032196045
-.0013580322
.0014343262
-.0013122559
-.0008087158
-.0010833740
-.0009918213
-.0013427734
-.0005645752
-.0005187988
-.0004882813
.0006713867
-.0005950928
-.0007171631
-.0004272461
.0003662109
.0003967285
-.0003662109
-.0002899170
-.0000305176
.0000305176
-.0000305176
-.0000152588
.0000152588
-.0000305176
.0000305176
-.0000305176
.0010681152
.0029602051
-.0058898926
-.0091857910
-.0154876709
-.0114746094
-.0164642334
.0227508545
-.0205078125
.0348815918
-.0299835205
.0297698975
.0220947266
-.0233306885
-.0309906006
-.0362091064
.0407409668
.0332489014
-.0299072266
-.0305023193
.0285644531
-.0428771973
-.0257263184
.0772094727
-.0427551270
.0482025146
-.0416564941
-.0412750244
.0433349609
.0468750000
-.0328826904
-.0450592041
-.0881042480
-.0833282471
.0773468018
-.0498504639
-.0429840088
-.0375823975
-.1360015869
-.2147674561
-.1714324951
-.2000732422
-.1971435547
-.1372528076
-.1189727783
.1627502441
-.2359466553
.1702117920
.1264648438
.1609954834
.1376342773
.1093139648
.1086730957
.0901947021
.0966491699
.0702209473
.0636596680
.0445556641
.0558166504
.0413360596
-.0691986084
-.0662536621
.0924530029
-.0449218750
.0426940918
-.0335235596
-.0228118896
-.0208435059
.0312194824
-.0340423584
-.0323791504
.0365295410
-.0361328125
-.0247039795
-.0286102295
-.0203857422
.0168609619
-.0116271973
.0108337402
.0202026367
.0134429932
-.0109558105
-.0123443604
.0102996826
.0105895996
-.0166931152
.0162963867
.0105895996
.0093231201
.0088806152
-.0083160400
-.0102844238
.0097351074
.0105438232
-.0114288330
-.0069122314
-.0049285889
.0052795410
.0042419434
.0037994385
-.0046691895
-.0032348633
.0042572021
-.0041961670
.0043487549
-.0055084229
.0044555664
.0044403076
-.0043029785
-.0037994385
-.0025024414
.0037994385
-.0019836426
-.0027008057
.0033111572
-.0029144287
.0017852783
-.0026855469
.0012359619
.0018920898
-.0013885498
-.0019378662
-.0011291504
.0018615723
-.0020904541
-.0014343262
-.0018615723
-.0019531250
-.0030670166
-.0016937256
-.0019836426
-.0018768311
.0018005371
-.0013122559
-.0014495850
-.0009307861
-.0010833740
-.0014190674
-.0016174316
.0050964355
-.0022583008
.0013275146
-.0024871826
-.0030212402
.0022277832
-.0019378662
-.0012512207
-.0013427734
.0008850098
.0013580322
-.0006103516
.0006713867
-.0006561279
-.0006713867
-.0007629395
-.0009155273
-.0005187988
-.0004425049
-.0004272461
-.0004577637
.0004577637
.0005340576
.0000152588
-.0000152588
-.0000152588
-.0000305176
-.0000305176
-.0000152588
.0000152588
