.0000457764
-.0001831055
.0010986328
-.0010070801
-.0033874512
-.0063018799
-.0021820068
.0030517578
-.0032806396
-.0050964355
.0057983398
.0040740967
.0036315918
.0158081055
.0059509277
-.0147705078
-.0099792480
-.0058746338
-.0105133057
-.0072021484
-.0082244873
-.0067749023
-.0045318604
.0102081299
.0050048828
.0212249756
-.0075988770
.0061035156
.0091552734
-.0086822510
-.0110626221
-.0113525391
-.0052337646
-.0050964355
-.0106048584
.0083465576
.0085906982
-.0099945068
.0072784424
.0072479248
.0087585449
-.0491485596
.0252227783
.0194091797
-.0198669434
.0282135010
.0309906006
-.0582427979
-.0613403320
.0388793945
.0418853760
-.0255432129
-.0644378662
.0318908691
-.0705413818
.0357666016
.0250396729
-.0308074951
.0604858398
-.0353546143
-.0700683594
-.0627441406
-.0742645264
-.0396423340
-.0446624756
.0425415039
.0819549561
.0411224365
.0683288574
-.0615234375
-.0372161865
-.0314941406
-.0696258545
-.0246734619
-.0263214111
-.0311737061
.0301208496
.0296936035
-.0342102051
-.0293579102
.0238037109
-.0267944336
-.0339202881
-.0336914063
.0402069092
-.0226135254
-.0214233398
.0536193848
.0218505859
.0167694092
.0311126709
-.0198516846
.0388946533
-.0252685547
-.1037445068
.0245361328
-.0254974365
.0486297607
-.0496520996
.0335388184
-.0450134277
.0171813965
.0384368896
.0194244385
-.0281524658
-.0217742920
.0311584473
.0236663818
.0296936035
.0185852051
.0665588379
.0377044678
.0207672119
.0541229248
.0234222412
-.0258026123
.0227966309
-.0205383301
-.1260986328
-.0691070557
.0267486572
-.0462188721
-.1262359619
-.0757446289
.0901947021
-.0894165039
-.0953674316
-.0361938477
.0532226563
-.0517578125
-.0408020020
.0374145508
.0260162354
.1308593750
.1111602783
-.1123504639
-.1234741211
-.0632019043
-.0400695801
-.1312408447
-.1173095703
-.1006469727
.0916290283
-.1379852295
-.1086578369
.1039581299
.0846252441
-.0621337891
.0663299561
-.0482330322
-.0605316162
.0545959473
.0565032959
.0506439209
.0999755859
-.0339660645
-.0462799072
.0240783691
-.0437316895
.0465850830
.0276489258
-.0965728760
.1060485840
.0231933594
.0512695313
-.0993804932
.0858154297
.0695495605
-.1005401611
.0650634766
-.1232452393
.0619964600
.0528564453
-.0589752197
-.0428771973
.0573425293
.0324096680
-.0441894531
.1394195557
.0693817139
.1158905029
-.0806427002
-.0611572266
.0694885254
-.0413055420
.0816497803
-.1116638184
.1129913330
-.0382690430
-.0668792725
.0611419678
-.0334320068
-.0545959473
-.0243988037
-.0621948242
-.0328369141
.0313110352
-.0239562988
-.0337524414
-.0339050293
.0374908447
.0330200195
-.0288848877
.0316009521
-.0286560059
.0230560303
.0279846191
.1415863037
-.0729827881
.0487823486
-.1298065186
-.0837554932
-.0905761719
.0836944580
-.1424865723
-.1047363281
.0853271484
-.0742187500
.0596923828
-.1247711182
.0807495117
.0863494873
.0591430664
-.0617980957
-.0375061035
-.0298156738
-.0438385010
-.0337677002
-.0325317383
-.1100463867
.0323486328
.0264739990
.0745239258
.0237884521
.0214538574
.0197143555
.0309753418
.0306701660
-.0685729980
-.0739746094
-.0385589600
-.1097564697
-.0487823486
-.0995025635
.1012878418
-.1268920898
-.0476379395
-.1036987305
-.0348968506
-.0482025146
-.0366973877
-.0263671875
.0308837891
-.1283874512
.0626678467
-.0627593994
.0568847656
.1328430176
-.0809631348
.1206207275
-.0616760254
-.0410156250
-.0594024658
.0435028076
.0868682861
-.0538940430
-.0352630615
.0429992676
.0263214111
-.0310974121
.0808105469
.0688018799
-.1144714355
-.0826263428
-.1277465820
-.1144714355
.0522613525
.0324401855
.0756378174
-.0770416260
-.0349884033
.0304565430
-.0359497070
-.0240783691
-.0301513672
.0293579102
.0327453613
-.0434265137
.0794830322
.1042938232
-.1234283447
-.0588836670
.0790252686
-.0634002686
-.0537414551
-.1064605713
-.0458374023
.0647125244
-.0908660889
-.0365142822
-.1391143799
.1063537598
-.1251678467
.0459594727
.0543823242
-.0353698730
.0533752441
.0391540527
-.0434112549
.0744018555
-.0973663330
.1174163818
-.0853271484
-.1305694580
-.0863342285
-.1075897217
.0770568848
-.0575561523
.0328063965
-.0310058594
.0395050049
.0995483398
.0369873047
.0570373535
-.0253753662
.1395874023
.1105499268
.0536041260
-.0756683350
-.0321807861
.0375976563
-.1116790771
-.0382232666
-.0365295410
-.0975952148
-.1108703613
-.0368957520
-.0586853027
.0272827148
.0304260254
.0255889893
-.0254821777
.0252990723
-.0271759033
.0194244385
-.1174163818
.0599670410
.0743560791
.0988159180
-.0485992432
.0428314209
-.0239562988
.0553283691
.0354614258
-.0188446045
.0373687744
.0186767578
-.1174926758
.0392913818
.1263427734
.0785064697
.0665740967
-.0613250732
-.0493774414
.0612182617
.0252075195
-.0287780762
.0382080078
.0277557373
.0371398926
-.0200195313
.0225524902
.0230865479
-.0406494141
.1145935059
.0895690918
.0253601074
.0495147705
-.0355529785
-.0290985107
-.0943145752
-.0268707275
.0346527100
.0199890137
.0250091553
.0238494873
-.0175170898
-.0173645020
.0248718262
-.1113433838
-.0442962646
.0675201416
-.1180572510
-.0239715576
-.0379943848
-.1044769287
-.0708465576
-.0943450928
-.0303497314
-.0307617188
.0183868408
.0319671631
-.0223693848
-.0236053467
-.0351867676
-.0219879150
.0208435059
.0151062012
.0282897949
-.0169982910
.1171722412
.0399169922
.0248870850
-.0738830566
-.0231628418
-.0229187012
.0673522949
.0386505127
.0231628418
.0190124512
.0261077881
.0225677490
.0226287842
-.0200195313
-.0162506104
.0150909424
-.0249328613
-.0236968994
-.1219177246
.1174774170
.0472412109
-.0693054199
-.0903472900
.0515289307
-.0479736328
-.0435028076
-.0322723389
.0330810547
.0288391113
.0246429443
.0222015381
.0205078125
-.0298156738
-.0232696533
-.0255584717
-.0293884277
-.0267486572
.0151062012
-.0173034668
.0133819580
-.0310211182
-.0226135254
.0200958252
-.0230560303
-.0144958496
.0151214600
-.0138397217
-.0117645264
.0478210449
.0157623291
-.0928344727
.0878143311
-.1256866455
-.0527343750
-.0220184326
.0176086426
-.0338439941
.0234832764
.0260467529
.0188598633
-.0127105713
.0248260498
-.0159454346
-.0235290527
.0192718506
.0172271729
.0217590332
-.0133209229
.0091247559
-.0346832275
.0216979980
.0885620117
.0137481689
.0142364502
.0184783936
-.0142517090
-.0149230957
-.1210479736
-.0231018066
.0241088867
-.0507202148
-.0464172363
-.0193634033
-.0162811279
-.1481628418
-.0558319092
.0765380859
-.0468139648
-.1071319580
.0776519775
-.1016235352
.0575408936
-.0341491699
-.0252990723
.0453338623
.0384674072
-.0281829834
-.0201568604
.0209197998
.0255737305
-.0320281982
.0239105225
-.0220947266
.0319061279
-.1151885986
-.0638122559
.0344238281
-.0682067871
-.0624237061
-.1194763184
-.0297241211
.0300292969
.0326843262
.0323944092
.0242004395
-.0270080566
.0300445557
.0311279297
.1344604492
-.0787658691
-.1229095459
-.1278839111
.0958709717
-.1258544922
-.0765380859
-.0521240234
-.0378723145
.0425872803
-.0404968262
.0379486084
.0361480713
-.1278533936
.0762329102
.0388641357
-.0811920166
-.0574340820
.0440826416
.0454711914
-.0330963135
-.0981597900
-.0336914063
.0265655518
-.1150665283
.0299224854
.0307617188
-.0282440186
.0239410400
.0133514404
.0225219727
-.0238037109
-.0228576660
.0607452393
-.0226135254
.0307006836
.0157470703
.0257263184
.0201416016
-.0279846191
.0175933838
.0112609863
-.0189208984
.0481414795
.0123901367
-.0182495117
.0139617920
-.0171661377
-.0187225342
.0152587891
-.0160064697
.0182342529
-.1215057373
.0382537842
.0951690674
-.0524597168
-.0355072021
-.0420074463
-.1288146973
-.0509643555
.0373535156
.0763092041
.0310363770
.0252532959
-.0237884521
-.0267639160
-.0287017822
-.0228271484
.0259246826
-.0296173096
-.0190124512
-.0210113525
-.0167083740
.1028747559
.1115112305
.0676574707
-.1247253418
.1044769287
-.0345153809
-.1140289307
-.0372009277
-.0352630615
.0594024658
.1043243408
.1012115479
-.0370788574
-.0710906982
-.0518341064
.0363464355
.0682067871
-.1222991943
.0643310547
.0628814697
.0435333252
-.0404510498
-.1037445068
.0232391357
-.0413208008
-.0311126709
.0315704346
.0283813477
-.0237121582
-.0859985352
.0335388184
-.0299682617
-.0328521729
.0252685547
-.0225067139
.0306549072
-.0285339355
-.0175476074
.0209808350
.0298919678
.0234375000
.0229949951
-.0433502197
-.0194244385
-.0271606445
-.0183105469
.0303955078
-.0312805176
-.0230255127
.0236663818
-.0306854248
-.0460968018
.0242156982
.1275177002
.0904693604
-.1117858887
.0549163818
-.0284729004
-.1328430176
-.1337127686
.0529327393
-.1239318848
-.0948944092
-.0814208984
.0793304443
-.0439147949
-.1299133301
-.0516052246
.1331481934
.1008148193
-.1437225342
.1008453369
-.1616058350
-.1167755127
.1046295166
-.1147003174
-.0586547852
.0496673584
-.0744171143
-.0483856201
-.0432586670
.0426330566
-.0384063721
-.1031799316
-.0423126221
.0332794189
-.0412750244
-.0227661133
.0394134521
.0433654785
.0286102295
-.0572509766
-.0272369385
-.0220336914
-.0816040039
-.0328826904
.0486297607
.0164947510
-.0275878906
.0255737305
-.0547332764
-.0323028564
-.0309448242
-.0199432373
-.0325469971
-.1188354492
.0502319336
.0756072998
-.1270904541
-.0571899414
-.0524444580
-.1210784912
-.0526733398
.1086730957
.0679168701
-.1349639893
-.1342620850
.0859680176
.0694732666
-.0794525146
-.0716552734
.0912780762
.0463409424
-.1421813965
.0700836182
.0450592041
-.0400390625
.0662231445
.0408477783
-.1201477051
.0375976563
-.0385284424
.0261077881
-.0322418213
-.0392913818
-.0265197754
-.0296478271
-.0249328613
.0390930176
.0307922363
.0367431641
.0227813721
.0276641846
.0225524902
-.0202026367
-.0326080322
.0697174072
.0310974121
.0314483643
-.0196533203
.0286560059
-.0200653076
.0135345459
-.0435485840
.0860748291
.1029968262
-.1202850342
-.0610351563
-.0257415771
-.0222473145
.0300903320
-.0221099854
-.0236663818
-.0225067139
.0228271484
.0330047607
-.0185241699
.0830688477
-.1197967529
.1033935547
.0687255859
-.0610656738
-.0692596436
-.0745697021
.0384521484
.0442962646
-.0402374268
.0344390869
.0346069336
.0287017822
.0287933350
.0224304199
-.0240173340
.0413360596
-.1216735840
-.0456237793
.0453643799
-.0744018555
-.0771331787
.0880584717
-.1394958496
-.0520172119
-.1387023926
.0620727539
.0406341553
-.0752258301
-.0457000732
-.0404968262
.0623321533
-.1323242188
.0676574707
.0582275391
-.0844421387
-.0596160889
-.0397796631
.0366210938
.0512542725
.0366668701
-.0260772705
-.1016235352
-.1178283691
-.0552215576
.0351562500
.0402374268
-.0532073975
.0613861084
-.0331115723
-.0274963379
.0247192383
-.0213165283
.0362701416
-.1192321777
.0491943359
.0392456055
-.0682678223
-.0444335938
-.0218048096
.0570220947
-.0424346924
.0615539551
.0258941650
-.0211944580
.0270690918
.0204772949
-.0275268555
.0171356201
.0189208984
.0251922607
.0182189941
-.0195617676
.0432128906
.1121215820
.0387573242
-.0340881348
.0701904297
-.0320892334
-.0255432129
-.1007080078
.0236206055
-.0226287842
-.0196228027
.1286621094
.0470581055
.0353546143
.0893859863
-.0507659912
-.0282135010
-.1114959717
.0332641602
.1069488525
.0465850830
.0869445801
.0515899658
-.0325012207
-.0429534912
-.0724029541
-.0287780762
.0206146240
-.0344085693
.0378875732
.0265808105
-.0282135010
-.0231781006
.0361328125
-.0296173096
-.0280914307
-.0292205811
-.0150451660
-.0168762207
-.0130157471
-.1126403809
.1182098389
-.0572509766
-.0435180664
-.1301422119
-.0686645508
.0436248779
-.1033782959
-.1277770996
-.1348114014
.0857238770
.0768432617
-.0619964600
-.0395507813
-.1421813965
.0737152100
.0587158203
-.1480865479
-.0726928711
-.1124725342
.0881195068
.0851898193
-.0648345947
-.0691223145
.0426025391
-.0553436279
-.1176910400
.0410461426
-.0316467285
.0401763916
-.0323638916
-.0306701660
-.0324859619
-.0286254883
.0468750000
-.1197509766
-.0648040771
.1308441162
.0603027344
-.0428924561
-.0965270996
-.0557861328
-.0480346680
.0769958496
.0434112549
-.0402984619
-.0254211426
.0370788574
-.0280151367
.0246429443
-.0353088379
-.0345306396
-.0295104980
.0263824463
-.0183563232
-.0208129883
-.1110076904
.0475463867
.0379791260
-.0717773438
.0401153564
-.0360870361
-.0280151367
.0240478516
.0352325439
.0166473389
-.1321563721
-.0508270264
.0717163086
.0566406250
.0493011475
-.0343933105
-.0292205811
-.0327453613
.0494384766
.0191345215
.0180206299
.0122375488
.0252685547
.0336151123
.0647125244
.0270690918
-.0233459473
-.0249328613
.0203857422
-.0281219482
.0457153320
-.0158081055
.0191040039
.0178833008
-.0117645264
.0134582520
.0129241943
.0126495361
-.0072631836
-.0097961426
.0062866211
-.0104370117
-.0141906738
.0124511719
-.0081024170
-.0063476563
-.0092010498
.0059814453
-.0062103271
.0071258545
-.0410003662
.0252532959
.0076751709
.0185699463
.0125579834
-.0074920654
-.0274353027
.0055999756
.0049591064
.0038757324
-.0033264160
.0037689209
-.0028991699
.0024871826
.0018615723
.0012207031
.0010070801
.0003967285
