.0062103271
-.0268249512
-.0540161133
-.0886688232
.0982208252
-.1147308350
-.1753997803
.1403808594
-.1770019531
-.2165985107
.1064300537
.0505218506
-.1161651611
.1444091797
.1928100586
-.1498870850
.1613311768
-.1115875244
-.1730194092
-.1282196045
-.0851745605
.1277465820
-.0944366455
.1237182617
.0959472656
-.1783294678
-.2024383545
-.1801300049
-.1843414307
-.2184906006
.1615600586
-.1445617676
.1630096436
.1855926514
-.1655426025
-.1319427490
-.1576843262
-.1649932861
-.1249847412
-.1432037354
.1792602539
.1622619629
-.1397247314
.1148071289
-.1091003418
.1819305420
.1433715820
.2017059326
.1917572021
-.2086639404
.1001586914
-.1324310303
-.0788574219
.1455230713
.1052703857
-.0801391602
-.0942230225
-.1434631348
-.2028656006
-.1669311523
.1573028564
-.1645355225
-.1701965332
-.1486816406
-.1379547119
-.1639556885
.1488037109
.1163177490
.1529235840
.1583099365
.1585540771
.1556701660
-.1306762695
-.1821746826
-.1673736572
-.1533813477
-.0961456299
-.0906829834
.1619567871
-.1206665039
-.1734466553
.1423950195
.2008666992
.1149749756
.1008758545
-.0924987793
-.1009521484
.0833892822
-.0965270996
-.0790100098
-.1099090576
-.1455841064
-.1708984375
-.1698608398
.1874542236
.1666259766
-.1352844238
-.1538391113
-.1389160156
.1484222412
.1253662109
.1400756836
.1313171387
.1004486084
-.1398468018
.1550292969
.2539672852
-.4747009277
-.3454589844
-.4797210693
-.4526062012
.3751983643
-.5000000000
-.3890533447
-.3898010254
-.3496093750
-.4833221436
-.4585266113
-.4588165283
-.4711608887
-.4633941650
-.5000000000
-.5000000000
.3953552246
.3022918701
-.2273101807
.1460418701
.1436157227
.1462860107
.2415618896
.1927947998
-.0963134766
.1500701904
.1100311279
.1269531250
-.1377563477
.1303558350
.4028625488
.3317565918
.4999847412
.3106842041
.4142150879
.2936706543
.3298034668
.2569122314
.3088989258
.2325286865
.2354583740
.1882324219
-.1282958984
.1613311768
-.1564636230
-.1292419434
-.1616821289
-.1477813721
-.1524353027
-.1498870850
-.1074981689
-.0987243652
-.2980804443
.2931213379
.2729949951
.2455596924
.2359619141
.2072448730
.2288818359
.1806335449
.2046508789
.2096252441
-.2316436768
-.1499786377
-.1149139404
.1112365723
-.1359405518
-.1438446045
-.0986785889
.1072998047
-.1109466553
-.1117095947
-.1256103516
-.3510284424
-.4998016357
-.4998016357
-.4360198975
-.4306793213
.2617950439
.2496948242
.2164306641
.3005371094
.1779785156
.1673126221
.1950531006
.1113891602
.1188812256
-.0767059326
.1011810303
.1074676514
-.4845886230
-.3811340332
-.2752380371
-.3069152832
-.4294891357
-.2885894775
-.3226470947
-.3375396729
-.3689575195
-.3595581055
-.2599487305
.1684417725
.1309967041
.1426849365
-.1830596924
.1720886230
.2186737061
.2398834229
.2012634277
.2984313965
.2135009766
.2334899902
.2646789551
.3214111328
-.1924438477
.1848754883
.1523437500
-.1073455811
-.1228790283
-.1131286621
-.0958862305
-.0935516357
-.0759887695
-.0769653320
-.0916595459
-.0897827148
-.1079406738
-.0977020264
-.1091308594
-.1122436523
-.1043701172
-.1198730469
-.1374969482
-.1325988770
-.1260833740
-.1233062744
-.1347656250
-.1299133301
-.1416473389
-.1328430176
-.1377716064
-.1176605225
-.1207122803
-.1274719238
-.1422729492
-.1168212891
-.1177520752
-.1190032959
-.0970306396
-.1038970947
-.1101837158
.1033935547
.0945892334
.0722351074
-.0792846680
-.0905914307
.0866699219
-.0554199219
-.0626983643
-.0559844971
-.0718688965
.0611267090
.0542449951
-.0626678467
-.0726013184
.0580902100
-.0480957031
-.0516510010
-.0705871582
-.0851898193
-.0881347656
.0876007080
-.0555267334
-.0495452881
-.0631256104
.0618743896
-.0709838867
-.0696563721
.0435333252
-.0419616699
-.0469360352
.0381774902
.0477447510
-.0600585938
-.0794372559
-.0788574219
-.0583953857
.0495910645
-.0576629639
-.0798034668
-.0889892578
-.0976409912
-.1060791016
-.0925292969
-.0853118896
-.0689849854
-.0677185059
-.0691375732
-.0745391846
-.0817565918
-.0794372559
-.0609436035
.0390167236
.0352325439
.0610961914
-.0762634277
-.0707244873
.0634765625
-.0645141602
.0679321289
.0573272705
-.0487823486
.0490264893
.0504302979
-.0555419922
.0498657227
-.0471038818
.0484161377
.0435180664
.0554504395
.0473480225
.0374450684
.0402069092
-.0489349365
.0530090332
.0602264404
.0589904785
.0644226074
-.0683593750
.0639038086
-.0519104004
.0772552490
.1007690430
.0921783447
-.0747528076
-.0484161377
.0321960449
.0300598145
-.0319824219
-.0351409912
.0436859131
.0664978027
.0726623535
-.0685424805
-.0749206543
-.0442657471
.0451812744
-.0320892334
.0381774902
.0523376465
.0520477295
.0665893555
-.0682678223
-.0744628906
-.0464324951
.0409698486
-.0377655029
-.0446472168
-.0426177979
-.0419769287
.0328521729
.0320892334
.0294189453
-.0497283936
-.0437316895
-.0432739258
.0435333252
.0313720703
.0266265869
-.0257263184
.0402526855
.0409088135
-.0496368408
.0317535400
.0359039307
.0421295166
.0470581055
.0504150391
.0547637939
.0523376465
-.0519409180
-.0418548584
-.0482330322
-.0334014893
.0368804932
.0412597656
.0454101563
.0469970703
-.0479431152
.0384063721
-.0467376709
-.0525970459
-.0506134033
.0262298584
-.0464935303
.0521697998
.0442504883
-.0362548828
.0331268311
-.0600585938
-.0471343994
.0260925293
.0381317139
.0727081299
-.2005615234
-.2889862061
-.4197235107
-.5000000000
-.4194946289
-.4310302734
-.5000000000
-.3601074219
-.4502716064
-.4095153809
-.2999725342
.2813873291
-.2595062256
-.3531341553
-.2238159180
-.2928314209
-.3656616211
-.2138824463
-.2374267578
-.2709197998
.2155914307
-.2516784668
-.1400451660
-.3377838135
-.0837402344
-.0906524658
.1198425293
-.1064147949
.0829315186
-.0871429443
-.0813598633
.0970916748
.0930786133
.0696258545
-.0624694824
.0744476318
.0649414063
.0682830811
.0617523193
-.0321960449
.0642700195
.0375518799
.0585327148
-.0425872803
-.0463409424
.0337371826
.0328521729
-.0546417236
.0476379395
-.0490417480
-.0523376465
-.3740234375
-.3994750977
-.3311309814
-.3701171875
-.1798858643
-.1657867432
-.2848510742
.2252807617
-.2191314697
.1292266846
-.3730468750
-.3800811768
-.5000000000
-.3323211670
-.4380340576
-.5000000000
-.3985443115
-.4555969238
-.4831848145
-.2825317383
-.1336822510
-.1327819824
-.0758972168
-.0940246582
-.0858764648
-.1040496826
.0973052979
.1264801025
-.0996246338
.0665283203
.0908050537
-.1523284912
-.1178588867
.0995941162
.0823974609
-.0949401855
.0897674561
-.0872497559
.1276855469
.0885009766
.0823822021
.0794830322
-.0919189453
.1270294189
.1208038330
-.0858917236
.1069335938
-.0615997314
.0980072021
-.1154479980
.0957183838
.1141052246
-.1027221680
-.0887451172
.0809783936
.0794067383
-.0905761719
-.0914459229
.1048431396
.0527496338
.0837554932
.1130676270
-.0963439941
.1240386963
-.0687713623
-.0579528809
.0657806396
-.0732574463
.0724182129
-.0812835693
.0730285645
.0563964844
.0701293945
-.0921936035
-.0816650391
.0892944336
-.0850982666
-.1636962891
-.1496276855
.0819702148
-.1095428467
-.1471710205
.0870819092
-.0950927734
-.1240539551
-.1137542725
.1053619385
-.1040649414
.1045989990
-.1069335938
.0946197510
-.1029663086
-.1106872559
.1051635742
-.1647949219
-.1988067627
-.2145690918
.1468353271
-.2582855225
.1322631836
-.1653900146
.1297302246
-.1375274658
-.1268768311
-.1284942627
.1065063477
-.1219329834
-.1401977539
-.1396026611
-.1454620361
-.1355133057
.1391143799
-.1242980957
-.1000213623
-.0930328369
.1030120850
.1130065918
-.1083374023
-.0974884033
-.1311645508
.0976104736
-.0884246826
-.0916137695
-.0624847412
-.1092071533
.0655364990
-.1117553711
-.1088562012
.1162261963
.1051025391
-.0762329102
-.1088409424
.1604919434
-.0938110352
.0989074707
.0805206299
-.1224365234
-.1398773193
.0928802490
-.0792083740
-.0876007080
-.1612854004
.1540832520
.1283569336
-.1488800049
.1467437744
-.1485443115
.1507110596
.1257629395
.1243286133
-.1335449219
-.1389465332
-.1421508789
-.1593475342
.1514739990
-.0978088379
.1254577637
.1620330811
.1468353271
.1169891357
.1262207031
.1283569336
.1681823730
.1623229980
.1248931885
.1452636719
.1165313721
.1377563477
.1608581543
.1876525879
.1712799072
-.1383819580
.1016540527
.1437530518
-.2063140869
-.1774444580
-.1380920410
-.1485290527
-.0995788574
-.1804656982
-.1522827148
-.1059722900
-.1760101318
-.0848236084
.1343994141
-.1795349121
-.1105651855
-.1185302734
-.1345977783
-.0909729004
.1183776855
.1235504150
.1132812500
-.1553802490
.1464080811
.1391906738
.1501007080
-.1607513428
.1933288574
-.1878051758
-.1704101563
-.1379241943
-.1530914307
-.1464843750
-.1513519287
-.1967926025
-.1602935791
-.1542053223
-.1137847900
-.1569976807
-.1469268799
-.1719512939
-.1268768311
.1549224854
-.1597137451
-.1676635742
-.1581420898
.1789550781
-.1347808838
-.1267089844
-.1514739990
-.1385650635
-.1185913086
-.1320037842
-.1939392090
-.1789245605
.1611328125
-.1648101807
.1714324951
-.1545104980
-.2159881592
-.1893310547
-.1830902100
-.1958770752
.1570434570
-.1695709229
.1511993408
-.1441802979
.1176300049
-.1751708984
-.1488800049
-.1705322266
-.1895751953
-.1786651611
-.1886444092
-.2253570557
-.1532440186
-.2037811279
-.1864471436
-.2040710449
-.1875457764
-.1539154053
-.1975860596
-.1971588135
-.1592864990
-.1780242920
-.1747436523
-.1573791504
-.1477508545
-.1594543457
-.1702117920
-.1713104248
-.2156829834
-.2048339844
-.1805419922
.1671600342
.1858062744
-.1955108643
-.1906890869
-.2025756836
-.1813354492
-.1611785889
-.1710815430
-.1737976074
.1609954834
-.0847320557
-.1282958984
-.1403350830
-.1442108154
-.1478729248
-.1494903564
-.1029052734
-.1080017090
-.1385345459
-.1406250000
-.1090240479
-.1264495850
-.1053771973
.1283111572
-.1440582275
-.1026000977
-.1023101807
-.1210021973
-.1586151123
.1413421631
-.1121826172
.1184539795
.1409301758
.1333312988
.1110229492
.0919342041
.1228485107
.1046447754
-.1235351563
-.1199035645
-.0873107910
.1100463867
.1099090576
.0561065674
-.0857696533
-.0923004150
-.0999450684
.0846710205
-.0736389160
-.0757293701
-.1048583984
-.0970306396
-.0804443359
-.0910186768
-.0565338135
-.1007843018
-.1096649170
-.1164550781
.0807037354
-.0784301758
-.1035308838
.1003417969
-.1113586426
.0901184082
.0953521729
.0991058350
-.0406951904
.0594329834
-.0701141357
.0569610596
-.0520782471
.0293579102
-.0409393311
-.0276947021
-.0420379639
.0317840576
-.0295867920
-.0336608887
.0235443115
.0195922852
.0317535400
.0241546631
-.0110168457
.0189208984
-.0119781494
.0193634033
.0337066650
.0130615234
.0198211670
.0309295654
-.0208129883
-.0158386230
.0160064697
.0245056152
.0068817139
.0132293701
-.0075073242
.0180511475
-.0095062256
.0143585205
.0093688965
-.0086364746
.0151824951
.0143737793
-.0125732422
.0142974854
.0116882324
.0106048584
.0092163086
-.0087432861
-.0097503662
.0055236816
-.0072326660
.0060577393
.0088348389
.0064849854
-.0089874268
-.0118255615
.0089874268
-.0093078613
-.0118560791
.0126953125
-.0078887939
.0069885254
-.0092315674
.0085601807
-.0098876953
-.0092773438
-.0070953369
.0124359131
-.0101623535
.0111236572
.0078735352
-.0057067871
.0059509277
-.0079498291
-.0076904297
-.0110778809
-.0115966797
-.0088043213
.0088348389
.0099945068
.0093231201
-.0084991455
-.0081787109
-.0635375977
-.3893280029
-.5000000000
-.5000000000
-.5000000000
-.5000000000
-.5000000000
-.5000000000
-.5000000000
-.5000000000
-.5000000000
-.5000000000
-.4388427734
-.2659301758
-.1869201660
.0842590332
-.0710601807
.0575256348
.0721588135
.0522308350
.0532379150
-.0590362549
.0396728516
-.0440979004
-.4837493896
-.5000000000
-.5000000000
-.5000000000
-.5000000000
-.5000000000
-.5000000000
-.5000000000
-.5000000000
-.5000000000
-.5000000000
-.5000000000
-.5000000000
-.3159637451
.1956329346
.1360931396
.1044464111
.0942382813
.0843963623
-.0515594482
.0594177246
.0480346680
.0440063477
.0507202148
.0430755615
.0371246338
.0352935791
.0312652588
-.0314483643
-.0420989990
-.0462951660
-.0352783203
-.0283966064
-.0332946777
.0209655762
.0322265625
.0315246582
.0280456543
.0206451416
.0257415771
.0170288086
.0266418457
-.0163574219
-.0182342529
.0201721191
-.0228424072
.0184783936
-.0134429932
.0245971680
-.0148773193
.0164184570
-.0121307373
.0152130127
.0102844238
.0116577148
-.0087432861
-.0081176758
.0085601807
-.0129089355
.0118713379
.0124816895
-.0119018555
-.0103454590
.0110778809
-.0109100342
.0116577148
-.0095062256
.0059967041
.0092926025
.0046997070
.0059051514
.0079956055
.0094451904
.0102996826
-.0051727295
.0117797852
-.0078125000
.0096130371
-.0067596436
.0055084229
-.0059509277
.0086212158
-.0075378418
.0036773682
-.0062561035
.0058135986
-.0058441162
.0065307617
-.0058135986
.0054016113
-.0055389404
.0050811768
-.0058441162
.0035858154
-.0045623779
.0038757324
-.0040588379
.0053710938
-.0059356689
.0052947998
-.0058593750
.0045013428
-.0029602051
-.0037536621
.0045013428
-.0050506592
