.0031738281
.0193328857
.0023803711
-.0011596680
.0019836426
.0018920898
.0026550293
.0019531250
.0017242432
.0031585693
-.0023803711
.0015716553
.0021362305
-.1059417725
-.0063629150
.0033721924
.0020446777
-.0095062256
.0021514893
-.0023956299
-.0022125244
-.0013427734
.0022888184
-.0019683838
-.0014190674
-.0032501221
.0021514893
.0028533936
.0017242432
-.0014953613
.0012359619
.0036315918
.0023040771
-.0012664795
-.0023040771
-.0024108887
-.0012512207
.0013427734
.0017547607
.0017242432
-.0018920898
.0013885498
-.0012512207
.0022277832
-.0031433105
-.0017395020
-.0022430420
.0014038086
.0009918213
.0017242432
.0018005371
-.0010681152
-.0015869141
.0017242432
-.0015869141
-.0017395020
-.0009155273
.0023956299
.0019531250
.0009155273
.0020599365
-.0053710938
.0041351318
-.0028228760
-.0029907227
.0021209717
.0014038086
-.0017242432
-.0015716553
-.0019836426
-.0015106201
.0025177002
.0015716553
-.0016632080
.0013732910
-.0028991699
.0016784668
.0016174316
-.0050811768
-.0021514893
-.0029754639
-.0017395020
.0021362305
-.0011291504
-.0017242432
.0023040771
.0018005371
.0014190674
.0017089844
.0010833740
.0023040771
.0012359619
-.0014038086
-.0015716553
.0014648438
-.0010833740
.0018920898
-.0103302002
-.0017242432
-.0012817383
.0023040771
.0022125244
.0018157959
.0027313232
.0012512207
.0010681152
.0023803711
.0013122559
-.0398406982
.0084838867
-.0041351318
.0084228516
.0052642822
.0065155029
-.0050659180
-.0060272217
.0026245117
-.0030822754
.0021972656
.0035552979
.0022125244
.0018157959
-.0019073486
.0039062500
.0024566650
-.0021667480
-.0023040771
-.0029907227
.0018768311
.0014038086
.0015869141
-.0039215088
.0020446777
.0011749268
.0017242432
-.0021362305
.0025024414
-.0012512207
.0022277832
-.0019378662
-.0015106201
.0009155273
.0023803711
.0011444092
.0016021729
.0015716553
.0012512207
-.0014953613
-.0020599365
-.0015716553
.0013885498
.0022277832
.0012969971
.0014801025
-.0012664795
.0013275146
.0010986328
.0012512207
-.0022430420
-.0017242432
.0024719238
.0014038086
-.0030517578
-.0023956299
.0049743652
.0018005371
.0061798096
-.0012817383
.0018463135
.0026245117
-.0025939941
-.0012664795
.0013275146
.0041809082
-.0013580322
-.0019073486
.0017242432
.0038299561
.0018310547
.0029754639
.0028076172
-.0026397705
.0014038086
-.0023956299
.0023651123
-.0030670166
.0017700195
-.0015716553
.0021362305
.0018005371
-.0017852783
.0022125244
-.0223083496
.0079345703
.0055847168
.0028228760
.0051879883
.0037231445
-.0034942627
.0031890869
-.0020599365
-.0020904541
.0023803711
.0025024414
-.0028228760
-.0015258789
.0015716553
.0017242432
.0019683838
.0010681152
-.0022277832
.0018768311
.0019683838
-.0017700195
.0024566650
.0014953613
-.0025482178
-.0018920898
-.0022277832
.0026397705
-.0020751953
-.0013427734
-.0013732910
-.0028228760
-.0020141602
-.0015258789
.0015716553
.0012512207
-.0010833740
-.0013580322
.0023345947
.0018005371
-.0023193359
-.0014190674
-.0133209229
-.0028686523
.0031738281
-.0026550293
-.0041351318
-.0028076172
.0028076172
.0023040771
.0018768311
.0013427734
.0021667480
.0023040771
-.0016784668
-.0022430420
.0014953613
.0014801025
.0018768311
-.0014190674
.0024871826
-.2482147217
.0279998779
-.0101928711
.0070190430
.0414886475
.0068054199
.0056915283
.0144500732
-.0059356689
.0065460205
.0054321289
-.0066986084
-.0038909912
.0033721924
.0027160645
.0025177002
-.0027465820
-.0024871826
.0018615723
-.0014190674
.0027008057
.0027160645
-.0017852783
-.0015106201
.0014953613
.0018768311
.0014038086
-.0010223389
-.0015106201
.0027160645
.0028076172
.0017242432
-.0019989014
.0017242432
.0020751953
-.0014038086
-.0019226074
.0013732910
.0016021729
.0023956299
.0014801025
.0014190674
.0013427734
-.0025939941
.0015869141
.0014190674
.0017700195
.0012054443
.0012207031
.0027160645
.0016632080
.0057220459
-.0023040771
-.0025939941
.0022125244
.0029907227
.0030364990
-.0022430420
.0023040771
.0020446777
.0017852783
.0028991699
.0032043457
-.0031585693
.0016632080
.0016632080
-.0016784668
.0011596680
.0012664795
.0028839111
.0013427734
.0021362305
.0019683838
-.0020751953
.0017395020
-.0022430420
-.0012512207
.0016784668
.0031280518
-.0010833740
-.0020599365
.0017395020
.0014953613
.0014801025
-.0034027100
.0051269531
.0025329590
.0016937256
-.0022277832
-.0036926270
-.0056152344
-.0024871826
-.0029907227
.0029907227
-.0018157959
-.0019836426
-.0016479492
.0014801025
.0023651123
-.0050659180
-.0038909912
.0120697021
.0035400391
-.0024871826
.0023651123
-.0020904541
.0014801025
.0025024414
.0016632080
.0032348633
.0017852783
.0018463135
.0015869141
-.0012664795
-.0014495850
.0019683838
.0035858154
.0026550293
.0014038086
-.0015106201
-.0018157959
.0018310547
.0022888184
.0023651123
.0017242432
-.0023040771
-.0017395020
-.0010833740
-.0012512207
-.0019683838
-.0022277832
-.0154571533
.0121154785
.0047149658
.0033111572
-.0078887939
.0029144287
-.0020599365
-.0026550293
.0024719238
-.0014495850
.0034637451
-.0021362305
-.0021514893
-.0052337646
-.0025634766
.0038604736
.0029907227
.0043029785
.0017395020
-.0017242432
.0021209717
-.0014801025
-.0017547607
-.0016632080
.0025329590
.0014648438
-.0030517578
-.0033874512
.0022125244
.0015716553
.0018005371
-.0013580322
.0017242432
-.0023193359
.0016021729
.0016632080
-.0015563965
-.0019073486
-.0018157959
.0013275146
-.0022277832
.0037078857
-.0018920898
.0013275146
-.0019989014
.0023956299
-.0013580322
.0017242432
-.0026245117
.0018768311
-.0019226074
-.0015106201
.0015106201
-.0379180908
.0034332275
.0014343262
.0053253174
-.0045318604
-.0020904541
-.0026550293
.0012664795
-.0015563965
-.0023803711
-.0013427734
.0020599365
-.0017395020
-.0019226074
.0028686523
.0021514893
.0017852783
.0017395020
.0015716553
-.0041503906
-.0013427734
.0025482178
-.0021514893
.0015716553
-.0010833740
.0026397705
.0014038086
.0021362305
.0018920898
-.0066986084
-.0019226074
-.0018920898
-.0016479492
.0018768311
.0015869141
.0018615723
-.0012512207
.0013122559
-.0017852783
-.0040588379
-.0018005371
.0019073486
.0023803711
.0013122559
-.0027465820
.0018157959
.0013275146
-.0018157959
-.0020751953
-.0017395020
.0030517578
.0022430420
.0017547607
-.0018920898
-.0014953613
-.0017242432
.0018920898
.0021514893
.0015716553
.0018768311
.0010986328
.0022888184
.0044403076
.0018005371
.0013427734
.0017395020
-.0022277832
-.0018005371
-.0018005371
-.0019073486
-.0020751953
.0019073486
.0011444092
.0029602051
.0040283203
.0018920898
-.0020751953
.0014648438
-.0547180176
.0146484375
.0078277588
-.0139617920
.0084991455
.0461120605
.0113220215
.0148010254
.0129699707
.0068511963
-.0092926025
.0108184814
.0061187744
.0041809082
-.0176086426
.0044555664
.0045318604
-.0047912598
.0037231445
.0028228760
.0028839111
-.0030517578
-.0021362305
-.0025939941
.0018768311
-.0018310547
.0018005371
.0018920898
.0020446777
.0015563965
.0017242432
.0012512207
-.0023040771
.1195373535
-.0053100586
-.0020751953
.0024871826
.0021209717
-.0016784668
-.0019683838
-.0014190674
.0015869141
.0116577148
-.0040283203
.0035400391
-.0027160645
-.0039520264
-.0026397705
.0028991699
.0035400391
-.0016937256
-.0016937256
.0016326904
.0019683838
-.0020751953
-.0022888184
.0021209717
.0013427734
-.0019683838
.0029602051
-.0020599365
-.0017395020
-.0189361572
.0035705566
-.0029754639
.0023803711
.0029754639
-.0024566650
-.0054473877
.0035400391
-.0019836426
-.0025634766
-.0287628174
.0114898682
.0033874512
-.0027160645
-.0028228760
-.0021514893
-.0019683838
-.0022125244
-.0022430420
.0020599365
.0023956299
-.0019073486
.0038909912
-.0014190674
.0027008057
-.0036621094
.0023803711
-.0032348633
-.0018005371
.0015716553
.0024566650
-.0036926270
-.0019226074
.0027008057
-.0032501221
.0025482178
.0035247803
.0029602051
-.0022125244
-.0037078857
.0015563965
-.0016632080
-.0017089844
.0035400391
.0019531250
-.0015106201
.0014038086
.0026550293
.0025177002
.0014190674
-.0017242432
.0021209717
-.0034790039
-.0066223145
.0039367676
.0028228760
-.0018005371
-.0130767822
-.0030517578
.0023040771
-.0013580322
.0015716553
-.0153045654
-.0042266846
.0044250488
-.0028839111
.0055999756
-.0041198730
.0029754639
-.0028076172
.0022125244
.0057830811
.0894622803
.0066070557
-.0040740967
-.0024108887
-.0056152344
-.0040588379
.0022735596
-.0030364990
.0020294189
.0016632080
.0018920898
-.0020904541
.0017852783
-.0015716553
-.0014953613
.0021362305
-.0056152344
.0025482178
-.0023956299
.0009460449
.0018157959
.0021514893
-.0016632080
-.0024719238
-.0018005371
-.0025634766
.0021362305
-.0014038086
.0026397705
.0016632080
.0014801025
-.0009307861
.0025634766
.0686340332
.0068664551
-.0025634766
.0024871826
.0036163330
.0022888184
-.0022430420
.0014953613
.0020294189
.0024871826
.0046844482
.0017242432
-.0014953613
-.0025787354
-.0028991699
.0020294189
.0020751953
-.0040588379
.0046081543
.0031280518
-.0017547607
-.0021362305
-.0017242432
.0020446777
-.0019989014
.0033874512
.0018768311
-.0019989014
.0022125244
.0037994385
.0016479492
.0018615723
-.0012664795
.0023803711
-.0012664795
.0042266846
.0023651123
.0014190674
-.0012664795
-.0017242432
.0020446777
.0015716553
.0015716553
.0011749268
-.0010986328
-.0017395020
-.0015869141
.0016479492
.0016632080
-.0013580322
-.0014343262
.0012512207
-.0013427734
-.0015106201
-.0030822754
.0016632080
.0022125244
.0023803711
.0011444092
-.0018310547
.0017852783
-.0028076172
.0027008057
.0022125244
.0019073486
.0015716553
.0017395020
.0093383789
.0019073486
-.0026397705
-.0016479492
.0018615723
.0018615723
.0015869141
.0016632080
-.0019683838
.0017852783
-.0024108887
-.0018005371
.0015106201
.0012207031
.0018768311
.0016021729
-.0014038086
-.0019073486
.0016326904
.0011596680
.0014801025
-.0018005371
-.0010070801
.0015106201
.0011444092
-.0015258789
-.0013427734
-.0031585693
.0043640137
.0032501221
.0022125244
-.0028076172
.0032196045
.0016632080
-.0019226074
.0020599365
.0024566650
.0017242432
.0015716553
-.0023193359
.0012664795
-.0018157959
.0023651123
.0020751953
.0017089844
-.0019989014
-.0024261475
-.0042419434
-.0019073486
-.0020904541
.0011596680
-.0012512207
-.0017242432
-.0024108887
-.0017700195
-.0017242432
.0020599365
-.0024871826
-.0017242432
.0022125244
.0016632080
.0014343262
.0021514893
-.0011596680
-.0014495850
.0016021729
.0023040771
.0016479492
-.0015869141
-.0025787354
-.0027313232
-.0010681152
.0045623779
.0016632080
-.0021514893
.0015869141
-.0026550293
.0015716553
.0015716553
-.0010833740
.0016479492
.0016479492
.0015869141
-.0028839111
.0023193359
.0979003906
-.0456237793
.0119018555
.0079193115
-.0189514160
.0099029541
.0064239502
-.2482147217
-.0858459473
.0264129639
-.0260925293
.2214813232
-.0249633789
.0240325928
.0159149170
-.0364379883
-.0128936768
-.0134887695
-.0101928711
-.0068054199
.0075073242
-.0079193115
.0059204102
-.0042266846
.0042877197
.0033416748
-.0030517578
-.0025482178
.0052032471
.0025482178
.0020446777
-.0018005371
-.0021667480
-.0032501221
-.0017700195
-.0019073486
.0010833740
.0025634766
-.0016632080
.0021362305
-.0015869141
.0018005371
.0026550293
.0022277832
.0025482178
.0017242432
.0035247803
.0025634766
-.0015258789
-.0072937012
.0016784668
-.0019073486
.0012359619
.0018157959
.0012817383
.0032043457
.0018768311
.0018920898
.0021514893
.0017547607
.0030670166
.0025329590
-.0028076172
-.0021514893
-.0021514893
-.0017089844
-.0022277832
.0015106201
.0025177002
.0014801025
.0020599365
-.0011444092
-.0022277832
-.0334625244
.0137481689
.0058441162
.0053558350
-.0130615234
.0090179443
.0035400391
-.0034179688
-.0032501221
-.0033874512
.0035400391
.0027160645
.0036926270
-.0028381348
.0019836426
.0022888184
.0028076172
.0017242432
.0023040771
.0026245117
.0035400391
-.0034942627
.0017242432
.0018615723
-.0015258789
.0024719238
-.0015106201
.0020599365
.0011596680
.0015106201
.0021209717
-.0019989014
.0018768311
-.0017547607
.0018005371
.0017242432
.0016784668
-.0024566650
.0021514893
.0027160645
.0033721924
.0018920898
-.0022583008
.0017089844
.0032196045
.0021514893
-.0022277832
-.0019226074
-.0019836426
.0018768311
-.0028686523
.0198822021
.0062561035
.0023651123
-.0028076172
-.0037994385
-.0028076172
-.0027313232
-.0027313232
-.0024566650
-.0043945313
.0036926270
.0044403076
.0012207031
.0026397705
-.0022277832
.0018768311
.0021057129
.0022735596
.0012512207
-.0017242432
-.0015869141
.0016632080
.0016632080
.0011901855
-.0041046143
.0015716553
-.0033264160
.0015869141
.0034484863
.0018768311
.0014038086
.0019989014
.0015716553
.0014190674
.0015716553
-.0015716553
.0020599365
-.0014038086
.0031585693
-.0042266846
.0015869141
.0013122559
.0011749268
