.0000000000
.0000000000
.0000000000
.0000000000
.0000000000
.0000000000
.0000000000
.0000000000
.0000000000
.0016784668
-.0085754395
.0245208740
.0283508301
.0809020996
-.0676879883
.0691070557
-.0614166260
.0693664551
.0894012451
-.0652465820
.0819244385
-.0749969482
-.0859680176
.0817718506
-.0979003906
.0712127686
-.0853881836
-.0712738037
.1025695801
-.0762939453
.0918273926
.0828552246
.0711975098
.0852050781
-.0619354248
.0773773193
.0879364014
-.1090545654
-.0555725098
-.0771331787
.0950469971
.0656890869
-.0942993164
.0865020752
-.1016998291
-.0813598633
-.0951995850
.0878601074
-.0639190674
-.0615997314
-.0422058105
.0488433838
.0317535400
.0553588867
-.0353393555
.0444793701
-.0519866943
.0677337646
.0440063477
.0472259521
-.0599212646
.0631408691
-.0699310303
-.0762023926
.0933990479
-.1016693115
.0791931152
.0584564209
-.0955657959
-.0624389648
-.0741729736
.0631103516
-.0512237549
.0563049316
.0709228516
-.0711517334
.0648651123
.0676727295
.0524444580
.0850982666
-.0944213867
.0700225830
-.0649261475
.0805053711
-.0729522705
.0658111572
.0691528320
-.0714721680
.1121520996
.0571594238
.0988464355
.1019592285
-.0639495850
.1055603027
-.0850524902
.0718994141
-.0505371094
-.0901794434
-.1523437500
-.1579589844
-.1297454834
-.1037139893
.1194763184
.0678863525
.0857696533
.1028594971
-.0766296387
.0935516357
-.0671997070
.0686645508
-.0789489746
-.0529479980
.0589141846
-.0551147461
-.0417480469
-.0420837402
.0863647461
.0731048584
.1116943359
-.0615844727
-.1006927490
-.0790100098
-.0598449707
.0366516113
-.0616302490
.0616607666
.0683746338
-.0442352295
.0921325684
-.0458374023
.0504150391
-.0437774658
-.0890655518
-.0701904297
-.0596618652
-.0845336914
.0744781494
.0597991943
.0581054688
-.0748596191
.0919799805
-.0867462158
.1186218262
.1245727539
-.0824737549
.0715179443
.0948486328
.0817413330
-.0383300781
-.0819091797
-.2128143311
-.1433105469
.1323242188
-.1231689453
.1409912109
-.1122131348
-.0942840576
.0734405518
.0576934814
-.0997772217
-.0777435303
-.0852966309
.0677795410
.0656280518
-.0728759766
-.0591735840
.0749664307
-.0670776367
.0476837158
.0599212646
-.0547943115
-.0997772217
.0850982666
.0539703369
.0646362305
.1005249023
-.1162872314
-.0669250488
.0858612061
.0922546387
.0763549805
-.0358581543
-.0506286621
.0402832031
.0487365723
.0845642090
-.0812988281
.0914154053
.0606994629
-.0515136719
-.0937957764
.0748443604
.0465393066
-.0541687012
-.0767974854
-.0306091309
-.0710906982
-.0541534424
-.0379028320
.0556030273
-.0487670898
-.0409698486
.0742492676
-.0624389648
.1231689453
.0525817871
-.0882873535
-.0644073486
-.0547332764
-.0790710449
-.1365814209
.0936889648
-.0915527344
.0813751221
.0679626465
.0644989014
.0726470947
.0561676025
-.0486450195
.0304565430
-.0323181152
-.0261077881
.0418243408
-.0490112305
-.0386962891
.0531768799
.0590515137
.0693817139
.0562286377
.0456390381
-.0563049316
.0632171631
.0699157715
.1014862061
.0815734863
-.1078948975
-.0741424561
.0874786377
.0871582031
-.0704345703
-.0557403564
.0729675293
.0749359131
.0737762451
.0744781494
-.0672607422
-.0594329834
.0565338135
-.0488433838
-.0425872803
.0589141846
-.0713348389
-.0629119873
.0778198242
.0720214844
.0411682129
.0318603516
.0477905273
-.0574340820
.0350189209
.0643920898
-.0746307373
.0765533447
.0932159424
.0707550049
-.1041259766
.1358032227
.0830841064
.0976104736
-.0679016113
-.0835418701
.0908203125
.1154174805
.1107482910
-.1046295166
-.0950469971
.0909729004
-.1245117188
.1075592041
-.0837402344
-.0774993896
.0700378418
-.1007690430
.0747070313
-.0652465820
-.0770111084
.0755310059
-.1322326660
-.1528167725
-.1608581543
-.1203002930
-.0928344727
.1051940918
-.1014099121
-.0806732178
.0836029053
-.0983581543
.0902557373
-.0970916748
.1096801758
-.0526580811
.0991973877
.1215667725
-.0766754150
.1023712158
.0740661621
-.0923919678
-.0812683105
-.1176452637
-.0777587891
.0884552002
-.0610961914
-.0810852051
.0647888184
-.0967102051
.0908203125
.0727386475
.0947265625
-.1196441650
.1388549805
.1435546875
.1196594238
.1380615234
-.1132507324
-.1459808350
-.0907592773
-.1021728516
.1235809326
-.1069030762
.0864105225
-.1312255859
.0678100586
.0804901123
-.1104888916
.0927886963
.1250915527
.1023254395
-.1423187256
-.1490631104
.1464996338
-.1828155518
-.1560668945
-.1488647461
.1679687500
-.1413574219
.1268463135
.1344299316
-.1571807861
.1675109863
.1452331543
.1950988770
.1187286377
.1233825684
-.1337585449
.0946960449
.0951843262
-.0783996582
.1403503418
-.1499938965
-.1356811523
.1203460693
-.1349487305
-.1717224121
-.1184692383
-.1178741455
.1004028320
-.1020507813
.0545806885
-.0762939453
-.0409851074
.0733337402
.0830688477
.0846862793
.0433044434
.0615386963
-.0615997314
.0681610107
.0584716797
.0790252686
.0524902344
.0974578857
.0946197510
.1184997559
.0944366455
.0767822266
.0513610840
.0621948242
.0774536133
.0719299316
-.0905609131
-.0651245117
.0911560059
.1058502197
-.1039276123
-.1150207520
-.0848388672
.0956268311
.0745391846
.0862579346
-.1295623779
.1118316650
.1063385010
.0836791992
-.0807495117
-.1022338867
-.0938568115
.1503753662
.1057891846
.1005859375
.1029205322
-.0684661865
.1203460693
.0967559814
-.0484161377
-.0493469238
.0449676514
.0420074463
.0668182373
.0427551270
.0541534424
.0460815430
-.0607299805
.0508575439
.0475616455
-.0428314209
.0471954346
-.0637054443
-.0451507568
.0549621582
.0560455322
-.0342712402
-.0355224609
.0368347168
.0399627686
-.0595550537
-.0381164551
-.0493469238
-.0397186279
.0823669434
-.0797424316
.0738220215
-.0513610840
-.0273895264
-.0314331055
-.0384521484
-.0875549316
.0525054932
.0467376709
-.0540313721
.0858306885
.0806427002
-.0340270996
-.0610046387
-.0640869141
-.0647125244
-.0683135986
-.0852050781
-.0948333740
-.0822753906
-.0647888184
-.1124572754
-.0531768799
-.0376892090
.0603179932
.0426330566
.0491027832
.0602416992
.0581054688
.0663146973
.1122283936
.1248474121
.0877532959
.1154174805
-.1455383301
.1044769287
.1888580322
-.1119537354
.1155548096
.1275024414
.1197357178
.1066436768
-.0863342285
-.0700988770
-.0709075928
.0810852051
.1008605957
-.0799407959
.0865325928
-.0787811279
-.0762939453
-.0621032715
.0751800537
-.0573425293
-.0858612061
-.0515747070
-.1028594971
-.0927429199
.0699310303
-.1012420654
-.0846862793
.0585937500
.0511322021
-.0503234863
.0459136963
.0691528320
-.0726776123
-.1030731201
-.0558776855
-.0532226563
.0783233643
.0455017090
.0657196045
.0572814941
-.0446166992
.0613403320
-.0347900391
.0456237793
-.0462646484
-.0540618896
-.0684661865
-.0387115479
-.0573577881
-.0504608154
-.0525360107
-.0365447998
.0771942139
.0693664551
.0314331055
.0221557617
.0555725098
-.0626068115
-.0490112305
-.0378723145
-.0510406494
-.0593872070
.0548553467
.0481567383
-.0563354492
.0598754883
.0735321045
.0405426025
.0469055176
.0645294189
-.0777893066
-.0461425781
-.0448760986
.0311584473
.0500488281
.0756530762
-.0382843018
.0418243408
-.0335845947
-.0550994873
-.0467987061
.0358734131
-.0359649658
.0679931641
-.0481567383
-.0376434326
.0361328125
-.0358734131
-.0656127930
-.0502929688
.0483093262
-.0646514893
-.0510559082
-.0450592041
-.0492401123
.0661926270
-.0448455811
-.0495758057
.0620727539
.0343475342
-.0339202881
-.0663452148
.0324401855
-.0299072266
-.0316467285
.0630493164
.0529632568
.0464324951
-.0438232422
-.0609130859
.0641326904
.0349884033
-.0357360840
.0438537598
-.0380249023
-.0273590088
.0619812012
.0504455566
.0575103760
.0435485840
-.0608520508
.0562591553
.0450744629
.0548095703
.0342254639
-.0433502197
.0353240967
-.0588531494
-.0515594482
-.0475463867
-.0586395264
-.0472106934
.0691680908
.0439910889
-.0642852783
.0538024902
-.0532836914
-.0618743896
.0692291260
-.0776824951
.0450439453
.0370483398
.0439605713
-.0836791992
.0751953125
.1246948242
.0714263916
-.0582885742
-.1209411621
.0870056152
-.0468902588
-.0673828125
-.0751037598
-.0417327881
-.0410308838
.0505065918
.0669403076
-.0687713623
.0495300293
.0866241455
.0258026123
-.0597991943
-.0378723145
-.0423889160
.0382385254
-.0362854004
.0364990234
-.0421600342
-.0308074951
-.0375061035
.0224151611
-.0389556885
-.0312500000
.0222473145
-.0343780518
-.0299987793
-.0316925049
-.0309448242
.0249786377
-.0473785400
-.0444946289
-.0361022949
.0483245850
-.0256195068
.0411376953
-.0442962646
-.0611114502
.0627593994
.0406951904
-.0425720215
-.0690002441
-.0695953369
-.0466918945
.0479431152
-.0263214111
.0558166504
.0371704102
-.0421752930
-.0461730957
.0192718506
-.0304565430
.0239715576
.0506744385
.0317230225
.0391998291
.0276947021
-.0432739258
.0365905762
.0360260010
-.0479125977
-.0543365479
.0265502930
.0380096436
.0482177734
-.0304412842
-.0336608887
-.0393066406
-.0303039551
-.0423431396
-.0366363525
.0287170410
-.0332031250
.0327606201
.0450286865
-.0456085205
.0375671387
-.0359802246
.0413360596
-.0402526855
.0401916504
.0361480713
-.0336608887
.0293884277
-.0422973633
.0372467041
.0471496582
.0537719727
-.0616455078
-.0382843018
.0413665771
.0431060791
-.0362243652
-.0344390869
.0302886963
.0298767090
.0328521729
-.0404968262
-.0350799561
.0360260010
-.0221557617
.0353546143
.0322570801
-.0461730957
-.0264587402
-.0307159424
.0304718018
-.0468444824
-.0285034180
.0276336670
-.0257873535
.0230865479
-.0303497314
.0379180908
-.0244140625
-.0184783936
.0228729248
-.0280609131
-.0301818848
.0181732178
-.0215911865
-.0268249512
.0393981934
-.0232543945
.0279693604
-.0270690918
.0269927979
.0313720703
.0241394043
.0152282715
-.0188751221
-.0377502441
.0309295654
.0237579346
-.0229644775
.0283050537
-.0255279541
.0199432373
.0151977539
.0197143555
.0226135254
-.0269317627
.0177154541
-.0291595459
.0390930176
.0312042236
.0328063965
.0237579346
-.0218353271
-.0297241211
-.0312805176
.0188751221
.0226898193
-.0158233643
-.0240020752
-.0239105225
-.0223999023
.0268707275
-.0148468018
.0138397217
.0400238037
-.0225067139
-.0445556641
.0249328613
.0266265869
-.0283966064
-.0325775146
-.0232238770
-.0251007080
.0200653076
-.0331726074
-.0222930908
.0165557861
.0225830078
.0343780518
-.0248565674
.0200653076
.0197143555
.0225524902
-.0254669189
-.0213623047
-.0158081055
-.0241394043
-.0197296143
.0153808594
.0228881836
.0164642334
.0172882080
.0189208984
-.0177764893
.0191955566
.0170745850
-.0198059082
.0221710205
-.0333251953
.0197448730
.0314941406
-.0201873779
.0207061768
.0196533203
.0200653076
.0174102783
-.0171966553
-.0214233398
.0204162598
-.0179901123
.0163726807
-.0178070068
-.0199432373
.0154266357
.0172119141
.0219879150
.0164642334
.0191040039
.0196228027
.0205993652
-.0207061768
.0158843994
.0243377686
.0276489258
.0304565430
.0250091553
-.0232086182
.0160980225
.0132446289
.0159606934
-.0166320801
.0157318115
.0149230957
.0133666992
.0126190186
.0117950439
.0157165527
-.0239868164
.0155029297
.0220642090
.0209960938
-.0254058838
-.0171051025
.0160827637
.0187225342
.0123138428
.0199432373
-.0174102783
.0195922852
-.0161132813
.0167999268
.0153198242
-.0163269043
-.0173187256
.0206451416
-.0190429688
.0147094727
-.0168762207
.0218353271
-.0274810791
.0239105225
-.0201263428
-.0173950195
.0155487061
-.0181427002
-.0244903564
-.0105438232
.0146179199
-.0125427246
-.0118255615
-.0108489990
-.0126800537
.0116119385
-.0100860596
.0068969727
-.0089569092
-.0093994141
.0083007813
.0110015869
-.0105895996
-.0083312988
.0088653564
-.0079803467
.0078277588
-.0089416504
-.0073699951
.0085296631
-.0083618164
-.0064849854
-.0049743652
-.0063171387
.0091400146
.0121459961
-.0067291260
.0084228516
.0075836182
.0049896240
.0065765381
-.0069427490
-.0069732666
.0070343018
.0050506592
.0053710938
-.0070343018
-.0078887939
.0055847168
-.0067138672
-.0051879883
-.0051269531
.0040435791
-.0052032471
.0057220459
-.0037078857
-.0046691895
.0041656494
-.0048370361
-.0046691895
.0044555664
.0063476563
.0033416748
-.0058135986
-.0055999756
-.0033721924
.0042419434
-.0035858154
.0044250488
-.0043487549
-.0038299561
-.0036010742
.0040435791
-.0035247803
-.0043182373
-.0036315918
-.0026550293
.0026397705
.0028686523
.0026245117
-.0031738281
.0032501221
.0029602051
.0017547607
.0019378662
-.0025634766
-.0019378662
.0024108887
.0028076172
.0023040771
-.0019531250
-.0018157959
-.0024108887
.0020904541
.0026397705
.0022430420
.0020599365
-.0022583008
-.0018463135
.0017700195
-.0020141602
.0016326904
-.0018310547
.0015106201
-.0012817383
-.0014038086
.0009307861
-.0012359619
-.0014038086
-.0011138916
-.0010375977
-.0009918213
-.0009918213
-.0008850098
.0009765625
.0007019043
-.0009307861
-.0005035400
-.0006103516
.0006103516
-.0003967285
.0003204346
-.0003356934
.0001678467
.0002136230
-.0079803467
