.0002746582
.0002593994
-.0001525879
-.0001373291
-.0001525879
-.0001525879
-.0001525879
-.0001831055
.0001220703
-.0001678467
.0002136230
.0001068115
.0001831055
-.0001678467
.0001983643
-.0002136230
-.0002136230
-.0003967285
.0006256104
.0009155273
-.0009002686
.0017700195
-.0020446777
.0019073486
-.0012664795
-.0014495850
-.0030212402
.0016174316
-.0022735596
-.0031433105
.0049438477
-.0022583008
-.0044555664
.0062561035
.0039825439
-.0012817383
.0065155029
-.0094299316
-.0033264160
-.0037689209
.0035095215
-.0037841797
.0023193359
-.0036621094
.0040283203
.0054016113
.0095825195
-.0005493164
.0024566650
.0055389404
-.0128021240
-.0161285400
.0187530518
-.0013580322
-.0016479492
-.0039825439
-.0009002686
-.0010833740
.0111694336
-.0190429688
-.0058135986
-.0109863281
.0111694336
.0067596436
-.0097808838
-.0121002197
-.0084075928
.0127105713
.0048675537
.0173645020
-.0202941895
-.0043334961
-.0120086670
-.0139007568
-.0139923096
.0159606934
.0109558105
-.0161437988
-.0197296143
-.0212402344
.0150451660
-.0129089355
.0143585205
-.0109405518
.0230560303
-.0238647461
-.0190277100
-.0206756592
.0249023438
-.0248565674
-.0281524658
-.0288238525
-.0148468018
.0255126953
-.0225677490
-.0229492188
-.0231323242
.0221252441
.0292663574
-.0271606445
.0270843506
-.0263061523
-.0258941650
.0256042480
-.0212402344
.0298919678
-.0301055908
-.0309753418
-.0281219482
-.0253753662
.0182189941
-.0209655762
-.0230407715
.0221099854
.0180511475
-.0153350830
.0148925781
.0273895264
-.0254364014
-.0274200439
-.0125885010
-.0195159912
.0211944580
-.0105133057
.0188140869
-.0294952393
-.0291290283
.0324249268
-.0293273926
-.0267181396
.0283813477
.0250549316
-.0287628174
-.0264434814
-.0160064697
-.0175323486
-.0193176270
-.0251464844
-.0269775391
.0202331543
.0202331543
-.0175781250
.0230560303
.0174407959
.0254974365
-.0283355713
.0240478516
.0249786377
-.0233612061
-.0236968994
-.0169830322
.0199127197
.0232849121
-.0193328857
.0281829834
.0280456543
.0300292969
.0257110596
-.0214080811
-.0280456543
-.0247650146
.0248260498
.0252685547
-.0289459229
.0295410156
-.0193176270
-.0296630859
-.0292358398
.0320434570
.0272827148
.0361480713
.0270843506
.0344543457
-.0320281982
.0362854004
-.0358276367
.0259094238
-.0364074707
-.0350952148
.0299835205
-.0325775146
.0193634033
-.0249938965
.0341186523
-.0320129395
.0369262695
-.0284729004
.0254974365
.0337524414
-.0354614258
-.0380859375
.0371551514
-.0347290039
-.0377807617
-.0328674316
-.0291137695
-.0339508057
.0359191895
-.0319976807
-.0307464600
-.0329132080
-.0322265625
.0275115967
.0206756592
.0327301025
-.0319061279
.0296478271
-.0328063965
-.0236968994
.0172882080
-.0314788818
-.0344543457
-.0313262939
.0300598145
-.0275115967
.0251922607
.0293273926
-.0276336670
-.0276794434
.0292053223
.0270843506
-.0205841064
-.0164337158
.0207061768
.0174102783
.0224151611
-.0262298584
.0270996094
.0152740479
-.0182189941
.0199432373
-.0123596191
-.0145416260
.0140075684
-.0079193115
-.0167846680
-.0139923096
-.0104675293
.0093994141
-.0144500732
-.0142669678
-.0121612549
-.0105438232
-.0167541504
.0134429932
.0132293701
-.0107879639
-.0140228271
.0105590820
.0077362061
.0113677979
-.0117492676
.0108184814
-.0129852295
.0074157715
-.0131835938
.0113220215
.0087738037
-.0116882324
.0083465576
-.0149536133
-.0223541260
.0255279541
-.0219268799
.0245361328
.0260772705
-.0252075195
.0296783447
-.0246276855
-.0253143311
-.0324096680
-.0312194824
-.0280456543
.0371398926
.0349731445
.0359649658
.0133972168
-.0359649658
-.0283813477
-.0329284668
-.0356140137
-.0245361328
-.0183105469
-.0349273682
.0399475098
.0315093994
-.0340118408
.0347290039
.0319366455
-.0350036621
-.0371398926
.0433654785
-.0372924805
.0448760986
.0452575684
.0450897217
-.0388946533
.0344543457
.0389862061
.0379791260
-.0398864746
-.0405273438
-.0398712158
-.0378723145
-.0318756104
.0395202637
-.0309600830
.0355834961
.0297241211
.0369110107
.0301513672
-.0320129395
.0330200195
-.0278625488
-.0306549072
-.0323028564
.0319213867
-.0288391113
-.0206756592
-.0249023438
.0265197754
-.0214996338
.0203552246
.0177001953
-.0247344971
-.0256500244
-.0198516846
-.0227050781
-.0182952881
.0204772949
.0183868408
-.0153656006
-.0207672119
-.0264434814
-.0216064453
.0261840820
.0201873779
-.0286102295
-.0270538330
-.0249176025
.0066528320
.0240173340
.0113372803
-.0095825195
-.0099945068
.0070648193
.0086669922
.0090942383
.0183410645
-.0231170654
-.0274200439
-.0206298828
-.0139312744
-.0089874268
-.0282440186
-.0174865723
.0292205811
.0227966309
-.0313415527
-.0268096924
.0350341797
-.0092468262
.0375518799
-.0181427002
-.0342864990
-.0256500244
.0138702393
.0066833496
-.0154113770
.0301513672
.0288848877
-.0225982666
.0214538574
.0097198486
.0334320068
-.0282592773
-.0131988525
-.0369262695
.0158386230
-.0354614258
-.0189819336
-.0093841553
.0211944580
.0297088623
.0251922607
-.0203399658
-.0247802734
.0259552002
-.0226440430
.0247955322
-.0283355713
.0225067139
.0274200439
.0354461670
-.0047302246
.0034942627
-.0059051514
-.0052185059
.0083618164
.0114593506
.0126037598
-.0090637207
-.0143127441
-.0166931152
.0285186768
-.0273590088
-.0181427002
.0086212158
.0226898193
-.0254211426
.0117034912
.0359649658
-.0364532471
-.0257873535
-.0220489502
.0383453369
.0202331543
.0141448975
-.0171813965
-.0323791504
.0293579102
-.0276336670
-.0183105469
.0307312012
.0320434570
-.0287170410
-.0260620117
-.0384826660
.0356445313
.0270996094
.0379638672
-.0338592529
.0376892090
-.0403442383
-.0367736816
.0317535400
-.0388488770
.0406646729
.0365295410
.0267486572
-.0348510742
-.0362243652
-.0375213623
-.0329437256
.0336303711
.0231323242
.0351409912
.0308837891
-.0216217041
-.0197601318
.0186157227
-.0304718018
-.0374908447
.0295257568
-.0267181396
-.0216064453
-.0342712402
-.0238647461
.0278320313
-.0234222412
.0290832520
-.0401306152
-.0296936035
-.0331420898
.0325469971
-.0371856689
.0274200439
.0326995850
-.0335693359
-.0368041992
-.0305480957
-.0266876221
.0270538330
.0338287354
.0331115723
.0139923096
-.0253448486
-.0328826904
-.0190429688
.0217895508
-.0299224854
.0314483643
.0264282227
-.0247955322
.0314178467
.0338592529
.0295715332
.0223083496
-.0160675049
.0211944580
.0155792236
.0246734619
.0199890137
-.0151977539
-.0314941406
-.0230712891
.0123443604
.0157775879
-.0225677490
-.0063323975
.0165252686
.0173645020
-.0235137939
-.0126342773
-.0155029297
-.0085144043
-.0076904297
-.0038146973
-.0023345947
.0029754639
-.0052032471
-.0024719238
.0052642822
.0045471191
.0040740967
-.0038299561
.0301361084
-.0238647461
.0227050781
.0148468018
.0103912354
-.0094299316
-.0080566406
.0101013184
-.0128021240
-.0006561279
-.0036163330
.0163269043
-.0011749268
-.0086059570
.0010223389
-.0077819824
-.0323333740
.0019226074
.0225982666
.0012512207
-.0055999756
.0252838135
.0021667480
-.0059204102
.0379638672
.0019378662
-.0056304932
.0129394531
-.0110168457
-.0205688477
.0132904053
-.0053253174
.0084991455
.0056152344
.0053558350
-.0093994141
.0131835938
.0162963867
-.0115509033
-.0127716064
-.0153961182
-.0379028320
-.0382995605
.0328826904
.0356292725
.0291748047
.0232086182
-.0333251953
-.0318908691
.0319366455
-.0323333740
-.0350189209
.0354614258
-.0372924805
.0335998535
-.0330963135
.0328674316
.0368499756
.0372619629
-.0254211426
.0392456055
-.0331573486
-.0334930420
-.0365295410
.0308837891
-.0376129150
-.0358123779
.0387573242
-.0354003906
-.0366210938
-.0352630615
-.0398559570
-.0384216309
.0325469971
.0332183838
-.0355682373
.0351409912
-.0394592285
-.0278320313
-.0324859619
.0324249268
-.0266265869
-.0270385742
.0278015137
-.0279083252
-.0215454102
.0258789063
-.0378265381
-.0137939453
-.0409851074
-.0353393555
-.0332183838
.0398101807
-.0327606201
-.0286254883
.0416564941
-.0338134766
.0377502441
-.0302581787
.0303497314
-.0360107422
.0436401367
-.0371093750
-.0308074951
.0383758545
.0383453369
-.0358428955
-.0406951904
-.0147705078
-.0426940918
-.0114135742
.0414276123
-.0386352539
-.0346069336
-.0375213623
.0402832031
-.0265045166
-.0277557373
-.0247650146
.0254516602
-.0105438232
-.0218811035
-.0340118408
-.0374450684
-.0020446777
-.0074768066
-.0007781982
.0006256104
-.0008697510
-.0030364990
.0005493164
-.0204010010
-.0010223389
-.0067291260
.0042572021
.0255432129
-.0073852539
.0283203125
.0164031982
.0275726318
.0090332031
-.0382690430
-.0287017822
-.0228881836
-.0336761475
-.0321197510
-.0201110840
.0159912109
-.0208892822
.0267181396
.0302124023
.0282745361
-.0359344482
.0305480957
.0274047852
-.0223693848
-.0314483643
-.0304107666
.0208129883
.0198516846
-.0263671875
.0227661133
-.0208740234
-.0168762207
-.0206909180
-.0142669678
.0186462402
-.0144653320
.0106048584
-.0122985840
.0146789551
-.0201873779
-.0178375244
.0140380859
.0135650635
.0142974854
-.0121307373
-.0172424316
.0198059082
.0148773193
-.0163574219
-.0179595947
-.0210571289
.0187530518
.0148010254
.0184326172
-.0224304199
.0193023682
-.0212249756
-.0251770020
-.0201721191
-.0298004150
-.0314483643
.0197906494
-.0220031738
-.0147857666
.0187683105
-.0241851807
.0278015137
-.0244293213
.0169525146
-.0245513916
.0204315186
.0210113525
-.0207214355
-.0168609619
-.0135040283
.0213012695
-.0202178955
-.0178375244
-.0201110840
-.0168457031
.0154418945
-.0207366943
.0152282715
.0168304443
-.0163116455
.0240020752
-.0142364502
.0209960938
.0221862793
-.0117797852
.0182800293
.0077056885
-.0171813965
-.0086212158
-.0103454590
-.0176696777
-.0029296875
-.0192260742
.0222625732
-.0080566406
.0152130127
.0149230957
.0184478760
-.0164794922
.0163879395
-.0109863281
-.0168304443
-.0173492432
.0087432861
-.0242919922
-.0111999512
-.0247497559
-.0262908936
-.0115814209
.0067138672
-.0264892578
.0226745605
-.0131072998
.0157470703
-.0072326660
-.0188751221
.0151367188
.0175170898
.0080413818
-.0040588379
.0249328613
.0324401855
.0274200439
-.0205383301
.0223846436
.0137329102
.0242767334
-.0103912354
.0170898438
-.0100250244
.0047302246
.0024566650
-.0215759277
.0271148682
.0262145996
-.0159912109
.0125122070
-.0057525635
-.0366210938
-.0278472900
.0136566162
.0113372803
-.0086059570
-.0049896240
.0068511963
-.0137481689
-.0219421387
-.0175476074
-.0275573730
.0107116699
-.0166015625
-.0311889648
-.0157318115
.0299835205
.0422515869
.0392150879
.0155944824
-.0368804932
.0320892334
-.0026092529
-.0066833496
.0010375977
-.0097045898
-.0009002686
.0004119873
.0031280518
-.0013427734
.0058441162
.0145111084
-.0249786377
-.0275115967
-.0164184570
-.0109863281
-.0328674316
.0120849609
-.0305786133
.0285491943
-.0079650879
-.0067749023
.0050201416
.0032196045
.0025024414
.0048065186
.0113067627
-.0102233887
.0089874268
.0067901611
-.0057983398
.0022430420
-.0106964111
-.0079040527
-.0047607422
.0192108154
.0042266846
.0064086914
.0114593506
-.0116271973
.0069732666
-.0007171631
-.0012969971
.0020141602
-.0051727295
-.0046386719
.0061187744
.0059204102
-.0031280518
-.0014495850
-.0071563721
.0074920654
.0059051514
-.0028991699
-.0047149658
.0134429932
.0141296387
-.0108337402
.0135345459
-.0098114014
.0092620850
-.0041503906
.0006408691
.0011138916
-.0018615723
.0011901855
.0016174316
-.0016784668
.0019836426
-.0023040771
.0087127686
.0104370117
.0052795410
.0026397705
.0019531250
.0137329102
-.0169982910
-.0146789551
.0177154541
.0183715820
.0120391846
.0071868896
.0039672852
-.0148315430
.0090484619
-.0048065186
-.0135040283
.0130462646
.0222778320
.0080108643
-.0127868652
-.0183868408
-.0115661621
.0139312744
-.0131072998
-.0143890381
-.0120391846
.0139007568
.0120239258
-.0086669922
.0047760010
.0056915283
-.0070037842
.0057220459
-.0043487549
.0057373047
-.0032806396
.0035858154
-.0022583008
.0033416748
-.0027008057
-.0013732910
-.0016021729
.0017089844
-.0013122559
.0010223389
.0014190674
.0009613037
-.0009155273
-.0009307861
-.0009307861
.0005798340
.0006713867
-.0005798340
.0006256104
-.0006713867
.0005187988
-.0005950928
.0007019043
-.0005493164
.0003356934
-.0004577637
.0003814697
-.0004882813
.0001983643
-.0001831055
-.0001983643
.0001983643
-.0001831055
.0002593994
-.0001678467
.0003356934
-.0002593994
.0002136230
-.0002288818
.0002136230
-.0002746582
.0002136230
-.0001678467
.0001678467
-.0001373291
.0001068115
.0001678467
-.0001220703
.0001678467
-.0001831055
.0002136230
-.0002593994
.0001983643
-.0002441406
.0001373291
-.0001983643
.0002593994
-.0003051758
.0001983643
.0001525879
.0001678467
-.0001525879
-.0001831055
.0001373291
-.0001831055
.0002136230
-.0002441406
.0001831055
-.0002746582
.0002288818
-.0001831055
.0001678467
-.0002136230
.0001983643
-.0000762939
.0001220703
.0001220703
-.0001220703
.0001373291
-.0001831055
.0001678467
-.0002593994
.0001525879
-.0002441406
.0002136230
-.0001831055
