-.0000457764
-.0000610352
.0000457764
-.0000610352
-.0000457764
.0000457764
.0000610352
-.0026397705
-.0059967041
-.0087890625
-.0134277344
-.0163269043
-.0211791992
-.0207214355
-.0212249756
-.0213012695
-.0204315186
-.0226287842
-.0215911865
-.0129699707
.0165252686
-.0285339355
-.0344543457
-.0272674561
-.0344696045
-.0348663330
-.0334777832
-.0353546143
-.0334167480
-.0347442627
-.0311279297
-.0252380371
-.0237579346
-.0212249756
-.0204925537
.0134277344
.0087585449
.0135650635
-.0200805664
-.0297393799
-.0202941895
-.0166320801
-.0186767578
-.0200195313
-.0196380615
-.0195007324
.0180358887
.0203094482
-.0218200684
-.0197753906
-.0187377930
-.0087432861
.0098419189
.0123596191
.0154266357
.0188598633
.0170745850
.0209045410
-.0226745605
-.0378417969
-.0373687744
-.0386505127
-.0383911133
-.0361022949
-.0384216309
-.0402832031
-.0312500000
-.0166931152
-.0122222900
.0137634277
.0127410889
.0142059326
-.0196228027
-.0255737305
-.0245056152
-.0273895264
-.0265502930
-.0196838379
.0184478760
.0187225342
-.0214843750
-.0288238525
-.0349884033
-.0359344482
-.0381774902
-.0369262695
-.0348510742
-.0266876221
-.0308380127
-.0342864990
-.0321350098
.0149993896
-.0176086426
-.0208435059
.0201110840
-.0219573975
-.0214233398
-.0270233154
-.0173492432
-.0211181641
-.0335998535
-.0303649902
-.0288848877
-.0257263184
-.0316162109
-.0280761719
-.0261993408
-.0157775879
-.0158081055
.0222473145
-.0211181641
.0210418701
.0198669434
.0228424072
-.0317840576
-.0286407471
-.0259704590
-.0281219482
-.0275726318
-.0285034180
-.0260620117
-.0265502930
-.0262908936
-.0262603760
-.0293579102
-.0370483398
-.0376739502
-.0370788574
-.0378723145
-.0395812988
-.0385131836
-.0354919434
-.0307922363
-.0155181885
-.0127410889
.0099029541
-.0211944580
-.0181884766
-.0184631348
-.0205841064
-.0229949951
-.0256805420
-.0316772461
-.0313720703
-.0354309082
-.0413665771
-.0449676514
-.0428161621
-.0418853760
-.0383300781
-.0391235352
-.0394134521
-.0370788574
-.0312194824
-.0299835205
.0096740723
-.0155487061
-.0144500732
.0169219971
.0197143555
-.0197906494
-.0209960938
-.0188293457
-.0168609619
-.0150146484
-.0120239258
-.0140075684
-.0207672119
.0215606689
-.0239257813
.0265808105
-.0251464844
-.0258636475
-.0251770020
-.0256500244
-.0242156982
.0217742920
-.0207824707
.0224609375
-.0290527344
-.0259246826
-.0316314697
-.0283966064
-.0217437744
-.0230102539
-.0171966553
.0174255371
.0167999268
.0153350830
.0157775879
.0144805908
-.0224304199
-.0347137451
-.0417938232
-.0457153320
-.0469055176
-.0435791016
-.0435791016
-.0409240723
-.0353546143
-.0386047363
-.0348663330
-.0301361084
-.0297393799
-.0266571045
.0254211426
-.0226593018
.0242614746
.0183868408
.0137329102
.0122985840
.0214080811
-.0327301025
-.0343322754
-.0362548828
-.0396270752
-.0380554199
-.0373992920
.0166168213
-.0159759521
-.0203399658
.0228881836
.0240783691
.0249786377
-.0271759033
-.0238800049
-.0199890137
-.0224761963
-.0214538574
.0159149170
.0146179199
.0193786621
.0199737549
.0242156982
.0222930908
.0245971680
-.0364074707
-.0357208252
-.0363464355
-.0389251709
-.0368652344
-.0414581299
.0201721191
-.0178680420
.0190124512
-.0247192383
-.0267181396
.0100860596
-.0170745850
.0234222412
.0229339600
-.0151519775
.0136718750
-.0211486816
.0220031738
.0219726563
.0241546631
-.0156097412
-.0182952881
-.0200958252
.0228881836
.0246887207
-.0319824219
-.0318145752
-.0388183594
.0338134766
.0336608887
.0295104980
.0224761963
.0205688477
-.0163421631
-.0157012939
.0168304443
-.0170745850
-.0189208984
-.0229949951
.0145416260
.0219573975
.0274810791
.0294189453
.0312652588
.0288391113
.0274963379
.0263214111
-.0261077881
-.0233001709
-.0181732178
.0183258057
.0137176514
.0155487061
-.0186614990
-.0240020752
-.0196838379
.0211486816
.0281066895
-.0230712891
.0275726318
.0292205811
.0272216797
-.0301666260
.0260009766
.0262756348
.0257873535
.0214538574
.0211181641
-.0148925781
.0164642334
.0157928467
-.0237121582
.0156555176
.0198364258
.0229339600
.0253753662
.0236663818
.0235595703
.0242614746
.0259704590
.0251464844
.0250091553
.0249938965
.0238342285
-.0243072510
-.0189666748
-.0136413574
.0138397217
.0138244629
-.0167236328
-.0217895508
.0165710449
-.0236358643
.0268402100
.0261077881
-.0237884521
.0263671875
.0260620117
.0272827148
.0274658203
.0269012451
.0267181396
.0239257813
.0216217041
.0208740234
-.0179595947
-.0154418945
-.0173339844
-.0218963623
-.0176239014
.0181732178
-.0206909180
-.0371551514
-.0475158691
-.0458526611
-.0448150635
-.0429687500
-.0358581543
-.0339202881
-.0294952393
-.0245666504
-.0216217041
-.0212554932
-.0201873779
.0141601563
.0191955566
.0173797607
-.0273895264
-.0309143066
-.0289001465
-.0391998291
-.0404205322
.0219879150
.0253906250
.0264282227
.0240936279
.0280761719
.0269012451
.0250091553
.0211639404
.0170440674
.0164794922
.0189666748
-.0234985352
.0188140869
-.0169982910
-.0193481445
-.0269317627
-.0239257813
-.0268402100
.0159149170
.0231170654
.0274505615
-.0278778076
-.0280303955
-.0390472412
-.0333862305
-.0303039551
-.0247955322
-.0258789063
-.0219116211
.0170440674
.0149993896
.0173034668
-.0208282471
-.0197753906
-.0291290283
-.0317535400
.0247802734
.0250854492
.0200653076
.0226745605
-.0245361328
-.0278472900
-.0285186768
.0286865234
-.0293273926
-.0268859863
-.0247039795
.0204315186
.0161437988
.0142974854
-.0162200928
.0159454346
.0163726807
.0162963867
-.0218353271
-.0221252441
-.0264892578
-.0142517090
-.0232543945
-.0283966064
-.0277404785
-.0417938232
-.0439453125
-.0559082031
-.0552062988
.0356597900
.0390777588
.0271453857
.0194396973
-.0137634277
.0104980469
.0113525391
-.0072784424
-.0073699951
.0086517334
-.0156707764
-.0235900879
.0163574219
.0316925049
.0343170166
-.0335845947
-.0404052734
-.0383758545
-.0353851318
-.0335388184
-.0352783203
-.0222167969
-.0240020752
-.0253143311
.0288391113
.0274810791
-.0344390869
-.0345916748
-.0305633545
-.0152893066
.0200958252
.0185394287
-.0314483643
-.0335845947
-.0323486328
-.0319366455
-.0327301025
-.0316162109
-.0371856689
-.0348052979
-.0370635986
-.0393981934
-.0352630615
.0183410645
.0199737549
.0221252441
-.0272521973
-.0239715576
.0154113770
-.0147857666
.0175476074
-.0181884766
-.0172424316
-.0190429688
-.0180206299
-.0148925781
.0152435303
.0193481445
.0302581787
.0308227539
.0324554443
.0293273926
.0291748047
.0240783691
.0297851563
.0295715332
-.0445709229
-.0391693115
-.0281982422
-.0312500000
-.0274810791
.0205688477
-.0267333984
.0217895508
.0232086182
.0186462402
.0168151855
-.0320892334
-.0266265869
-.0330657959
.0175628662
.0216827393
.0220184326
.0250396729
.0291595459
.0241699219
-.0437316895
-.0408172607
-.0486450195
-.0506896973
-.0504913330
.0313415527
.0329589844
-.0359649658
-.0433502197
-.0391540527
-.0257720947
-.0216522217
-.0221252441
-.0124511719
.0120849609
.0155792236
-.0157928467
-.0191040039
-.0171661377
-.0131225586
.0254058838
-.0333862305
-.0362701416
-.0299377441
-.0409240723
-.0243225098
-.0247802734
-.0295410156
-.0513916016
-.0539245605
-.0485839844
-.0431671143
-.0420379639
-.0425262451
-.0378570557
-.0314941406
.0249786377
-.0296630859
-.0298309326
.0248870850
.0196685791
-.0189361572
.0137786865
-.0122375488
.0078430176
.0260620117
.0220489502
.0108184814
.0139007568
.0175170898
-.0076599121
.0156707764
-.0186614990
-.0083618164
.0155029297
-.0281524658
-.0199584961
.0180206299
-.0227661133
-.0184020996
-.0156250000
-.0255432129
-.0315551758
-.0334014893
-.0340118408
.0359039307
-.0429687500
-.0489501953
-.0533905029
-.0533294678
-.0530700684
-.0360107422
-.0223846436
.0187835693
.0174255371
-.0222473145
-.0192413330
-.0110321045
.0149536133
.0064849854
.0165252686
-.0275115967
-.0392608643
-.0384063721
-.0427398682
-.0464935303
-.0488739014
-.0511779785
-.0367431641
.0340270996
.0304565430
.0316314697
.0312805176
.0271911621
.0270080566
.0281524658
-.0333557129
-.0369415283
-.0259399414
-.0221099854
-.0285034180
-.0266418457
-.0317077637
.0135345459
-.0187377930
.0197753906
.0231170654
-.0349273682
-.0326232910
-.0121612549
.0221557617
.0183258057
-.0214691162
-.0116729736
.0251007080
-.0368041992
-.0415344238
-.0456695557
-.0392456055
.0287017822
.0294799805
.0314483643
.0323944092
.0298156738
.0306243896
-.0343780518
-.0374603271
.0330657959
-.0474548340
-.0444030762
-.0390777588
-.0271301270
.0152130127
.0251312256
-.0266265869
-.0332031250
-.0259399414
-.0234222412
-.0128936768
.0132446289
-.0191040039
-.0287017822
-.0367584229
-.0449523926
-.0226135254
-.0265808105
-.0305328369
-.0312805176
-.0308074951
-.0282745361
-.0291137695
.0266571045
.0218200684
-.0215606689
.0191345215
-.0111846924
.0192413330
-.0236358643
-.0304107666
-.0157775879
.0193939209
-.0265808105
-.0389709473
-.0493774414
-.0499877930
-.0541534424
-.0479736328
-.0450592041
-.0425415039
-.0356140137
-.0304412842
-.0296173096
-.0143432617
.0183410645
.0198516846
.0086822510
.0158386230
-.0250091553
-.0290527344
-.0394439697
-.0545349121
-.0429840088
-.0500946045
-.0218963623
-.0272369385
-.0228881836
-.0258026123
-.0276947021
-.0382995605
-.0386810303
-.0281829834
-.0269317627
.0165863037
.0230560303
.0253601074
.0252075195
.0229492188
-.0316009521
-.0289001465
.0168151855
-.0246429443
-.0298767090
-.0299530029
-.0295257568
-.0257720947
-.0180664063
-.0266571045
.0282135010
.0276184082
.0275573730
.0255584717
-.0288238525
-.0307922363
-.0298767090
-.0316467285
-.0189056396
-.0154266357
.0232696533
-.0255279541
-.0279235840
-.0292816162
.0326690674
-.0308685303
-.0538177490
-.0482330322
-.0473327637
-.0483856201
-.0410919189
-.0354309082
-.0362091064
-.0294647217
-.0303192139
.0175170898
.0210113525
.0245361328
-.0339355469
-.0448913574
-.0485229492
-.0481109619
-.0473480225
-.0227050781
-.0239257813
.0217895508
.0264892578
-.0322723389
-.0307312012
.0180358887
.0249023438
-.0300140381
-.0265502930
.0252990723
.0292816162
.0252227783
.0222167969
.0229492188
-.0343017578
-.0371856689
-.0408935547
-.0506591797
-.0482940674
-.0211639404
-.0214843750
-.0270843506
-.0286560059
-.0268096924
.0254516602
.0243682861
-.0352783203
-.0274353027
-.0336151123
.0121002197
-.0119781494
.0169677734
.0216522217
-.0238800049
-.0292053223
.0172119141
.0253601074
-.0306549072
-.0314941406
-.0296783447
.0379638672
-.0293426514
.0288848877
.0320434570
.0227508545
.0242919922
-.0304412842
-.0399627686
-.0407867432
-.0374298096
-.0345306396
.0228271484
.0180816650
-.0161132813
.0205993652
.0238647461
-.0257110596
-.0177154541
.0145721436
.0214385986
-.0332946777
-.0337524414
-.0359649658
-.0377655029
-.0346527100
-.0298614502
.0261230469
.0318145752
.0294036865
.0262908936
.0204620361
-.0186157227
-.0353698730
-.0289916992
-.0310516357
-.0263061523
-.0173950195
.0228424072
.0228576660
-.0136718750
-.0177001953
.0227813721
.0318756104
.0314331055
-.0578155518
-.0555725098
-.0538635254
-.0598144531
-.0522460938
.0313568115
.0252380371
.0238647461
.0351867676
-.0330352783
-.0361328125
-.0322570801
-.0278778076
.0180511475
.0202941895
.0211029053
.0203399658
.0226440430
.0265350342
-.0270385742
-.0283966064
-.0328674316
.0353698730
.0291137695
-.0244903564
.0308532715
.0325775146
.0339813232
-.0354156494
-.0332031250
-.0285491943
-.0281066895
-.0340728760
-.0383300781
.0192565918
-.0179138184
.0248413086
-.0238189697
-.0422210693
.0238494873
.0294952393
-.0453186035
-.0660705566
-.0624694824
-.0534667969
-.0460357666
-.0562896729
-.0504760742
-.0576629639
-.0558624268
-.0547485352
-.0545654297
-.0491485596
-.0650787354
-.0432586670
-.0294494629
-.0258026123
.0216979980
.0217132568
.0196380615
.0141601563
.0208892822
.0173339844
-.0214233398
-.0208435059
-.0092163086
.0184631348
-.0187225342
-.0078277588
.0254364014
-.0340270996
-.0391540527
.0162506104
.0166625977
.0318756104
-.0369567871
-.0314788818
-.0247955322
.0232086182
-.0289764404
-.0386505127
.0326080322
.0328521729
.0290527344
-.0260162354
.0248413086
.0250244141
.0217437744
.0190734863
-.0284576416
-.0293273926
-.0138549805
-.0227661133
-.0223541260
-.0247039795
.0345458984
.0399169922
-.0433044434
-.0437469482
-.0479736328
-.0460662842
-.0410003662
-.0334472656
-.0244445801
.0260314941
.0153045654
.0155792236
.0114746094
.0161743164
-.0218658447
-.0278015137
-.0177307129
.0262145996
-.0449371338
-.0541229248
-.0563964844
-.0650329590
-.0601959229
-.0590972900
-.0554809570
-.0502777100
-.0484924316
-.0384826660
-.0324401855
-.0142211914
-.0126495361
.0212402344
-.0163269043
-.0341796875
-.0280303955
.0114440918
.0201110840
-.0278320313
-.0250244141
.0139465332
-.0212707520
-.0263061523
-.0273895264
-.0235900879
-.0231475830
.0181121826
-.0194854736
.0130310059
-.0113830566
-.0073852539
.0090179443
-.0094451904
-.0068817139
-.0042114258
-.0042266846
.0030212402
.0053405762
-.0067901611
-.0077514648
-.0067749023
-.0049591064
-.0027313232
-.0009002686
