.0032501221
-.0011291504
.0007781982
-.0022888184
.0009002686
-.0015106201
-.0016479492
.0005340576
-.0007934570
.0028381348
-.0006561279
.0028839111
.0048980713
-.0061492920
.0012207031
.0029296875
.0030670166
.0021209717
-.0164947510
.0041198730
.0061187744
.0206298828
.2416687012
-.0367584229
.0103607178
-.0046234131
.0040435791
-.0025024414
.0023498535
.0017852783
-.0021972656
.0013885498
-.0011291504
.0009002686
.0006103516
-.0008239746
.0008392334
-.0007019043
.0007171631
-.0006713867
-.0006103516
.0008087158
-.0004272461
.0003662109
.0001678467
.0008697510
.0005645752
.0002746582
.0005035400
-.0003051758
.0001678467
-.0001220703
-.0001068115
.0001220703
.0000762939
-.0000915527
.0001373291
-.0000610352
-.0001068115
.0000762939
.0001525879
.0001373291
-.0000762939
.0014190674
.0006713867
-.0002593994
.0001831055
.0000915527
.0003051758
.0000457764
.0001068115
.0000762939
.0001678467
.0001373291
.0001068115
-.0000762939
.0000915527
-.0000610352
.0001678467
-.0001373291
.0001068115
.0000610352
.0013427734
-.0008392334
.0003967285
-.0002899170
.0003356934
-.0003509521
-.0023803711
-.0013122559
-.0013122559
-.0008239746
.0010070801
.0019378662
-.0037536621
-.0042266846
-.0165405273
-.0048828125
-.0101013184
.0200958252
.2672424316
.0274200439
.0159301758
.0043334961
.0046234131
-.0031127930
.0026245117
-.0018463135
-.0015563965
.0013580322
-.0015563965
.0014343262
-.0006561279
-.0005493164
.0007019043
-.0005798340
.0005493164
-.0004577637
.0005340576
.0005798340
-.0003967285
.0004119873
-.0003662109
-.0003509521
.0002593994
-.0007019043
-.0004272461
-.0003967285
.0002746582
.0001831055
.0000915527
-.0001220703
.0001373291
-.0001525879
.0002136230
-.0001220703
.0001678467
.0000915527
.0001373291
-.0001220703
.0000610352
.0001220703
.0006256104
.0002288818
-.0001068115
.0001373291
-.0001678467
-.0001220703
.0011901855
.0003509521
-.0001678467
-.0001220703
.0000915527
-.0000610352
.0001068115
.0000762939
.0000762939
-.0002288818
-.0000762939
.0001373291
-.0000610352
.0000762939
.0001068115
.0000915527
-.0008087158
.0026092529
.0023040771
-.0007934570
.0004119873
.0004425049
-.0007781982
.0013275146
-.0008697510
.0009307861
.0013275146
-.0107116699
.0064239502
-.0037994385
-.0024414063
.0020446777
-.0031585693
.0163269043
-.0025634766
.0078582764
-.0080413818
-.0279083252
-.0999908447
.0129699707
-.0079345703
.0047302246
-.0034484863
-.0042114258
.0031890869
-.0020294189
.0014801025
-.0012359619
-.0006866455
.0012054443
-.0009918213
.0010070801
-.0006256104
-.0007324219
.0008087158
-.0004882813
.0005798340
.0004730225
-.0003509521
.0002593994
.0007629395
.0010223389
-.0012512207
-.0006866455
.0001983643
-.0001831055
.0001373291
.0002136230
.0000915527
.0001220703
-.0000915527
.0002441406
-.0002746582
.0002593994
.0001068115
.0001678467
-.0000762939
-.0000610352
.0001373291
.0001220703
.0000762939
.0000610352
.0001068115
.0000762939
.0000762939
.0000762939
-.0000610352
.0000915527
-.0000762939
.0001068115
.0000915527
.0000762939
-.0000762939
.0001068115
.0000610352
.0000762939
.0000610352
.0000915527
.0014038086
-.0015258789
.0006561279
-.0005187988
.0017089844
-.0003662109
.0004425049
.0005493164
-.0004272461
.0023345947
-.0003204346
-.0007781982
.0044860840
.0236358643
-.0028228760
.0106048584
.0039367676
.0054016113
.0174865723
-.0254364014
-.0758514404
.0114440918
-.0071105957
.0044250488
-.0020751953
-.0030517578
.0027465820
-.0018005371
.0012664795
-.0009155273
-.0009460449
.0009307861
-.0008697510
.0009460449
.0007934570
-.0007629395
.0005035400
-.0002441406
.0003204346
-.0003509521
-.0003356934
.0003509521
-.0001220703
-.0001220703
-.0000915527
.0001220703
-.0001068115
.0001068115
.0001831055
-.0001678467
.0001678467
-.0001220703
.0001373291
-.0001068115
.0001220703
.0001525879
-.0000762939
.0001068115
.0001068115
.0001220703
.0000915527
.0000915527
.0000915527
-.0014648438
.0002136230
.0001525879
.0001068115
.0001068115
.0000915527
-.0000762939
-.0000915527
.0001068115
.0004577637
.0008850098
.0002136230
-.0001831055
.0024108887
.0009765625
-.0003509521
.0002288818
.0001678467
.0001525879
.0001220703
-.0000915527
-.0000915527
.0001068115
-.0001220703
.0000915527
.0000762939
-.0000610352
.0000762939
.0000610352
-.0000610352
.0000762939
.0000762939
.0000915527
.0000610352
.0000457764
.0000610352
.0000762939
.0000610352
.0001220703
.0000915527
.0000762939
.0000762939
.0000610352
.0001068115
-.0000610352
.0000457764
-.0000610352
.0000915527
.0000915527
.0000915527
-.0000610352
.0000915527
.0000915527
-.0000915527
.0000762939
.0001068115
-.0002136230
.0024108887
.0023956299
-.0010223389
-.0006256104
.0003509521
-.0006408691
.0005645752
-.0003204346
-.0005035400
.0014343262
-.0013427734
.0084228516
-.0248260498
-.0042419434
.0032806396
-.0063476563
-.0180053711
.2635955811
-.0795135498
.0214538574
.0066680908
.0059967041
-.0042419434
-.0052185059
.0039215088
-.0020599365
.0012969971
-.0011444092
-.0014648438
.0011444092
-.0008544922
.0005950928
.0006256104
-.0008087158
.0007934570
-.0004577637
.0006408691
.0005493164
-.0007019043
.0007934570
-.0004730225
-.0004882813
.0005798340
-.0004882813
-.0007324219
.0007629395
-.0004577637
.0005340576
.0005645752
.0002288818
-.0001373291
.0000915527
.0001373291
-.0001068115
.0000915527
.0000915527
-.0001525879
-.0001678467
.0000915527
-.0001373291
.0000915527
.0000762939
.0000915527
.0000915527
-.0001068115
-.0000610352
.0000762939
-.0000915527
.0001220703
.0000610352
.0000762939
.0000610352
.0001068115
.0000762939
-.0000762939
.0000762939
.0000762939
-.0000762939
.0000915527
-.0000762939
.0000915527
.0000762939
.0000762939
-.0000610352
-.0000762939
.0036010742
-.0009918213
-.0007781982
-.0003967285
.0006408691
-.0012817383
.0002746582
.0028381348
-.0054779053
-.0060424805
.0059814453
.2557220459
-.0366363525
.0138092041
.0056915283
.0035247803
.0021209717
-.0034637451
.0014343262
-.0014953613
-.0008850098
.0007171631
-.0010070801
.0005340576
-.0004425049
-.0004425049
.0005645752
-.0003662109
.0006103516
-.0005645752
.0003967285
.0004272461
.0003967285
.0004577637
.0003051758
-.0002746582
.0001678467
.0001068115
.0001373291
.0000915527
-.0001983643
.0003662109
-.0002441406
.0001831055
.0001831055
-.0001678467
.0002136230
-.0001525879
.0001068115
.0000610352
-.0000915527
.0001220703
-.0001068115
.0001220703
.0001068115
-.0001068115
.0001373291
.0000762939
.0000762939
.0001068115
.0000610352
.0000762939
-.0000762939
.0000762939
.0000915527
-.0000610352
.0000762939
.0001220703
.0000457764
.0000915527
.0000610352
.0000762939
.0000915527
.0001068115
-.0000915527
.0000762939
.0000915527
.0001068115
-.0000610352
-.0009613037
.0005645752
.0010833740
-.0005645752
-.0002441406
.0003204346
-.0008087158
.0028991699
-.0005645752
.0010070801
.0003814697
.0012664795
.0023345947
.0045471191
.0026855469
.0025177002
.0209655762
.0030670166
.0043792725
.0175476074
.2681884766
-.0493774414
.0212707520
-.0057678223
.0053558350
-.0037994385
-.0047454834
-.0014953613
-.0019836426
.0017242432
-.0012664795
-.0013885498
-.0013275146
.0013427734
.0012512207
.0010223389
-.0010833740
-.0009155273
-.0011444092
.0010223389
-.0007934570
.0007934570
.0008087158
-.0005950928
.0006256104
-.0010223389
.0006713867
-.0003967285
.0002136230
.0001373291
-.0001525879
.0002136230
-.0014190674
-.0004425049
-.0001831055
.0002593994
-.0005798340
.0003662109
-.0001983643
.0003356934
-.0002288818
-.0000762939
-.0001373291
.0001525879
-.0003814697
.0001220703
.0000915527
.0001373291
-.0000610352
.0000915527
-.0000915527
.0001220703
.0000915527
-.0000762939
-.0000610352
.0000610352
.0000610352
.0001068115
.0000915527
.0000762939
-.0000457764
.0000762939
.0000610352
.0044555664
-.0017089844
-.0004272461
-.0007629395
.0033111572
-.0004119873
.0003967285
.0003356934
-.0004425049
.0011444092
-.0090484619
-.0020446777
-.0036621094
-.0009002686
.0028381348
.0040740967
-.0086822510
-.0242156982
.0144500732
.2844390869
-.0286712646
.0177001953
-.0032501221
.0049133301
-.0039825439
.0035247803
-.0025787354
.0010223389
.0011901855
-.0014190674
.0012817383
-.0010681152
.0009002686
.0009918213
-.0008850098
.0007934570
-.0007629395
.0006713867
.0005340576
-.0005340576
.0007781982
-.0003662109
-.0008392334
.0013732910
-.0013122559
.0009613037
.0003204346
-.0002288818
.0003509521
-.0001983643
.0001525879
-.0001525879
-.0001068115
.0001373291
-.0001068115
-.0001373291
-.0001220703
.0001068115
.0000762939
.0000610352
.0000762939
.0000915527
.0000610352
.0000610352
.0000915527
-.0000915527
-.0000762939
.0000915527
.0000762939
.0000915527
.0001068115
.0000610352
.0000762939
.0000762939
.0001220703
.0001068115
.0001373291
-.0001068115
-.0000915527
.0019073486
.0011596680
-.0006256104
-.0004730225
.0005493164
-.0001678467
.0003814697
-.0001373291
-.0005340576
.0012359619
.0007934570
.0013275146
-.0013275146
-.0029144287
.0018157959
.0021972656
-.0122528076
.0009613037
.0015258789
-.0032196045
-.0055084229
.0038299561
-.0104980469
.2655792236
-.0331726074
.0167694092
-.0047302246
.0050048828
-.0027160645
-.0034484863
.0016784668
-.0022277832
.0014038086
-.0010986328
.0010833740
.0006103516
-.0006866455
.0006103516
-.0006103516
.0004577637
-.0005798340
-.0003051758
.0003662109
-.0002441406
.0002593994
.0001525879
-.0001373291
-.0001678467
-.0003509521
-.0001220703
.0001373291
.0002441406
-.0001983643
-.0001373291
-.0001220703
.0001983643
-.0001525879
.0001068115
.0001373291
-.0001068115
.0001373291
-.0001220703
.0001220703
-.0000610352
-.0000915527
.0001220703
-.0000457764
.0000610352
.0000915527
-.0000762939
-.0000610352
.0002593994
.0000915527
.0000762939
-.0000610352
.0000915527
.0000762939
.0000610352
.0000762939
-.0000610352
.0001068115
.0000915527
-.0000457764
.0000762939
-.0000762939
.0000762939
.0000915527
-.0004425049
.0005798340
.0010070801
-.0006561279
.0002746582
.0003356934
-.0003662109
.0005645752
-.0003051758
.0002441406
-.0057220459
-.0108489990
.0035858154
-.0031585693
-.0088958740
-.0138549805
.0038604736
-.0417480469
-.0094604492
.0812377930
-.0648803711
.0142211914
.0079956055
.0030364990
.0026245117
-.0018463135
.0016784668
-.0013732910
.0008392334
.0007781982
.0006103516
-.0006256104
-.0006103516
.0006866455
-.0005950928
-.0005187988
.0004119873
.0004119873
.0006866455
.0003814697
.0004425049
.0004119873
.0003967285
.0003509521
-.0002746582
.0001983643
-.0001373291
.0002899170
.0002593994
-.0001373291
.0001373291
.0000915527
-.0000610352
-.0000610352
.0000915527
.0000762939
-.0001373291
.0001220703
-.0001220703
.0000915527
-.0000762939
.0000915527
-.0000610352
-.0000762939
.0000915527
-.0000610352
.0000915527
.0000610352
.0000762939
-.0000610352
.0000762939
.0000915527
.0000610352
-.0000610352
.0000610352
.0000610352
.0000457764
.0008392334
-.0009002686
.0009002686
-.0042724609
-.0104064941
-.0904998779
-.0149688721
-.0047454834
-.0031738281
.0018768311
-.0010528564
.0011749268
-.0013885498
.0007171631
-.0008544922
-.0008544922
.0009613037
-.0006713867
.0005187988
.0003509521
-.0002288818
.0002593994
.0001678467
.0001068115
.0000610352
.0000610352
.0001220703
-.0000915527
.0001525879
-.0001373291
.0001525879
.0000915527
-.0000457764
.0000762939
-.0000610352
.0000762939
.0000762939
.0000762939
.0000915527
.0000762939
.0000762939
-.0000610352
.0000915527
.0000762939
.0000610352
-.0000457764
-.0000457764
.0000915527
.0000915527
.0000610352
.0000762939
-.0015563965
-.0021514893
.0006103516
-.0012512207
-.0037078857
.0092010498
.1107788086
-.0237274170
-.0050048828
-.0019378662
.0019989014
.0015106201
.0015258789
-.0008544922
-.0009613037
-.0007934570
-.0006561279
-.0007934570
-.0004577637
-.0003814697
-.0005493164
.0003814697
-.0002899170
.0003204346
.0001220703
.0000915527
-.0000762939
-.0001068115
.0001373291
.0000915527
-.0000762939
.0000762939
.0000610352
.0000610352
-.0000457764
.0000915527
.0000762939
.0000610352
.0000762939
.0000610352
.0000915527
.0000610352
.0000762939
.0000610352
.0000457764
.0001068115
.0000915527
-.0000610352
.0001525879
.0131072998
.0011291504
.0034942627
-.0019378662
.0028381348
-.0018615723
.0008239746
.0076293945
-.0015716553
-.0037689209
-.0030670166
-.0051269531
-.0042724609
-.0197906494
-.0085754395
.1135559082
.0088348389
-.0030517578
.0010070801
-.0007781982
.0012817383
-.0007781982
-.0007476807
-.0005798340
-.0002288818
.0004272461
-.0002899170
.0002136230
-.0001678467
-.0002288818
.0002136230
-.0001373291
.0000762939
.0000610352
.0001220703
-.0001068115
.0001525879
-.0000610352
.0000762939
.0000762939
.0018005371
.0020141602
.0004577637
.0002136230
-.0001983643
.0000915527
