-.0000152588
-.0000152588
-.0000152588
.0000152588
.0000152588
.0000152588
.0000152588
-.0000152588
-.0000152588
-.0000152588
.0000152588
-.0000152588
-.0000152588
.0001220703
.0002441406
-.0003814697
-.0007629395
-.0006408691
-.0021057129
.0026855469
-.0028839111
.0016784668
-.0025177002
-.0016937256
.0035400391
.0042114258
-.0045166016
-.0039062500
.0045166016
.0049896240
-.0045166016
.0048370361
.0041046143
-.0036163330
.0070343018
-.0036926270
-.0046691895
.0089416504
.0059967041
-.0079803467
-.0076599121
.0121765137
.0122070313
-.0097045898
.0154571533
-.0115509033
-.0134887695
.0130004883
-.0159149170
-.0125885010
-.0115356445
-.0210113525
.0131835938
-.0178527832
.0284423828
-.0183410645
.0154571533
.0162506104
-.0281372070
.0185241699
-.0303039551
-.0219116211
-.0276336670
-.0246887207
-.0194854736
.0151977539
.0244750977
-.0241394043
.0223236084
-.0275421143
.0421447754
-.0446166992
-.0360107422
.0319976807
.0411834717
.0259246826
.0284729004
.0810089111
-.0276031494
.0368804932
.0587615967
-.0497131348
.0446014404
-.0777893066
.0530548096
.0733642578
-.0551605225
.0740966797
.0404052734
-.0638732910
-.0654907227
.0771789551
.0466461182
-.0421905518
.0973815918
.0382995605
-.0738830566
-.0599822998
-.0732574463
-.0690612793
.0560607910
.0706176758
-.0616302490
-.0546417236
.0632171631
-.0626983643
.0577697754
-.0716400146
-.0946502686
-.0511016846
.0521240234
-.0422668457
.0859680176
-.0632934570
-.0686035156
.0729522705
-.0865020752
.0680236816
.0801849365
-.0569763184
-.1138153076
-.1033325195
.1298828125
.0587768555
.0694122314
-.0549774170
-.0605468750
-.0520172119
.0703125000
-.0321807861
-.0615081787
.0432281494
.1271057129
-.0815582275
-.0827331543
.0669555664
.0425720215
.0825958252
.0753021240
-.0531768799
.0843658447
-.0619354248
.0825653076
-.0631408691
.0491180420
-.0821838379
-.1166381836
-.0917205811
-.0602111816
-.0695648193
-.0842590332
.0608367920
-.0980377197
-.0824127197
.1228942871
-.0920867920
-.0732116699
.0918273926
.1271209717
.1164093018
.0733642578
-.0687713623
-.0605316162
.0790252686
.0841369629
-.1241912842
.0851898193
-.0919494629
-.0764160156
-.1246795654
.1076049805
-.0794525146
.1015777588
.2568206787
-.1106872559
-.2165832520
.1134490967
.0707702637
-.0583953857
.0628967285
-.0754852295
-.1175689697
-.0901184082
-.1045837402
-.1142883301
.0816497803
.0935668945
-.0882415771
.0846405029
-.1051788330
-.1106872559
.1095428467
-.0758666992
.0873870850
-.1658935547
.1012725830
-.1001129150
-.1086730957
.0901184082
-.1605072021
-.0998229980
.1522216797
.0682220459
.0679168701
.1092224121
-.0608062744
-.0539398193
.1340332031
.0840454102
.1230316162
.1352539063
.1411743164
.1592254639
.1204528809
.1062164307
.0598602295
-.0931091309
.0939025879
-.1038360596
-.1228179932
.1108703613
.0871276855
-.1381072998
.1278076172
-.1599884033
.1505584717
-.2166748047
-.1371154785
.2307891846
.1745758057
-.1201477051
.1468048096
-.1256866455
.1400146484
.2788238525
.1778106689
-.0976257324
-.1209411621
.0858917236
.1179199219
.1076965332
-.0961303711
-.1232604980
.0643310547
.1190338135
.0805816650
.2356414795
.1557006836
-.1372833252
.0886993408
-.1009368896
.1299438477
.1531677246
.1231689453
-.2068023682
-.1942138672
.1924743652
.2615814209
-.2668304443
.1621093750
-.1852416992
-.1985931396
.2245788574
-.1304931641
-.1492462158
.2070922852
-.1229858398
-.1830444336
.1246032715
-.1619567871
.2020111084
.2304077148
.1546173096
.1775360107
.2066040039
.2176971436
.1651306152
.1009826660
-.1453704834
-.0826110840
-.1284332275
-.1099700928
-.1184692383
-.1603088379
.1371917725
-.1950988770
-.1932220459
.1378784180
-.1309509277
-.2040710449
.1509246826
-.2222595215
-.1715850830
.2425231934
-.1825256348
-.1729583740
.2259674072
-.1498107910
-.1272888184
.1183166504
.1588745117
.1387634277
.2060241699
-.1467895508
.2133941650
-.1315460205
-.1713867188
.2860107422
-.1268310547
-.2066345215
-.1450805664
.1284942627
-.1581878662
.2248840332
.2240295410
.1398468018
.1551666260
-.1433258057
.1130371094
-.1298980713
-.1284332275
-.1082611084
.1889038086
.2181243896
.1704864502
-.1894531250
-.2272796631
-.1580657959
-.1236724854
.1686248779
-.1850585938
-.2180328369
-.2479248047
.2840881348
.2980346680
.2885742188
-.1385650635
-.1457214355
-.2094421387
-.1830749512
.1179656982
.1412353516
.1155090332
-.1553192139
.0605926514
.2011566162
-.2301483154
.2642364502
.1784057617
.1138305664
.1766204834
-.2115173340
.1723175049
-.1939086914
-.2273254395
-.1614074707
-.2455444336
.1683654785
-.1613769531
-.1902008057
.1609954834
.2614593506
.1473388672
.1762390137
-.1147003174
.1299896240
-.1262969971
.1488800049
-.1161956787
-.1653900146
.1459808350
.1909637451
-.1641082764
.2026977539
.1520996094
-.2002258301
.1159667969
.2871704102
-.1822662354
-.2189941406
.1884307861
.1379241943
-.3053131104
-.3872070313
-.3552093506
-.2178344727
-.1692962646
-.1723937988
.1293182373
.3498229980
.4795989990
-.1853179932
-.1511840820
.1595764160
.1569976807
-.1019897461
-.1114349365
-.1211853027
-.1043090820
.1207122803
.1901245117
-.1680145264
-.1384735107
-.1441650391
.3327941895
-.3546905518
.1551361084
.1915588379
-.1355590820
.1704406738
.2295837402
.0944976807
.1407775879
.1860809326
-.1740875244
.1761016846
.1268615723
-.1664123535
.2502288818
.1210327148
-.2369232178
.1837463379
.1648864746
.1191558838
-.1348724365
.1257476807
-.1317138672
.1918182373
.1307830811
-.1359100342
.0895080566
-.1178283691
.2016906738
-.1743316650
-.1602935791
-.1576080322
.2035369873
-.1356658936
-.1842193604
-.1470184326
.2235870361
.1919250488
-.2716064453
.2248229980
-.1190948486
.1347045898
-.1558532715
.1813964844
.1982269287
-.1324615479
-.1420440674
.1843414307
-.1633758545
.1388092041
.1316833496
-.0873260498
.2660522461
-.1474151611
-.1808776855
.0908050537
.1257171631
-.1997680664
.1301879883
-.1976470947
.4999847412
-.2222442627
-.2249908447
-.1986236572
.2167053223
.1675567627
-.2148284912
-.1549987793
.2601165771
.1993560791
.1460876465
-.0926513672
-.1014862061
-.1544494629
-.3285369873
.1650085449
-.2672271729
.1453094482
-.1451110840
-.1981658936
.2314300537
.2654113770
.2122650146
-.1490173340
.1299438477
.1560821533
.1433563232
-.1448669434
.1984558105
-.2222595215
.1568450928
.1541748047
.1660919189
-.1696014404
.1356658936
-.1148223877
.0807189941
-.1663665771
-.3395690918
-.2240295410
-.2102966309
-.1235961914
.2408142090
.1487274170
-.1383819580
-.1150512695
.0625457764
.1982116699
.1120300293
-.1085968018
.1639251709
-.1491394043
-.3342132568
-.1521148682
.1755981445
-.1228485107
-.1638336182
.0790405273
.1623992920
.1694335938
-.1112213135
-.1699066162
-.2842559814
-.1521148682
.1328430176
.1727447510
-.1794128418
.1477050781
-.1289672852
-.2808685303
.2425994873
-.2208709717
-.1208038330
-.1945190430
.2542266846
.1862182617
-.1439971924
-.1527099609
.1572418213
.1518402100
-.2107696533
-.1384124756
-.2998352051
.2766265869
-.1799011230
-.1332092285
.1140441895
.1410064697
-.1329498291
-.1104736328
.2823333740
.2792053223
-.2122955322
-.1720733643
.1724090576
-.1200103760
-.1668395996
.1107635498
-.1230773926
-.1510009766
.0876464844
.1112518311
.1008911133
.1734313965
-.1333770752
-.1293334961
.1703491211
.1899414063
.1441497803
.1818389893
-.1289367676
.1937408447
-.1824951172
-.1100769043
-.1498565674
-.1346588135
-.1726531982
-.1051483154
.1108551025
.1483459473
-.1351928711
-.1375885010
.1485900879
-.1285705566
-.2243804932
.1783294678
-.1765594482
.1168975830
.2992095947
-.1618499756
-.1742401123
.1691436768
-.1907043457
.1949462891
.1960906982
.1289978027
.1369018555
-.1415100098
-.1029968262
-.1505432129
.1418914795
-.1561431885
.1334533691
-.0928649902
.2061157227
.1195526123
.1769409180
-.2060546875
-.2089996338
.3325958252
.3019256592
.3250122070
-.1719055176
.2305755615
-.1589202881
-.1524963379
.1808471680
.1338195801
-.1464385986
-.1235504150
-.1391601563
-.0953521729
-.1251525879
.1126861572
.2334289551
-.2382049561
-.2913970947
-.1713867188
.1482391357
-.1812438965
-.2067108154
.1561584473
-.1747131348
-.1448669434
.2114410400
.2270812988
-.2516326904
.2573242188
-.2726440430
.1538696289
-.2392578125
.1194305420
.1474456787
.1182098389
.2070617676
.2436370850
-.2009582520
.2981567383
-.2434692383
.2259826660
-.2512969971
-.2015838623
-.1401672363
-.1760406494
-.1615447998
-.2580413818
.1306762695
.1915130615
-.1200408936
.1596069336
-.1797332764
.1244964600
.1562347412
-.1338806152
.0986175537
.1752319336
.1813507080
-.2216949463
-.2145233154
-.2246551514
.2868041992
.2528991699
.1885528564
-.2697143555
-.1561126709
.1753387451
.1886901855
-.1787261963
.1741790771
-.1702117920
.1658935547
.1036071777
.1477966309
.2734222412
-.1571655273
-.2686462402
.2274780273
-.2098541260
.1897277832
-.1230926514
-.2067108154
-.1146545410
.1325531006
.1295013428
-.1378021240
-.1508941650
-.1371765137
.2171783447
.0977783203
.1389007568
.2356109619
.1817779541
.1868133545
-.1511840820
-.2492828369
.2636871338
.2448577881
-.2366790771
.2928161621
-.1584472656
-.1398620605
.2032165527
.2648925781
-.1568908691
-.0746765137
-.1752014160
.1915740967
.1253051758
-.1021118164
-.1768646240
-.1381072998
.2746582031
.2245178223
-.1577606201
-.0836029053
-.1011352539
.1096191406
.1082305908
.1104278564
-.1488342285
-.1687774658
.1425781250
.1184692383
.1069030762
-.0924072266
.1286468506
-.1811370850
.3081665039
.1508636475
.1533050537
.1387939453
.1901245117
-.1999511719
-.4281311035
-.2284851074
-.1641998291
-.1264190674
.1555480957
.2024078369
-.1647033691
-.1497802734
.1525115967
-.1111450195
-.1651306152
-.0739593506
-.1936187744
-.1371154785
-.1339569092
.1200103760
-.1796875000
.1498107910
.1286926270
-.1815795898
-.1636505127
.1636199951
-.1048431396
-.1608734131
.2164916992
.1474761963
-.1268615723
-.1543731689
-.1669921875
-.1340179443
-.2109527588
.1981506348
-.1899108887
-.1635742188
-.1275787354
.1570281982
-.1095428467
.1959381104
-.2560729980
-.2494812012
-.2198333740
-.2001800537
.3342285156
.2121887207
-.1390075684
-.1235656738
-.1342620850
-.1446075439
-.0877227783
.1073455811
-.1007537842
-.1383972168
.1931762695
-.1708374023
-.1799774170
-.2306213379
.2079010010
.1800384521
-.1595611572
-.1477203369
.1416778564
-.1885070801
.2202148438
-.1309814453
.1459960938
-.1927642822
-.1200714111
-.1180267334
.1235809326
.1903839111
.2694091797
.1419525146
.2259216309
-.2051239014
.1176300049
-.1478271484
-.1917114258
-.1459197998
.1156616211
.2448883057
-.1705780029
-.1081848145
-.1632690430
.0989532471
-.2105560303
.1477050781
-.1355590820
.1454925537
-.1403198242
-.4257659912
.1368103027
.1886444092
-.2285156250
-.1492156982
-.2002258301
.1908569336
-.1641998291
-.2791900635
-.1303253174
-.1432647705
-.1558837891
-.1573638916
.1291503906
.1721343994
-.1448822021
.1402893066
.1850433350
-.1431732178
.1417541504
.2187500000
-.1694183350
-.2471923828
-.1175231934
-.1385345459
-.2706909180
-.2386932373
.1623992920
.2191619873
.1728210449
.1491394043
.1516265869
-.1593322754
-.1263580322
-.1368103027
.1168823242
-.1298980713
.1388092041
-.0930938721
-.1265258789
-.1317596436
.1572723389
.0756225586
.2255096436
.2376708984
-.2354736328
-.2011718750
-.1123504639
.2614746094
.1955871582
-.1654052734
-.1946411133
.1529846191
-.1220397949
.1488037109
-.1529693604
-.2149810791
-.1708984375
-.1241302490
.1775360107
-.2544860840
-.1457977295
.2754821777
-.1565704346
-.1905212402
.1251373291
-.2153930664
-.0997009277
.0731201172
.0957183838
-.1196746826
-.1947784424
.1139831543
-.1048736572
-.1423339844
-.1256561279
.1635437012
.2558441162
-.3343963623
.2952728271
.3238220215
.1547088623
-.3818359375
-.2734527588
-.2153778076
.1546173096
-.1530914307
-.1976470947
-.1186828613
-.1036987305
-.1540985107
.1578369141
-.1231079102
.1486358643
-.0984649658
.0880889893
-.0710906982
.1063385010
.1238555908
-.1981658936
-.1629638672
.1009979248
.0840454102
.1186065674
.0926055908
.0673828125
-.0803375244
.0496978760
.1530914307
-.0623931885
.1154022217
.0889282227
.1017913818
-.1057128906
-.1220397949
-.1157836914
-.1070861816
.0846710205
.0801086426
.1917572021
.1053161621
.0827331543
-.1063690186
.1242523193
-.0674285889
-.0856323242
.0780944824
.0584411621
.0645904541
.0628051758
-.0451812744
.0598602295
-.0624694824
-.0532989502
.0754089355
.0798034668
.0410003662
.0696868896
-.0795745850
.0874633789
.0662078857
-.0372314453
.0384063721
.0525512695
.0535583496
-.0461883545
-.0351562500
.0282440186
.0517425537
-.0603790283
-.0469665527
.0527343750
.0341644287
.0285949707
.0211334229
.0231323242
.0127410889
-.0175170898
.0170440674
.0100097656
-.0120544434
.0128326416
-.0081634521
-.0070037842
.0052490234
.0041961670
.0017852783
-.0009918213
