.0002288818
-.0011444092
-.0041046143
.0024261475
.0039215088
-.0064086914
.0054779053
.0062713623
-.0108642578
.0112457275
.0123748779
-.0184631348
-.0117950439
.0160217285
-.0164184570
.0151824951
.0175323486
-.0243225098
-.0133972168
.0113372803
-.0142822266
-.0071716309
.0137023926
-.0181732178
.0148315430
.0184173584
-.0269775391
-.0211944580
.0182342529
-.0202331543
-.0203857422
.0170898438
-.0215759277
-.0253753662
.0193786621
.0160980225
-.0186004639
.0081176758
.0148010254
-.0193328857
.0147247314
.0220794678
-.0207214355
-.0122222900
.0151062012
-.0116882324
.0127105713
.0108795166
-.0233917236
-.0164489746
.0147247314
-.0183410645
-.0150604248
.0135498047
-.0153961182
-.0160217285
.0150756836
-.0160369873
.0159301758
.0106353760
-.0090942383
.0078430176
.0127410889
-.0146331787
-.0137634277
.0247955322
-.0229034424
-.0258483887
.0217590332
-.0211486816
-.0192871094
.0141143799
.0131378174
-.0175476074
.0137329102
.0089263916
-.0127716064
-.0136413574
.0134735107
-.0136566162
-.0139312744
.0223999023
-.0185546875
-.0158538818
.0203552246
-.0112152100
-.0130615234
.0094757080
-.0168914795
-.0122833252
.0134429932
-.0135650635
.0104217529
.0166320801
-.0175933838
-.0180206299
.0080108643
-.0202484131
-.0153961182
-.0076446533
-.0160522461
-.0103454590
.0121307373
-.0143890381
-.0120849609
.0128936768
.0195007324
-.0229949951
.0202789307
.0125427246
-.0175628662
.0198974609
.0307769775
-.0195465088
-.0272064209
.0172729492
-.0149383545
-.0122222900
.0160217285
-.0138854980
-.0121612549
.0148620605
.0109405518
-.0119018555
-.0080108643
.0147094727
.0173645020
.0154266357
-.0153808594
-.0128784180
-.0081939697
.0205078125
-.0134887695
.0193328857
-.0174407959
-.0176391602
.0180511475
.0155792236
-.0112915039
.0128173828
-.0133666992
-.0171203613
.0217132568
.0146026611
-.0126342773
-.0141601563
.0137939453
-.0135650635
.0090179443
.0143737793
-.0265502930
-.0243682861
.0234069824
-.0153198242
-.0207824707
.0124359131
-.0110321045
-.0179290771
.0188140869
.0098114014
-.0232086182
.0107269287
-.0125579834
-.0134582520
.0094299316
-.0189056396
-.0138092041
.0237274170
.0087432861
-.0182495117
-.0133666992
-.0103759766
-.0111999512
-.0134429932
.0158386230
-.0139770508
-.0180053711
.0212707520
-.0114288330
.0083007813
.0125122070
-.0195770264
.0137634277
.0188903809
-.0229187012
-.0209197998
.0123596191
-.0088348389
-.0204162598
.0207519531
-.0191650391
-.0160064697
.0119781494
-.0165252686
-.0188903809
.0203552246
.0178070068
-.0176544189
-.0192718506
-.0194854736
.0112762451
.0152130127
.0246276855
-.0180511475
-.0157623291
.0182952881
.0192871094
.0173187256
.0226135254
-.0164184570
-.0228424072
.0268707275
.0111694336
-.0159912109
-.0245361328
-.0191040039
.0129241943
.0135345459
.0114746094
-.0305938721
-.0155181885
.0219573975
-.0171051025
.0185241699
.0211639404
-.0225067139
.0219116211
.0204315186
-.0180053711
.0128936768
-.0223083496
-.0158233643
.0211334229
.0226135254
-.0111846924
-.0151977539
.0073699951
.0195312500
-.0185241699
-.0150756836
-.0113067627
-.0215148926
.0165710449
.0118103027
-.0240783691
-.0106964111
-.0169982910
-.0156707764
.0138549805
.0210876465
-.0194244385
.0195770264
.0101623535
-.0107269287
.0147857666
-.0169372559
-.0098266602
-.0164489746
-.0106658936
-.0188446045
-.0135498047
-.0150604248
.0112304688
.0173187256
.0164642334
-.0101318359
.0153656006
-.0156860352
.0079803467
.0107421875
.0141448975
-.0123596191
-.0178070068
.0206451416
-.0097808838
-.0137023926
.0107421875
.0145416260
.0091400146
.0101013184
.0120391846
-.0216369629
-.0106201172
.0147857666
.0153350830
.0110321045
-.0079040527
-.0103607178
.0198974609
-.0102081299
-.0133056641
.0158996582
-.0097503662
.0079040527
.0164947510
.0187530518
-.0157470703
-.0221710205
-.0110778809
.0129699707
.0124359131
-.0158691406
-.0136413574
.0091552734
.0142974854
.0149993896
-.0151214600
-.0118103027
-.0128784180
.0129089355
.0213470459
-.0121459961
-.0160522461
.0155639648
.0235290527
.0136718750
-.0141143799
.0183868408
-.0106964111
.0217895508
.0122833252
-.0262756348
-.0182952881
-.0137634277
.0180511475
.0241851807
.0143585205
-.0121765137
-.0185699463
.0211944580
.0238189697
.0134429932
-.0181274414
-.0151977539
-.0224761963
.0192565918
.0202178955
-.0336303711
-.0207977295
.0091552734
.0201110840
-.0260314941
-.0131072998
-.0149688721
-.0166931152
.0267028809
-.0191802979
-.0238189697
-.0186614990
-.0158386230
.0277252197
.0105438232
-.0231933594
-.0188598633
-.0128021240
.0112457275
.0077972412
-.0178985596
-.0205383301
.0217132568
.0228424072
-.0151214600
-.0197296143
-.0076293945
.0140075684
.0092315674
-.0267486572
-.0123138428
-.0153808594
-.0123443604
.0221099854
-.0187683105
-.0098724365
-.0199584961
.0165863037
-.0109863281
.0176696777
-.0171508789
-.0237579346
-.0083465576
.0095672607
-.0106201172
-.0138702393
-.0113372803
-.0102081299
.0186309814
-.0124206543
-.0113220215
-.0150604248
-.0184326172
.0180358887
.0128631592
.0121307373
-.0114135742
.0099334717
.0158691406
-.0089416504
-.0127105713
.0106506348
-.0150756836
.0080566406
.0187225342
-.0122680664
-.0152893066
.0193328857
-.0223693848
.0160064697
.0102844238
-.0206909180
-.0142517090
.0170288086
.0116729736
.0111236572
-.0099639893
.0115356445
-.0128936768
.0209350586
.0167236328
-.0206298828
.0126037598
-.0102691650
-.0196075439
.0101928711
-.0170135498
-.0168609619
-.0131988525
.0145263672
.0108642578
-.0173034668
.0223236084
-.0191650391
.0129699707
.0174560547
.0101928711
-.0130004883
-.0097808838
-.0144958496
.0107269287
.0227508545
-.0159454346
-.0129852295
.0125274658
.0166168213
.0173797607
.0147094727
-.0132446289
-.0132598877
.0138397217
.0120239258
-.0164947510
-.0117034912
.0135955811
-.0159912109
.0126647949
.0160217285
-.0218505859
.0092926025
.0175628662
-.0123901367
.0110168457
-.0150299072
-.0133056641
.0098419189
.0155181885
-.0147247314
.0141754150
-.0110168457
.0096893311
.0224609375
.0117492676
-.0106506348
.0142364502
-.0197143555
.0110473633
-.0127410889
.0150299072
-.0243682861
.0164947510
.0232543945
-.0234527588
-.0161132813
.0164337158
-.0197601318
-.0171051025
.0140228271
-.0195007324
-.0249328613
-.0138244629
.0133056641
-.0107574463
.0169219971
-.0178985596
-.0151977539
.0154724121
.0178527832
-.0109863281
-.0217437744
.0161743164
.0184631348
.0120849609
-.0172576904
-.0196075439
-.0223846436
.0225982666
-.0200653076
.0261993408
.0126190186
-.0169677734
.0182952881
.0158843994
-.0149536133
-.0118560791
-.0124206543
-.0113067627
.0137481689
.0187683105
-.0172424316
.0112915039
.0159454346
.0186614990
-.0157775879
.0121765137
-.0125579834
-.0223083496
.0142211914
.0098876953
-.0254211426
-.0130615234
.0089569092
-.0198364258
.0123138428
.0123901367
-.0136413574
-.0143737793
-.0097503662
-.0129547119
-.0171203613
-.0105438232
-.0153503418
.0133972168
-.0159606934
.0122070313
-.0085449219
-.0157318115
-.0090026855
.0155639648
-.0119018555
.0205230713
-.0160217285
-.0123596191
.0181884766
-.0184020996
.0229339600
.0117492676
.0101470947
.0184783936
.0195770264
.0075073242
-.0158233643
-.0197906494
-.0142517090
.0115966797
.0181274414
.0210723877
-.0143280029
-.0181884766
.0124511719
.0122375488
-.0135955811
.0093994141
-.0160522461
.0142211914
-.0121307373
.0115051270
-.0129241943
.0139465332
.0170288086
-.0144042969
.0158081055
-.0137329102
-.0137176514
.0126037598
-.0095062256
.0115203857
-.0108032227
.0174255371
-.0126190186
.0120239258
-.0192718506
.0148010254
-.0168151855
.0121917725
.0119628906
.0151062012
-.0134277344
-.0183715820
.0083618164
.0160369873
.0138397217
-.0130615234
-.0162658691
.0102233887
-.0109100342
-.0153350830
-.0110015869
-.0160369873
.0289306641
-.0186309814
-.0135040283
.0125885010
-.0215301514
.0141143799
.0194549561
.0157318115
-.0123291016
-.0117034912
-.0277099609
.0204620361
.0076141357
-.0131530762
-.0171051025
.0237274170
-.0104827881
.0121154785
-.0117034912
.0192413330
.0098266602
-.0128021240
-.0072479248
.0209197998
-.0192565918
.0105438232
-.0129394531
.0199279785
.0140075684
.0127716064
.0143280029
-.0152587891
.0222167969
.0102539063
-.0237884521
-.0134735107
.0158843994
-.0114746094
.0187530518
.0154571533
-.0153503418
.0140533447
-.0131988525
-.0172271729
.0169982910
-.0106658936
-.0217742920
-.0269470215
.0131683350
.0205383301
-.0177764893
.0171661377
.0103607178
-.0268402100
.0194702148
.0113830566
-.0162811279
.0154571533
.0140838623
-.0125122070
.0254516602
.0095214844
-.0168914795
-.0141143799
.0153808594
-.0174713135
-.0105285645
.0144042969
-.0120239258
.0116577148
.0133361816
.0255279541
-.0112915039
-.0079040527
-.0107421875
.0256195068
.0097656250
-.0107574463
-.0157928467
.0119171143
.0084228516
.0136260986
-.0160369873
.0137634277
.0231170654
.0146484375
.0172271729
-.0227661133
-.0174713135
-.0109558105
-.0151214600
.0187683105
-.0142517090
-.0197448730
.0176086426
.0116882324
-.0157775879
-.0137634277
.0183868408
.0139770508
.0139923096
.0144653320
-.0113983154
-.0116729736
-.0131530762
-.0150299072
.0112762451
.0111999512
-.0160064697
-.0130310059
-.0110473633
.0135040283
-.0131835938
.0105285645
.0120697021
-.0203704834
-.0186920166
.0118865967
-.0194396973
-.0147857666
-.0128936768
-.0158538818
-.0106811523
.0124053955
-.0202484131
-.0108947754
.0159606934
-.0173950195
.0172119141
.0181274414
-.0205841064
-.0134735107
.0164642334
-.0152740479
.0230102539
-.0132293701
-.0100097656
.0169677734
-.0139770508
-.0115814209
-.0121765137
-.0206451416
.0287322998
-.0207519531
.0097503662
.0265502930
-.0279541016
-.0120391846
.0169067383
-.0180206299
.0186462402
-.0135192871
-.0159606934
-.0170440674
.0212402344
.0193481445
-.0156860352
-.0194702148
-.0099334717
.0147705078
.0130767822
-.0332489014
.0194549561
-.0076599121
.0155639648
.0170440674
-.0132446289
-.0229187012
-.0121459961
-.0178222656
.0182037354
-.0127563477
.0137023926
.0218963623
-.0158386230
.0192108154
.0163116455
-.0270690918
.0125274658
.0177459717
-.0167999268
-.0227508545
-.0110015869
-.0157470703
-.0157775879
.0221862793
-.0169372559
-.0126037598
.0167999268
-.0146789551
-.0131072998
.0082702637
-.0136108398
-.0218353271
.0164337158
.0129089355
.0134735107
-.0120086670
.0111999512
-.0156860352
.0142364502
.0194702148
-.0225372314
.0150299072
.0241394043
-.0102386475
.0104522705
-.0179290771
-.0238189697
.0160827637
.0204772949
-.0240936279
-.0238800049
.0197601318
-.0165252686
.0189056396
-.0087890625
-.0195465088
-.0122528076
.0201263428
.0140686035
-.0116729736
.0149841309
-.0278472900
.0162353516
.0244445801
.0119018555
-.0206756592
.0142211914
-.0102844238
-.0151824951
.0141296387
.0141143799
-.0214233398
.0149688721
.0183410645
-.0109100342
.0165557861
-.0177917480
-.0185394287
.0158996582
.0201873779
-.0180053711
.0133666992
-.0148620605
.0092010498
.0122375488
.0148773193
-.0192718506
-.0123901367
.0161285400
-.0169067383
-.0137786865
.0128936768
-.0204010010
.0111694336
.0234680176
-.0137176514
-.0157928467
-.0202331543
-.0172882080
-.0141754150
.0138854980
.0118713379
-.0158996582
.0135650635
-.0112152100
.0141906738
-.0149841309
.0132751465
-.0147399902
.0144042969
.0183868408
.0177001953
-.0106048584
.0145568848
-.0163421631
.0210266113
-.0153198242
-.0207977295
-.0146636963
-.0203399658
.0132751465
-.0199737549
-.0128936768
-.0182189941
.0119171143
.0162658691
-.0249023438
.0195770264
-.0179290771
-.0125732422
.0208740234
.0208740234
-.0278930664
-.0200805664
.0124053955
.0095977783
.0132751465
.0212249756
-.0149230957
-.0241546631
.0187530518
.0142059326
.0103302002
.0236968994
-.0186462402
.0109405518
.0156707764
.0187072754
-.0142669678
-.0079803467
.0193176270
.0107574463
.0139007568
-.0131225586
-.0219879150
.0199127197
.0081329346
.0210876465
.0095062256
-.0140838623
-.0112152100
.0273590088
-.0132751465
-.0108032227
-.0172424316
-.0153961182
.0182342529
.0117797852
.0224304199
-.0101776123
-.0192871094
.0144805908
.0239105225
-.0198822021
.0129241943
.0157012939
-.0133666992
.0249938965
-.0166320801
-.0170440674
-.0125885010
-.0117187500
.0119781494
-.0113067627
-.0161895752
.0095214844
.0194396973
.0146331787
.0221710205
-.0196075439
-.0231933594
.0107269287
-.0121002197
-.0147094727
-.0132446289
-.0232086182
.0145874023
.0118560791
-.0110168457
.0089721680
.0160827637
-.0126342773
.0247497559
-.0115966797
-.0155487061
-.0116424561
.0126190186
.0185852051
.0176391602
-.0088806152
-.0129852295
.0142364502
.0176696777
-.0191040039
-.0248107910
-.0201110840
.0088653564
.0176544189
.0199432373
-.0158843994
-.0094757080
-.0120697021
.0101776123
.0055389404
-.0065155029
-.0053558350
-.0082550049
-.0048675537
.0070190430
-.0036010742
.0027160645
.0019073486
-.0013275146
.0003509521
