-.0016021729
-.0019531250
.0012512207
.0014190674
-.0007934570
.0012817383
.0010375977
-.0016784668
.0014801025
.0010223389
.0015258789
-.0017089844
-.0013732910
.0009918213
-.0011749268
-.0011901855
-.0014495850
.0013275146
-.0014343262
.0010070801
.0008239746
-.0009460449
-.0009918213
-.1146240234
-.0288085938
.0159606934
.0090789795
.0084838867
.0036926270
.0029602051
.0028533936
-.0016784668
.0021667480
-.0009918213
.0014953613
.0012664795
.0015258789
-.0017547607
.0009613037
-.0012664795
.0009307861
.0012359619
-.0016021729
.0014495850
-.0014953613
.0020141602
-.0029754639
-.0025024414
-.0032806396
.0034790039
.0034027100
-.0056304932
-.0045776367
.0048980713
-.0114135742
-.0064086914
-.0082092285
-.0137939453
-.0205383301
-.0209655762
-.0190887451
-.0284729004
.0211944580
.0226287842
-.0169830322
.0319366455
.0419311523
-.0421295166
.0141143799
-.0256042480
-.0624084473
.0244750977
-.0264434814
-.0529937744
-.0832519531
.0326690674
.0791320801
.0856475830
-.1022491455
-.0292358398
-.0206298828
.0150756836
.0409545898
-.0158843994
-.0273742676
.0178680420
-.0088958740
.0101013184
-.0214996338
-.0161437988
.0149383545
.0227203369
.0142059326
-.0096435547
-.0096588135
.0124816895
.0087738037
-.0101318359
.0136566162
-.0117034912
.0113983154
-.0122375488
-.0129241943
.0094299316
-.0127563477
-.0046539307
-.0045013428
-.0060577393
.0075073242
-.0152893066
.0063476563
-.0079650879
-.0070343018
.0089874268
-.0093536377
.0072326660
.0061035156
-.0054626465
.0076293945
-.0057678223
.0062866211
-.0059967041
-.0069732666
.0073394775
.0046081543
.0072174072
.0046539307
-.0055847168
.0061035156
.0046081543
.0058593750
.0068054199
.0050048828
.0055389404
-.0045623779
-.0039062500
-.0063171387
-.0064392090
.0077056885
.0063018799
.0071105957
-.0069274902
-.0055999756
.0068054199
-.0077362061
-.0066833496
-.0072631836
-.0061340332
.0066833496
.0050048828
.0062561035
.0045166016
-.0048522949
.0092620850
-.0064849854
.0103302002
.0066680908
.0060424805
-.0040435791
-.0049591064
-.0048980713
.0084686279
-.0070495605
-.0056762695
.0039520264
-.0060272217
-.0075988770
-.0103149414
-.0083923340
-.0067596436
-.0068969727
-.0094299316
-.0081176758
-.0088195801
.0083618164
.0089721680
.0068206787
.0106201172
.0105285645
-.0068969727
-.0095367432
-.0120391846
.0090179443
.0087432861
-.0056304932
.0049285889
-.0092468262
.0064849854
.0051422119
-.0086822510
-.0066528320
.0060424805
-.0059509277
.0066986084
-.0060272217
-.0089874268
-.0088958740
-.0067749023
-.0071716309
-.0067901611
.0065307617
-.0052032471
.0083923340
.0062561035
-.0084533691
.0074005127
.0071258545
.0049743652
-.0050659180
.0112609863
.0111541748
.0109558105
.0060882568
.0063629150
-.0096740723
.0057983398
-.0089569092
-.0059814453
-.0050048828
.0076141357
.0083618164
.0079498291
-.0090026855
-.0101165771
-.0079498291
.0068054199
-.0068054199
-.0047302246
-.0084228516
-.0064544678
.0059051514
.0071105957
.0066680908
-.0066680908
.0092926025
.0054321289
.0050506592
.0062103271
.0074310303
-.0075225830
-.0064544678
.0062713623
.0052795410
.0056610107
-.0061798096
-.0047454834
.0077667236
.0090179443
-.0107574463
-.0093078613
-.0044708252
-.0057983398
-.0062103271
.0382995605
.0228424072
.0145721436
-.0105438232
.0149536133
.0112762451
.0094299316
.0087280273
.0113983154
.0113677979
.0106658936
.0098419189
.0132446289
.0145874023
-.0134887695
.0126800537
.0110473633
.0184173584
.0139312744
.0144500732
.0153808594
.0144348145
.0160369873
.0171203613
.0166778564
.0137939453
.0149078369
.0196075439
.0174560547
.0135192871
.0160827637
.0090179443
.0147094727
.0147857666
.0164794922
.0145263672
.0146942139
.0114746094
.0111541748
-.0119018555
.0156860352
.0162811279
-.0117950439
-.0139617920
.0165252686
.0129852295
.0146636963
.0134735107
-.0129089355
-.0182189941
-.0161285400
-.0177612305
-.0169525146
-.0196838379
-.0176391602
-.0169525146
-.0189819336
-.0166778564
-.0154113770
-.0142822266
-.0130157471
-.0209197998
-.0180053711
-.0150756836
-.0147247314
-.0168609619
-.0164642334
-.0183715820
-.0147094727
-.0157165527
.0145721436
-.0199279785
.0180664063
.0178680420
-.0187072754
.0171356201
.0190887451
.0232849121
.0178222656
.0126800537
.0256958008
.0231018066
.0208435059
.0195465088
.0219116211
.0217590332
.0143737793
.0130615234
.0236511230
.0275268555
.0232391357
.0195617676
.0184631348
.0167236328
.0186462402
.0227508545
.0262756348
.0218658447
.0175628662
-.0182952881
.0155792236
.0229797363
.0264282227
.0209045410
.0173797607
-.0208740234
-.0174713135
.0243530273
.0223236084
-.0236206055
.0215759277
-.0233001709
-.0225830078
-.0203247070
-.0196990967
-.0213623047
-.0210876465
-.0189971924
-.0264434814
-.0216217041
-.0189361572
-.0137634277
-.0215454102
.0154418945
-.0205383301
.0138244629
-.0257415771
-.0274200439
.0158233643
-.0216522217
.0297698975
.0314788818
.0204010010
-.0214691162
.0379943848
.0357360840
-.0230560303
.0327148438
.0231018066
.0265197754
.0196075439
.0130767822
.0339050293
.0140686035
.0349273682
-.0132293701
.0310821533
-.0095214844
.0187988281
-.0113525391
.0187683105
.0315856934
.0256958008
-.0170288086
-.0291290283
.0172576904
.0115661621
-.0285186768
-.0215301514
-.0191192627
.0251159668
-.0256500244
-.0239562988
-.0136260986
-.0246429443
-.0178375244
.0294189453
-.0207214355
-.0370483398
-.0273437500
-.0381469727
-.0130462646
-.0101623535
-.0273132324
.0213317871
-.0193176270
-.0327301025
-.0223846436
.0224151611
.0172576904
-.0270080566
.0175781250
-.0255126953
.0435333252
.0253143311
-.0198822021
-.0205993652
.0184631348
-.0176696777
.0270843506
-.0199584961
.0156402588
.0373382568
.0256042480
-.0124816895
.0272369385
.0313415527
.0322265625
.0200500488
-.0219116211
.0316467285
.0403594971
-.0451507568
-.0204925537
.0331115723
.0328521729
-.0278320313
-.0231323242
.0309448242
.0382690430
.0118865967
-.0148773193
-.0105895996
.0245819092
.0251922607
.0090026855
-.0152435303
.0219879150
-.0315551758
.0213623047
.0234985352
-.0292510986
.0135498047
.0276031494
.0173187256
.0279693604
.0111541748
.0258941650
.0402984619
-.0306701660
-.0285186768
.0486297607
.0309753418
-.0185241699
-.0294494629
-.0289611816
.0193634033
.0453186035
.0278930664
.0177001953
-.0114746094
-.0418548584
.0121765137
.0113067627
.0287628174
-.0364990234
.0246734619
.0368347168
.0424499512
-.0216979980
.0341491699
-.0367736816
-.0330352783
.0247955322
-.0312957764
-.0252532959
-.0238647461
.0245361328
-.0457916260
.0203094482
.0189361572
-.0339660645
.0116119385
-.0369720459
-.0162506104
-.0282745361
-.0202484131
-.0472564697
-.0172271729
.0108795166
-.0362701416
-.0338897705
-.0231018066
.0094604492
.0219573975
-.0184173584
-.0467987061
-.0140075684
.0248565674
-.0199737549
-.0396575928
.0153045654
-.0172729492
-.0142211914
.0542144775
.0295257568
-.0285186768
-.0320434570
.0372009277
-.0147705078
-.0439758301
.0368957520
.0223236084
.0194549561
.0431671143
-.0144348145
.0155334473
.0221099854
.0341033936
.0193939209
.0121154785
.0324859619
.0387725830
.0254974365
.0317382813
.0169219971
.0215606689
.0314636230
.0142211914
-.0235595703
.0460968018
.0376281738
.0174407959
-.0309906006
-.0451202393
.0128631592
.0347137451
-.0403900146
.0165557861
.0296936035
.0271148682
-.0320739746
.0257263184
-.0224914551
-.0285034180
-.0233001709
.0383758545
-.0313873291
-.0274505615
-.0234680176
-.0189819336
-.0232391357
.0231018066
-.0398712158
-.0312347412
-.0153961182
.0310668945
-.0250244141
-.0162658691
-.0387573242
-.0229492188
-.0219879150
.0222930908
-.0401153564
.0146636963
-.0190582275
-.0323791504
-.0162658691
-.0232238770
.0286102295
-.0278930664
.0108642578
-.0282745361
.0271453857
.0207519531
-.0451660156
-.0190429688
.0233306885
.0220489502
-.0160675049
.0169219971
.0164184570
-.0516815186
.0229339600
.0239410400
-.0449066162
-.0117645264
.0401153564
.0378417969
-.0170898438
.0275878906
-.0227966309
.0374450684
.0323333740
-.0157012939
.0301513672
.0233459473
.0165252686
.0396423340
.0234375000
.0190734863
.0198974609
.0196228027
.0223541260
.0094604492
.0373077393
-.0156707764
-.0215759277
.0297698975
.0366363525
-.0197601318
.0234985352
-.0349121094
.0200042725
.0321044922
-.0304412842
-.0113372803
-.0221099854
.0377502441
.0102539063
-.0239562988
.0425109863
-.0194396973
-.0310363770
-.0463256836
.0261688232
.0278472900
-.0287780762
-.0124511719
-.0261993408
-.0318603516
.0123138428
-.0239105225
-.0222167969
-.0280456543
.0149688721
.0234222412
-.0270385742
-.0337677002
.0115814209
.0099945068
-.0228118896
-.0205230713
-.0187683105
-.0231781006
.0234069824
-.0210418701
-.0344390869
.0259552002
-.0243072510
-.0257720947
-.0102539063
.0176391602
-.0338592529
-.0223236084
.0197906494
.0265808105
-.0478057861
.0462493896
-.0194396973
-.0414276123
.0175933838
.0094146729
-.0401916504
-.0157928467
.0135345459
-.0173034668
.0337066650
.0166473389
-.0139923096
.0284118652
.0222930908
-.0178070068
-.0241851807
.0443878174
-.0167694092
.0223083496
-.0150146484
-.0176239014
.0154266357
.0294189453
-.0169677734
-.0216064453
.0360870361
.0254211426
.0161285400
.0250701904
.0163421631
-.0282592773
-.0181732178
-.0307312012
.0154266357
-.0205841064
-.0126800537
-.0101318359
.0352935791
-.0312042236
-.0214538574
-.0211181641
.0142059326
-.0310058594
.0387878418
.0125122070
-.0260620117
-.0140838623
.0268554688
.0144805908
-.0341339111
-.0174102783
-.0236053467
-.0270843506
-.0223999023
.0137634277
-.0229644775
-.0270538330
-.0308685303
-.0374298096
.0426177979
.0718383789
.0296325684
-.0399780273
-.0174865723
-.0154571533
.0143737793
.0158691406
.0195007324
-.0206756592
-.0199432373
.0074462891
.0099029541
.0122680664
-.0032196045
-.0045318604
.0154418945
.0205383301
.0109252930
.0097503662
-.0088348389
.0098571777
.0147399902
.0106964111
-.0142059326
-.0073394775
-.0080718994
-.0086212158
.0065765381
-.0132446289
-.0116577148
-.0077362061
.0063171387
-.0084686279
-.0070495605
-.0114898682
-.0114288330
.0138549805
.0055236816
.0086975098
.0079956055
.0047760010
.0092315674
.0069732666
-.0084838867
-.0066070557
.0144042969
.0116882324
.0065460205
-.0083923340
-.0026245117
.0068511963
.0068969727
-.0047607422
-.0075836182
-.0066223145
-.0042877197
-.0032958984
.0037078857
.0037384033
.0064086914
-.0042724609
.0063476563
.0059967041
.0048675537
-.0062103271
-.0019683838
.0053710938
.0044555664
.0023803711
-.0024414063
.0023803711
-.0054321289
-.0028381348
.0042266846
-.0058441162
.0057067871
.0026397705
-.0024108887
-.0022430420
.0014801025
.0022888184
-.0044555664
-.0025329590
-.0068054199
.0067749023
.0082855225
-.0031433105
-.0055236816
-.0065917969
-.0019531250
.0026245117
.0020599365
.0017700195
.0031585693
.0018463135
.0014953613
.0016326904
-.0047760010
.0054321289
.0033264160
.0045318604
-.0015716553
-.0030364990
.0028533936
.0044708252
-.0017242432
-.0027770996
.0017395020
.0022430420
-.0040893555
-.0021209717
.0045318604
.0027618408
-.0040130615
-.0017395020
-.0024719238
-.0019226074
-.0042114258
-.0025024414
.0022125244
.0034942627
-.0031738281
-.0027770996
.0020446777
.0030212402
.0036315918
-.0021362305
-.0039367676
.0043182373
.0038452148
.0043182373
-.0031585693
-.0024261475
.0039367676
.0051727295
.0026397705
-.0049743652
-.0030364990
.0037689209
.0024261475
.0014648438
.0019683838
-.0020294189
.0024261475
.0012207031
.0012207031
-.0021362305
.0026245117
.0028991699
.0041198730
-.0025634766
-.0023803711
-.0020294189
.0027618408
.0032653809
.0019989014
.0010375977
.0015869141
-.0007629395
-.0017547607
-.0008239746
.0008544922
.0013427734
.0014648438
.0020751953
.0011138916
-.0022583008
-.0012817383
-.0008544922
.0008239746
.0020294189
.0017395020
.0020751953
-.0020446777
-.0016326904
-.0018768311
-.0015411377
.0020904541
-.0009307861
.0010070801
-.0013275146
-.0012359619
.0018157959
.0013580322
.0007629395
-.0017700195
.0014343262
.0011596680
-.0014038086
-.0016632080
.0023040771
.0024414063
.0010528564
-.0016479492
-.0023803711
-.0008544922
.0009307861
.0010528564
.0016937256
.0013275146
-.0011444092
-.0016937256
-.0011444092
.0009155273
.0018310547
-.0013275146
.0008544922
-.0006256104
-.0013732910
-.0018310547
-.0011444092
.0012207031
.0008850098
.0014495850
-.0012207031
.0014801025
-.0014953613
-.0009613037
-.0016326904
-.0018157959
.0014038086
.0025482178
.0021820068
-.0013427734
.0014801025
.0018310547
-.0009918213
-.0016174316
.0011901855
.0018920898
.0012512207
.0014190674
.0011444092
.0020904541
.0024719238
.0021057129
-.0007019043
-.0008544922
.0010833740
.0016937256
-.0015869141
-.0015106201
.0016326904
.0020141602
.0016784668
-.0013275146
-.0017700195
-.0011444092
.0014038086
.0018005371
-.0015716553
-.0023803711
