-.0001373291
-.0001373291
-.0001220703
.0001831055
.0001220703
.0013427734
-.0036926270
-.0050659180
-.0066375732
-.0058135986
.0045776367
-.0066986084
-.0070343018
.0074310303
-.0106353760
-.0121307373
.0104370117
-.0097961426
-.0196990967
.0197143555
-.0150756836
.0246734619
.0251464844
.0148010254
.0307312012
.0215148926
-.0272674561
-.0244903564
.0161437988
-.0131835938
-.0227966309
.0256195068
-.0219573975
-.0273437500
.0366668701
.0485992432
.0451660156
-.0422363281
-.0402984619
.0326538086
-.0433197021
.0237579346
-.0342102051
.0420227051
.0325927734
-.0396118164
.0394439697
.0323486328
.0278167725
.0176391602
-.0164642334
-.0157775879
-.0142974854
-.0219421387
.0212860107
-.0356750488
-.0365447998
.0411071777
.0267333984
.0179595947
-.0240173340
.0569763184
-.0675659180
.0417327881
-.0445709229
.0392913818
-.0380859375
.0372161865
-.0366363525
.0315399170
-.0594177246
-.0511016846
-.0629730225
.0502777100
.0574035645
-.0383148193
.0513916016
-.0238800049
.0384674072
.0448608398
.0618896484
.0679626465
-.0515747070
-.0624389648
-.0739135742
.0561370850
.0638885498
.0497589111
.0480499268
-.0727996826
-.0605010986
-.0589752197
.0761718750
-.0471038818
-.0595550537
-.0912933350
-.0804443359
.0821075439
.0854797363
-.0828552246
-.0803222656
-.0529022217
-.0493316650
-.0770263672
-.0650939941
-.0574951172
.0528106689
-.0454559326
.0476989746
.0542602539
.0572967529
.0369720459
.0104827881
-.0087585449
.0198974609
.0158233643
-.0273742676
.0453338623
.0536956787
.0414733887
-.0321807861
-.0092926025
-.0081787109
-.0132904053
-.0100250244
.0204772949
-.0147705078
-.0203094482
.0572814941
-.0263214111
-.0293273926
.0480346680
-.0697174072
.0876617432
-.0672760010
-.0383911133
-.0837097168
.0846405029
-.0893707275
-.0573883057
-.0307464600
-.0482635498
.0285644531
-.0354156494
-.0472869873
.0713500977
.0993194580
-.0850067139
-.0910034180
.0755157471
.0609436035
-.0520629883
.0378417969
.0494079590
-.0640106201
-.0809783936
.0777282715
.0639343262
.0740051270
-.0751647949
-.0971984863
-.0637969971
.0623779297
-.0973052979
-.0847778320
.0632629395
-.0714263916
-.0942382813
.0542144775
-.0777435303
.0671081543
-.1128082275
.0754699707
.0829010010
.0951843262
.1198730469
.1128540039
-.0873565674
.0687255859
-.0501556396
.0498046875
.0286102295
-.0151519775
.0135498047
-.0133361816
-.0095214844
-.0130767822
-.0089721680
-.0097961426
-.0107879639
-.0107574463
-.0154571533
-.0134887695
.0407714844
-.0309600830
-.0567779541
-.0361175537
-.0321960449
.0337524414
.0382843018
.0349884033
.0410461426
.0774841309
.0910949707
.1027374268
-.0685882568
-.0982208252
-.0518493652
-.0530395508
-.0746917725
-.0556030273
-.0574340820
.1128234863
.0677490234
-.0691680908
.0824584961
.0464019775
.0092010498
-.0028686523
.0084075928
.0057373047
-.0085906982
-.0117034912
-.0249633789
-.0483856201
-.0382385254
.0458679199
.1023864746
.0757904053
-.1164855957
.0637969971
.0724182129
-.0470428467
.0327148438
-.0688323975
-.0609436035
-.1318054199
.0598144531
-.1096801758
-.1012115479
.0970611572
.1209564209
.0698394775
.1050720215
-.1170501709
-.0843658447
.0680389404
.0913391113
.1055603027
-.0791473389
.1026153564
.1024322510
-.1056518555
.0910186768
-.0423736572
.0567016602
.0942687988
.0928192139
-.0551147461
-.0655975342
-.0525207520
.0670928955
.0616607666
.0576324463
.0490875244
.0382232666
-.0237121582
-.0429992676
-.0387573242
-.0487213135
.0667266846
.0797271729
-.0923919678
-.0766906738
-.0781860352
-.0723571777
.1081085205
.0809020996
.1096343994
-.1063537598
-.1249389648
-.1259613037
.1004180908
-.0913391113
.0617980957
-.0554809570
.0220031738
-.0045928955
-.0024871826
-.0024261475
.0024871826
-.0234527588
-.0529785156
-.0487365723
.0510101318
-.0755767822
.0802917480
.0863494873
.0797882080
.0647888184
-.0611877441
.1015625000
-.0543823242
.0637512207
-.0831298828
-.0643463135
-.0910491943
-.0789794922
.1256103516
.1410064697
.1257476807
.1194763184
.1110382080
.1173400879
.1120147705
.1165466309
-.1084289551
.1122131348
.0970458984
.1051330566
.1051483154
-.0858154297
.0430755615
-.0469207764
.0985565186
.1184234619
-.1258850098
.1141052246
-.1265716553
-.0960693359
-.0440063477
.0612945557
.0633697510
-.0665283203
.0671691895
.0864562988
-.0786590576
-.0500946045
-.0665435791
-.0749969482
.0736694336
-.0830841064
-.0750885010
-.0467376709
.0169067383
-.0139160156
.0090484619
.0066375732
.0059051514
.0046997070
.0054626465
-.0075836182
-.0107574463
-.0249938965
-.0364837646
-.0843353271
-.0938568115
-.0863494873
.1054992676
-.0749206543
-.0733032227
.1264190674
-.1540069580
-.1376647949
-.1160583496
-.1033782959
-.0778350830
-.0690307617
.0752410889
.0462341309
.1119842529
-.0754852295
-.0897216797
-.1245880127
.0582733154
-.1186065674
-.1088867188
-.1213531494
.1107635498
-.1320037842
.1061553955
-.1102905273
.1053466797
-.1116638184
-.1030883789
-.0635375977
.0331420898
.0635070801
.0797882080
.0808410645
-.0660095215
.0719604492
-.0718536377
.0578002930
-.0575714111
-.0296936035
-.0216674805
-.0226593018
-.0311889648
.0346679688
-.0320892334
-.0406951904
.0513610840
-.0710754395
-.0739746094
-.0651245117
-.0647125244
.0613098145
-.1125946045
-.0845489502
-.0664215088
.0821228027
-.1230163574
-.1027832031
.0773468018
-.1093444824
-.0945892334
-.0755615234
-.0625457764
.0369415283
.0409393311
.0380706787
-.0337829590
-.0271453857
-.0137023926
.0755157471
-.1219482422
.1002807617
-.0666503906
-.0620422363
-.0919647217
.1041870117
-.1154632568
.1157836914
-.1089935303
-.1093750000
-.0838775635
-.1021423340
-.1225128174
-.1099395752
.1181793213
-.0696868896
.0561676025
-.1324157715
-.1127166748
.1176910400
-.0821685791
-.0926055908
-.0781097412
-.0901336670
-.0729217529
-.0424346924
-.0184326172
-.0142517090
-.0132751465
-.0108642578
.0170898438
-.0316467285
-.0431976318
-.0549011230
.0244903564
.0608520508
-.1199951172
.1100311279
.1006774902
.1030273438
-.0744628906
-.0430145264
.0641021729
.1161193848
.1196594238
.1231689453
-.0875701904
.0555267334
-.0489501953
-.0503082275
-.0420074463
-.0603637695
-.0950775146
.1437225342
.1156921387
.1030883789
.0717620850
.0759124756
-.0876617432
.0903472900
-.1100006104
.0987548828
.0784454346
-.1166534424
.1355285645
-.1210784912
.1288299561
-.1345062256
.1538391113
-.1542510986
.1333465576
-.1190185547
.1294403076
-.1202392578
-.1156921387
-.1069183350
-.0925140381
-.0771789551
.0442352295
-.0461730957
.0551300049
.0348205566
.1054229736
.0969238281
.0456085205
-.0371551514
-.0330200195
-.0541687012
-.0783538818
-.0606842041
-.0478210449
-.0211181641
-.0191040039
-.0186004639
-.0436553955
-.0575256348
.0998229980
.1270141602
.1011047363
-.0739898682
.0398864746
-.0623931885
-.1389312744
.1061553955
.0919799805
.0844573975
-.0753021240
-.0987396240
-.1095581055
.0732421875
-.0873565674
-.0919952393
.0819396973
-.1079559326
.0620117188
-.0760955811
.0703887939
-.0980682373
-.0881500244
-.0861358643
.0583648682
-.0875091553
.1443939209
.1353912354
.1197052002
.0781707764
.0404052734
.0282592773
-.0568389893
-.0896453857
-.0921173096
.1139068604
-.0919799805
.0668487549
-.1244201660
.1048126221
.1053924561
.1120910645
.1220245361
.0731811523
.0805816650
.0987396240
.1073303223
.0987396240
-.0625457764
-.0608825684
.0856933594
.1152038574
-.1208190918
-.1120758057
.1160278320
-.0904998779
.0228881836
-.0192260742
-.0286712646
.0690460205
.0855255127
.0617828369
-.0408935547
-.0390167236
-.0540008545
-.0968627930
-.1038818359
-.1084747314
-.0859222412
-.0660095215
.0443420410
.0231933594
.0283203125
-.0705108643
-.1230316162
-.1009368896
-.0933380127
-.0966796875
-.0905151367
-.0747985840
.1068420410
.1144256592
.0984497070
.1132965088
.1107940674
-.0960235596
.0899047852
-.0830230713
-.1071014404
.0607299805
-.0327453613
.0328674316
-.0348968506
-.0274963379
-.0180816650
-.0169830322
-.0076904297
.0394287109
-.0242309570
.0255584717
-.0347900391
.0369110107
-.0929260254
-.1142120361
-.1334838867
-.1235961914
-.1252288818
-.1153564453
.1022033691
.1407775879
-.0902099609
.0472259521
.0972900391
-.0690765381
.1140594482
.1333923340
.1105957031
.1111297607
-.0547485352
.0416259766
.0202331543
-.0157470703
-.0242462158
-.0325164795
-.0208892822
.0230255127
.0503234863
-.0343170166
-.0188140869
-.0271759033
-.0598144531
.0709075928
.0853576660
.1296539307
-.1148529053
.0911560059
-.0856323242
.1087188721
-.1233520508
-.1305541992
-.0983276367
-.1154785156
.0905151367
-.0725250244
.0856018066
.0664367676
-.1228637695
.1239776611
-.1423797607
-.1173400879
-.1315307617
.0775146484
-.0817718506
.0681304932
.0619354248
.0828552246
-.0908508301
.1145782471
.1165924072
.1101837158
-.0535736084
-.0401000977
-.0280761719
.0313720703
-.0391845703
-.0344696045
-.0671539307
.1037750244
-.1245269775
.0919647217
.0672912598
.0639343262
-.0832977295
-.0916595459
-.0802154541
-.0843963623
-.0822906494
-.0690612793
-.0521240234
-.0595092773
-.0687255859
-.0775604248
-.0594940186
.0582580566
-.1213684082
-.1184539795
-.1091461182
.0888214111
.0960693359
-.0637664795
-.0453186035
.0318298340
.0105743408
-.0060119629
.0121765137
.0442962646
.0288696289
.0645904541
.0428009033
.0613708496
.1335296631
.1137695313
-.1096496582
-.1116485596
-.1028289795
-.1359252930
-.1222534180
.1134948730
.0986633301
-.0926666260
-.0915527344
-.0999603271
-.0977020264
-.0845031738
-.0631561279
-.0370483398
.0603637695
-.0401763916
.0506896973
.0580902100
-.0468597412
.0437469482
-.0554351807
-.0494384766
-.0236663818
.0119476318
-.0033416748
-.0046844482
.0041351318
-.0069732666
-.0148620605
-.0247344971
.0199890137
.0677795410
-.0927276611
-.1149444580
-.0666809082
-.1451568604
-.1105957031
.1160430908
.1419677734
-.1199188232
-.0951538086
-.0442810059
-.0427093506
-.0267181396
.0264434814
.0216827393
-.0158081055
-.0595703125
.0541839600
.0658111572
.0815734863
-.1100616455
-.0933990479
-.0910491943
-.0525665283
.0229492188
-.0215301514
.0291137695
.0394592285
.0376281738
-.0694885254
-.1097106934
-.1087493896
.1215667725
-.1119689941
-.0980834961
.0752258301
-.0420837402
.0439605713
.0677490234
.0491790771
.1488342285
-.1235504150
-.1221618652
-.1163482666
.1089630127
.0693359375
-.0203704834
.0284118652
.0128479004
.0306243896
-.0429077148
-.0491485596
.0467987061
-.0393981934
.0445709229
-.0560760498
-.0864105225
.1097717285
.1516265869
.1481628418
.1212768555
.0723724365
-.0299682617
.0173950195
.0156097412
.0180206299
-.0312957764
.0430755615
-.0800628662
-.1170959473
-.0861053467
-.0933227539
-.0686492920
-.0497436523
-.0628204346
-.0624084473
-.0613708496
-.0639495850
-.0738983154
.0735015869
-.0477752686
-.0507812500
-.0566558838
-.0882873535
.1276855469
.1128540039
-.1087036133
-.0762786865
-.0328216553
-.0541839600
-.0582122803
-.0560150146
-.0759429932
-.0629882813
-.0425415039
-.0450134277
-.0343627930
-.0329132080
.0230712891
.0438995361
-.0373382568
-.0520019531
.0284729004
.0207061768
-.0264739990
.0161132813
.0508728027
-.0518646240
-.0696868896
.1241302490
.1145477295
.1401672363
.1162567139
.1033935547
-.0507202148
-.0492401123
-.0479736328
.0537109375
.0810546875
-.0760650635
.0475158691
-.0783843994
-.0970916748
-.1078948975
-.0950927734
-.1119079590
-.1283264160
-.0870666504
-.0883331299
.1076965332
.1407470703
-.1324615479
-.0971221924
.0831146240
-.0793151855
-.0507965088
.1060028076
-.1328277588
-.1203308105
.1036834717
.0432434082
-.0111999512
-.0053710938
-.0038757324
-.0089569092
-.0209350586
-.0352783203
-.0453186035
.0293579102
-.0545349121
.0716247559
.0761260986
-.0718688965
-.0714416504
-.1102905273
-.0375061035
.0475616455
-.0506134033
-.0570831299
-.1133270264
-.0878295898
-.0592803955
-.0338287354
.0520019531
-.1076354980
-.1017150879
-.0855407715
-.1125488281
.0919799805
-.0885620117
.0881805420
.0392303467
-.0272064209
-.0121765137
.0027160645
.0018157959
.0037689209
.0023803711
.0045776367
-.0077362061
-.0021514893
.0025329590
-.0020599365
.0028991699
.0041351318
.0028381348
-.0043334961
-.0046844482
.0062561035
-.0131378174
-.0180053711
.0146636963
-.0318298340
-.0454101563
-.0770416260
.0587615967
.0560150146
-.0370178223
-.0176239014
-.0187377930
-.0227661133
-.0231781006
-.0288391113
-.0359191895
-.0327453613
-.0349731445
.0238037109
-.0089874268
-.0122375488
-.0084838867
-.0050811768
.0033874512
.0038909912
.0079345703
.0067138672
-.0074615479
.0059356689
-.0087585449
.0043182373
.0038909912
.0111236572
-.0095977783
-.0120239258
-.0158538818
-.0167846680
.0101470947
.0277862549
-.0315704346
-.0256042480
-.0240325928
-.0139923096
-.0072174072
.0047454834
.0030517578
-.0041198730
-.0045318604
-.0043182373
.0027618408
.0033264160
-.0026855469
.0027008057
-.0031738281
-.0016937256
-.0018005371
.0029296875
-.0027770996
.0015869141
-.0011901855
-.0005187988
