-.0004272461
-.0015258789
.0045013428
.0029602051
-.0072021484
-.0109710693
.0130920410
-.0129699707
-.0092315674
-.0154724121
-.0099182129
.0113525391
.0364532471
-.0354766846
.0174102783
.0439147949
-.0212554932
-.0286407471
-.0345001221
.0261077881
-.0584869385
-.0226287842
.0544891357
-.0300140381
-.0481567383
.0567016602
.0374298096
-.0327301025
-.0651245117
-.0378112793
.0476379395
-.0456085205
-.0284423828
-.0693969727
.0299072266
.0608673096
.0634002686
-.0356750488
-.0324554443
.0756072998
.0480499268
-.0455932617
-.0539245605
.0640258789
.0550689697
-.0470733643
-.0838012695
.0816955566
-.0594940186
-.0424957275
-.0863494873
-.0548095703
.1229553223
-.1122589111
-.1114349365
.0535125732
.0850219727
-.0445251465
-.0731964111
.0410766602
.0664825439
.0477294922
.0373382568
-.0622711182
-.0822143555
.0682067871
-.1008453369
-.1058044434
.1050262451
.1111755371
.1408843994
-.1146392822
-.1419067383
.1202850342
-.1557006836
-.1038970947
-.1234436035
.0821838379
-.0902862549
-.1089019775
-.1406097412
.0844879150
-.0909118652
.1145172119
.1268615723
-.1111450195
.1261444092
.1028900146
.1004943848
-.0995635986
.1099853516
.0843048096
-.0876617432
.0868530273
-.0998077393
.0896759033
-.0860290527
.0700073242
.1036987305
.1020202637
.0995178223
-.0695495605
.0567626953
-.0666046143
.0885772705
.0771942139
-.1021575928
.0818023682
-.0433807373
.1244049072
-.0892791748
-.0895538330
.1653442383
-.1000213623
.0608520508
-.0539550781
-.0732879639
-.1037292480
.0365600586
-.0654907227
-.0564422607
.0819396973
.0732879639
.0596771240
.0464630127
-.0620574951
.0672760010
-.0747528076
.0393218994
-.0476074219
-.1380004883
-.0792388916
-.1236572266
-.0868988037
-.1183166504
-.0933227539
.1572723389
-.1432495117
-.1639099121
.2135772705
-.1901702881
-.1528015137
-.1934051514
-.1378173828
.1739959717
.1429443359
-.1460571289
-.1281738281
.1882171631
.1703948975
-.1247253418
.1261138916
.1408996582
-.1156921387
-.1185913086
-.1220092773
.1716156006
.1251831055
-.1966705322
.1368713379
-.1207122803
.0998077393
.1979675293
-.1987152100
.1108856201
.1217803955
.0984039307
-.1073303223
-.0877532959
.0685272217
-.0685882568
.0605926514
.0695343018
-.0672454834
.0656127930
.0829925537
.0660705566
-.1169281006
.1374206543
.0774841309
-.0826568604
.0819854736
.1094818115
.0752868652
-.0847320557
.0668640137
.0716400146
.0923614502
-.0551147461
.0345916748
.0523681641
.0802307129
-.0635223389
-.0649566650
.0655822754
-.0917968750
.0423431396
.1021118164
-.1061248779
.0373992920
.0991058350
.0482788086
-.0588226318
.0359191895
.0640258789
.0720672607
-.0742034912
-.0481109619
-.0260009766
.0665740967
-.0548706055
.0800781250
-.1461181641
-.1048583984
.1582031250
-.1275024414
-.1342315674
.1230316162
.1396179199
-.1302490234
-.0841827393
-.1224975586
-.0828704834
.1304931641
.0988922119
-.1457977295
.1014251709
-.0958099365
.0749511719
-.0857238770
-.0845642090
.1345367432
.0774841309
.0690612793
-.0892639160
.0797119141
.0992279053
-.0631866455
-.0508117676
-.1176452637
.0869293213
.0852508545
-.0696563721
-.1183166504
-.0736236572
.0438385010
-.0836791992
-.0638580322
-.0545806885
.0881500244
-.0661315918
-.0609588623
-.0679626465
.0248718262
.1031341553
.1097564697
-.1317291260
-.1812438965
.3493804932
-.2293395996
-.1961059570
-.1713256836
.1889190674
.1463928223
-.1292419434
.1143341064
-.0787353516
.1195220947
-.1112670898
-.0773315430
.0552673340
.0859069824
-.0855560303
-.0953063965
-.1210021973
-.0963134766
.0802917480
-.1004028320
-.1259765625
.1391754150
.0747222900
.1203918457
.0787048340
-.1103973389
.1069793701
.0705871582
-.0550079346
-.0909118652
.0411529541
.0823211670
.0869903564
-.1231689453
-.1195831299
.1041107178
.1132202148
-.2291564941
-.1381835938
.3091278076
.2630615234
.1852264404
-.2177276611
-.2190399170
.1897430420
-.0953979492
.1008453369
-.1762542725
.2230987549
-.0996093750
.1413879395
.0754852295
.1491699219
.1100158691
.1718139648
.0951995850
.1454772949
-.1120910645
.1146545410
-.1475982666
-.1438903809
.0742492676
.1042633057
-.1036529541
-.0807647705
.0733337402
.1170806885
.0847015381
-.1454010010
.1917114258
-.2109527588
-.1043395996
-.1480102539
-.1654663086
.0803527832
.0889587402
.1168518066
-.0839385986
.0806274414
-.1083831787
.1321105957
-.0774078369
-.1031036377
.0935516357
.0678710938
-.0590362549
-.0921478271
.1087951660
.1257171631
.2279663086
-.1146545410
-.1138916016
.0758972168
-.0528717041
-.0730895996
-.0858917236
.1185913086
-.0678405762
.1379547119
-.0719604492
.0793457031
-.0978088379
.0961914063
.1057739258
-.0463867188
-.0572357178
.0654144287
-.0829010010
-.0515289307
.0760955811
.1122283936
.1112518311
-.0846862793
-.1091918945
.0671997070
-.0956268311
.0443267822
-.1060943604
.1360168457
-.0929565430
.0539703369
-.0962677002
-.1191253662
.1078338623
-.0581512451
-.0903625488
-.0693511963
.1038208008
.0605010986
.1256561279
-.1393585205
.0740966797
.0810546875
.0841827393
.0556030273
.0708160400
.0726013184
.1458129883
.1416015625
-.2739410400
.2180175781
.2682800293
-.2860565186
-.2857055664
-.1553497314
-.0902557373
.1908874512
.1880187988
.2307891846
.1875610352
-.2228088379
-.1509552002
-.1740570068
.1136627197
-.0934448242
.1029815674
-.0638885498
-.1688995361
.1591491699
-.1161346436
.1712188721
-.1807861328
-.2099609375
-.2165374756
.1796875000
-.1509399414
.1360321045
.1492614746
.1193389893
.0511779785
.0501708984
.1537933350
.1335754395
-.1673431396
.0569915771
.1104278564
-.1269989014
.0751647949
.1088867188
-.1991271973
.2266540527
.3440551758
.3212127686
-.4702148438
-.3599090576
.3130950928
.3011779785
-.1866302490
.1332397461
-.1214447021
.1703796387
-.0697631836
-.1323852539
.3227996826
-.2713623047
-.1337890625
-.3248443604
.3158111572
-.2604370117
.2595214844
.1991119385
-.1962585449
-.3717956543
-.2489166260
-.2318725586
.1991424561
.1295318604
.1231994629
.0930480957
-.0800476074
.1157531738
-.0807800293
-.1114349365
.1034393311
-.1715393066
.1406707764
-.0757446289
.1195983887
-.1744079590
.0930023193
-.1763000488
-.1235198975
-.0949096680
-.1315917969
.0583953857
-.1549682617
.0945434570
-.1326141357
.1544647217
-.1027526855
.1117553711
.1173706055
-.1022491455
.1713256836
-.1828918457
.2151184082
-.1170501709
.1560058594
-.0776824951
.1477813721
.1019439697
.0727691650
.0985260010
.1396484375
-.1541595459
-.1171112061
-.0678863525
-.0621490479
.1542358398
.0710906982
.1793212891
-.0864562988
.0753784180
-.1411437988
.1585388184
.1260070801
-.1945343018
.1653747559
-.2405090332
.1170959473
-.1423187256
.1915588379
-.0711364746
-.1002197266
-.1073150635
-.1244201660
.1267852783
-.1468505859
.1253814697
-.0782012939
.0788421631
.0808715820
.1580505371
-.1653289795
.1434783936
-.0886077881
-.1171417236
.1673431396
-.1112518311
.1111297607
-.0869445801
.1123657227
-.1426544189
-.1349487305
-.1789398193
.1433410645
.1374359131
.1343078613
.0744934082
-.2020721436
.0708465576
.0825042725
.1672668457
-.1795654297
-.0994110107
.0973663330
-.0858154297
-.1403350830
-.0760345459
-.0799713135
.0862426758
.1326904297
-.1067047119
.1594085693
-.0984954834
.1024017334
.2128448486
.3208618164
-.2981414795
-.2330932617
.1538391113
-.2148284912
.2717590332
-.3713073730
.1704254150
.1808929443
.2212219238
-.2497863770
.1698913574
-.1386108398
.1589660645
.1664733887
.1570281982
.1922454834
.0725250244
-.0951538086
-.1140289307
.2594604492
-.2431030273
.1702270508
.1066894531
-.1430053711
.2288665771
-.2066497803
-.1591339111
-.1612396240
-.1233673096
-.1347656250
.1291198730
-.2005004883
-.1697845459
-.1279907227
.1589965820
-.0471191406
-.1052551270
-.0708160400
.0921936035
.1581573486
.3265228271
.1018981934
-.3285827637
-.1608276367
.2005462646
-.2346191406
.0981445313
-.0958404541
-.2277679443
.2046661377
-.1466674805
-.1409759521
.1564331055
-.3223114014
.2115173340
-.2381439209
-.1459350586
-.2392120361
-.1045074463
.1239471436
-.1313323975
.2571868896
-.1814880371
.0671539307
-.0961761475
.2419128418
-.1898498535
-.3121337891
.2844238281
-.1167449951
.3325653076
-.2642669678
-.1528625488
-.3077545166
.2133026123
.1693115234
-.1202392578
.2331085205
-.2307281494
-.2347717285
.2057037354
.1195983887
.2286834717
-.1460571289
.2869567871
-.1543579102
.2691955566
-.2014923096
.1943206787
.1545715332
-.0755920410
.2343444824
.0971984863
-.0892181396
.1214599609
-.1300354004
.1760559082
-.0739898682
.1709136963
-.2002868652
.1219787598
.1753387451
-.1281280518
.2508544922
-.2632751465
-.1906890869
-.0817565918
-.1986694336
.1223144531
-.0896148682
.1449584961
-.0821228027
-.2379150391
.2679138184
.0978698730
-.1080932617
.2930908203
-.2987670898
-.3032684326
-.1897125244
-.2731781006
.2995147705
.3045806885
.2204895020
-.1413116455
-.3084411621
.2546844482
-.2352294922
-.3166198730
-.1911773682
-.2125549316
.2634735107
-.1180267334
-.1061401367
-.1897430420
.1082611084
-.2015991211
-.1419982910
-.1665802002
-.2483825684
.1304168701
-.1864929199
.1641693115
-.2536773682
.1560668945
.1119079590
.1418914795
.3167572021
-.0832824707
.3783874512
-.2550354004
.2023162842
.0753326416
.1590728760
.2473907471
-.0770874023
-.1571807861
-.0879669189
.1541137695
-.1000823975
.1714935303
-.0833435059
-.2404785156
.2097167969
-.4225616455
.4418945313
-.3886871338
.3583068848
-.2470245361
-.1956939697
.1268463135
-.0973205566
-.1581726074
.1090698242
-.4016265869
.1995086670
-.2189636230
.2028198242
.0898590088
-.2074890137
-.0827178955
-.2814025879
.1006011963
.3878021240
-.1847839355
.2348937988
-.1264801025
.1155395508
.2775878906
-.1699981689
.1221923828
-.0816040039
.1856231689
.3256225586
.2795562744
.1624603271
-.1003112793
.4024200439
-.3845520020
.1253814697
.3274841309
-.3114166260
.4218139648
-.3849334717
.3791351318
-.2870635986
-.1655883789
-.4250183105
-.2554931641
-.1237640381
.2449340820
.1410064697
.1539154053
.1765289307
-.2680053711
-.1903381348
.1375274658
.1670989990
-.0863342285
-.1044006348
.2754058838
-.4746093750
.3657073975
-.4501800537
.3599700928
-.4615936279
.3672637939
-.0956573486
.2541503906
-.2870635986
.3110046387
-.1477661133
.3728332520
.1288146973
.3289337158
-.2884674072
.2805633545
.1816558838
.2965850830
-.2241973877
-.3316345215
.1952819824
-.2320251465
-.2304840088
.4274291992
-.4501037598
.4803771973
.2127227783
.1935577393
.3749847412
.4326477051
.2193603516
-.1723632813
-.4303436279
-.3162994385
-.3616790771
-.3660583496
-.1661224365
.1431427002
.2284851074
.1634979248
.1730651855
-.2474212646
-.2217102051
.1025085449
-.2145690918
.3669738770
-.4391784668
-.2253875732
-.2750244141
.3169097900
-.3497467041
.4903411865
-.4850311279
.4901580811
-.2089385986
.4927978516
-.3814086914
-.2453002930
-.3554687500
-.2819976807
-.2707977295
-.2671051025
.1345520020
-.3477630615
.2348175049
-.2208404541
-.1972656250
.1163940430
-.1920928955
.2228088379
-.2225799561
.2142028809
-.3560485840
-.1069946289
-.1470794678
-.3369140625
.1631469727
-.2568817139
.3408203125
-.3917236328
.0807952881
-.2592010498
-.2157592773
.1275024414
-.4337615967
.1250457764
-.3462066650
.1924743652
-.2356872559
-.4681854248
.2184295654
-.2399902344
.4568023682
.3307647705
.2395782471
-.2700347900
-.3380279541
-.3459320068
.3123474121
-.2571563721
.1271514893
.1224517822
-.4839019775
.2016601563
.4657440186
.3139343262
.1730499268
-.3552856445
.2370452881
.3991088867
-.2943725586
.1812438965
-.2323150635
.4099273682
.3099365234
.3133544922
.3050537109
-.2209777832
.2128143311
-.1853027344
.2934417725
-.4463806152
.2741546631
-.2627563477
.1682739258
-.2819824219
-.1609497070
.4795074463
-.4593048096
.4815979004
-.3114471436
.2571258545
.2332305908
.2297210693
.2674560547
.3767089844
-.4759368896
.3190917969
-.4434356689
.4774169922
-.4865722656
.4892578125
-.3261566162
.1776275635
-.3203887939
.2789154053
-.3271636963
.2216186523
-.4356689453
.2443237305
-.2721710205
-.3317871094
-.3062286377
-.3503265381
.1531982422
.1718139648
.2581939697
.1504669189
-.3571472168
.1356048584
-.3628540039
.3025817871
-.1663055420
.1145935059
.1157836914
.1106262207
.3120727539
-.1159362793
.2847595215
-.1936798096
.4958496094
.2934570313
.1208953857
.1833496094
.3544006348
.4164733887
.2708892822
.3125305176
-.0862274170
.3440399170
-.2573394775
.3657684326
-.1552886963
.3604888916
.3621673584
.1931610107
-.2791900635
-.2321319580
-.1934509277
.2951354980
-.3045654297
.1685333252
-.1536865234
.1359252930
-.0918731689
.1932678223
-.1719818115
.1546630859
-.0635986328
.2174072266
-.2371215820
.1784362793
-.0933837891
.1154632568
.0500183105
.1129913330
-.1050567627
.0828247070
-.1002197266
.0560302734
-.0515441895
-.0246582031
-.0233764648
-.0121307373
.1422729492
