.0003662109
-.0003662109
.0002441406
.0002441406
-.0001220703
.0001220703
.0001220703
-.0001220703
.0001220703
.0001220703
.0001220703
-.0001220703
.0001220703
.0001220703
-.0001220703
.0001220703
.0001220703
-.0001220703
.0001220703
.0001220703
.0002441406
-.0006103516
-.0013427734
-.0007324219
.0018310547
-.0020141602
.1054077148
.0975952148
-.0858764648
-.0819702148
.0741577148
.0702514648
-.0741577148
-.0897827148
.0858764648
-.0819702148
.0741577148
-.0741577148
.0780639648
.0858764648
.0741577148
.0897827148
.0780639648
.0780639648
.0702514648
.0595092773
.0741577148
.0624389648
-.0858764648
-.0858764648
.0780639648
-.0702514648
-.0819702148
-.0702514648
.0663452148
-.0536499023
.0516967773
.0624389648
.0477905273
.0516967773
-.0516967773
.0595092773
-.0556030273
.0702514648
.0497436523
-.0663452148
-.0575561523
.0595092773
.0536499023
-.0556030273
.0624389648
.0624389648
.0595092773
-.0624389648
.0780639648
.0663452148
.0575561523
-.0858764648
-.0575561523
.0516967773
-.0556030273
.0624389648
-.0575561523
-.0741577148
-.0575561523
-.0477905273
.0477905273
.0399780273
.0497436523
-.0477905273
.0477905273
.0575561523
-.0595092773
.0663452148
-.0497436523
.0702514648
.0458374023
-.0477905273
-.0458374023
-.0419311523
-.0536499023
-.0477905273
.0458374023
.0624389648
.0536499023
.0516967773
.0663452148
-.0624389648
-.0556030273
.0702514648
.0595092773
.0663452148
.0624389648
-.0702514648
.0575561523
-.0536499023
-.0663452148
.0595092773
-.0556030273
-.0497436523
.0477905273
-.0477905273
.0458374023
.0458374023
-.0399780273
.0575561523
-.0419311523
.0399780273
-.0516967773
.0477905273
-.0458374023
.0458374023
-.0341186523
.0341186523
.0360717773
.0458374023
.0302124023
-.0287475586
-.0419311523
.0341186523
-.0399780273
.0516967773
.0399780273
-.0341186523
-.0380249023
.0360717773
.0419311523
.0438842773
-.0341186523
.0258178711
-.0624389648
-.0380249023
.0399780273
-.0399780273
.0516967773
-.0438842773
-.0302124023
.0663452148
.0556030273
.0516967773
-.0458374023
.0438842773
-.0438842773
.0419311523
.0380249023
-.0341186523
-.0360717773
-.0302124023
-.0258178711
.0399780273
.0219116211
.0248413086
-.0199584961
-.0341186523
.0341186523
-.0238647461
-.0209350586
-.0209350586
-.0267944336
-.0160522461
-.0199584961
-.0419311523
-.0360717773
.0360717773
.0248413086
.0228881836
.0199584961
.0180053711
-.0150756836
-.0248413086
.0189819336
.0133666992
.0150756836
.0160522461
.0140991211
-.0109252930
.0258178711
.0321655273
.0258178711
.0180053711
.0128784180
.0104370117
.0089721680
.0140991211
-.0170288086
-.0180053711
-.0287475586
.0160522461
.0160522461
.0104370117
-.0075073242
.0170288086
.0267944336
.0160522461
.0065307617
-.0079956055
.0054321289
-.0060424805
.0060424805
.0037231445
.0042114258
-.0027465820
-.0029907227
-.0014648438
.0015869141
.0015869141
.0010986328
-.0007324219
.0012207031
-.0017089844
-.0012207031
-.0010986328
-.0009765625
-.0009765625
.0012207031
-.0007324219
.0022583008
.0027465820
-.0027465820
-.0022583008
.0017089844
-.0029907227
-.0009765625
.0009765625
-.0009765625
-.0014648438
.0014648438
.0008544922
-.0022583008
-.0009765625
-.0007324219
.0003662109
-.0003662109
-.0002441406
.0002441406
.0003662109
-.0003662109
-.0003662109
.0002441406
.0002441406
-.0002441406
.0003662109
.0002441406
-.0002441406
-.0002441406
-.0003662109
-.0003662109
-.0002441406
.0014648438
.0004882813
.0002441406
-.0002441406
.0002441406
.0004882813
.0003662109
-.0002441406
.0003662109
.0002441406
.0001220703
.0002441406
.0002441406
-.0002441406
.0004882813
.0002441406
.0002441406
-.0002441406
.0004882813
-.0003662109
.0002441406
.0002441406
.0002441406
-.0002441406
.0002441406
.0002441406
-.0002441406
-.0002441406
.0002441406
-.0003662109
-.0002441406
.0014648438
.0003662109
.0002441406
.0002441406
-.0001220703
-.0002441406
-.0007324219
.0002441406
-.0001220703
-.0001220703
.0002441406
-.0001220703
.0001220703
.0002441406
-.0002441406
.0002441406
-.0003662109
-.0002441406
.0008544922
.0004882813
.0003662109
.0002441406
.0001220703
-.0002441406
-.0002441406
.0001220703
-.0002441406
.0002441406
.0003662109
.0001220703
.0001220703
.0002441406
-.0003662109
.0002441406
.0002441406
-.0001220703
-.0001220703
-.0007324219
.0002441406
.0001220703
.0001220703
.0002441406
.0001220703
.0001220703
.0002441406
-.0014648438
-.0007324219
.0007324219
.0006103516
.0006103516
.0014648438
-.0010986328
-.0006103516
-.0001220703
-.0006103516
.0006103516
-.0002441406
-.0003662109
.0002441406
-.0002441406
.0010986328
.1093139648
-.1268920898
.1132202148
.1132202148
.1015014648
.1171264648
.1054077148
-.1132202148
-.1015014648
-.1132202148
-.0780639648
.0595092773
-.0741577148
.0897827148
.0741577148
.0663452148
.0516967773
.0702514648
.0341186523
-.0497436523
.0477905273
-.0360717773
-.0380249023
.0258178711
.0219116211
.0248413086
-.0160522461
.0199584961
.0170288086
.0170288086
.0189819336
.0189819336
.0150756836
-.0189819336
-.0150756836
-.0123901367
.0277709961
-.0219116211
.0341186523
.0277709961
-.0399780273
.0258178711
.0277709961
.0277709961
.0258178711
.0438842773
-.0180053711
.0258178711
.0209350586
.0160522461
-.0267944336
-.0219116211
-.0360717773
.0477905273
-.0556030273
-.0458374023
-.0399780273
.0497436523
.0516967773
.0419311523
-.0360717773
.0419311523
-.0360717773
-.0458374023
-.0438842773
-.0399780273
.0277709961
-.0287475586
-.0209350586
.0341186523
.0267944336
-.0341186523
.0180053711
.0150756836
-.0128784180
-.0114135742
-.0119018555
-.0104370117
-.0140991211
.0119018555
-.0160522461
-.0133666992
.0128784180
.0209350586
.0302124023
.0287475586
.0302124023
-.0302124023
-.0399780273
-.0438842773
.0360717773
-.0209350586
.0228881836
.0302124023
.0248413086
.0302124023
.0277709961
.0238647461
.0160522461
-.0258178711
.0140991211
.0160522461
-.0150756836
-.0180053711
-.0119018555
.0099487305
-.0099487305
.0075073242
.0070190430
.0123901367
-.0109252930
.0084838867
-.0094604492
-.0084838867
.0079956055
.0219116211
.0199584961
-.0128784180
.0089721680
-.0084838867
.0060424805
-.0054321289
.0056762695
.0079956055
-.0070190430
-.0119018555
-.0140991211
.0170288086
.0140991211
-.0170288086
.0140991211
.0089721680
.0094604492
-.0079956055
.0070190430
.0070190430
-.0065307617
.0065307617
-.0070190430
-.0070190430
.0075073242
-.0109252930
-.0104370117
-.0060424805
.0046997070
.0029907227
.0065307617
-.0056762695
.0079956055
.0034790039
.0042114258
-.0034790039
.0029907227
-.0027465820
.0032348633
-.0022583008
.0025024414
.0020141602
.0032348633
.0025024414
.0029907227
-.0020141602
-.0022583008
-.0034790039
.0020141602
.0013427734
.0029907227
-.0012207031
.0008544922
-.0010986328
.0029907227
.0042114258
.0014648438
.0022583008
-.0018310547
-.0094604492
.0199584961
.0170288086
-.0128784180
.0287475586
-.0228881836
.0150756836
.0094604492
-.0133666992
.0128784180
-.0094604492
.0084838867
-.0054321289
-.0037231445
.0065307617
-.0051879883
-.0034790039
-.0034790039
-.0032348633
-.0022583008
.0022583008
.0014648438
-.0012207031
.0010986328
-.0008544922
-.0013427734
.0009765625
-.0013427734
.0013427734
.0012207031
.0014648438
.0008544922
-.0006103516
-.0006103516
.0020141602
.0010986328
.0009765625
.0006103516
.0267944336
.0051879883
-.0025024414
.0025024414
-.0025024414
-.0020141602
.0018310547
-.0015869141
-.0012207031
.0017089844
.0010986328
.0010986328
-.0007324219
-.0022583008
.0034790039
-.0034790039
-.0054321289
.0044555664
-.0034790039
.0027465820
.0022583008
-.0017089844
-.0014648438
.0009765625
-.0009765625
.0008544922
.0008544922
.0008544922
.0009765625
-.0007324219
.0014648438
.0007324219
-.0006103516
.0007324219
.0003662109
-.0006103516
-.0006103516
.0015869141
.0020141602
.0014648438
-.0009765625
-.0025024414
-.0020141602
.0017089844
-.0012207031
.0012207031
.0009765625
-.0010986328
-.0006103516
.0003662109
-.0006103516
.0002441406
.0003662109
-.0002441406
-.0002441406
.0002441406
-.0002441406
-.0006103516
-.0004882813
.0003662109
-.0003662109
.0004882813
.0002441406
-.0002441406
.0002441406
.0004882813
-.0003662109
-.0002441406
.0003662109
.0002441406
.0001220703
.0002441406
.0002441406
-.0002441406
-.0002441406
.0001220703
-.0003662109
-.0002441406
.0009765625
.0003662109
.0003662109
.0002441406
.0001220703
-.0002441406
.0006103516
.0001220703
-.0001220703
.0001220703
.0003662109
.0001220703
.0001220703
.0002441406
-.0001220703
-.0002441406
.0002441406
.0001220703
-.0002441406
-.0002441406
.0002441406
-.0002441406
-.0001220703
.0001220703
-.0010986328
-.0004882813
.0002441406
.0002441406
-.0001220703
.0002441406
-.0002441406
-.0002441406
.0002441406
.0002441406
-.0002441406
-.0002441406
.0002593994
-.0009765625
-.0010986328
.0004882813
-.0002441406
-.0002441406
-.0007324219
.1171264648
-.1268920898
-.1093139648
.1015014648
-.0897827148
-.0975952148
-.1054077148
.0780639648
.0663452148
-.0663452148
-.0663452148
.0741577148
.0663452148
.0741577148
.0702514648
.0741577148
-.0556030273
-.0536499023
-.0575561523
-.0419311523
.0556030273
-.0419311523
-.0438842773
.0341186523
.0438842773
-.0380249023
-.0380249023
-.0302124023
-.0380249023
.0380249023
-.0360717773
-.0438842773
.0419311523
.0419311523
-.0321655273
.0287475586
-.0360717773
.0302124023
-.0267944336
.0287475586
-.0277709961
-.0302124023
.0258178711
-.0277709961
.0458374023
.0360717773
-.0238647461
.0258178711
.0238647461
.0302124023
-.0380249023
.0380249023
.0258178711
-.0238647461
.0219116211
-.0189819336
-.0248413086
-.0248413086
-.0497436523
.0321655273
-.0321655273
.0258178711
.0248413086
.0267944336
.0248413086
.0321655273
.0248413086
-.0302124023
.0228881836
-.0287475586
-.0277709961
-.0267944336
.0209350586
-.0219116211
.0277709961
.0238647461
-.0209350586
-.0302124023
-.0380249023
.0302124023
-.0277709961
-.0248413086
.0287475586
-.0287475586
.0219116211
.0258178711
.0248413086
.0267944336
.0360717773
.0287475586
.0180053711
.0277709961
.0277709961
-.0258178711
-.0302124023
-.0267944336
-.0277709961
-.0277709961
-.0277709961
-.0258178711
.0209350586
-.0189819336
-.0189819336
.0170288086
-.0160522461
.0238647461
-.0238647461
-.0128784180
.0128784180
-.0123901367
-.0133666992
-.0114135742
.0140991211
-.0089721680
-.0114135742
.0094604492
-.0079956055
.0104370117
.0094604492
-.0084838867
.0060424805
.0084838867
.0056762695
.0060424805
-.0104370117
-.0084838867
.0114135742
-.0133666992
.0099487305
.0070190430
-.0150756836
-.0119018555
-.0133666992
.0079956055
.0075073242
-.0099487305
.0075073242
-.0060424805
-.0060424805
-.0060424805
-.0114135742
.0039672852
-.0039672852
.0051879883
.0075073242
.0039672852
.0046997070
-.0029907227
.0049438477
-.0060424805
.0042114258
.0060424805
.0051879883
.0029907227
.0032348633
.0044555664
.0020141602
-.0027465820
.0015869141
-.0012207031
.0094604492
.0046997070
-.0015869141
.0015869141
.0015869141
-.0029907227
.0020141602
-.0015869141
.0020141602
-.0018310547
-.0010986328
-.0010986328
-.0012207031
-.0094604492
.0039672852
-.0027465820
-.0022583008
.0013427734
.0013427734
-.0017089844
.0015869141
-.0029907227
.0022583008
-.0017089844
-.0014648438
-.0034790039
.0012207031
.0027465820
-.0020141602
.0008544922
-.0008544922
.0025024414
-.0008544922
-.0009765625
.0029907227
.0013427734
-.0006103516
-.0007324219
-.0027465820
-.0018310547
-.0013427734
-.0007324219
-.0008544922
.0006103516
.0004882813
-.0022583008
-.0020141602
.0017089844
-.0013427734
-.0008544922
-.0012207031
-.0020141602
-.0046997070
-.0027465820
-.0020141602
.0034790039
.0037231445
.0039672852
-.0013427734
-.0020141602
-.0020141602
-.0013427734
-.0056762695
-.0032348633
-.0013427734
-.0007324219
.0025024414
.0014648438
-.0007324219
-.0009765625
-.0007324219
.0008544922
-.0006103516
.0003662109
-.0006103516
.0004882813
-.0006103516
-.0004882813
-.0004882813
.0004882813
.0003662109
-.0003662109
.0003662109
.0025024414
.0009765625
-.0015869141
.0012207031
.0004882813
-.0007324219
.0004882813
.0007324219
-.0007324219
-.0007324219
.0004882813
.0003662109
.0007324219
.0004882813
.0004882813
-.0003662109
.0003662109
.0003662109
-.0002441406
-.0004882813
.0004882813
.0003662109
-.0003662109
.0003662109
.0004882813
-.0003662109
.0003662109
.0003662109
-.0003662109
.0002441406
.0003662109
-.0002441406
.0004882813
-.0002441406
-.0002441406
-.0003662109
-.0003662109
-.0003662109
.0002441406
-.0002441406
-.0002441406
.0002441406
.0006103516
-.0002441406
.0003662109
.0002441406
-.0002441406
.0002441406
.0002441406
.0004882813
-.0004882813
-.0003662109
-.0002441406
-.0002441406
.0002441406
-.0002441406
-.0001220703
.0003662109
-.0003662109
-.0001220703
.0002441406
.0002441406
-.0002441406
.0002441406
-.0002441406
.0001220703
