.0001068115
.0001220703
.0001373291
.0000762939
-.0001220703
.0001373291
.0001525879
-.0000762939
-.0001068115
.0001525879
.0000762939
.0001220703
.0001220703
-.0000457764
-.0001373291
-.0001220703
-.0001678467
-.0001678467
-.0001373291
-.0001220703
-.0002136230
-.0001373291
-.0001831055
-.0001220703
-.0001373291
-.0000915527
-.0001220703
-.0001068115
.0000762939
.0001068115
.0002288818
.0001525879
.0001983643
.0002136230
.0002136230
.0001678467
.0001220703
.0001678467
.0001220703
-.0001220703
.0001068115
.0001068115
.0001068115
.0002136230
.0001525879
-.0001831055
-.0002899170
-.0001525879
-.0002136230
-.0001373291
-.0001831055
-.0001373291
-.0001525879
.0001068115
.0000915527
.0001068115
.0001068115
-.0000915527
.0001678467
.0001373291
-.0000915527
-.0000915527
-.0000915527
-.0000915527
.0000610352
.0001831055
.0001220703
.0000762939
-.0001373291
-.0001220703
-.0000915527
.0001220703
-.0001068115
.0000915527
-.0001678467
-.0000915527
.0001983643
.0001220703
.0000915527
.0001831055
.0000915527
-.0001373291
.0001983643
.0000610352
-.0001373291
.0000762939
-.0001068115
-.0001983643
-.0000915527
.0001068115
-.0000762939
.0000610352
-.0000915527
-.0001525879
-.0001220703
.0000915527
.0000915527
-.0000915527
-.0001678467
-.0001525879
-.0001373291
.0001373291
.0002288818
.0001068115
.0001678467
.0000915527
.0000762939
.0001983643
.0001220703
.0001373291
-.0000915527
.0001220703
.0000915527
.0001983643
-.0000915527
-.0000915527
-.0001678467
-.0002593994
-.0001983643
-.0001220703
-.0001678467
-.0000915527
.0000915527
.0000915527
.0000762939
.0001525879
.0001983643
.0001678467
-.0001220703
-.0001220703
-.0001068115
-.0001220703
-.0001525879
-.0001525879
-.0001220703
.0001373291
-.0001373291
-.0001068115
-.0001831055
-.0000610352
.0001373291
-.0000762939
.0000762939
-.0001373291
-.0001983643
-.0001068115
.0001831055
.0001525879
.0002593994
.0001983643
.0001525879
.0002136230
.0002441406
.0001373291
.0001983643
.0001373291
-.0001068115
-.0000915527
.0000915527
-.0001983643
-.0002441406
-.0001678467
-.0002288818
-.0001525879
-.0000915527
-.0001525879
-.0001373291
.0001373291
.0001220703
.0002288818
.0001525879
.0001373291
.0001373291
-.0001678467
.0001068115
-.0001373291
-.0000762939
.0000762939
-.0000915527
.0000915527
-.0001373291
.0000762939
.0002441406
.0001678467
.0000762939
.0002136230
.0001678467
.0001831055
.0002288818
.0001373291
-.0001220703
-.0001983643
-.0001831055
-.0001220703
-.0001220703
-.0002746582
-.0001525879
-.0001373291
.0001220703
.0001678467
.0001525879
.0000915527
-.0000915527
.0001525879
.0001068115
.0001525879
.0001373291
.0001220703
-.0001220703
-.0001831055
-.0002441406
-.0001678467
.0000915527
.0001525879
.0001373291
.0001220703
.0001373291
.0001220703
-.0001678467
-.0001831055
-.0002288818
-.0001983643
-.0002441406
.0001983643
.0003662109
.0001525879
-.0001220703
-.0001220703
.0001220703
.0001525879
.0002288818
.0001983643
.0002593994
.0000915527
.0002136230
.0001831055
-.0001220703
-.0001983643
-.0002441406
-.0001983643
-.0001220703
-.0002288818
.0001831055
-.0001373291
.0001983643
-.0000610352
.0001983643
.0003204346
-.0001220703
-.0001831055
-.0002288818
-.0001831055
-.0002136230
-.0000915527
-.0001831055
-.0001220703
.0000762939
.0001525879
.0001983643
.0002136230
.0001068115
.0000915527
-.0001220703
-.0001068115
-.0001220703
-.0001983643
-.0002136230
-.0001831055
-.0002746582
-.0002136230
.0000915527
.0001373291
.0001678467
.0001831055
.0001525879
.0002288818
.0001373291
-.0002746582
.0001831055
-.0003662109
.0002593994
-.0003814697
-.0006256104
-.0002593994
-.0002746582
.0005493164
.0005798340
-.0005340576
-.0005187988
-.0005798340
-.0002746582
.0006103516
.0007629395
.0002746582
-.0004119873
.0005340576
-.0007171631
-.0005645752
-.0002746582
-.0003967285
.0002899170
-.0004882813
.0003814697
.0004425049
-.0005493164
.0003356934
.0007019043
-.0008544922
-.0006256104
-.0005187988
.0005950928
.0003814697
.0008392334
.0008697510
.0006256104
.0006408691
.0007019043
.0006561279
.0004425049
-.0005798340
-.0004425049
-.0005340576
.0006256104
.0005645752
.0004119873
-.0008544922
.0004425049
.0003814697
.0005493164
.0006408691
-.0005187988
-.0007476807
.0005798340
.0006256104
-.0005187988
-.0007934570
-.0005798340
.0007476807
-.0005645752
-.0003967285
.0006866455
.0006408691
-.0010070801
-.0009918213
-.0004119873
-.0007324219
-.0006713867
.0008087158
.0004425049
.0005340576
.0008087158
.0006561279
.0006713867
-.0007934570
-.0010070801
-.0008697510
.0009307861
.0007171631
.0020294189
.0008697510
-.0009613037
-.0018463135
.0008697510
.0019531250
.0009155273
.0008392334
-.0009155273
-.0011444092
-.0010375977
.0009307861
.0011749268
.0008544922
.0010833740
-.0015869141
-.0009307861
.0006256104
-.0006103516
-.0011596680
.0007629395
.0007019043
-.0004730225
.0005340576
-.0007934570
-.0010681152
.0007019043
.0010833740
.0006866455
.0006408691
-.0007476807
-.0009002686
.0008392334
-.0010528564
.0007171631
-.0007781982
.0010070801
.0010528564
-.0020904541
-.0008544922
-.0010681152
.0017089844
-.0009765625
.0011596680
.0015106201
-.0012512207
-.0007476807
.0014343262
.0022888184
-.0019378662
.0016937256
.0009918213
.0012664795
.0019683838
-.0014038086
-.0026855469
.0014343262
-.0018463135
-.0020294189
.0021362305
.0026702881
-.0022888184
.0042572021
-.0030212402
.0010070801
.0023651123
-.0015106201
-.0022583008
-.0012664795
.0025329590
.0035400391
-.0017395020
.0019836426
-.0028533936
.0020141602
-.0044097900
.0012512207
.0032043457
.0028533936
.0010681152
-.0021820068
.0017700195
.0028686523
-.0037231445
.0049285889
-.0026702881
-.0018615723
.0023956299
-.0017852783
-.0022125244
.0067901611
-.0042266846
-.0053710938
.0053710938
.0054016113
.0046081543
-.0053710938
-.0047149658
.0081634521
-.0088348389
-.0035095215
.0060577393
-.0088348389
-.0071105957
.0124969482
-.0057678223
.0068054199
.0081481934
-.0118103027
-.0094604492
-.0102691650
-.0173492432
.0225830078
-.0146026611
-.0070648193
.0152435303
-.0194244385
-.0081024170
.0166015625
-.0406036377
.0455322266
.0238952637
.0187835693
.0378265381
-.0378570557
.0267486572
-.0309600830
.0117950439
.0253143311
.0180664063
.0294342041
.0215301514
.0281677246
-.0173645020
-.0349273682
.0378570557
-.0481872559
.0454864502
.0392456055
.0538330078
.0225982666
.0295257568
.0252990723
.0201568604
-.0364532471
.0482940674
.0705108643
-.0871887207
.0872650146
.0760803223
-.0870819092
.0816497803
-.0870971680
.0762023926
-.0703277588
.0762023926
.0872802734
-.0814819336
.0760498047
-.0732269287
.0594024658
.0434722900
.0309753418
.0365142822
.0352020264
.0483245850
-.0294799805
.0364685059
.0294952393
-.0253143311
-.0125579834
.0172729492
.0144805908
.0144500732
-.0146942139
.0199890137
.0185699463
-.0254211426
.0376892090
.0144042969
-.0132904053
.0086822510
-.0100708008
.0091094971
-.0103607178
.0056152344
-.0078735352
.0073089600
-.0139617920
-.0096130371
.0063323975
-.0145416260
.0131683350
-.0110778809
-.0138854980
.0102386475
-.0105285645
.0037384033
-.0045776367
-.0086975098
-.0077972412
.0061035156
-.0036773682
.0071258545
-.0062561035
.0033874512
.0068969727
-.0040130615
.0071716309
.0050506592
.0036926270
.0034790039
.0050201416
.0031738281
.0028381348
.0033874512
.0031890869
-.0036010742
.0049896240
-.0040740967
.0023040771
-.0030822754
.0032501221
.0023193359
-.0014648438
.0024261475
-.0024871826
.0020294189
.0014190674
.0022125244
-.0010528564
-.0009460449
-.0016479492
-.0026855469
.0016937256
-.0020904541
.0018310547
-.0028381348
-.0021667480
-.0026245117
-.0020904541
.0024719238
-.0015716553
-.0029144287
-.0020904541
-.0015106201
-.0014495850
.0020141602
-.0016632080
-.0016784668
-.0014953613
.0019989014
.0013275146
-.0016174316
-.0013580322
-.0011901855
.0013275146
.0009155273
.0021972656
-.0013275146
-.0019836426
-.0012664795
.0016326904
.0018920898
.0011749268
-.0008239746
-.0009460449
-.0009613037
.0013275146
.0009460449
.0013732910
-.0005798340
.0007324219
.0011901855
.0012664795
-.0007934570
-.0013732910
-.0009307861
.0004730225
.0005340576
-.0011291504
-.0008392334
-.0009765625
-.0006103516
-.0002288818
.0002441406
.0005035400
.0004882813
.0004425049
.0002593994
.0001525879
.0001068115
-.0001831055
-.0002136230
-.0000915527
-.0001220703
.0001525879
.0001831055
.0002136230
.0002136230
.0001831055
.0001983643
.0001983643
.0001525879
.0001983643
.0001068115
.0001068115
.0001068115
.0001068115
.0000915527
.0001220703
.0001220703
.0000915527
.0000915527
.0000762939
.0000915527
.0001068115
.0001220703
.0001373291
.0001220703
.0001220703
.0001068115
.0001220703
.0001220703
.0000915527
.0001068115
.0001068115
.0000915527
.0000915527
.0000762939
.0000915527
.0001068115
.0000762939
.0000915527
.0001220703
.0001068115
.0000915527
.0001678467
.0000610352
.0000610352
.0000457764
.0000610352
.0000457764
.0000305176
-.0000610352
.0000457764
.0000305176
.0000457764
-.0000457764
.0000610352
.0000305176
.0000457764
.0000457764
.0000457764
.0000915527
.0000762939
-.0000457764
-.0000457764
-.0000762939
-.0000610352
-.0000762939
-.0000457764
-.0000610352
-.0000610352
-.0000457764
-.0000457764
-.0001220703
-.0000762939
-.0000915527
-.0000610352
-.0000610352
-.0000762939
-.0000762939
-.0000610352
-.0000915527
-.0000610352
-.0000610352
-.0000762939
-.0000457764
.0000457764
-.0000762939
-.0000610352
-.0000610352
-.0000610352
-.0000457764
-.0000762939
-.0000610352
-.0001068115
-.0000762939
-.0000762939
-.0000457764
-.0000610352
-.0000305176
-.0000610352
-.0000457764
-.0000610352
-.0000610352
-.0000915527
-.0000610352
-.0001068115
-.0001068115
-.0000762939
-.0000915527
-.0000762939
-.0000610352
-.0000610352
-.0000762939
-.0000762939
-.0000457764
-.0000305176
-.0000457764
-.0000610352
-.0000610352
-.0000762939
-.0000762939
-.0000762939
-.0000762939
-.0000762939
-.0000610352
-.0000762939
.0001678467
.0000305176
.0000457764
.0000305176
-.0001068115
-.0000762939
-.0000305176
-.0000457764
-.0000457764
-.0000610352
-.0000457764
-.0000457764
-.0000610352
.0000457764
.0000762939
.0000457764
.0000305176
.0000457764
-.0000610352
.0000457764
-.0000457764
.0000305176
-.0000457764
.0000457764
-.0000457764
-.0000610352
.0000457764
-.0000762939
-.0000762939
-.0000457764
.0000457764
.0000610352
.0000305176
-.0000457764
.0000457764
.0001068115
.0000457764
-.0000457764
-.0000457764
-.0000610352
-.0000305176
-.0000457764
-.0000915527
.0000457764
-.0000457764
.0000610352
.0000610352
.0000610352
.0000305176
-.0000457764
.0000610352
.0000457764
.0000610352
.0000305176
.0000457764
.0000305176
.0000305176
-.0000457764
.0000305176
.0000762939
.0000457764
-.0000457764
-.0000457764
-.0000457764
.0000457764
.0000457764
.0000305176
-.0000457764
-.0000915527
-.0000610352
.0000610352
-.0000610352
-.0000457764
.0000305176
.0000457764
.0000457764
-.0000457764
-.0000762939
.0000610352
.0000457764
.0000457764
.0000457764
.0000305176
.0000305176
.0000457764
.0000610352
.0000305176
.0000762939
.0000610352
.0000305176
.0000305176
-.0000610352
-.0000305176
.0000457764
.0000457764
-.0000457764
-.0000305176
.0000610352
.0000457764
.0000457764
.0000457764
.0000305176
.0000305176
.0000457764
-.0000457764
-.0000915527
-.0000610352
-.0000305176
-.0000915527
-.0000610352
-.0000305176
.0001068115
-.0000457764
.0000457764
.0000610352
-.0000610352
-.0000305176
.0000457764
.0000610352
-.0000610352
-.0000762939
-.0000610352
-.0000457764
-.0000457764
.0000305176
.0001220703
-.0000457764
-.0000457764
.0000457764
.0000457764
.0000457764
.0000457764
.0000610352
.0000305176
-.0000610352
-.0000762939
-.0000305176
-.0000305176
-.0000457764
-.0000457764
-.0000610352
-.0000457764
.0000457764
.0000457764
.0000305176
.0000610352
.0000457764
.0000305176
-.0000457764
-.0001068115
-.0000762939
-.0000457764
-.0000610352
.0000457764
-.0000457764
-.0000457764
-.0000457764
.0000457764
.0000305176
-.0000305176
-.0000305176
.0000762939
-.0000305176
-.0000457764
-.0000457764
-.0000457764
-.0000457764
-.0000610352
-.0000610352
-.0000610352
-.0000457764
-.0000457764
-.0000457764
.0000305176
.0000305176
.0000610352
.0000305176
-.0000457764
-.0000610352
-.0000457764
.0000610352
-.0000762939
-.0000457764
.0000457764
-.0000305176
.0000305176
-.0000610352
-.0000610352
-.0000457764
-.0000762939
.0000457764
.0000457764
.0000610352
.0000762939
.0001678467
.0000610352
.0000457764
.0000457764
-.0000610352
-.0000305176
.0000305176
.0000457764
-.0000457764
.0000305176
.0000915527
.0000610352
.0000457764
.0000305176
.0000457764
.0000915527
.0000457764
.0000305176
-.0000305176
.0000305176
-.0000457764
-.0000457764
-.0000457764
-.0000457764
-.0000457764
-.0000762939
.0000457764
-.0000457764
-.0000305176
.0000457764
.0000305176
.0000305176
