-.0019683838
-.0025787354
-.0030212402
-.0021209717
-.0026550293
.0023651123
.0030670166
.0045623779
-.0038146973
-.0034179688
-.0031127930
-.0021514893
.0024261475
-.0023651123
.0017395020
-.0037231445
-.0204467773
.0123901367
.0053863525
-.0034332275
.0036468506
.0027618408
-.0023651123
-.0023498535
.0026550293
-.0025939941
.0029754639
-.0019073486
-.0020141602
-.0021667480
-.0022888184
.0032806396
.0032501221
-.0069122314
.0338592529
.0329132080
.0268554688
-.0220642090
.0222930908
-.0195159912
.0134124756
-.0084075928
.0065307617
-.0048370361
-.0029296875
-.0030822754
.0027465820
-.0030059814
-.0029296875
-.0035705566
-.0044403076
-.0029754639
-.0016632080
.0025177002
-.0021514893
-.0031738281
-.0020599365
-.0026702881
-.0029296875
.0030212402
-.0121307373
-.0102539063
-.0055999756
-.0035247803
-.0028381348
.0036926270
.0025787354
-.0021972656
-.0038604736
-.0035858154
-.0035705566
.0028991699
.0041656494
-.0047454834
.0031738281
.0029144287
-.0034484863
-.0044403076
-.0029449463
-.0032043457
.0033874512
.0031127930
-.0030212402
-.0040283203
-.0038757324
-.0034332275
.0038909912
.0029296875
-.0043182373
.0029754639
-.0024566650
.0047149658
-.0036468506
-.0036163330
-.0040435791
-.0046539307
-.0041503906
.0037536621
-.0048065186
.0035247803
-.0035858154
.0040740967
-.0035552979
.0031738281
.0054931641
.0038299561
-.0041961670
.0022125244
.0037384033
-.0040588379
-.0037384033
-.0038452148
-.0034942627
-.0022888184
.0044403076
-.0029144287
-.0025177002
-.0030517578
-.0051116943
.0042877197
-.0041046143
.0037841797
-.0030059814
.0035247803
-.0039367676
.0041503906
-.0027770996
.0034790039
-.0049591064
-.0161743164
-.0093536377
-.0056610107
-.0046539307
-.0121459961
.1038055420
.1477661133
-.1276855469
-.0977172852
-.0795135498
.0783843994
-.0794525146
-.1014099121
-.0907897949
.0914916992
-.0796813965
.0618896484
-.0593261719
-.0608825684
-.0625457764
-.0678405762
-.0744476318
.0688323975
.0609893799
.0524139404
-.0634613037
-.0638732910
-.0473785400
.0620117188
.0665283203
.0569915771
.0602111816
-.0666809082
-.0634155273
.0749664307
.0730590820
.0610656738
-.0536651611
-.0455169678
-.0392608643
.0465240479
-.0499877930
-.0463104248
.0482482910
.0489349365
-.0539398193
-.0478668213
-.1355133057
-.1038665771
.0883026123
-.1226043701
.1301879883
.1363525391
.1215667725
.1629791260
.1436157227
.1314086914
.1490478516
-.1116333008
-.1510314941
.1324920654
-.1411437988
.0924530029
.1107635498
.1161346436
.0818023682
.0784301758
-.0880584717
.0933227539
.0718383789
-.0574035645
-.0868530273
.0937500000
-.0950317383
-.0907135010
-.0862274170
-.0928192139
.0876922607
-.0954437256
-.1030273438
-.0938568115
.0895690918
.0961914063
-.1058502197
-.0904846191
-.0820617676
.0797729492
.0741119385
-.0625915527
-.0714721680
.0802764893
-.0682830811
.0776672363
.0781097412
.1181793213
-.0951843262
-.0878906250
-.1170806885
.1036834717
.1030731201
-.0955810547
-.0844879150
-.0636901855
.0712280273
.0934448242
-.0711822510
.0904235840
-.0826416016
-.1030883789
-.0928039551
.0767211914
.0636138916
.0852050781
-.0804595947
-.0849761963
-.0759277344
.0725555420
.0975189209
.0746765137
.0672454834
.0604858398
-.0646667480
-.0774841309
.0627136230
-.0826263428
-.0894927979
-.1028289795
.1482696533
.1430511475
.0921020508
.0938110352
-.0881195068
.0985565186
.0976409912
-.0680999756
-.0692291260
.0694274902
.0667114258
-.0699462891
-.0679473877
-.0614776611
-.0610046387
.0858154297
-.0715332031
.0803833008
.0787506104
.0619964600
-.0694885254
.0437316895
-.0505065918
.0676574707
-.0778198242
-.0610504150
.0611877441
-.0736694336
-.0541076660
.0741271973
-.0845031738
-.0646667480
.0728759766
.0656890869
-.0530242920
-.0671081543
-.0686340332
-.0678558350
.0647583008
-.0493469238
-.0552673340
-.0583801270
.0546722412
.0376892090
-.0522460938
.0606689453
-.0546875000
-.0591735840
-.0462799072
-.0499420166
.0568084717
.0465850830
.0388641357
.0343017578
-.0329742432
-.0446472168
.0557708740
.0405578613
-.0540313721
.0373992920
-.0553588867
-.0455322266
-.0447998047
-.0469360352
-.0559692383
-.0448608398
-.0481109619
.0556488037
-.0563201904
.0338287354
.0524291992
-.0461425781
.0504913330
-.0597534180
.0440368652
.0489501953
.0501708984
-.0450134277
.0284881592
.0288543701
-.0265808105
-.0281219482
-.0289916992
-.0315399170
-.0385894775
.0279541016
.0364837646
-.0441284180
-.0275573730
.0380096436
-.0633087158
.1628265381
.1540527344
-.1182708740
-.0934295654
.1034545898
.0865631104
.0889129639
.1241760254
.0829467773
.0742187500
-.0830993652
-.0912933350
.0648040771
.0876007080
-.0866394043
.0785522461
-.0750274658
.0690002441
.0653991699
.0706939697
-.0841674805
-.0597686768
.0619964600
-.0633392334
.0496063232
-.0674743652
-.0922393799
-.0819854736
-.1131591797
.0920867920
.0837402344
.0620422363
-.0623779297
-.0609130859
-.0525512695
-.0530090332
-.0797576904
.0650787354
-.0753173828
-.0772552490
.0903930664
.0745697021
.0823974609
-.1036376953
-.0930480957
-.0901641846
-.0698089600
.1032257080
-.0666961670
-.0611572266
.0646820068
.0614318848
-.0570220947
.0548248291
.0658569336
.0700378418
-.0990600586
.0642547607
.0640716553
.0758819580
.0757904053
-.0712890625
.0659790039
-.0651855469
-.0753479004
-.0698089600
.0829162598
.0819702148
.0702667236
-.0608520508
-.0633544922
-.0522918701
-.0563964844
-.1127471924
.1199493408
-.1276550293
.0880126953
.1555480957
.1176605225
.1291046143
.1596984863
.1887664795
.1836090088
-.1544036865
.1696014404
-.1467895508
.1344146729
.1185455322
-.1205291748
-.1147918701
.1012115479
.0962371826
.0927429199
-.0906829834
.0824127197
.1084747314
-.0954742432
.0777130127
.1190185547
-.1317443848
.1067352295
-.1100769043
-.1087799072
-.1031494141
-.1007537842
.0985412598
.1068725586
-.1307373047
-.1114501953
.1677856445
-.1902618408
-.1494903564
-.1545257568
-.1456604004
.1268005371
.1160736084
.1314392090
-.1430358887
.1146240234
.1307525635
-.1002807617
.0906524658
.1167144775
.1343841553
-.1023254395
.1142120361
-.1797485352
-.1089782715
-.1261901855
.1051483154
-.0928039551
-.1266632080
-.0976715088
.1003112793
-.1141662598
.0850677490
-.0950622559
-.1013793945
.1105957031
-.1009521484
.0842742920
.0875549316
-.1073913574
.0720214844
-.0811157227
-.0907897949
.1022186279
-.0855407715
.0986328125
-.0990142822
-.0925292969
.1005706787
-.0849304199
-.0839385986
-.0961608887
.0865783691
-.0995788574
.1002197266
.1003875732
-.0868682861
.1172637939
.0779266357
-.0704498291
.0590515137
-.0598754883
-.0778656006
-.0614318848
-.0685882568
-.0666351318
-.0596313477
.0658416748
.0648345947
.0711669922
-.0663146973
-.0718078613
-.0988006592
-.0807037354
-.0711669922
.0748138428
.0710449219
.0676727295
-.0779113770
.0674285889
.0645751953
-.0758056641
-.0586700439
.0694427490
-.0559692383
-.0598907471
-.0679321289
-.0802154541
-.0678558350
.0549468994
-.0599365234
.0691528320
-.0620880127
-.0727996826
.1300659180
-.0842590332
.0969848633
.1413116455
.1154174805
.0980224609
-.1631927490
.1734008789
.1439514160
-.1484222412
.1508789063
-.1585693359
-.0952148438
-.1221313477
-.1214599609
-.1023712158
.1248321533
.1055603027
-.1004791260
-.0967559814
-.0928192139
-.1018066406
.0998229980
-.0926208496
-.0964050293
-.0908203125
-.0669250488
-.0853881836
-.0905303955
-.0990905762
.0765686035
-.1014556885
-.0806732178
.0695495605
-.1002960205
-.0918121338
-.1406097412
-.0909118652
.0993194580
.1955566406
-.1632080078
-.1412200928
-.1243438721
.1361541748
-.1335296631
.1082916260
.1335906982
.1226196289
-.1273651123
.0867004395
-.1097259521
-.1123199463
-.1399536133
-.1161651611
-.1205444336
.1251678467
.1145172119
.0957183838
.1086120605
-.0710144043
-.1099853516
-.0908355713
.1071472168
.0838928223
-.0929107666
.0980529785
-.1210479736
.1122131348
-.0710754395
.1020965576
-.0669250488
-.0863800049
.0626983643
-.0795898438
-.0881500244
.0610656738
.0706329346
.0858917236
.0928649902
.0914916992
-.1215667725
-.1108093262
-.0930480957
-.1193237305
-.0906524658
-.1277465820
-.1054840088
.0889587402
.1139221191
.0776672363
.0670166016
.0772094727
-.0797271729
-.0697326660
-.0918731689
-.0686340332
-.0895385742
.0860595703
-.0889434814
.0958099365
.0864868164
.0617065430
-.0900421143
-.0889892578
-.1097259521
-.1007080078
-.0888366699
-.0962982178
.0717468262
.0835876465
-.0705718994
-.0901031494
-.0979614258
-.1427001953
.1019592285
.1255493164
.1108551025
.1191558838
-.1219940186
.0896453857
.0939941406
-.1266784668
-.0897674561
.0837707520
.0995330811
-.0907897949
.0638732910
-.0966186523
-.0960845947
-.0687866211
-.0770111084
-.0686340332
.0709228516
.0399322510
-.0653076172
.0547027588
-.0549316406
-.0624084473
.0729217529
.0793914795
.0598144531
-.0554046631
.0742187500
.0549163818
-.0634613037
-.0691833496
.0697326660
-.0827789307
-.0786285400
.0705871582
.0500183105
-.0842285156
.0661163330
.0718078613
-.0728454590
-.0883331299
.0485839844
.0494232178
-.0683288574
.0581665039
.0618743896
.0501861572
.0525207520
-.0681610107
-.0732574463
.0549926758
.0643310547
-.0507202148
.0505218506
-.0628356934
-.0606994629
.0605621338
-.0487365723
-.0560150146
.0368804932
.0466918945
.0511169434
-.0359344482
-.0499114990
-.0486450195
-.0427246094
-.0667419434
-.0442047119
-.0526123047
.0475158691
-.0456542969
-.0484161377
.0383453369
.0937194824
-.0612792969
-.0417480469
.0257263184
.0291442871
-.0346221924
.0311889648
-.0300750732
-.0306701660
-.0365905762
.0225524902
-.0442962646
-.0438842773
-.0569305420
-.0437316895
-.0433197021
.0973968506
-.1328887939
-.1087188721
-.0935974121
.1025543213
-.1045379639
-.0852661133
.0737915039
.0746459961
-.0951080322
.0638580322
.0529327393
-.0574798584
-.0517730713
.0657043457
-.0658569336
.0711822510
-.0550231934
-.0550994873
-.0597686768
-.0648651123
.0587768555
.0622253418
.0499114990
-.0500793457
-.0577239990
.0531005859
.0545501709
.0503997803
.0565185547
.0579681396
.0546569824
.0390319824
-.0601806641
.0491027832
-.0467681885
.0482940674
-.0389099121
-.0511474609
.0585632324
-.0670776367
.0774841309
-.0785827637
.0762939453
.0648803711
-.0780792236
.0911102295
-.0970001221
.0768585205
-.0684509277
.0789642334
-.0651550293
-.0572662354
.0681915283
.0585174561
-.0461578369
.0464172363
.0547332764
-.0655975342
.0630645752
.0725708008
.0672912598
-.0832366943
-.0879974365
-.0823516846
.0651092529
.0864257813
.0660858154
-.0593872070
-.0446624756
.0505981445
-.0659637451
.0588836670
-.0705566406
.0514831543
-.0681762695
-.0589752197
-.1604461670
.1090850830
.1148223877
-.1344909668
.1428680420
.1357269287
-.1336517334
.1485137939
-.1580047607
.1342315674
-.1595916748
-.1470336914
.1178131104
.1184234619
-.1302337646
-.0934753418
-.0893707275
.0930023193
-.1044616699
.1118469238
.0952453613
-.0784912109
.0810394287
.0789031982
-.0895233154
.0981903076
.0812683105
-.0949859619
-.0817871094
.1147918701
-.0934906006
-.1009521484
.0962219238
.0970458984
-.0925292969
.1758117676
.1676940918
-.1752624512
.1353912354
-.1205902100
.1370239258
-.1032104492
.1665039063
-.1546936035
.1487274170
-.1375732422
-.1186828613
.0753784180
.1000366211
-.1259613037
.1018524170
-.1124725342
-.1072692871
-.0940856934
-.0944519043
-.0672607422
-.1058349609
.0950012207
.0925598145
.1028137207
-.0914916992
-.0868988037
-.0860748291
-.0812377930
.0793457031
.1038208008
.0847320557
-.0858917236
-.0894470215
-.0696868896
.0750122070
-.0816040039
-.0926208496
-.1165771484
-.0812225342
.0969848633
-.0833740234
.0839385986
-.0793914795
-.0870208740
-.1111297607
-.0729064941
.0764160156
.0762786865
-.0966796875
.0747833252
-.0652160645
-.0700683594
-.0612335205
.0792236328
-.0677795410
-.0715789795
-.0644073486
-.0823669434
-.0706024170
-.0436096191
.0646209717
.0551452637
.0591125488
.0529327393
-.0719451904
-.0941162109
-.0699157715
.0646209717
-.0616912842
.0541839600
-.0716857910
.0596771240
.0937957764
-.0571594238
-.0834197998
.0501861572
-.0703430176
.0623321533
.0589294434
-.0573120117
-.0547790527
.0699768066
-.0498809814
-.0639343262
.0687713623
-.0771789551
.0556793213
-.0646820068
.0619506836
.0475463867
-.0681457520
-.0518493652
-.0516204834
.0472717285
-.0372772217
-.0373840332
.0396728516
-.0571441650
-.0406188965
-.0600280762
-.0319519043
.0446624756
-.0457153320
.0466156006
.0536499023
-.0395812988
-.0502166748
-.0514526367
-.0532836914
-.0546722412
.0426788330
-.0580291748
.0505371094
-.0540008545
.0526275635
-.0417938232
-.0451507568
-.0322723389
.0472412109
.0502014160
.0413665771
.0477600098
-.0466461182
.0429687500
-.0431518555
-.0492706299
.0499877930
-.0416107178
-.0400390625
-.0451202393
-.0464324951
.0414276123
-.0403900146
-.0356292725
-.0381469727
-.0290374756
-.0328674316
-.0200042725
-.0346374512
-.0305786133
