-.0000457764
-.0000457764
-.0000457764
-.0000457764
.0000457764
.0000457764
.0000457764
.0000457764
-.0000457764
.0000457764
.0000457764
-.0000457764
-.0000305176
-.0000457764
.0000457764
.0000457764
.0000457764
.0000457764
-.0000305176
-.0000457764
-.0000457764
-.0000610352
.0012359619
.0001525879
.0001678467
.0001068115
-.0001525879
.0041503906
-.0001525879
-.0002136230
.0002441406
.0003814697
.0017700195
-.0002899170
-.0005950928
.0003967285
-.0004577637
.0009460449
.0007171631
-.0008087158
-.0010833740
-.0047302246
.0009155273
.0012969971
.0008697510
.0007934570
-.0005493164
-.0015258789
-.0005340576
.0007629395
.0005187988
.0015869141
.0004882813
.0005950928
.0005645752
-.0004730225
.0009155273
.0020751953
.0003814697
-.0004730225
.0004425049
.0003814697
.0010070801
-.0004272461
.0005035400
.0003967285
.0028381348
.0005493164
.0004882813
.0004730225
-.0007629395
.0008087158
.0009155273
-.0018310547
.0056610107
.0111999512
-.0096435547
-.0090789795
.0135955811
.0186462402
-.0100708008
-.0052490234
-.0446624756
.0413970947
-.0319366455
.0206146240
-.0145721436
.0110015869
-.0121917725
.0186614990
.0172729492
.0209350586
.0169982910
-.0119018555
-.0067291260
.0051727295
.0057525635
-.0071716309
.0092773438
-.0029754639
.0031280518
.0043792725
.0024871826
.0022888184
-.0031738281
-.0037384033
.0016174316
.0010681152
-.0023651123
.0016326904
-.0017852783
.0011596680
.0010986328
-.0065460205
.0016784668
-.0048217773
-.0013580322
.0010070801
.0015258789
-.0009002686
.0018005371
.0015563965
-.0018005371
.0090942383
.0082855225
.0077209473
-.0080108643
-.0080718994
-.0063934326
.0032806396
-.0039672852
-.0022430420
-.0017700195
.0020904541
-.0020751953
-.0010223389
-.0012207031
-.0572967529
.0356445313
-.0157775879
-.0097045898
.0071258545
.0062255859
.0127410889
.0175628662
-.0139770508
-.0279388428
.0034027100
-.0029602051
.0038757324
.0021820068
.0019531250
.0019836426
-.0021057129
.0016784668
.0020446777
-.0032196045
.0014648438
-.0035095215
.0013427734
-.0015563965
.0009613037
-.0012207031
.0023651123
-.0010833740
.0011138916
-.0019226074
.0038299561
.0010833740
.0015716553
.0010528564
-.0012054443
.0045166016
.0048065186
-.0054626465
.0029602051
-.0071258545
.0028228760
.0008850098
-.0021209717
-.0032653809
.0009613037
-.0008392334
-.0007324219
-.0006866455
-.0024261475
.0010986328
-.0008392334
.0471343994
-.0590820313
-.1017456055
.0495758057
.0142669678
.0138854980
.0115661621
-.0159149170
.0210113525
-.0204620361
-.0305175781
-.0104064941
.0071105957
.0033721924
.0064086914
.0071716309
-.0034484863
-.0024566650
-.0089263916
.0031127930
-.0029144287
-.0012817383
.0010528564
.0024414063
-.0006866455
-.0014801025
.0030975342
-.0054016113
-.0010375977
-.0016937256
.0014953613
.0006561279
.0007629395
.0007171631
.0031585693
-.0029296875
-.0015258789
-.0018768311
-.0113983154
-.0106658936
-.0155029297
-.0048980713
-.0055999756
-.0042572021
-.0031433105
.0015869141
-.0037384033
.0028533936
.0010833740
-.0042572021
-.0030364990
-.0008697510
.0013580322
-.0653686523
.0836486816
-.0276031494
-.0131988525
-.0224151611
-.0206756592
-.0084686279
.0050811768
-.0279998779
.0073242188
.0072174072
.0090179443
-.0029907227
-.0048522949
.0019989014
-.0009918213
.0015106201
-.0052490234
.0019226074
-.0012817383
-.0015869141
.0021514893
-.0015716553
.0015258789
-.0009155273
.0010986328
.0006408691
.0009155273
.0024414063
.0010833740
-.0008544922
.0050506592
.0009460449
.0021057129
-.0054779053
.0046386719
.0044097900
-.0029449463
-.0012817383
.0010833740
.0013732910
-.0008239746
-.0016021729
-.0009918213
-.0010833740
-.0009765625
.0028991699
.0005950928
-.0005798340
.0005340576
-.0004272461
.0384521484
.0544891357
.0719299316
-.0368347168
.0155029297
.0175170898
-.0202636719
.0194854736
.0178222656
-.0230102539
.0074462891
-.0074157715
-.0092468262
.0026245117
-.0021514893
.0031433105
-.0036926270
-.0022430420
-.0028381348
-.0021514893
-.0027008057
-.0016021729
.0016632080
-.0017395020
-.0008850098
.0009002686
-.0009002686
.0010070801
-.0005798340
-.0010223389
.0011138916
.0006103516
.0011901855
-.0012664795
.0021209717
.0023956299
-.0043792725
-.0210266113
.0028381348
.0017852783
.0013427734
-.0011138916
-.0007934570
-.0007476807
.0022277832
.0005798340
-.0007781982
.0019989014
-.0004425049
-.0005340576
.0007019043
-.0009460449
-.1026611328
.0847930908
-.0494537354
.0207977295
-.0094451904
.0090026855
-.0077819824
-.0163726807
-.0225067139
-.0220031738
-.0131072998
-.0045623779
-.0045471191
.0047302246
.0054016113
-.0070648193
.0060729980
.0067749023
.0022277832
-.0061340332
.0046997070
.0017547607
-.0022583008
.0013275146
.0014343262
-.0045318604
.0023803711
.0040588379
-.0024108887
.0020141602
-.0018310547
-.0026092529
-.0180969238
-.0037536621
-.0065307617
.0139007568
.0066375732
-.0044403076
.0025634766
.0052032471
-.0021362305
-.0016479492
-.0013427734
.0028076172
-.0021972656
-.0032806396
-.0008697510
-.0009002686
-.0009918213
-.0008392334
-.0499267578
-.0484313965
-.0570526123
-.0251617432
.0157318115
-.0118408203
-.0067138672
-.0142669678
.0063629150
-.0196075439
.0151519775
.0157775879
.0134582520
-.0083923340
.0042419434
.0027923584
-.0030975342
.0060729980
.0044250488
.0035858154
.0020904541
-.0025634766
-.0027770996
.0019989014
-.0024719238
.0033721924
-.0009460449
.0015258789
.0009307861
.0012969971
-.0020446777
-.0053253174
-.0010070801
.0007934570
-.0007324219
.0013122559
-.0033721924
-.0039825439
.0025634766
.0081787109
.0014343262
.0008239746
.0006713867
.0005035400
.0007171631
.0004730225
-.0006256104
-.0006103516
-.0011444092
.0005645752
.0003967285
.0013427734
-.0418548584
.0431518555
.0562438965
.0536804199
-.0149688721
.0110015869
-.0155639648
.0090332031
-.0249481201
-.0235595703
.0237274170
-.0104064941
-.0074157715
.0086517334
.0058593750
-.0083007813
-.0038909912
-.0033569336
.0054779053
.0022735596
-.0018463135
.0025787354
-.0013275146
.0013732910
-.0048522949
.0025482178
-.0012054443
.0020904541
-.0013885498
.0030975342
-.0020446777
-.0019989014
.0064239502
-.0078735352
.0133514404
.0042114258
.0018768311
-.0021667480
-.0017700195
-.0010986328
.0011138916
-.0015563965
.0010223389
.0007019043
.0012207031
.0026550293
-.0017395020
.0006561279
.0011596680
-.0637512207
-.0505218506
.0537109375
-.0080566406
.0187683105
.0228424072
-.0098724365
.0082244873
-.0066986084
.0126800537
-.0281524658
.0207977295
-.0102844238
.0198059082
-.0036468506
.0038757324
-.0026245117
.0032043457
-.0053100586
.0035705566
.0038299561
-.0020141602
-.0016174316
-.0021057129
.0012664795
.0007934570
.0012512207
-.0039062500
.0013427734
.0043792725
.0011444092
-.0021514893
-.0011901855
-.0009613037
-.0012512207
-.0029449463
.0064086914
.0061645508
-.0064544678
-.0020294189
-.0009918213
.0010681152
-.0007781982
.0009613037
-.0009613037
.0012664795
.0008697510
.0013427734
-.0012817383
-.0010070801
-.0540618896
.0553894043
.0285949707
.0161132813
-.0217742920
.0133819580
.0104980469
.0059967041
-.0158691406
.0268859863
.0139617920
-.0076751709
.0041809082
-.0072174072
.0039062500
-.0041656494
.0024108887
-.0028533936
.0031280518
-.0025634766
.0013732910
-.0028686523
-.0019836426
.0051727295
.0023345947
.0009155273
-.0018157959
.0031280518
-.0016479492
-.0027160645
.0073852539
-.0139465332
.0063781738
-.0052032471
.0021820068
.0017700195
-.0010375977
-.0019989014
-.0016326904
.0010681152
.0022277832
.0014190674
-.0011444092
-.0009307861
.0028991699
.0009613037
-.0027770996
-.0012969971
.0018157959
-.0861816406
.0734710693
-.0435943604
.0314025879
.0281219482
-.0338134766
-.0239257813
-.0322875977
.0203704834
-.0107879639
.0186462402
.0259704590
.0146026611
.0103607178
.0060882568
.0186157227
-.0364379883
.0026245117
.0039367676
-.0021667480
.0014953613
-.0032501221
.0027313232
-.0024108887
-.0015716553
-.0018157959
.0015411377
-.0009460449
-.0017547607
.0023193359
-.0026397705
-.0014648438
-.0012359619
-.0021972656
.0024719238
-.0079956055
.0086822510
-.0039672852
-.0068969727
-.0039825439
.0011444092
-.0019073486
.0010070801
.0013427734
-.0030212402
-.0013122559
-.0015563965
-.0009918213
.0007019043
-.0007476807
.0007476807
-.0308227539
.0386199951
-.0408325195
-.0175933838
.0119781494
.0073242188
-.0045623779
.0060577393
-.0043487549
.0337829590
.0215759277
.0052490234
-.0050811768
.0030822754
.0029296875
.0021667480
-.0039520264
-.0039062500
.0015869141
.0024108887
-.0009613037
-.0015411377
-.0014038086
-.0014343262
.0010223389
.0007476807
.0019989014
-.0008544922
.0012207031
.0010833740
-.0013732910
.0030975342
-.0036773682
.0021667480
-.0130920410
.0039062500
.0056915283
-.0035400391
.0017852783
-.0013122559
.0009155273
.0013427734
-.0014953613
-.0019073486
.0010833740
.0029602051
.0009002686
-.0017852783
-.0012359619
.0009765625
-.0426483154
.0455474854
-.0800476074
-.0419921875
.0183410645
.0197906494
.0097503662
.0141448975
.0071105957
-.0048217773
.0061340332
.0182952881
-.0181884766
.0269165039
-.0043334961
-.0084381104
.0041961670
-.0084075928
.0045013428
-.0023498535
.0027770996
.0032196045
.0039215088
.0016632080
.0026092529
.0011901855
.0019989014
-.0045928955
-.0008697510
.0013122559
-.0013580322
.0020294189
-.0010833740
-.0013580322
-.0008239746
-.0007324219
.0021362305
.0010986328
.0052185059
-.0029907227
-.0021667480
-.0029754639
.0014648438
-.0012512207
-.0007934570
.0008850098
.0008850098
-.0007476807
-.0007324219
-.0005798340
.0015411377
.0015563965
-.0013427734
.1455383301
.0443267822
-.0379333496
-.0083160400
-.0075988770
.0142974854
-.0100402832
-.0109558105
.0354309082
-.0240783691
-.0085601807
.0031433105
.0027313232
.0025177002
-.0017852783
-.0022735596
-.0048065186
.0060577393
.0016326904
-.0011596680
-.0016174316
.0014343262
-.0009307861
.0021820068
.0010986328
.0013580322
-.0013275146
.0010223389
-.0012207031
-.0011596680
-.0016479492
.0015106201
.0063323975
.0059661865
.0041046143
-.0028228760
-.0011901855
.0013427734
-.0010681152
.0014648438
.0016784668
-.0012969971
-.0016784668
.0011138916
.0009460449
-.0009460449
-.0015258789
-.0006408691
.0007934570
.0018615723
-.0795440674
-.1025238037
-.0625610352
.0309600830
-.0259399414
-.0182037354
-.0138854980
-.0081634521
-.0149078369
.0185394287
.0303802490
.0270690918
-.0214080811
-.0061645508
.0055389404
.0064086914
-.0051422119
-.0068817139
-.0055236816
-.0058288574
.0036621094
.0030670166
-.0029296875
.0028076172
-.0010528564
.0025787354
-.0013580322
.0009918213
-.0022125244
-.0026397705
.0011596680
-.0010070801
.0030517578
-.0012207031
.0014038086
.0016479492
-.0057220459
.0097198486
-.0086975098
.0036773682
-.0015106201
-.0017089844
-.0015106201
.0012512207
.0024871826
.0006866455
-.0011138916
-.0007934570
-.0008544922
.0021057129
.0008697510
-.0013122559
.0412597656
-.0485382080
-.0471038818
.0107879639
.0086669922
.0115509033
-.0147705078
.0113983154
-.0384826660
-.0221710205
.0088653564
-.0042266846
-.0035400391
-.0029449463
-.0045166016
-.0053405762
-.0045318604
-.0020751953
.0024414063
-.0013122559
-.0019531250
.0014190674
-.0012969971
-.0011596680
-.0009918213
-.0013732910
-.0009613037
-.0023193359
-.0012817383
.0019226074
-.0014038086
.0014953613
-.0022125244
.0027618408
-.0072174072
-.0078887939
-.0079650879
-.0054931641
.0018920898
.0012054443
.0012359619
-.0023803711
-.0012969971
.0012817383
.0012664795
.0014648438
-.0013427734
-.0010528564
.0018310547
-.0471343994
-.0660095215
-.0339050293
.0184173584
-.0168762207
-.0082397461
-.0132904053
-.0097808838
.0106964111
-.0314025879
.0389251709
-.0144195557
-.0096893311
.0050354004
.0040740967
.0052032471
-.0030364990
-.0034790039
.0051879883
.0018157959
-.0027618408
-.0011291504
-.0009307861
-.0010528564
-.0007171631
.0009155273
.0006713867
-.0007019043
-.0010375977
.0008850098
-.0005950928
.0007324219
-.0010681152
-.0007629395
.0005645752
.0013427734
-.0025177002
.0063781738
.0127410889
-.0150909424
-.0102691650
.0043640137
-.0100097656
.0033416748
-.0019073486
.0032196045
-.0016479492
.0012359619
-.0010223389
.0012664795
.0012207031
-.0008544922
-.0007476807
-.0304718018
.0436248779
.0380706787
-.0187988281
-.0120849609
.0249023438
-.0142669678
-.0108032227
.0372924805
.0344390869
-.0156555176
-.0088958740
.0056610107
.0037536621
.0077972412
-.0047912598
-.0028381348
-.0026550293
.0083465576
-.0017395020
-.0143890381
-.0055999756
.0018615723
.0030212402
.0013580322
-.0012054443
-.0013275146
.0014343262
-.0068664551
-.0019531250
.0016326904
.0014190674
-.0028991699
.0009460449
.0007476807
.0011901855
-.0020294189
-.0022277832
.0058135986
-.0041351318
-.0055389404
-.0018310547
-.0016174316
.0011901855
-.0016632080
.0015106201
-.0017089844
-.0012817383
-.0648651123
