.0001373291
.0002441406
-.0002593994
-.0014801025
-.0021057129
-.0020446777
.0008697510
.0025024414
.0042572021
.0019989014
-.0026245117
-.0024414063
-.0011444092
-.0005645752
.0031280518
.0045928955
.0041046143
-.0055847168
-.0071258545
-.0041351318
.0013885498
-.0009307861
.0033416748
.0013122559
.0044097900
.0051879883
.0028381348
-.0019226074
.0041809082
.0024414063
-.0061035156
-.0078582764
.0063934326
.0034332275
-.0045928955
-.0056152344
-.0067291260
-.0032653809
.0021972656
.0073547363
.0016632080
.0072937012
-.0033264160
-.0053253174
-.0077819824
-.0029602051
.0041503906
-.0066680908
-.0083312988
-.0131683350
-.0081024170
-.0026702881
.0107879639
.0155639648
.0166320801
-.0074768066
-.0131683350
-.0174713135
.0025482178
.0169830322
.0114898682
-.0037841797
-.0026702881
-.0063629150
-.0070800781
-.0081024170
-.0057220459
.0048828125
.0134887695
.0102844238
.0096588135
-.0107116699
-.0114288330
-.0174102783
.0261840820
.0196685791
.0215759277
.0190887451
-.0167541504
-.0287322998
-.0207214355
-.0119476318
-.0088500977
-.0159454346
.0192871094
.0200805664
.0157623291
-.0158538818
-.0107421875
-.0253295898
-.0237884521
-.0249786377
.0317687988
.0150756836
.0210266113
.0231323242
.0259704590
-.0246887207
-.0431518555
-.0801239014
-.0479583740
.0370025635
.0361785889
.0282592773
-.0292205811
-.0354766846
-.0361480713
-.0360717773
-.0313415527
.0339202881
.0358428955
.0263671875
-.0262908936
-.0238647461
-.0232696533
-.0175781250
-.0189666748
-.0120391846
-.0176849365
-.0085296631
.0185241699
.0143890381
-.0155792236
-.0134124756
-.0083618164
-.0132446289
.0137939453
.0197448730
.0211486816
.0088806152
-.0124206543
-.0140838623
-.0154724121
-.0101013184
-.0106506348
-.0102844238
.0181121826
.0204925537
-.0065002441
-.0102844238
-.0115051270
-.0086517334
-.0092773438
-.0195922852
.0265655518
.0273590088
.0250701904
-.0197143555
-.0169677734
-.0197753906
-.0134582520
-.0164489746
.0146179199
.0246582031
.0221252441
-.0121307373
-.0277404785
-.0246276855
-.0177917480
-.0131378174
.0192565918
.0239715576
.0206909180
.0119018555
-.0134124756
-.0184020996
-.0110778809
-.0155639648
-.0139465332
.0082702637
.0101928711
.0086364746
.0074615479
.0095672607
-.0120239258
-.0086059570
.0061798096
.0145263672
.0109863281
-.0148315430
-.0154876709
.0103607178
.0089569092
.0102386475
-.0148925781
-.0133514404
.0181427002
.0245056152
-.0165405273
-.0282135010
-.0276489258
.0253601074
.0319976807
.0281372070
.0124206543
-.0113372803
-.0137329102
.0152740479
-.0097808838
-.0186462402
-.0137023926
.0123291016
.0049591064
.0129241943
.0056762695
.0037994385
-.0106048584
-.0050048828
-.0078277588
.0050354004
-.0021209717
-.0048065186
-.0153350830
.0037841797
.0046081543
.0029449463
.0061492920
.0115051270
-.0119781494
.0058898926
.0150451660
.0084533691
-.0055389404
.0038909912
.0070800781
-.0109863281
-.0090637207
-.0095367432
.0132598877
.0095520020
-.0063476563
-.0190429688
-.0223846436
.0114898682
.0130767822
.0192108154
.0173492432
.0108947754
-.0113220215
-.0222320557
-.0213623047
-.0246276855
-.0265502930
.0229034424
.0303649902
.0184783936
.0128936768
-.0155639648
-.0215301514
-.0121917725
-.0141754150
.0124206543
.0252380371
.0218658447
.0085296631
-.0188293457
-.0242462158
-.0217132568
.0252075195
.0209503174
.0082855225
-.0053710938
-.0186920166
-.0073242188
.0072631836
-.0111846924
-.0187530518
.0194549561
.0160827637
.0193328857
-.0136260986
.0154724121
-.0191040039
-.0207214355
-.0232696533
-.0149230957
.0289764404
.0305938721
.0315856934
-.0196990967
-.0179443359
-.0310363770
-.0234375000
-.0189514160
.0211639404
.0287780762
.0192260742
.0187377930
-.0209808350
-.0444183350
-.0228271484
.0186767578
.0267028809
.0223999023
.0188598633
.0155181885
-.0118560791
-.0191497803
-.0207366943
-.0175628662
.0099792480
.0090484619
.0117797852
.0125732422
.0136260986
.0088348389
-.0172882080
-.0223693848
-.0107116699
.0192718506
.0118255615
.0125579834
-.0059661865
.0086517334
-.0068664551
-.0049743652
-.0164184570
-.0103607178
.0111846924
.0186614990
.0122375488
.0111389160
.0112915039
-.0101318359
-.0236663818
-.0160827637
.0097656250
.0128021240
.0111083984
.0210266113
.0207824707
-.0175476074
-.0288696289
-.0238800049
.0061187744
.0201721191
.0157623291
.0113830566
-.0174407959
.0148315430
.0167999268
.0194549561
-.0274353027
-.0188903809
-.0258178711
-.0275573730
-.0299224854
.0426788330
.0457153320
.0400695801
-.0800170898
-.0587463379
-.0926666260
.0629882813
-.0670623779
.0911407471
.0610046387
.0795898438
-.0471649170
-.1025238037
-.0989379883
-.0892181396
.0833129883
.0835571289
.0602264404
.0868682861
-.0746917725
-.0858917236
-.0724334717
-.0748901367
.0724029541
.0837554932
-.0522918701
-.0604400635
-.0676879883
-.0387725830
-.0444488525
.0442199707
.0478515625
.0745086670
.0395812988
-.0581817627
.1646270752
.1969299316
-.2389068604
.1597595215
-.3396606445
.2501678467
-.1376800537
.1557159424
-.1551361084
-.2484741211
-.1752777100
-.1389007568
-.1369781494
.1300659180
-.1525268555
.1607208252
-.1345672607
-.1512603760
.1754760742
-.1509857178
-.1991424561
.1153411865
.1851196289
.1068725586
.1879119873
-.1879272461
-.2243194580
-.1235656738
-.1576080322
.1351623535
.1880340576
.1542968750
-.1250457764
-.1168670654
-.0894927979
-.0790100098
-.1007385254
-.0942382813
-.1323089600
-.1020355225
-.0925445557
-.0935821533
-.0818939209
-.0642089844
-.0734863281
-.1029815674
-.0992584229
-.0640258789
-.0653839111
-.0542602539
.0994262695
-.0437316895
-.0639648438
-.0653381348
-.0569000244
-.0642547607
.0606079102
-.0572509766
-.0399780273
.0417785645
.0360260010
-.0426025391
-.0410308838
-.0606994629
.0671539307
.0974121094
.0500030518
-.0504913330
-.0488281250
-.0583038330
-.0465850830
.0637054443
.0743408203
.1030120850
.0790405273
-.0513000488
-.0911102295
-.0763244629
-.1125183105
.1285400391
.1128234863
-.1024322510
-.1493377686
-.1600036621
-.1716613770
-.1160583496
.1428680420
-.1837310791
-.1223754883
.1476745605
.1279907227
.1968536377
.1000213623
-.1190185547
-.1954498291
-.1106414795
-.1248626709
.1188507080
.1508178711
.1083526611
-.0991363525
.0773773193
-.1304626465
-.1432037354
.0922241211
-.1235046387
.0818176270
.1024169922
-.1203155518
.0774841309
-.0983734131
-.1759948730
-.1075744629
-.1334075928
.0728149414
.1033020020
.0694122314
-.0879364014
-.0822448730
-.0634918213
-.0584869385
.0854187012
.0657501221
.0977478027
.1168823242
-.1045227051
-.1067047119
-.0977325439
-.0927581787
-.0850982666
.0832824707
-.0885925293
.0637207031
.0387115479
-.0785522461
.0111846924
-.0217285156
.0132446289
.0194854736
.0273742676
-.0222625732
-.0179443359
-.0212402344
-.0210876465
-.0145874023
.0261688232
.0197448730
.0158386230
.0175323486
.0133972168
-.0235595703
.0191192627
-.0159149170
-.0170898438
.0162048340
.0122070313
-.0174255371
.0178680420
-.0179290771
-.0159912109
-.0118865967
-.0094451904
.0189971924
.0168304443
-.0108642578
-.0165100098
-.0170745850
-.0233764648
-.0142059326
.0183105469
.0238037109
.0085144043
-.0137634277
-.0170440674
-.0154876709
-.0071411133
-.0091857910
.0107269287
.0152893066
.0137939453
.0115051270
-.0106811523
-.0070953369
-.0081024170
-.0196838379
-.0055389404
.0085449219
.0044708252
.0136871338
.0149993896
.0027770996
-.0093994141
-.0090942383
-.0108184814
.0097808838
.0146179199
-.0032958984
-.0088195801
.0131378174
-.0296478271
-.0152282715
.0108184814
.0252227783
.0202331543
.0085449219
-.0021667480
-.0085449219
-.0162963867
-.0219726563
-.0162048340
.0107116699
.0254669189
.0195312500
-.0080108643
-.0078735352
.0080261230
.0049591064
-.0115356445
-.0104675293
-.0062866211
.0132598877
.0219421387
.0223236084
-.0123443604
-.0263824463
-.0202941895
-.0049896240
.0081024170
.0154113770
.0161437988
.0170440674
-.0074615479
-.0223693848
-.0214691162
-.0189819336
.0064544678
.0199737549
.0268249512
.0172882080
.0179748535
-.0133972168
-.0283966064
-.0282592773
.0147552490
.0255432129
.0220184326
.0147705078
-.0199584961
-.0166778564
-.0105438232
.0095214844
-.0094757080
-.0185241699
.0148468018
.0457153320
.0852661133
.0898590088
.0639648438
.0553741455
-.0939636230
.0538024902
-.0709991455
.0903015137
-.0868835449
.0560150146
.0587463379
-.0650482178
-.0527038574
.0536346436
-.0773925781
-.0678863525
.0842132568
.0715789795
-.0884399414
-.0683746338
-.0802154541
.0568237305
-.0480194092
.0616455078
.0509338379
.0670928955
.0335083008
-.0699462891
-.1624908447
.2094116211
-.1354064941
-.1567840576
.2398834229
.1638488770
.1470489502
.1190643311
-.1486511230
-.0948791504
.1091003418
.1558227539
-.1190795898
.0938415527
.0836791992
.1119079590
.1482238770
-.1392669678
.1091003418
.1427764893
.1007843018
.1133117676
-.0787200928
-.1019897461
-.0887145996
.0805816650
-.1097412109
.0586242676
.1028289795
.0552978516
-.0513305664
.0815429688
-.0603027344
-.0598144531
.0660552979
-.1041870117
-.0610504150
.0665130615
.0739593506
.0707855225
-.0635070801
-.0532073975
-.0426940918
-.0496368408
.0482940674
.0355682373
.0368957520
.0431365967
.0337371826
-.0336914063
-.0318145752
.0348968506
.0234527588
-.0289306641
-.0243835449
.0137329102
.0182800293
.0120391846
.0158081055
.0124664307
-.0174865723
-.0056762695
-.0089874268
-.0199737549
.0220642090
.0137634277
.0090942383
.0096435547
-.0214996338
-.0249633789
-.0274047852
.0194549561
.0201263428
.0152587891
.0867309570
-.1131134033
-.1578826904
-.0992584229
-.1491394043
-.1932373047
.1962280273
-.1689453125
.2144775391
-.2097778320
-.1867065430
-.1758880615
-.1492462158
-.1215209961
.1586914063
-.1259307861
.1456756592
-.0652465820
-.0601043701
-.1300354004
.0820007324
.0762481689
.0846710205
.0413665771
-.0421447754
.0349426270
-.0641937256
.0724487305
.0476226807
.0680847168
.0427856445
.0336761475
-.0466308594
-.0582580566
.0289154053
.0448608398
.0405731201
.0345916748
-.0251159668
-.0316619873
-.0430755615
-.0252380371
-.0341796875
-.0252685547
.0275878906
.0260620117
.0233459473
.0171966553
-.0143280029
-.0171966553
-.0189819336
-.0325622559
-.0355682373
.0426177979
.0402984619
.0437622070
.0464019775
-.0401306152
-.0342864990
-.0323028564
-.0355834961
-.0376892090
-.0317993164
.0982818604
.0727233887
-.0823059082
-.0619964600
-.0817871094
-.1015777588
.0608978271
.1017303467
-.0598297119
.0691680908
.0722503662
-.0849151611
-.0726165771
-.0392608643
.0651702881
.0508117676
.0673522949
-.0687561035
-.0513305664
.0461730957
.0526733398
.0418395996
.0314178467
-.0435333252
.0410003662
-.0283966064
.0322418213
.0370941162
-.0205383301
-.0349884033
-.0291290283
-.0382690430
-.0229644775
.0472564697
.0288391113
.0213165283
-.0252990723
-.0219421387
-.0215301514
-.0224304199
.0193328857
.0162200928
.0168762207
.0275573730
.0257110596
-.0267791748
-.0234832764
-.0147552490
-.0159759521
-.0184020996
.0187988281
.0249938965
.0164031982
-.0068817139
-.0248260498
-.0264739990
-.0062255859
.0144195557
.0226593018
.0165252686
.0081176758
-.0117950439
-.0158843994
-.0150909424
-.0086059570
.0056457520
.0172271729
.0140380859
-.0078430176
-.0102844238
-.0045318604
-.0028381348
-.0055694580
-.0139617920
.0193481445
.0248413086
.0216674805
.0088806152
-.0184326172
-.0188751221
-.0178375244
-.0043640137
.0082702637
.0125427246
.0096740723
.0172424316
.0133666992
-.0035858154
-.0243682861
-.0223388672
-.0058593750
.0169372559
.0092468262
.0163879395
.0224914551
.0111999512
-.0271453857
-.0216064453
-.0209350586
.0096282959
.0225677490
.0214385986
.0064849854
-.0083007813
-.0097503662
-.0154571533
-.0100555420
.0056610107
.0100250244
.0111236572
.0062408447
.0090332031
-.0092315674
-.0092163086
-.0048828125
.0079040527
.0070343018
.0051422119
.0105133057
.0033111572
-.0062561035
-.0070800781
-.0033569336
-.0126342773
-.0067596436
.0020599365
.0085754395
.0103149414
.0061492920
.0023956299
-.0177764893
-.0173950195
-.0082855225
.0095520020
.0125122070
.0110015869
.0074005127
.0023803711
-.0052185059
-.0101928711
-.0116577148
-.0079956055
.0128936768
.0138854980
.0059051514
-.0055084229
-.0099945068
-.0018463135
-.0043029785
-.0040130615
-.0044555664
-.0022583008
.0054931641
-.0025329590
-.0028533936
-.0069427490
.0032958984
.0033416748
.0017089844
.0024871826
-.0034179688
-.0042724609
.0022888184
-.0019531250
-.0036010742
-.0084838867
.0059051514
.0033874512
-.0015411377
.0012207031
.0068817139
.0063476563
.0012207031
-.0108795166
-.0091247559
-.0054168701
.0081024170
.0055389404
.0009613037
-.0040130615
-.0011596680
-.0020599365
-.0007629395
.0007629395
.0017242432
.0019073486
.0019683838
.0008544922
-.0020751953
-.0020141602
-.0018463135
.0011138916
-.0003051758
.0011749268
.0010375977
-.0007629395
-.0005950928
-.0000610352
-.0000762939
