-.0048828125
.0057525635
-.0057373047
.0085754395
-.0105590820
-.0051727295
-.0047607422
.0064086914
-.0086669922
.0063629150
-.0059661865
.0045471191
-.0063323975
-.0055847168
-.0039825439
.0064849854
-.0061798096
.0087890625
-.0050964355
.0054779053
.0064697266
-.0052490234
.0042877197
.0058746338
-.0111389160
-.0091705322
.0066833496
-.0068969727
.0087127686
-.0108184814
.0046081543
-.0069732666
-.0069885254
-.0097961426
-.0063171387
-.0097351074
.0052947998
-.0060729980
-.0056304932
-.0094299316
.0095062256
.0065612793
.0082702637
-.0079650879
.0091857910
.0057220459
.0073699951
-.0097808838
.0122833252
-.0108947754
-.0094909668
-.0106811523
-.0070343018
-.0072021484
.0099792480
-.0091247559
-.0061187744
-.0093231201
-.0097961426
-.0122680664
.0053405762
-.0072631836
.0057067871
.0054779053
-.0065612793
.0068817139
-.0065002441
.0062866211
.0052642822
.0052795410
-.0063323975
.0066833496
-.0098724365
.0094299316
-.0076141357
-.0054168701
-.0063476563
.0071258545
-.0084533691
-.0085601807
-.0087585449
.0096282959
.0039520264
.0042419434
.0054168701
-.0031890869
-.0079345703
.0072937012
-.0057373047
.0065307617
-.0060577393
.0058135986
.0069122314
.0082244873
.0079803467
.0075683594
.0059356689
.0057983398
.0087432861
-.0055694580
.0069122314
-.0100860596
.0064849854
-.0052642822
-.0063323975
-.0104827881
-.0046539307
-.0065002441
-.0044860840
-.0055389404
-.0052337646
-.0064697266
.0057067871
-.0077972412
.0118255615
-.0135040283
.0118713379
-.0062103271
.0065612793
.0058746338
.0084686279
-.0051422119
-.0085144043
.0077362061
-.0085449219
.0076751709
-.0078735352
.0081634521
-.0047607422
.0043792725
-.0061340332
.0076141357
-.0091705322
-.0074615479
-.0076904297
-.0083465576
.0076751709
-.0066528320
.0052185059
-.0074920654
-.0053405762
-.0092620850
-.0085144043
.0092315674
.0089416504
.0060272217
-.0092010498
.0068206787
-.0066223145
.0081329346
-.0041503906
.0059967041
-.0079040527
-.0073089600
-.0082092285
.0066375732
-.0052642822
.0066375732
-.0055541992
-.0059356689
.0048217773
.0063018799
-.0072174072
.0052490234
.0079193115
.0072937012
.0079345703
.0055084229
.0058441162
-.0057067871
.0084533691
-.0074005127
.0084533691
-.0067901611
-.0055389404
.0046844482
-.0069580078
-.0082244873
.0077819824
-.0052947998
-.0050201416
-.0096435547
-.0123291016
-.0129089355
.0066986084
-.0057220459
.0091705322
-.0085601807
.0064392090
.0067749023
.0094299316
.0087432861
.0056457520
.0055084229
-.0087585449
.0090484619
.0070343018
.0101470947
-.0086212158
.0069274902
-.0110321045
.0076293945
-.0100708008
-.0065460205
-.0087585449
.0099792480
-.0119628906
-.0162963867
-.0090637207
.0060119629
-.0132293701
.0123138428
-.0102081299
.0113220215
-.0117645264
.0094146729
.0055541992
-.0065612793
.0101623535
.0041503906
.0055084229
.0080413818
.0045623779
-.0103912354
.0131835938
-.0098419189
.0082702637
-.0113220215
-.0062103271
-.0069427490
.0084228516
.0093536377
.0064849854
-.0092773438
-.0054779053
.0072174072
.0096893311
-.0079650879
.0084381104
-.0095825195
.0061492920
.0085144043
.0139465332
.0061340332
-.0102081299
.0076293945
.0099945068
.0075531006
-.0076599121
.0101318359
-.0101928711
.0079498291
-.0106658936
.0071411133
.0088500977
-.0092773438
-.0076141357
.0085601807
-.0071716309
.0082397461
-.0066375732
.0075073242
.0083160400
.0097503662
-.0080566406
.0109863281
.0113677979
.0073852539
-.0047302246
.0067291260
-.0063629150
.0070037842
-.0060577393
-.0090942383
-.0085906982
-.0086364746
-.0098266602
-.0065917969
-.0054168701
-.0073699951
-.0048828125
-.0055389404
.0055847168
-.0085601807
-.0078582764
-.0059509277
.0060577393
.0041809082
.0077972412
-.0041656494
-.0035552979
.0054931641
.0070343018
-.0049591064
.0058746338
-.0053405762
-.0050354004
-.0068817139
-.0045166016
-.0054168701
-.0081787109
.0124664307
-.0097503662
-.0118713379
-.0105895996
-.0074768066
.0056152344
-.0067443848
.0043029785
-.0065307617
.0071105957
-.0053558350
.0055389404
-.0061340332
.0101623535
.0083770752
-.0083618164
.0052337646
.0075683594
-.0087585449
.0102386475
.0077514648
-.0067901611
-.0096130371
-.0072479248
-.0063934326
-.0074920654
.0129852295
-.0176849365
.0116882324
-.0119323730
.0109100342
-.0138092041
.0068511963
.0067443848
.0067901611
.0054016113
.0094451904
-.0038757324
-.0028839111
.0051269531
.0062713623
.0069274902
.0049896240
.0053863525
.0058898926
.0048675537
-.0079345703
-.0037078857
-.0097503662
-.0072326660
-.0119018555
-.0049285889
-.0089874268
-.0062866211
-.0081481934
.0083618164
-.0090026855
.0122833252
-.0085601807
.0094299316
-.0057067871
.0070343018
-.0029602051
.0088958740
-.0054779053
.0034332275
-.0040435791
-.0058898926
-.0047760010
-.0066986084
.0049896240
.0043334961
.0052032471
-.0073547363
.0044250488
.0044708252
.0062866211
-.0064392090
-.0058898926
-.0041503906
.0054321289
.0039978027
.0038604736
-.0056762695
.0064697266
.0065155029
.0072021484
-.0047607422
.0042114258
-.0036926270
.0057220459
-.0054779053
.0061492920
.0061035156
-.0092163086
.0062255859
-.0066986084
-.0059509277
-.0072174072
-.0061950684
-.0067443848
-.0137329102
.0061035156
-.0068206787
.0048828125
-.0073699951
.0044860840
.0046997070
.0054168701
.0044860840
.0040893555
-.0045166016
-.0074310303
.0072479248
-.0062255859
-.0375213623
-.0115814209
-.0084533691
-.0106353760
.0078125000
-.0093536377
-.0050506592
-.0038452148
.0052490234
.0046844482
-.0055999756
-.0050354004
.0079650879
-.0056457520
.0081481934
-.0139770508
.0079345703
-.0054321289
.0042724609
-.0039062500
.0049896240
.0084228516
-.0079650879
.0076446533
-.0066986084
.0083618164
-.0097351074
.0050964355
.0050506592
-.0061645508
.0061035156
-.0074768066
-.0059661865
-.0123291016
.0085144043
.0061950684
.0043792725
-.0064849854
-.0081939697
.0083618164
-.0059661865
.0093994141
-.0057525635
.0067291260
-.0052032471
.0152740479
.0039520264
.0076293945
.0063018799
-.0071563721
-.0079956055
.0114135742
.0098266602
.0063323975
-.0099487305
-.0056915283
-.0101013184
.0105438232
-.0095214844
.0069122314
-.0093383789
.0090484619
.0088806152
-.0073242188
.0049743652
.0045928955
.0077667236
.0161895752
-.0107727051
-.0139617920
.0098876953
-.0151519775
.0104980469
-.0088806152
-.0106658936
-.0098876953
.0080108643
-.0065155029
.0083618164
-.0090484619
.0067749023
-.0092315674
-.0055236816
-.0101470947
.0098876953
-.0074005127
.0059051514
-.0073394775
.0113220215
-.0097198486
-.0050964355
.0079498291
.0071868896
.0065765381
.0150299072
.0105285645
.0065002441
.0046234131
.0075988770
.0068664551
-.0058135986
.0071868896
-.0083312988
.0078125000
-.0076751709
.0076599121
-.0083160400
.0065612793
-.0097503662
.0040740967
-.0069580078
.0071868896
-.0038146973
.0053710938
-.0059051514
.0050354004
.0057373047
.0036468506
-.0044097900
.0072174072
.0076904297
-.0039825439
-.0059967041
-.0041046143
.0069580078
.0069732666
-.0067596436
.0066375732
-.0074005127
-.0084381104
.0095672607
.0076904297
-.0102386475
-.0056152344
-.0066375732
-.0056457520
.0081024170
-.0071258545
.0077209473
.0064697266
.0051727295
-.0040893555
.0049438477
-.0057983398
.0084228516
-.0088500977
.0110168457
.0057983398
.0067291260
-.0039825439
.0057678223
-.0061798096
.0063323975
.0041809082
-.0068969727
.0069732666
-.0103454590
.0046997070
-.0078277588
.0090179443
-.0075836182
.0067901611
-.0072784424
.0043029785
-.0046997070
-.0114593506
.0072784424
.0074615479
-.0070037842
.0073242188
-.0086517334
.0085449219
.0118713379
.0123291016
-.0129394531
.0109863281
.0102996826
.0070343018
-.0073547363
-.0070800781
.0093078613
.0044708252
-.0069732666
-.0086364746
.0087585449
.0300598145
.0179138184
.0159606934
-.0128479004
-.0145263672
-.0076904297
-.0060272217
.0052185059
-.0072479248
-.0058288574
-.0059814453
.0103759766
-.0100555420
.0098419189
-.0059051514
.0052185059
-.0027770996
.0059661865
.0042114258
.0076293945
-.0084381104
.0073699951
-.0057678223
.0038604736
-.0035400391
-.0067443848
-.0049285889
-.0072326660
.0059661865
-.0102691650
-.0085906982
.0068206787
.0126342773
-.0102691650
.0045471191
.0046234131
-.0041656494
-.0092163086
.0059661865
-.0055236816
.0054931641
-.0071868896
.0075378418
-.0084533691
.0098724365
.0456695557
-.0055389404
-.0035705566
.0059204102
.0051116943
-.0073699951
-.0063781738
.0057525635
-.0095672607
-.0079345703
.0073394775
.0108337402
.0055389404
.0131072998
-.0825195313
-.0058135986
.0065307617
.0063781738
-.0043334961
.0057525635
-.0060272217
-.0064086914
.0059356689
-.0067138672
-.0061187744
.0063629150
.0068664551
-.0055847168
.0084075928
-.0107879639
.0061035156
-.0066680908
.0064239502
-.0074615479
.0116577148
.0039520264
.0048217773
-.0054473877
.0093231201
.0120849609
.0171051025
.0092010498
.0051422119
.0051116943
.0075073242
-.0078277588
-.0057525635
.0102386475
-.0119628906
.0054168701
-.0084228516
-.0080108643
-.0055389404
.0055389404
-.0077819824
.0055084229
-.0054473877
.0075073242
.0063781738
-.0069580078
-.0081939697
.0079650879
-.0093383789
.0053863525
.0119171143
.0093688965
.0098724365
.0104980469
-.0142364502
-.0077819824
-.0097198486
.0108795166
-.0074310303
.0079956055
-.0078125000
.0077972412
.0088653564
.0085906982
-.0073394775
.0051116943
-.0061340332
-.0083770752
.0080871582
-.0088348389
.0049743652
-.0073852539
.0130920410
.0116729736
.0106506348
-.0102996826
.0103454590
-.0084838867
-.0143890381
.0128479004
.0107574463
.0059967041
.0095214844
-.0068206787
.0084381104
.0110626221
-.0055541992
.0099487305
-.0089111328
.0089874268
.0080413818
.0104827881
-.0099182129
-.0056304932
.0049285889
.0054168701
-.0107269287
.0061798096
-.0071716309
-.0080566406
-.0114898682
-.0085296631
-.0131072998
.0117950439
-.0119476318
.0085906982
-.0081939697
.0073699951
-.0147094727
.0095214844
.0079345703
.0122070313
.0077514648
.0119171143
.0139923096
.0080871582
.0152282715
-.0120239258
-.0123596191
-.0114135742
-.0117492676
-.0064697266
-.0137023926
-.0109405518
-.0083770752
-.0082244873
-.0083770752
-.0087127686
.0092315674
-.0111389160
-.0068969727
-.0106506348
.0084686279
-.0090789795
.0086669922
-.0069732666
.0098876953
.0063476563
.0092468262
-.0050354004
.0058441162
-.0070343018
-.0058898926
.0070648193
.0069122314
.0110778809
-.0065460205
-.0049438477
-.0081176758
-.0064392090
-.0045166016
-.0073089600
.0056762695
.0083312988
-.0163421631
.0129547119
-.0086975098
.0074005127
-.0064849854
.0084075928
.0105285645
.0074462891
-.0199737549
-.0164794922
-.0184783936
-.0119781494
-.0199890137
.0088958740
-.0111541748
-.0118408203
.0081024170
-.0059661865
-.0055999756
-.0055847168
-.0156097412
.0142822266
.0131225586
.0095977783
.0094604492
.0113830566
.0171356201
.0091247559
.0090789795
-.0064086914
.0139160156
-.0235443115
.0184936523
-.0145721436
.0111694336
-.0100860596
.0070495605
-.0124664307
.0174713135
-.0118255615
.0075988770
-.0080261230
.0053558350
-.0072174072
.0069580078
-.0063476563
.0039520264
-.0100250244
.0101928711
.0123443604
.0124206543
.0085296631
.0035858154
.0075073242
-.0065155029
.0061492920
-.0069732666
.0089416504
-.0121765137
.0107269287
-.0095062256
.0117340088
-.0072937012
-.0071716309
-.0081024170
-.0070495605
-.0090026855
-.0084991455
-.0069732666
.0053863525
-.0077667236
.0062561035
-.0031280518
.0054321289
.0050811768
.0037231445
.0054016113
.0071716309
.0053100586
.0056610107
.0058288574
-.0047760010
.0044860840
.0059051514
.0047454834
.0050201416
-.0075988770
-.0057678223
.0038604736
-.0065307617
.0036010742
-.0046539307
.0063476563
-.0067749023
.0051727295
-.0087890625
.0090942383
-.0085754395
.0076751709
-.0065460205
.0102386475
.0047912598
.0053558350
-.0074615479
.0068969727
.0082397461
.0097351074
-.0072631836
.0047760010
-.0081939697
-.0048522949
.0052185059
-.0063629150
.0075378418
-.0102233887
.0120849609
-.0097198486
.0136413574
-.0102233887
.0110778809
-.0117645264
.0079803467
.0087585449
.0112762451
-.0098266602
-.0062866211
-.0067749023
.0121002197
-.0071105957
.0078125000
-.0030364990
-.0044097900
-.0039825439
.0064239502
-.0063781738
.0070037842
-.0092010498
.0068511963
.0192108154
.0133666992
-.0075683594
.0168609619
-.0046081543
.0046539307
.0034332275
.0049133301
-.0062255859
-.0053710938
.0042724609
-.0053863525
.0072784424
.0042114258
.0057678223
-.0251159668
-.0196990967
-.0140686035
-.0121459961
-.0128936768
-.0069580078
-.0046234131
-.0055694580
-.0075988770
.0057983398
-.0081787109
-.0083465576
-.0107421875
.0063781738
-.0054016113
-.0066223145
-.0089721680
-.0042572021
.0050811768
.0074157715
.0045318604
-.0082397461
.0039062500
.0044250488
.0030822754
.0074157715
-.0034637451
-.0030670166
.0036315918
.0054931641
-.0050506592
.0049285889
.0046081543
-.0075988770
