-.0003662109
-.0003356934
-.0003662109
-.0002288818
-.0014495850
-.0062866211
.0060577393
-.0065155029
.0037689209
-.0050964355
-.0026397705
.0037536621
.0040740967
-.0040283203
.0068817139
-.0035858154
-.0033874512
-.0072326660
-.0024414063
.0028991699
-.0039367676
.0051727295
.0045166016
-.0058898926
-.0027160645
-.0014953613
-.0033874512
.0062408447
.0108184814
.0036773682
.0065155029
-.0046997070
-.0177459717
.0127105713
.0154266357
.0122680664
.0153961182
.0103454590
.0041503906
-.0118255615
.0182952881
.0134582520
-.0050048828
-.0094604492
.0161437988
-.0106964111
-.0172271729
.0196380615
.0044860840
.0095825195
.0091857910
-.0101318359
-.0154724121
-.0116729736
.0091552734
-.0092315674
-.0061950684
.0054321289
-.0101470947
-.0039825439
-.0055084229
.0024719238
.0016937256
-.0023651123
-.0040283203
-.0025482178
.0023956299
.0014038086
-.0012207031
-.0026092529
.0017547607
.0015106201
-.0023193359
-.0023498535
-.0029907227
-.0021820068
-.0029449463
-.0029907227
-.0007324219
-.0017547607
-.0012207031
-.0016021729
-.0013275146
-.0013427734
-.0012512207
-.0014495850
-.0007171631
-.0016021729
.0010223389
-.0007324219
-.0018157959
-.0013732910
-.0009918213
-.0010223389
-.0016021729
.0076751709
-.0197601318
.0210571289
.0121307373
-.0130004883
.0138854980
-.0122070313
-.0074157715
-.0128631592
.0068359375
-.0191955566
.0142822266
.0144500732
.0119476318
-.0070037842
-.0065002441
-.0118713379
-.0067596436
-.0075988770
.0053710938
-.0073242188
-.0073394775
-.0100250244
.0159454346
.0211181641
.0141906738
-.0192260742
-.0154724121
.0222930908
.0189666748
-.0148468018
-.0099945068
-.0176239014
.0162658691
.0206909180
-.0100097656
.0172424316
.0124206543
-.0094604492
.0069274902
.0104370117
.0112304688
.0088043213
-.0110015869
-.0063629150
.0061950684
-.0074005127
-.0060729980
-.0064239502
.0087280273
-.0055694580
-.0067901611
-.0093841553
.0076293945
.0123138428
-.0081481934
-.0070037842
.0123748779
.0108795166
-.0109252930
.0101776123
-.0077056885
.0053710938
-.0073547363
-.0075531006
-.0065460205
-.0063476563
-.0051574707
-.0090484619
-.0058135986
-.0036315918
-.0028076172
-.0045928955
-.0045928955
-.0035095215
.0048980713
-.0049743652
-.0039672852
-.0044555664
.0030517578
-.0040283203
-.0062408447
.0073242188
.0066375732
.0066070557
-.0032043457
-.0031433105
.0030822754
-.0020599365
-.0020904541
.0014495850
.0050354004
.0054016113
-.0066986084
-.0104675293
.0099639893
-.0148773193
.0161590576
-.0089874268
-.0036926270
-.0044097900
.0042877197
.0026092529
-.0050659180
-.0040588379
-.0023345947
-.0028076172
.0021209717
.0028228760
-.0024871826
-.0102844238
-.0039062500
-.0038757324
-.0028991699
.0054016113
-.0030364990
-.0027008057
.0026702881
.0019836426
-.0029449463
-.0028228760
-.0024871826
-.0058288574
.0036010742
.0033874512
-.0021057129
-.0022277832
-.0024871826
.0083618164
-.0070037842
.0034179688
.0043640137
-.0183410645
-.0261688232
.0214080811
-.0206146240
-.0238494873
.0159606934
.0113983154
-.0308837891
-.0249023438
-.0218048096
.0211181641
-.0229797363
.0117950439
-.0131225586
.0218658447
.0281982422
.0144805908
.0202178955
.0212249756
-.0188903809
.0138092041
-.0102081299
.0112762451
.0059967041
-.0048522949
-.0068969727
-.0043182373
-.0056762695
.0098266602
-.0110168457
.0119781494
-.0110168457
-.0115814209
-.0159454346
.0101318359
-.0074615479
-.0065765381
-.0050811768
-.0050964355
-.0043182373
.0061645508
.0023651123
.0041198730
.0038299561
-.0042419434
.0108032227
.0056915283
-.0074462891
.0046691895
-.0047607422
.0069427490
-.0057678223
.0113830566
-.0095367432
.0068511963
-.0074462891
.0075836182
.0107116699
-.0070800781
-.0097198486
.0083465576
-.0043640137
-.0070495605
.0064849854
-.0052490234
.0050354004
.0077819824
.0030670166
-.0046234131
-.0077819824
.0026092529
-.0031280518
-.0044860840
-.0046386719
-.0029907227
-.0021362305
.0015563965
.0024719238
-.0073242188
-.0025329590
.0011749268
-.0032348633
-.0025482178
-.0052947998
-.0049133301
.0041198730
-.0036468506
-.0019226074
-.0044555664
-.0078277588
-.0147705078
-.0134277344
-.0148468018
.0166168213
-.0069885254
.0188140869
.0167236328
-.0205688477
-.0175018311
-.0160369873
-.0185241699
-.0156860352
-.0143585205
.0102081299
-.0179748535
-.0111389160
.0175628662
-.0189056396
-.0135955811
.0152587891
-.0100097656
.0094451904
.0078735352
.0080566406
-.0126953125
-.0116577148
.0056304932
.0083770752
-.0065155029
-.0108489990
.0046997070
.0083923340
.0036010742
-.0040435791
-.0069732666
-.0065612793
.0023040771
.0034179688
-.0017089844
.0042419434
-.0027160645
-.0021972656
-.0047454834
-.0035552979
-.0037536621
-.0018463135
-.0025024414
.0034027100
-.0034332275
-.0015563965
.0032196045
-.0071105957
-.0205841064
.0123291016
-.0127868652
.0168609619
.0140380859
-.0144195557
-.0235290527
.0150146484
.0144348145
.0128326416
.0235900879
-.0122680664
.0146942139
.0169525146
.0213165283
-.0205230713
-.0233001709
.0310974121
.0177001953
-.0259094238
.0196075439
.0210418701
.0277404785
.0176391602
.0249786377
.0214538574
.0243377686
.0212707520
-.0274200439
-.0229492188
-.0310363770
-.0354919434
.0213470459
-.0410461426
-.0300598145
-.0068817139
.0059356689
.0099182129
-.0060729980
-.0034484863
-.0060119629
-.0041503906
-.0047607422
-.0029144287
.0018615723
.0106811523
-.0075683594
-.0079040527
-.0061798096
-.0063781738
.0062866211
-.0037841797
-.0061798096
-.0058898926
-.0072937012
-.0071563721
.0065155029
.0087280273
-.0057525635
-.0094299316
.0092468262
-.0105438232
-.0057830811
-.0156250000
-.0028381348
-.0032958984
-.0037689209
-.0021209717
.0038299561
.0076293945
-.0189361572
-.0120697021
.0117187500
.0188903809
.0060577393
-.0106353760
-.0164947510
.0272216797
.0160217285
-.0170593262
-.0208129883
.0175323486
-.0227813721
.0133361816
.0280914307
-.0177001953
.0141296387
-.0141601563
.0167236328
-.0176849365
.0336303711
.0347290039
-.0216217041
.0202484131
.0191650391
.0477142334
.0374908447
.0466308594
.0346832275
.0475769043
-.0345611572
.0399017334
.0594024658
.0426483154
.0340881348
.0540924072
.0494842529
-.0375823975
.0401000977
.0466766357
.0487518311
.0220031738
.0296630859
.0335388184
.0417633057
.0305938721
-.0246887207
.0359344482
.0307769775
.0205841064
.0199279785
-.0244598389
-.0239105225
.0129547119
-.0295715332
.0295257568
.0241088867
.0224914551
-.0220489502
-.0262603760
.0248565674
.0130767822
.0135040283
.0045623779
.0048828125
.0041809082
-.0114440918
.0255279541
.0169830322
.0207214355
-.0220642090
.0226898193
.0165100098
-.0236358643
.0273742676
.0260009766
-.0284271240
.0298156738
.0325317383
-.0241546631
-.0173492432
.0124053955
.0241851807
.0146179199
.0243530273
.0118713379
-.0085296631
.0092926025
.0069274902
-.0059356689
-.0022430420
-.0055084229
.0067596436
-.0046081543
-.0064697266
.0078430176
-.0039672852
-.0030670166
.0064392090
.0046386719
-.0038909912
.0034332275
-.0033111572
.0046539307
.0043334961
-.0063018799
-.0030059814
.0029144287
.0065002441
.0035095215
-.0035552979
-.0044708252
.0040435791
-.0050048828
-.0056915283
-.0044860840
-.0051727295
-.0065917969
-.0067138672
.0045623779
-.0053405762
-.0059509277
-.0060729980
-.0099639893
.0054168701
.0034179688
-.0033111572
-.0045013428
-.0045776367
.0041351318
.0028991699
-.0033569336
-.0032806396
.0149993896
.0218658447
.0127868652
-.0103454590
-.0089721680
.0127105713
.0139312744
-.0110473633
.0119018555
-.0148315430
-.0105895996
.0070037842
-.0061798096
-.0032806396
-.0028533936
.0029907227
-.0032806396
.0049591064
-.0065612793
-.0038757324
.0068969727
-.0059967041
.0014495850
-.0048065186
-.0036926270
.0023651123
-.0038299561
.0049438477
-.0053253174
-.0087738037
-.0070037842
-.0134277344
-.0067901611
-.0033416748
.0040283203
-.0055541992
.0074920654
.0097198486
-.0161895752
-.0071563721
-.0085754395
-.0097808838
.0085296631
.0055847168
.0071716309
.0027008057
-.0035552979
-.0084686279
-.0056152344
-.0041351318
.0037841797
.0030517578
-.0017242432
-.0023498535
-.0045776367
-.0021209717
.0027465820
.0043792725
-.0050048828
-.0027923584
.0063781738
-.0061340332
-.0076599121
-.0078887939
-.0077667236
.0066070557
.0073089600
.0068359375
.0078277588
.0058135986
.0085601807
-.0083923340
-.0142974854
.0055847168
.0109558105
-.0139160156
-.0115356445
-.0136108398
-.0112304688
-.0103302002
.0360565186
.0312500000
.0301361084
.0321960449
.0260925293
-.0363922119
-.0271759033
-.0290222168
-.0288391113
.0399475098
.0171508789
-.0283813477
-.0342559814
.0485534668
-.0565032959
.0436096191
.0268096924
-.0296020508
-.0226745605
-.0284423828
.0242614746
-.0316162109
-.0278625488
-.0238189697
-.0245819092
-.0335845947
.0347595215
.0298309326
-.0340728760
.0256805420
-.0356750488
-.0279388428
-.0218048096
.0213928223
-.0195007324
-.0183715820
-.0217285156
-.0182495117
.0168762207
-.0273590088
-.0229797363
-.0171051025
-.0064544678
-.0062561035
-.0029754639
.0136108398
.0046386719
.0066528320
.0033111572
.0031280518
-.0039825439
-.0030822754
.0039978027
.0054016113
-.0037994385
-.0023498535
.0047454834
.0039520264
-.0024261475
-.0061492920
.0112152100
.0154113770
-.0151672363
.0213470459
.0299987793
.0370178223
-.0185394287
.0462036133
.0551757813
.0339813232
.0293731689
.0462036133
.0317535400
.0444488525
-.0468444824
.0408325195
.0299682617
.0491180420
.0277862549
.0496063232
-.0357971191
.0268707275
-.0446014404
.0419769287
-.0176544189
.0166015625
-.0236968994
.0228271484
-.0099792480
-.0093383789
-.0104827881
-.0028381348
.0046081543
-.0042724609
.0024719238
.0032196045
-.0029602051
-.0033416748
-.0047302246
-.0032653809
.0057373047
.0032806396
-.0033416748
-.0034637451
.0017089844
.0035705566
.0040740967
.0027313232
-.0031433105
-.0033111572
-.0022735596
-.0032043457
-.0035858154
.0027923584
.0018768311
.0022888184
.0013275146
-.0020141602
-.0022125244
.0022125244
.0028381348
-.0018310547
.0057220459
.0087127686
.0104980469
.0313873291
-.0453491211
-.0477294922
.0244903564
-.0307312012
.0233612061
-.0112762451
.0113067627
.0165405273
-.0249938965
.0171203613
-.0305633545
-.0311431885
-.0371093750
.0195465088
-.0132293701
-.0267639160
.0231018066
.0227813721
-.0111541748
-.0227508545
-.0085601807
-.0070953369
.0064697266
.0042877197
.0023651123
-.0054626465
.0063018799
.0048370361
-.0030670166
-.0044708252
-.0089111328
-.0059204102
.0045166016
.0083618164
-.0104522705
-.0078735352
-.0100097656
-.0079498291
-.0074768066
-.0069885254
.0068054199
-.0116424561
-.0078582764
.0051879883
.0029907227
.0090942383
-.0153961182
-.0161895752
-.0331878662
.0282897949
.0265960693
-.0311584473
-.0269012451
-.0100097656
-.0117645264
.0069885254
.0066223145
.0103912354
.0273132324
-.0101776123
.0031127930
.0022430420
.0022888184
-.0024566650
-.0054779053
-.0041809082
.0172729492
.0307312012
-.0181884766
-.0301361084
-.0284423828
-.0281524658
.0211639404
.0373840332
.0481567383
-.0371246338
.0427856445
-.0490112305
.0664978027
-.0621795654
-.0500030518
-.0416564941
.0607604980
.0507049561
.0338745117
.0481567383
.0454864502
.0260620117
.0485076904
-.0320739746
.0538024902
-.0480041504
.0559997559
.0486450195
-.0488433838
-.0644836426
-.0758209229
-.0572204590
-.0664520264
.0693359375
.0714263916
.0582885742
-.0397491455
.0440216064
.0370941162
.0315704346
.0441894531
-.0198669434
-.0217895508
-.0598602295
.0343322754
-.0149383545
.0109252930
-.0159912109
-.0211334229
.0207519531
.0160675049
-.0065917969
-.0078125000
.0144042969
.0373382568
.0107574463
.0062713623
-.0048065186
.0055694580
-.0067596436
-.0060729980
.0065612793
.0057983398
.0039215088
-.0033416748
-.0033264160
.0037994385
.0037994385
.0016479492
-.0010681152
-.0015716553
.0014495850
.0022888184
.0018615723
-.0010528564
-.0017395020
-.0024871826
-.0011291504
-.0010528564
-.0013580322
-.0013122559
-.0022277832
-.0017089844
-.0019378662
.0011444092
.0031280518
-.0022583008
-.0031738281
-.0025482178
.0018463135
.0013275146
-.0019378662
-.0037384033
-.0040435791
-.0039978027
.0025787354
.0150604248
-.0019989014
.0015106201
.0050201416
.0064697266
-.0147552490
.0127563477
-.0164642334
-.0211944580
-.0268859863
.0155487061
.0155944824
.0174865723
-.0082397461
-.0034332275
.0021667480
.0052795410
-.0193023682
.0082092285
.0065612793
.0063171387
-.0033874512
.0043640137
.0101318359
.0087432861
.0029449463
-.0024261475
-.0021362305
-.0077209473
-.0066070557
-.0084075928
-.0023803711
-.0019683838
.0090942383
.0029449463
-.0045166016
-.0022888184
.0022125244
-.0049438477
-.0051422119
-.0043334961
.0011901855
.0012817383
-.0032806396
-.0046539307
-.0026092529
-.0016632080
.0025482178
.0018615723
.0008544922
-.0010681152
-.0016326904
.0007629395
-.0012512207
-.0006103516
.0007476807
-.0007476807
.0012207031
.0009002686
-.0015869141
-.0018463135
-.0010375977
-.0013885498
