-.0000457764
.0000457764
.0000457764
.0000457764
-.0000457764
.0000457764
-.0000457764
-.0000457764
-.0000457764
.0000457764
.0000457764
-.0000457764
.0000457764
.0000457764
.0000457764
-.0000457764
.0000457764
-.0000457764
-.0000457764
.0000457764
.0000457764
.0000457764
.0000457764
.0000457764
.0000457764
-.0000457764
-.0000457764
.0000457764
.0000457764
-.0000457764
-.0000457764
.0000457764
.0000457764
-.0000457764
.0000457764
.0000457764
.0000457764
.0000457764
.0000457764
.0000457764
-.0000457764
-.0000457764
.0000457764
.0000457764
-.0000457764
-.0003662109
-.0003967285
.0107421875
-.1253967285
.1360168457
.1260223389
-.0993499756
.1389770508
-.0871582031
-.1286621094
.1387329102
-.1344451904
-.1181488037
-.0877990723
-.0786590576
-.0873260498
.0527954102
-.1280670166
.0795135498
-.0919647217
.0615539551
-.0503540039
-.0201873779
-.0756988525
.0748748779
.0375366211
-.0924224854
-.0488891602
-.1071166992
-.0596923828
.0684661865
-.0336608887
-.0689239502
-.0334320068
-.0435638428
-.0461883545
-.0512847900
-.1016845703
-.0265808105
.0841827393
.0960845947
-.0794982910
.0689544678
.0560607910
.0375823975
-.0505523682
-.0248107910
.0725555420
.0304412842
-.0360870361
.0740051270
-.0342102051
.0147552490
-.0570068359
.0334320068
-.0424041748
.0285186768
-.0347442627
-.0156707764
.0280914307
.0461883545
-.0132598877
.0498352051
.0110321045
.0118103027
.0199584961
-.0337219238
.0186157227
-.0450744629
.0405578613
-.0431213379
.0106048584
-.0096588135
-.0088653564
.0104980469
.0243988037
-.0172882080
.0391540527
.0204010010
.0211639404
-.0157470703
-.0173339844
.0295410156
.0067596436
-.0177001953
-.0158386230
-.0187683105
-.0092926025
-.0139160156
-.0160217285
.0065307617
-.0140533447
-.0270233154
.0187988281
-.0085296631
-.0167846680
.0352630615
-.0079345703
-.0028228760
-.0092773438
.0116119385
.0085906982
.0064697266
-.0093231201
.0472412109
-.0937500000
.0715179443
-.0854949951
-.0164794922
-.0509948730
-.0286712646
-.0468902588
.0420837402
-.0184936523
-.0270080566
.0408782959
-.0345001221
.0113983154
.0645141602
-.0172271729
.0583343506
-.0382843018
.0276489258
.0271148682
.0263214111
-.0438385010
-.0077667236
.0138092041
-.0141906738
-.0184783936
.0227355957
-.0044708252
-.0389862061
.0130310059
.0169982910
-.0112457275
.0047302246
-.0139007568
.0095520020
-.0163726807
.0342254639
-.0143127441
.0154266357
-.0051574707
.0122375488
-.0161437988
.0117187500
.0268249512
-.0126495361
.0662231445
.0352020264
.0119323730
-.0829315186
.0313110352
.0346984863
-.0145111084
-.0592651367
.0279083252
.0761718750
-.0645904541
.1075134277
-.1107940674
.0334472656
.0567779541
-.0340728760
-.0214691162
-.0163879395
-.0088653564
.0335998535
.0192565918
.0133514404
-.0098571777
.0374755859
-.0179595947
.0236053467
-.0265350342
.0068359375
-.0075073242
.0137786865
-.0175628662
-.0097808838
.0220336914
-.0129547119
-.0095672607
.0160980225
-.0224151611
.0166625977
.0106964111
-.0084533691
.0144348145
-.0088043213
.0389404297
-.0203704834
.0418243408
.0151672363
-.0255584717
.0409088135
-.0161132813
.0433654785
.0197906494
.0239257813
.0336456299
-.0067443848
.0249938965
.0182342529
-.0059661865
.0139617920
-.0092315674
-.0308532715
.0265045166
-.0134582520
.0154571533
.0471649170
-.0269470215
-.0271606445
.0430603027
-.0139160156
-.0155181885
.0457305908
-.0169219971
-.0225372314
.0240173340
-.0250701904
-.0134277344
.0229187012
-.0149688721
-.0119934082
.0155944824
-.0120239258
.0219879150
-.0121307373
.0084686279
.0121002197
-.0139923096
.0095214844
.0047760010
-.0094299316
.0060577393
.0044860840
-.0116729736
.0056152344
-.1125793457
-.1337890625
.1143035889
.1379547119
-.1322937012
.0807037354
.1246185303
.0489807129
-.1332092285
.0910949707
-.1260070801
.1371612549
.0811309814
.0661163330
-.0496978760
.1391296387
.0335693359
.0871887207
.0543823242
-.0626831055
-.0555267334
.0539703369
-.0785522461
-.0547027588
-.0386657715
.0613403320
.0540771484
-.0574798584
.0699768066
-.0220489502
-.0534820557
.0503692627
.0340423584
-.0167388916
.0274505615
.0232696533
-.0167694092
-.0289459229
-.0137176514
.0194549561
-.0176391602
-.0313110352
.0188293457
-.0113525391
.0258026123
-.0235595703
-.0597381592
.1199951172
-.0775604248
-.1075134277
-.0995788574
-.0835113525
.1044616699
.0495147705
-.0265197754
-.0691223145
-.0686492920
-.0164489746
.0503234863
-.0351104736
-.0801086426
-.0674438477
.0528106689
-.0329132080
-.0411071777
.0489807129
-.0396423340
-.0201110840
.0379486084
.0413818359
.0320129395
.0055236816
-.0123748779
.0201721191
-.1251373291
-.1184082031
-.0663452148
.0937042236
.1004791260
-.1331787109
.1400756836
-.0418090820
-.0224761963
.0515899658
-.0795288086
.0746154785
.0509338379
.0254821777
-.0476989746
.0587005615
.0395050049
.0655670166
-.0928192139
-.0322723389
.0364227295
-.0259552002
-.0489501953
.0650939941
.0385284424
-.0350952148
.0296783447
-.0307159424
-.0060424805
.0144348145
.0271606445
-.0216369629
.0111846924
-.0237884521
.0246429443
-.0138244629
.0149383545
-.0354156494
.0273437500
-.0111694336
.0053100586
-.0139617920
.0068359375
.0102691650
-.0043792725
-.0223388672
.1078033447
-.1087646484
-.1085052490
.1152648926
-.1331787109
.0803527832
.1102294922
.1204376221
-.0549926758
-.0850219727
-.0665588379
.0899963379
-.0388946533
-.0537261963
-.0380554199
.0419006348
.0666809082
.0448608398
.0351104736
-.0685119629
-.0404205322
.0287628174
.0492858887
-.0560150146
-.0257568359
.0355072021
-.0351562500
-.0422363281
-.0530242920
.0362396240
.0225524902
-.0357208252
.0540466309
.0333099365
.0358581543
.0266265869
-.0476226807
-.0557098389
.0221557617
-.0620117188
-.0132141113
.0661315918
-.0268554688
-.0076599121
.0568847656
.0675048828
-.0424041748
.0746307373
.0343627930
-.0777130127
.0391387939
.0467834473
-.0236358643
-.0435028076
-.0217895508
-.0182495117
.0183258057
-.0377349854
.0349426270
-.0655059814
-.0517272949
.0603942871
.0427703857
-.0618743896
-.0877075195
-.0541687012
.0547485352
.0284729004
-.0109710693
.0519561768
.0574493408
.0595397949
.0385437012
.0924682617
-.0509490967
.0618438721
-.0425262451
-.0406799316
-.0464782715
.0245513916
-.0296783447
-.0242767334
.0809936523
-.0702819824
-.0153656006
.0176696777
-.0264587402
.0246276855
.0155639648
-.0182037354
-.0395660400
.0207366943
-.0193328857
-.0157470703
.0214996338
-.0178833008
-.0330200195
.0137329102
-.0065917969
-.0174255371
.0065460205
.0173187256
-.0158386230
-.0117492676
-.0238952637
-.0613403320
-.0488433838
.0440368652
-.0366668701
-.0124969482
-.0204162598
-.0102233887
.0155029297
-.0176849365
.0357055664
-.0241394043
.0377502441
-.0451965332
.0280303955
-.0447692871
-.0179595947
-.0079345703
-.0215148926
-.0100708008
.0202636719
.0145416260
-.0059204102
-.0114440918
-.0230560303
-.0167999268
.0121765137
.0173797607
-.0221710205
.0183105469
-.0176086426
-.0055084229
.0312042236
.0069122314
-.0215759277
.0335083008
.0522308350
-.0379333496
-.0301971436
.0196075439
.0223236084
.0232086182
-.0278320313
.0244903564
.0408782959
.0266876221
.0377349854
.0264434814
.0186157227
-.0211181641
.0191345215
-.0097351074
-.0172119141
.0232849121
.0190277100
-.0308990479
.0338745117
.0151672363
.0143432617
.0149078369
.0078887939
.0105590820
.0151824951
-.0232849121
.0162200928
-.0217742920
.0121917725
.0160827637
.0130004883
-.0145874023
-.0206298828
.0171356201
.0216369629
.0180969238
.0373077393
.0071258545
.0379028320
.0381317139
-.0478668213
-.0309906006
-.0437622070
.0208892822
-.0186920166
-.0469055176
.0086822510
.0212249756
.0127258301
-.0162200928
.0317382813
-.0059204102
-.0318450928
-.0060729980
-.0110931396
.0082702637
-.0440521240
-.0108642578
.0211181641
-.0143127441
-.0223236084
.0167083740
.0243988037
-.0321350098
.0306091309
.0203094482
-.0233459473
-.0073852539
-.0108795166
.0206298828
-.0214233398
-.0057525635
.0171813965
-.0081024170
-.0058135986
.0165405273
-.0098266602
-.0098724365
-.0187225342
.0257263184
-.0172576904
-.0078735352
-.0141296387
-.0228424072
.0120544434
-.0088653564
.0274963379
.0419006348
.0108795166
.0138549805
.0259552002
.0270843506
-.0337677002
.0311889648
.0292205811
.0231628418
-.0132141113
.0325927734
-.0151672363
-.0136260986
.0200347900
.0171356201
-.0149688721
-.0134582520
-.0066223145
.0250854492
-.0098114014
-.0134124756
.0207672119
-.0092163086
-.0091552734
.0039520264
-.0181427002
-.0300750732
-.0290527344
.0211791992
.0348510742
-.0160369873
-.0290374756
.0097961426
-.0213012695
.0189361572
-.0129547119
-.0081634521
-.0068817139
-.0102844238
.0135650635
.0280761719
-.0114135742
.0286560059
.0147247314
-.0346069336
-.0230255127
-.0149383545
.0216522217
.0222473145
.0157318115
-.0181121826
-.0117187500
.0095367432
-.0055084229
.0074615479
-.0124206543
-.0298614502
-.0271759033
.0343780518
-.0257110596
-.0330657959
.0469360352
.0533752441
.0381622314
-.0864410400
-.0473632813
.0493621826
.0563201904
.0468139648
.0407562256
-.0220947266
.0437316895
.0217895508
.0079040527
-.0094451904
.0093536377
.0110473633
-.0144958496
-.0113830566
-.0141754150
.0064697266
-.0129394531
.0248718262
-.0183105469
.0476226807
.0216827393
-.0244140625
.0425872803
-.0426635742
.0708160400
-.0455932617
.1238555908
.1303863525
.1065368652
-.1337127686
.0448150635
.0445098877
.1321258545
-.1294555664
.1076660156
-.1347503662
-.1150665283
-.0346527100
.0805969238
-.1233520508
-.0585327148
-.1285858154
-.1246032715
.0534515381
.0879669189
-.0638580322
.0900268555
.0716705322
.0942382813
-.0455932617
.0694580078
.0624542236
.0776977539
.0655822754
-.0415496826
-.0433044434
.0614013672
-.0523681641
-.0443878174
-.0585174561
-.0422363281
.0138549805
-.0339050293
.0220947266
.0458221436
-.0267639160
.0447845459
.0370483398
-.0227355957
.0122985840
.0510406494
-.0116577148
-.0373535156
.0114898682
-.0283355713
.0469665527
.0747222900
.0668182373
-.0532836914
-.0302124023
-.0794067383
.0649719238
-.0395660400
-.0205383301
.0467071533
-.0059051514
.0545501709
.0157928467
-.0183868408
.0416107178
.0116271973
.0417785645
.0176086426
-.0117034912
.0212554932
-.0142974854
.0291748047
.0092620850
.0747375488
-.1103210449
-.0964355469
-.1039886475
.0694732666
.0784759521
.0845184326
-.0755920410
.0890502930
.0621643066
.0565032959
.0952758789
.0609283447
.0599212646
-.0600433350
.0431671143
.0485229492
.0720825195
-.0482788086
.0567626953
.0495910645
-.0417633057
-.0265655518
-.0357971191
-.0470275879
.0343322754
.0476989746
-.0308837891
.0334777832
-.0281066895
-.0392913818
.0324096680
-.0321960449
.0295104980
-.0136260986
.0215301514
.0261993408
.0189208984
-.0200195313
-.0263824463
-.0114135742
.0307312012
-.0341491699
.0212097168
-.0260772705
.0197906494
-.0133972168
-.0136718750
-.0248565674
.0246734619
-.0243072510
.0152435303
.0115051270
-.0230712891
.0197143555
-.0219726563
.0114135742
-.0120391846
.0068664551
-.0119323730
.0117340088
.0134887695
.0124511719
-.0101013184
-.0160980225
.0133819580
.0095977783
-.0130767822
-.0121154785
-.0097198486
-.0177307129
.0085601807
-.0062866211
-.0096435547
.0107269287
-.0111236572
.0069732666
.0084075928
-.0107574463
-.0087738037
.0074920654
-.0094909668
.0086059570
-.0030059814
.0038909912
.0053863525
-.0070800781
.0047149658
-.0037536621
-.0058593750
.0054473877
-.0050964355
.0026855469
-.0030975342
-.0052642822
.0041503906
.0065460205
.0071563721
-.0040588379
-.0033111572
.0072937012
-.0060424805
.0028991699
.0057983398
.0030975342
.0027770996
.0020294189
.0030822754
-.0066070557
.0059204102
.0069274902
-.0052032471
-.0047760010
-.0025024414
.0028991699
.0043334961
-.0027008057
-.0038299561
.0020599365
.0047454834
-.0034179688
-.0023956299
.0043640137
-.0035858154
.0035247803
-.0014801025
.0018463135
-.0026397705
-.0021667480
-.0015258789
.0014190674
.0023651123
-.0025177002
-.0017852783
.0016021729
-.0016326904
.0011444092
.0009155273
-.0018463135
.0030364990
.0012359619
-.0018463135
.0020904541
-.0016326904
.0010681152
-.0013275146
-.0014801025
-.0011138916
-.0012054443
.0017547607
-.0018157959
-.0015869141
.0010986328
-.0008087158
.0008087158
-.0009613037
-.0010986328
-.0009155273
.0007934570
.0011596680
-.0009918213
.0013580322
-.0009002686
-.0014953613
.0007934570
.0016479492
.0009155273
-.0007781982
.0010681152
-.0009460449
-.0003814697
.0014648438
.0011138916
-.0011901855
-.0008239746
.0010223389
-.0012664795
-.0007019043
.0010986328
-.0005798340
.0010681152
.0009155273
-.0008239746
.0009613037
-.0007019043
.0006256104
-.0011749268
-.0005645752
-.0004425049
-.0005950928
.0007629395
.0004882813
-.0007934570
.0006866455
.0007476807
-.0004577637
.0004425049
-.0006713867
-.0002593994
.0004730225
-.0002593994
-.0006713867
-.0006408691
.0005187988
.0030975342
