.0000457764
-.0000610352
-.0000457764
-.0000457764
-.0000457764
.0000457764
-.0000610352
.0002899170
.0004730225
.0010833740
.0012969971
.0024414063
-.0016937256
.0027770996
-.0026550293
.0576477051
-.0074768066
-.0063018799
.0133972168
-.0203399658
-.0223541260
-.0266265869
-.0263824463
-.0263824463
-.0199279785
-.0289916992
-.0235290527
.0184326172
-.0316162109
-.0284271240
.0215911865
-.0273895264
-.0184326172
-.0367126465
-.0238037109
-.0234527588
.0304718018
-.0291137695
.0276031494
.0220489502
.0317535400
.0251922607
.0359649658
.0264282227
.0286102295
.0214233398
-.0203704834
.0337829590
.0281677246
.0505065918
-.0581665039
.0641479492
-.0538330078
-.0475463867
-.0650329590
.0726013184
-.0697937012
.0668029785
-.0444183350
.0676574707
.0680999756
-.0446472168
.0631866455
.0512237549
.0561981201
.0487213135
.0613861084
.0538024902
.0537261963
-.0487365723
-.0757141113
.0787506104
-.0676422119
-.0609741211
.0821838379
.0572509766
.0754394531
-.0915527344
.0686035156
-.0767364502
-.0667877197
-.1083679199
.0906982422
-.1033020020
.0908660889
-.0832519531
-.1228027344
.1069183350
-.1543273926
-.1176910400
-.1272277832
.1108703613
.1056365967
.1310272217
-.0961914063
-.1603546143
-.1410369873
-.1444854736
-.1778411865
-.1456298828
-.1275177002
-.1204528809
-.1290740967
-.1361999512
-.1670837402
.1370544434
.1326293945
.1460876465
.1911315918
-.1286621094
.1524047852
.1228179932
-.1510314941
-.1023559570
-.1087799072
-.1113433838
-.1296844482
.1336822510
.1113281250
.1083679199
-.1049041748
-.1241607666
-.1206512451
.1331481934
.1095123291
.1176910400
-.1131744385
.1358642578
-.1235046387
-.1194305420
-.1398162842
-.1500244141
-.1074218750
.1221160889
-.1303253174
-.1161041260
.1675415039
-.1182708740
-.1933593750
.1412811279
.0975646973
.1687316895
-.1287078857
.1512756348
.1044006348
-.1328125000
.1603393555
.1377410889
-.1406250000
-.1573333740
.1670379639
-.1691589355
-.1529388428
-.1744689941
-.1608886719
.1441955566
.1336517334
.1230926514
.1547088623
.2008819580
.1594696045
.1682128906
-.1385345459
.1715393066
-.1612548828
-.1791076660
.1473693848
-.1770629883
.1678924561
-.1729278564
-.1231689453
.1542816162
.1650085449
-.1869354248
-.1507873535
.1472625732
-.1606903076
.1398468018
.1771392822
-.1574401855
-.1538391113
-.1335144043
.1606903076
-.1521759033
-.1686859131
-.1489562988
.1613159180
.1327056885
-.1882934570
-.1641540527
-.1581420898
.1088867188
.1405334473
.1759490967
-.1279754639
-.1880950928
-.1701049805
-.1622772217
.1567535400
.1809844971
.1659240723
.1323699951
.1801452637
.1276397705
-.1744537354
.1290435791
-.1299285889
.1383666992
.1058959961
-.1256256104
-.1384124756
-.1691284180
.1530303955
.1483001709
.1356658936
.1295318604
.1495208740
.1319732666
-.1606292725
.1807861328
-.1828918457
.1067352295
.1485290527
-.1669769287
.1673736572
.1205444336
.1861267090
.1317596436
-.1684570313
.1494903564
.1228179932
-.1509246826
-.1485137939
-.1526794434
.1565704346
.1219787598
.1311798096
-.1938018799
-.1413574219
-.1235809326
.1397094727
.1228485107
.1276245117
.1416168213
-.1430969238
-.1462860107
-.1394042969
-.1624603271
-.1645812988
.1745300293
.1122589111
.1105499268
-.1496276855
-.1478118896
-.1257781982
-.1326141357
-.1575469971
.1952667236
.1534423828
.0957336426
-.1548004150
.1846923828
.1249389648
-.1204681396
.1776123047
-.1400909424
.1205596924
.1179351807
.1644439697
-.1586608887
-.1717834473
.1239166260
.1881256104
.1985168457
-.2094879150
.1263732910
.1221160889
-.1528015137
.1651306152
-.1402130127
.1228027344
.0948944092
-.1363983154
-.1270294189
-.1360473633
-.1569824219
-.1340026855
-.1325836182
-.1118927002
.1414947510
-.1334381104
-.1652984619
-.1311798096
-.1349639893
-.1820678711
-.1672668457
-.1624603271
.1738739014
-.1703186035
-.1180419922
-.1328887939
.1412963867
.1802978516
-.1442108154
.1598968506
.1198272705
-.1441802979
-.2487640381
.1660919189
-.1455688477
.1483612061
-.1744689941
-.1448211670
-.1809539795
-.1707000732
-.1450500488
-.1605987549
-.1782989502
.1879119873
-.1520538330
-.1561126709
-.1430664063
-.1943206787
-.1394958496
-.1535491943
-.1506958008
-.2126770020
-.1697845459
-.2192535400
-.2059478760
.1668395996
.1702423096
.1470031738
-.1386108398
-.1720275879
-.1776123047
.1454315186
.1410369873
-.1871032715
-.1772155762
-.1392974854
.1447448730
.2044677734
.1534576416
.1903381348
.1475524902
-.1789245605
.1711578369
.1580352783
.1524047852
.2129821777
.1688690186
.1477813721
.1788635254
-.2174530029
.1520690918
-.2023162842
.1746826172
.1674346924
-.1393890381
.1828918457
-.1481170654
.1624755859
.2116699219
.1710662842
-.2278289795
.1386413574
.1973724365
.1349792480
-.1520080566
-.1388397217
.1995391846
.1478881836
.1770782471
.1460723877
.1568756104
.1981506348
.1345062256
-.1988372803
-.1760864258
.1726074219
.1684112549
-.2151794434
-.2343444824
.1431579590
-.1877441406
-.1689453125
.1581726074
-.1687622070
.2133483887
-.2110443115
.1351776123
.1336059570
.2055969238
-.1656494141
-.1835937500
-.1434478760
.1645507813
.1506652832
.1872253418
-.1997833252
.1889801025
.1941528320
.1589660645
-.1836090088
-.1595764160
-.1629333496
-.2010192871
.1262054443
.1477661133
-.1921081543
-.1529846191
.2085723877
.1636962891
.1410217285
.1706085205
.2389221191
.2342224121
.1994323730
-.2294616699
.1506958008
-.2658691406
-.1672515869
.1444549561
.1856384277
.1452789307
-.1952667236
-.1500701904
-.1585540771
.1593780518
.1819763184
-.2008056641
-.1559448242
-.1255340576
-.2552032471
-.1830291748
-.2218170166
.1479339600
-.1465148926
-.1625976563
-.1801910400
.1358795166
-.1998596191
-.1922302246
.1489562988
.1439514160
-.2006988525
-.1724395752
.1726989746
-.1309661865
-.1388092041
.2015533447
.1808471680
-.2083740234
.1434631348
-.1275329590
.1747131348
.1411895752
-.1383361816
.1265716553
-.1444702148
-.1786804199
-.2406616211
-.2050933838
.1355743408
.1584472656
-.2063751221
-.1870117188
-.1656646729
-.1398925781
-.1370544434
.2557373047
-.1826477051
.1839904785
.1724090576
-.2153472900
.1565856934
.2288818359
-.1786346436
-.1853485107
-.1754302979
.1707305908
.1643829346
.1869964600
.2137756348
-.1703796387
.2004699707
.2005157471
.1784667969
.2243041992
-.1720123291
.2033081055
-.1762542725
-.1944885254
-.2711334229
-.1685180664
.1917419434
.1812286377
.1792755127
.2203521729
.1450347900
-.2096557617
.1965484619
.1943359375
.1784210205
.1836242676
.2278900146
.1691284180
-.1484527588
.1311492920
-.1323852539
.1351928711
.1698150635
.1005554199
-.1346893311
-.0864410400
-.1464996338
-.1444091797
-.1055145264
-.1043548584
-.1120910645
.0781707764
-.1289215088
.1205444336
-.1075439453
-.0894622803
.0917205811
-.1020965576
-.1060485840
.0872039795
-.1427612305
-.1183013916
-.0793914795
-.1024475098
.0722045898
.1009063721
-.0840606689
.0945892334
.0779876709
-.0643310547
-.0788726807
.1114044189
.0843353271
-.0888519287
-.1052551270
.1097106934
.0865478516
.1020965576
.1132354736
-.0981292725
-.0982208252
-.1170959473
.1278686523
-.0854034424
-.1018676758
-.1103057861
-.1059722900
-.1114654541
.1141052246
.0958557129
.0743560791
-.0842437744
.0942077637
.0859527588
-.0737762451
-.1119384766
-.0894317627
.1177062988
.0954589844
-.0754699707
.1032104492
-.0919494629
-.0910491943
-.1215362549
-.0975189209
-.1259002686
.0838012695
-.0724639893
-.0762634277
-.0983428955
.1003875732
.1049499512
.0824127197
.0927276611
.0745086670
.1098480225
.0883178711
.0776062012
-.1202850342
-.1016693115
-.1198272705
-.1040191650
-.0881500244
.0914764404
.1081237793
-.0926818848
-.0835266113
-.1058044434
.0712127686
.0983581543
-.0752258301
.1200561523
-.0767059326
-.0883636475
-.0755310059
-.1207427979
.0641479492
-.0820465088
.0734863281
.0837249756
-.0749511719
-.0846405029
-.0830383301
-.0851440430
-.0905151367
.0795288086
-.0576324463
-.0801696777
.0975646973
.1263427734
-.0892181396
-.0898284912
-.1518096924
-.0957336426
-.0793914795
-.0788421631
-.0887298584
-.0847778320
-.1225280762
-.1157989502
-.0933837891
.0590515137
.0910491943
-.0735626221
-.0831451416
.0829467773
-.0901031494
-.1179199219
-.0759735107
.1143188477
-.1071472168
-.1272277832
.1048889160
.0882415771
-.0801544189
.0804595947
-.1068420410
-.0933227539
-.0602722168
-.1069030762
.0979614258
-.1206054688
-.1049957275
-.1517639160
.1025543213
-.1228332520
-.0933532715
-.0767364502
.0856781006
.0889739990
-.0985717773
-.0949707031
.1015167236
-.0854949951
-.0900268555
.0807647705
.1129760742
-.1068420410
.0948181152
-.0977325439
-.1037750244
-.0784912109
.1119537354
-.0958099365
-.1184692383
-.1453704834
-.0705108643
-.0950622559
.1083374023
-.0969390869
-.1283721924
-.1069488525
-.0758361816
.0902557373
.0826263428
.1025543213
-.0738372803
.1230621338
-.1118927002
.1016693115
.1260528564
.1140747070
-.1127014160
.1373748779
.0943908691
-.1348876953
-.1272125244
-.1448211670
.1357879639
-.1044769287
.0766754150
.1002502441
-.1334228516
-.1466979980
-.1016387939
.0682983398
.0831451416
.0823059082
.0894775391
-.1006469727
-.0891265869
.0927276611
-.1038970947
.1261291504
.0985107422
-.1196441650
.1255340576
-.1200866699
.1183624268
-.1491546631
.1510314941
-.0991210938
-.1359710693
.1208038330
.1372222900
-.1293945313
-.1072845459
.1090393066
.1131134033
-.1218261719
-.0942077637
.1105651855
-.0727386475
.0669555664
.1093139648
.0863800049
-.1224060059
.1064758301
-.1075134277
.1104125977
.1073303223
-.1347808838
.1330871582
-.1426696777
-.1310729980
.1303253174
-.1108856201
-.1240692139
-.1380462646
.1336517334
.0767974854
-.0896759033
.0845031738
-.0965728760
.0911865234
-.1256713867
-.0778808594
-.0784301758
-.1059417725
-.0733947754
.0737152100
.1277618408
-.1251983643
.0588226318
.1055145264
.1297302246
-.0929260254
.1007995605
-.1058654785
.1223297119
.1535339355
.1195678711
.1050262451
-.0905761719
.1061401367
.0754241943
-.1033935547
.0915527344
.0870819092
.0941467285
-.0958709717
.0984497070
-.0722656250
-.0752868652
.0951080322
.0836639404
.0781250000
-.1106872559
.1250000000
.1078186035
.1280975342
.1000823975
.1053619385
.0977783203
.1211242676
.1226654053
.0955963135
.1322021484
.1438751221
.1099548340
-.1061096191
.1115722656
-.1008300781
.0875091553
-.1028442383
-.0905303955
.0975494385
.1201171875
.0813446045
-.1171417236
.0845642090
-.0842895508
.1067047119
.0871429443
-.0999603271
.0928039551
-.0906524658
.0764160156
.0944213867
-.1088714600
.1141052246
.1051940918
-.0852508545
.0806579590
-.0955657959
.0872802734
-.1016235352
-.1009979248
-.1195220947
.1211242676
.0988769531
.1310577393
.0833282471
-.1101531982
-.1178894043
-.1346435547
.1492614746
-.0798492432
-.1292877197
-.1115875244
.1183929443
.1310119629
-.1186981201
-.1043701172
.0830230713
-.0873260498
.0936279297
-.1000671387
-.1061706543
-.0905303955
.1463012695
-.1427307129
-.1012725830
-.0953826904
.1326904297
.1153259277
.1205596924
-.0937347412
-.1008148193
-.0946655273
-.1127929688
.1234741211
-.1290740967
-.1184844971
.0843811035
-.0919342041
.1103515625
-.0801849365
-.0963134766
.0961608887
.0933074951
-.0939941406
.0731201172
.1209716797
.1701049805
.1323242188
-.1166534424
-.1062622070
.1106414795
.1181793213
-.1015167236
-.0966339111
.0734252930
.1317901611
-.1115570068
.1353759766
.1100311279
.0928344727
-.1462249756
.1148529053
-.0979766846
-.1051483154
-.0998687744
.0929870605
.0987701416
-.0926513672
-.0987854004
.1424713135
-.1332244873
.1154327393
.1187591553
.1275329590
.1401367188
.0991821289
-.1264953613
.1127319336
-.0884704590
-.0890197754
.0893249512
-.1075439453
-.0839080811
.0964508057
-.0963134766
-.1064910889
.1093139648
.1132202148
-.1354827881
-.0871124268
-.1118011475
-.1069183350
.1653137207
-.1024475098
.1121215820
-.1246490479
-.0671997070
-.0782012939
-.1046600342
.0707702637
.0789642334
-.0857391357
-.0741119385
-.0572052002
-.0388183594
-.0476226807
-.0434722900
.0356140137
-.0444183350
-.0345611572
.0299377441
-.0213470459
-.0283966064
-.0242004395
-.0174102783
-.0255279541
-.0305633545
-.0253448486
-.0200347900
.0258483887
-.0160827637
.0144500732
-.0204010010
-.0194091797
.0143585205
.0308990479
-.0416564941
.0384674072
-.0339508057
-.0300750732
-.0254058838
-.0211639404
-.0178070068
-.0149993896
.0134887695
-.0149078369
-.0120849609
.0102233887
.0093078613
-.0082550049
-.0061187744
-.0063629150
-.0070343018
.0056304932
.0054473877
.0051116943
.0040740967
-.0037231445
-.0030059814
-.0027465820
.0026855469
-.0027160645
-.0025634766
.0023498535
.0020141602
.0020751953
-.0021057129
-.0016174316
-.0014953613
-.0013427734
.0010986328
-.0010223389
-.0010375977
-.0009155273
-.0008239746
.0007629395
.0008087158
-.0006408691
.0005950928
-.0005798340
-.0004272461
.0004119873
-.0003509521
.0003204346
.1401367188
