.0000457764
-.0000457764
-.0000457764
.0000457764
-.0000457764
-.0000610352
-.0000457764
-.0000457764
-.0000457764
-.0000762939
-.0000762939
.0000457764
-.0000457764
-.0000457764
-.0000457764
-.0000457764
-.0000610352
-.0000457764
-.0000457764
-.0000457764
-.0000610352
-.0000457764
-.0000457764
-.0000457764
-.0000457764
-.0000610352
-.0000457764
-.0000457764
-.0000457764
-.0000457764
-.0000457764
-.0000457764
-.0000457764
-.0000610352
-.0000610352
-.0000610352
-.0000610352
-.0000457764
-.0000610352
-.0000610352
-.0001373291
-.0002136230
.0004730225
-.0008697510
.0016632080
.0030059814
.0070037842
.0065155029
-.0071868896
.0131072998
-.0135192871
.0144348145
.0148162842
.0137023926
.0222015381
-.0112915039
-.0293426514
.0325927734
.0267181396
.0187530518
.0235595703
-.0236816406
.0331573486
.0353546143
-.0216979980
-.0181884766
-.0231781006
-.0186462402
-.0203094482
-.0242004395
.0168914795
-.0112762451
.0302276611
.0165252686
.0228118896
.0215301514
-.0182495117
.0185394287
-.0334014893
-.0319366455
.0426635742
-.0214080811
-.0379333496
.0260009766
-.0255889893
-.0270233154
.0299987793
.0318756104
.0336914063
-.0208282471
-.0272064209
-.0323028564
-.0425109863
-.0221252441
.0515747070
.0240783691
-.0347900391
.0234375000
-.0224609375
.0223541260
.0335998535
-.0410461426
-.0460968018
.0230102539
-.0339660645
.0302581787
.0245666504
.0320587158
-.0190887451
-.0360107422
-.0267333984
-.0127410889
-.0123138428
.0115814209
-.0164184570
.0073394775
-.0062408447
-.0077667236
-.0061798096
.0035858154
-.0047760010
-.0024414063
.0034942627
-.0016632080
.0023345947
.0012817383
.0012817383
-.0020141602
.0012207031
.0011291504
.0010070801
.0014648438
-.0006866455
-.0005340576
-.0003509521
-.0004882813
.0004577637
.0003204346
-.0004272461
-.0004272461
.0005340576
.0005035400
.0004119873
-.0004577637
.0003967285
-.0006713867
-.0005493164
-.0005798340
-.0011138916
-.0011901855
-.0012512207
.0009613037
.0005035400
.0007476807
.0003662109
-.0005645752
-.0005187988
.0008239746
-.0013732910
.0017547607
.0019683838
-.0027008057
-.0016326904
-.0009002686
.0011138916
-.0010070801
.0007171631
.0007781982
.0006103516
-.0005950928
.0006713867
-.0008087158
.0008239746
-.0008544922
-.0006713867
.0020599365
.0030670166
-.0019989014
.0034179688
.0050964355
.0142364502
-.0166168213
-.0185699463
.0235900879
.0330352783
.0446014404
.0529327393
.0515747070
.0409240723
-.0742340088
.0359344482
-.0794219971
.0524444580
-.0564270020
-.0771942139
-.0474700928
-.0964355469
.0832519531
-.1297760010
-.0511627197
-.0966186523
.1106567383
-.0865783691
.1043395996
-.0898132324
.0969390869
.0833129883
-.0709228516
.1013031006
-.1078338623
.0995483398
.0404663086
.0944061279
-.0500793457
-.1270751953
-.0536193848
.0718536377
.0907440186
-.0698089600
.0801849365
-.0814514160
.0569915771
.0601501465
-.0577239990
.0520477295
-.0600585938
-.0492401123
.0522918701
.0405426025
-.0415344238
.0280456543
-.0211486816
.0108947754
-.0137329102
-.0205535889
-.0097808838
.0079193115
-.0099182129
.0049896240
.0020446777
-.0027313232
.0019683838
-.0043487549
.0056152344
-.0085449219
.0075073242
.0099029541
.0146789551
-.0112457275
-.0263214111
-.0286102295
-.0357055664
.0224761963
-.0265655518
-.0225524902
-.0233154297
.0472412109
-.0339965820
.0488739014
-.0379486084
-.0529937744
.0323944092
.0490112305
-.0542449951
.0554351807
-.0522155762
-.0726623535
.0958862305
.0778808594
.0605316162
-.0627746582
-.0421905518
.0648956299
.0385437012
-.0569915771
.0501098633
.0454711914
-.0572357178
.0695037842
.0430145264
-.0734863281
-.0292663574
-.0463867188
-.0443725586
.0395050049
-.0312652588
.0285186768
.0458984375
-.0534820557
.0350952148
.0256805420
.0207519531
-.0225677490
.0285034180
-.0160369873
.0132751465
.0111541748
-.0048980713
-.0072479248
-.0060882568
-.0061187744
.0059509277
-.0117187500
.0071258545
.0132904053
.0249938965
-.0228729248
.0270690918
.0376892090
.0523223877
.0838470459
.0467376709
-.0699768066
-.1304473877
-.1220550537
-.1137847900
-.0886077881
-.0958099365
.0838623047
-.1080322266
.1123657227
.1676635742
-.0956573486
-.1306304932
.1000061035
.1682586670
.1557312012
-.1995849609
-.2420349121
-.1714782715
-.1203613281
-.1397705078
-.1216278076
-.1431427002
.0582427979
.1209716797
.1211395264
-.0920410156
-.0531158447
-.0718383789
-.0792236328
-.0582275391
.0484161377
.0407714844
-.0239257813
.0187377930
-.0131835938
.0118255615
.0116271973
.0098571777
.0051269531
-.0049438477
-.0141448975
-.0072479248
.0116577148
-.0318756104
.0340728760
.0243225098
-.0466461182
-.0508880615
.0517578125
-.0577087402
-.0289916992
-.0466308594
-.0411224365
.0631713867
-.0491485596
-.0478057861
.0722045898
-.0590362549
.0746154785
-.0459136963
.0488891602
-.0962219238
.0525970459
-.0554809570
.0386810303
.0355072021
.0358428955
.0394287109
-.0463867188
-.0360107422
.0403289795
.0314941406
-.0317535400
-.0545349121
.0323486328
-.0622711182
.0505371094
-.0369415283
-.0385589600
-.0295104980
.0324249268
.0285186768
-.0158233643
.0183410645
.0137786865
-.0178070068
-.0087585449
.0069885254
-.0066375732
-.0062408447
.0105895996
-.0195159912
-.0187377930
.0164031982
-.0461425781
.0580749512
-.0670623779
.0580291748
.0470123291
.0802459717
.0803375244
.0913848877
-.1072540283
.1795806885
.1331787109
.1953735352
-.1587219238
.0861816406
-.1470489502
.1163177490
-.1446228027
-.1683654785
-.1799926758
.1250610352
-.1165618896
-.1392059326
-.2051849365
-.1780090332
-.2063140869
-.1206970215
.1025543213
-.1338043213
-.1212005615
-.1295013428
-.1100921631
-.0485687256
.0296936035
.0290985107
-.0143432617
-.0222473145
.0217132568
-.0148010254
.0164947510
.0121307373
.0104827881
-.0069580078
-.0069122314
-.0150909424
-.0285491943
-.0259704590
-.0364379883
-.0330047607
-.0391082764
-.0432891846
-.0434875488
-.0496978760
.0442504883
.0385894775
-.0512695313
.0552520752
.0539093018
-.0455627441
-.0412445068
-.0433349609
.0729064941
.0576171875
.0677947998
.0656890869
-.0850372314
.0441284180
.0553894043
-.0711822510
-.0722961426
-.0561828613
-.0759735107
.0604858398
.0566101074
-.0722351074
-.0566406250
-.0965118408
-.0532531738
-.0308685303
-.0494995117
.0454254150
.0325317383
.0271453857
.0312347412
.0312042236
.0155639648
.0098419189
.0067596436
-.0104522705
-.0066375732
-.0079040527
.0102691650
-.0159912109
-.0187072754
.0458831787
-.0533142090
.0394897461
.0967712402
-.0921173096
-.0641632080
-.1314239502
-.0894775391
-.1775360107
-.1905059814
.0797882080
.1348876953
-.1357421875
.2020568848
-.1522369385
.1473388672
.1007995605
-.1436614990
.1162567139
-.1340637207
-.1752777100
.1980895996
.2322540283
-.2590026855
.1954803467
.1603851318
-.1857910156
.1889648438
-.1172027588
-.0835571289
-.0540161133
-.1388854980
.0966491699
.0748138428
.0278930664
-.0306243896
.0225982666
.0120544434
.0198974609
-.0131225586
-.0110321045
-.0097808838
-.0063476563
.0051269531
.0055389404
-.0078887939
-.0108642578
.0198822021
.0335693359
-.0319366455
-.0391387939
.0357360840
.0621643066
.0821990967
-.0409393311
.0923156738
.0408172607
-.0995635986
-.0492248535
.0944061279
-.0799560547
-.0878753662
-.0682983398
-.0621948242
.0777893066
.0977325439
.0693359375
-.1027984619
-.0984497070
-.0687408447
-.0766754150
.0840148926
-.1102905273
.0616455078
-.0785980225
-.0554962158
.0637207031
.0516815186
.0496826172
.0330657959
.0482635498
.0354614258
.0421142578
.0294189453
-.0236968994
-.0140533447
.0153656006
-.0082855225
.0075988770
.0064697266
.0075988770
.0104980469
.0172882080
-.0182647705
.0277862549
.0538177490
.0412445068
.0625457764
-.0389251709
.0777282715
-.0763854980
.0940551758
.1075286865
.1293334961
.1121826172
.1264190674
.1831359863
-.1679534912
-.1914520264
-.0850372314
.1441345215
-.1349792480
.2050476074
-.2274322510
-.1936492920
.1671447754
-.1834259033
.1081085205
.1296844482
-.1054840088
-.0878143311
-.0799407959
.1233215332
-.0969848633
-.0729980469
-.0455627441
.0533752441
.0338134766
-.0154876709
.0147399902
-.0202331543
.0084075928
.0084533691
-.0101165771
.0099792480
-.0063476563
-.0083007813
-.0136718750
.0300903320
-.0383605957
-.0459747314
-.0257415771
.0567169189
.0445404053
.0453948975
-.0520782471
.0488739014
-.0500488281
.0386810303
.0603332520
-.0695800781
.0475006104
.0406646729
.0533447266
-.0716552734
.0745239258
-.0828094482
-.0715484619
-.0834655762
-.0600433350
.0790710449
.0632934570
.0532226563
-.0523529053
.0680541992
-.0559692383
.0471038818
-.0505523682
.0428466797
-.0377502441
.0275726318
-.0270538330
-.0213775635
-.0207519531
-.0151824951
-.0155334473
-.0141906738
-.0178527832
.0169830322
.0040588379
.0090179443
.0313873291
.0228881836
.0150146484
.0123443604
.0226745605
.0195770264
-.0402832031
-.0346374512
-.0675048828
.0758056641
.0819396973
-.0768127441
-.0975494385
-.0655975342
-.0872802734
-.1113891602
-.0711364746
.0957641602
.0656127930
.1025543213
.1121673584
.1605377197
-.1280364990
-.1789398193
.1372680664
.1194458008
-.1288452148
-.1159210205
-.1140594482
-.1215972900
.0794219971
-.0685577393
-.0646209717
.0534973145
.0595092773
-.0289764404
.0265960693
.0370178223
-.0330963135
.0103454590
-.0108947754
-.0077667236
.0049438477
-.0055541992
.0020751953
.0072021484
-.0062866211
.0127868652
-.0137786865
-.0298919678
-.0381622314
-.0440673828
.0522155762
-.0346679688
-.0469055176
-.0792694092
.0281982422
.0640106201
-.0437622070
.0730743408
-.0677337646
.0540618896
-.0856323242
-.0396728516
.0877838135
.1052246094
.0536193848
.1067047119
-.1282653809
-.1032257080
.0557403564
-.0414886475
.0972137451
.0505981445
.0494995117
-.0444030762
.0631103516
.0421905518
.0377349854
.0240631104
-.0276031494
.0215911865
.0163574219
.0187225342
.0108032227
.0112457275
.0101318359
-.0053558350
-.0038909912
.0045013428
.0092163086
-.0065917969
-.0149536133
.0126342773
.0132293701
.0270080566
-.0233306885
-.0316314697
.0231170654
-.0217437744
-.0404205322
.0391693115
-.0291595459
.0345764160
-.0359191895
.0182495117
-.0564270020
.0200805664
-.0294189453
-.0510253906
-.0494079590
.0296478271
-.0422821045
.0438537598
.0273437500
-.0441589355
.0374145508
.0461730957
.0244598389
.0424804688
.0306854248
.0175476074
.0155944824
.0135192871
-.0302124023
-.0239868164
.0114746094
-.0092315674
-.0109252930
-.0077209473
-.0051116943
.0054931641
.0051727295
-.0036315918
-.0025939941
-.0025482178
-.0017547607
-.0031890869
.0028381348
-.0093383789
-.0102081299
-.0118408203
.0229644775
.0190887451
.0432891846
.0321044922
.0360260010
-.0324859619
.0514221191
.0509796143
.0437469482
.0385284424
.0769500732
.0489044189
-.0397491455
-.0518493652
.0622100830
.0573120117
.0365753174
-.0323638916
-.0568084717
.0407409668
.0408935547
.0416717529
-.0285797119
.0526733398
-.0361785889
-.0243988037
-.0159454346
.0224609375
-.0219421387
.0135345459
-.0108947754
.0135955811
.0149383545
.0160064697
.0078582764
.0053863525
.0045623779
.0033416748
-.0030212402
.0051116943
.0053100586
.0034332275
.0052337646
-.0034942627
.0063476563
.0040130615
.0028076172
.0034790039
.0039367676
.0030517578
.0045471191
.0105743408
.0095214844
.0044860840
-.0027465820
-.0022125244
.0017395020
.0007629395
-.0035095215
-.0031280518
.0030059814
-.0016326904
.0019531250
-.0011138916
-.0012207031
.0009155273
.0007629395
-.0008087158
.0004425049
.0007324219
.0008087158
-.0014495850
.0008087158
.0007781982
-.0015106201
.0008239746
-.0010986328
-.0006561279
-.0013275146
-.0008850098
-.0006408691
.0004882813
.0005340576
.0006256104
.0005340576
.0034484863
.0015258789
.0016784668
-.0035400391
-.0049743652
.0033874512
-.0020141602
-.0018005371
-.0022277832
-.0040588379
.0046691895
-.0047302246
.0090332031
-.0080871582
.0041351318
.0028228760
-.0037841797
-.0029907227
-.0068359375
-.0099029541
.0113220215
-.0119934082
.0076599121
.0053405762
.0048980713
-.0050506592
.0061035156
.0068054199
-.0119781494
-.0101623535
-.0087585449
-.0120544434
.0127410889
.0108337402
-.0051116943
-.0083770752
.0050811768
-.0099029541
.0060729980
-.0082702637
-.0102233887
-.0065765381
-.0043029785
-.0040435791
.0028991699
-.0023803711
-.0023803711
-.0018310547
.0014953613
-.0013580322
-.0011138916
.0015106201
.0014648438
-.0029602051
.0053405762
-.0070953369
.0060424805
-.0167999268
.0291748047
.0199737549
.0226898193
-.0150756836
-.0362854004
-.0312957764
-.0178985596
.0318756104
-.0211639404
.0421600342
-.0503692627
.0317382813
.0250244141
-.0142211914
-.0165100098
.0135345459
-.0093688965
.0068054199
-.0054321289
.0056915283
.0034027100
.0023345947
-.0016479492
.0016021729
-.0014343262
.0008850098
-.0005493164
-.0004119873
.0002593994
-.0002746582
.0003204346
.0001983643
.0001983643
-.0002136230
.0001373291
-.0001068115
-.0000610352
-.0000610352
-.0000457764
