-.0000762939
-.0000915527
-.0000762939
-.0000762939
-.0000762939
-.0000762939
-.0000610352
-.0000915527
-.0000762939
-.0000610352
-.0000610352
-.0000610352
-.0000762939
-.0000762939
-.0000762939
-.0000915527
-.0000915527
-.0001678467
.0003662109
.0010070801
.0049438477
-.0151824951
-.0094299316
.0128479004
-.0134582520
-.0137634277
.0214996338
-.0399932861
.0207366943
.0364227295
-.0277709961
-.0688323975
-.0650024414
.0754394531
-.0676727295
.1007080078
.0790252686
-.0812835693
-.0724792480
-.0519104004
.0730133057
.0769958496
.0908050537
.0523834229
-.0501403809
.0607299805
-.0653533936
.0709381104
.0961914063
-.0899505615
.0812988281
.0522155762
-.0500030518
-.0434722900
.0666351318
.0603790283
-.0511322021
.0656585693
.0574188232
.0413970947
.0495758057
.0491790771
.0312347412
-.0311279297
-.0456848145
.0376129150
.0386505127
-.0532073975
-.0385284424
-.0763549805
-.0718231201
-.0428771973
.0403747559
-.0279388428
-.0339050293
-.0269470215
-.0306243896
.0340576172
.0319519043
.0422668457
.0333709717
.0317993164
.0325622559
.0283355713
.0230407715
.0268096924
.0283508301
.0329132080
.0373382568
.0372009277
-.0315093994
-.0374450684
-.0354309082
-.0468750000
-.0353851318
-.0232238770
-.0339660645
-.0337982178
-.0396881104
.0303649902
-.0323181152
-.0317230225
.0306549072
-.0312652588
-.0307006836
-.0295562744
-.0342559814
-.0337219238
-.0258026123
-.0242309570
-.0260009766
-.0282897949
-.0277099609
-.0450897217
-.0312500000
-.0457458496
-.0401000977
-.0389404297
-.0371856689
-.0266876221
-.0233001709
-.0307464600
-.0228576660
-.0299072266
-.0309600830
-.0273132324
-.0341033936
-.0340728760
-.0468750000
-.0348815918
-.0440521240
-.0321502686
-.0297851563
-.0290222168
-.0406951904
.0383148193
.0223541260
-.0285034180
-.0259704590
-.0245361328
.0224151611
.0430755615
.0250244141
.0254974365
.0184936523
.0246887207
.0206146240
-.0218658447
.0217590332
.0252075195
-.0201110840
-.0217437744
-.0338745117
-.0231781006
-.0318603516
-.0386962891
-.0264282227
.0762329102
-.0490570068
-.0369873047
-.0261535645
.0375671387
-.0307922363
.0254516602
.0315551758
-.0173797607
-.0248565674
.0305633545
.0632781982
-.0273437500
.0259552002
.0299224854
.0208740234
.0313568115
.0233917236
.0318450928
.0290374756
.0223541260
-.0237579346
.0233459473
.0278015137
.0251159668
.0314636230
.0413208008
.0390472412
.0434570313
.0413360596
-.0359191895
.0374908447
-.0425109863
-.0318756104
-.0236663818
-.0277557373
-.0312042236
-.0291595459
-.0288238525
-.0340118408
-.0283660889
.0239562988
-.0214538574
-.0244903564
-.0313568115
-.0317382813
-.0365295410
-.0306396484
.0853881836
-.0300292969
-.0240325928
-.0203857422
-.0287017822
-.0210266113
-.0401916504
.0167388916
.0146331787
-.0201416016
-.0159454346
-.0096893311
-.0098876953
.0123443604
.0143737793
.0180358887
-.0148620605
.0160369873
.0134429932
-.0184631348
.0160064697
-.0129241943
-.0231933594
.0209350586
-.0302429199
-.0290527344
-.0797576904
-.0827026367
.0442352295
-.0424346924
-.0267944336
-.0244903564
.0302124023
-.0197143555
-.0318908691
.0243530273
-.0585479736
-.0245819092
.0254516602
-.0203399658
-.0174560547
-.0242767334
-.0174102783
-.0217590332
.0319061279
.0304107666
.0307006836
.0262603760
-.0271301270
-.0265350342
.0251617432
.0245056152
.0263214111
-.0294189453
-.0290679932
-.0295410156
-.0347595215
-.0344848633
-.0238494873
-.0235900879
.0272369385
.0281372070
.0291137695
.0346832275
-.0537261963
-.0548706055
.0389556885
.0361328125
-.0287017822
-.0360260010
-.0390319824
-.0427398682
-.0264587402
.0283050537
.0172576904
.0213317871
-.0212249756
.0238800049
-.0219879150
-.0223999023
-.0275726318
-.0248413086
-.0285339355
-.0296173096
-.0332336426
-.0484924316
.0369873047
.0328063965
-.0393218994
-.0236511230
.0243072510
.0507049561
.0345306396
.0287933350
.0274963379
-.0312194824
.0227966309
.0383911133
.0282287598
.0243072510
.0269012451
.0254821777
.0350646973
.0190582275
.0221862793
.0280456543
.0364837646
.0356903076
-.0291442871
.0373077393
.0258026123
.0442352295
.0293731689
.0235900879
-.0428009033
.0546569824
-.0543212891
-.0377655029
-.0396728516
-.0223541260
.0325622559
-.0271759033
.0244293213
-.0225982666
-.0332336426
-.0374603271
-.0327911377
-.0313720703
.0362548828
.0362396240
.0422058105
.0383758545
.0405578613
.0470123291
.0356597900
-.0339202881
-.0383758545
-.0388488770
-.0337371826
-.0420532227
-.0390625000
-.0379333496
.0377502441
.0415649414
.0350494385
.0358581543
-.0409088135
-.0353240967
-.0309143066
-.0367279053
-.0447692871
-.0586395264
.0418243408
.0619812012
.0376281738
.0426940918
.0425415039
-.0321350098
-.0339813232
-.0340118408
-.0393676758
-.0301208496
-.0377349854
.0396118164
.0318450928
-.0271606445
-.0381469727
-.0357971191
-.0397186279
-.0347290039
.0326538086
.0252227783
.0271759033
.0223236084
-.0415649414
-.0387573242
-.0299377441
-.0319824219
-.0275573730
-.0299377441
.0284729004
.0300292969
-.0382385254
-.0420379639
-.0367279053
-.0470581055
-.0362548828
-.0342407227
-.0587463379
-.0514221191
-.1102447510
-.0324859619
.0265350342
.0278015137
.0291137695
.0217132568
.0241546631
.0312652588
.0319671631
-.0320434570
-.0361022949
-.0219268799
-.0218200684
-.0225219727
-.0257110596
.0245208740
.0222320557
-.0258178711
.0384216309
.0398559570
.0329895020
-.0352630615
-.0445861816
-.0464324951
-.0496215820
-.0863342285
-.0443725586
-.0321655273
.0173492432
.0272064209
.0219573975
.0240020752
.0279235840
.0320892334
.0323028564
.0233001709
-.0290832520
-.0205841064
-.0308532715
-.0307312012
-.0193023682
-.0241241455
-.0563507080
-.0285186768
-.0204010010
-.0222778320
-.0200195313
-.0527954102
-.0242004395
-.0245056152
-.0254516602
-.0282745361
.0256347656
.0333709717
.0224761963
.0378112793
.0342559814
-.0460662842
-.0427246094
-.0484619141
.0456695557
-.0424499512
-.0601501465
.0273284912
-.0249481201
-.0284729004
-.0286560059
.0286712646
-.0253448486
.0256042480
.0240478516
-.0378875732
-.0371398926
-.0326690674
-.0303649902
-.0372619629
-.0250854492
.0227050781
.0300750732
-.0381622314
-.0818023682
-.1337890625
-.1168060303
-.0722656250
-.0443267822
-.0331115723
-.0323638916
-.0223846436
.0196685791
.0182800293
.0216369629
-.0280761719
-.0362243652
-.0413208008
-.0444488525
-.0351867676
-.0274047852
.0243072510
.0250244141
.0358276367
.0352172852
-.0325164795
-.0550384521
.0562744141
-.0733184814
.0566711426
.0393371582
-.0352783203
.0321502686
-.0307769775
-.0323028564
-.0232696533
-.0297088623
-.0253906250
.0282440186
.0217590332
.0465240479
.0374145508
.0553283691
-.0423583984
-.0426177979
-.0405731201
-.0367279053
.0428771973
.0371093750
.0304412842
.0296936035
.0292053223
-.0304565430
-.0359802246
-.0362091064
-.0417633057
.0259246826
.0289459229
.0269470215
.0287780762
.0397949219
-.0383911133
-.0429534912
-.0391540527
-.0534973145
.0512084961
.0515289307
.0527496338
-.0620117188
.0409851074
.0292816162
.0265808105
.0262145996
.0214233398
-.0308380127
-.0229644775
.0241088867
.0207672119
-.0216369629
-.0244903564
.0155792236
-.0311279297
-.0254058838
-.0528564453
-.0392761230
-.0555877686
-.0466613770
.0372467041
.0470886230
.0312042236
.0404815674
.0616149902
-.0264587402
-.0415802002
-.0384216309
-.0390014648
-.0509185791
-.0584869385
-.0385131836
-.0328826904
-.0356445313
-.0331115723
.0333251953
.0380401611
.0374298096
.0386505127
-.0311126709
.0388488770
-.0448760986
-.0285644531
.0177154541
.0194091797
-.0626068115
-.1138610840
-.0509643555
.0414886475
.0425109863
-.0247039795
-.1017150879
-.0657653809
-.0467987061
.0399932861
.0487213135
.0345458984
.0315704346
-.0231781006
-.0240478516
.0243835449
.0271911621
.0319061279
.0331115723
.0277404785
-.0209960938
-.0267944336
-.0278778076
.0269927979
.0288085938
.0364379883
-.0317230225
-.0309600830
-.0427856445
-.0339660645
-.0323638916
.0370941162
.0471038818
-.0422973633
-.0339202881
-.0473327637
-.0403137207
.0327606201
-.0255737305
.0295715332
-.0448455811
-.0580902100
-.0417175293
-.0457458496
-.0268402100
.0472106934
-.0734710693
.0346069336
-.0397033691
-.0291595459
-.0355224609
-.0399169922
-.0332336426
-.0273284912
-.0254974365
.0243682861
.0213317871
.0254211426
.0231781006
-.0320434570
-.0279235840
-.0365447998
-.0304718018
.0319824219
.0310363770
.0305633545
-.0310211182
.0423126221
-.0377502441
.0354309082
-.0470581055
.0329589844
.0424499512
.0431976318
.0476989746
.0514831543
-.0416412354
-.0634002686
.0375213623
-.0441131592
.0386657715
-.0436401367
.0370330811
.0691986084
.0630950928
.0309600830
.0410614014
-.0274963379
-.0299224854
-.0302734375
-.0361328125
-.0308685303
-.0318908691
-.0432586670
.0276947021
.0438079834
.0247650146
.0304718018
-.0216827393
-.0234527588
-.0233764648
-.0264129639
.0238952637
.0315399170
-.0341644287
-.0292053223
-.0317230225
-.0355377197
-.0344390869
.0343627930
.0338592529
.0346679688
-.0378265381
-.0402221680
-.0358734131
-.0368652344
.0512695313
.0432586670
.0401153564
.0354614258
-.0397338867
-.0241851807
-.0252532959
-.0308837891
-.0296783447
.0354156494
.0290374756
-.0611114502
-.0365753174
-.0260467529
-.0270690918
.0245361328
.0218353271
-.0228576660
-.0240173340
.0228729248
.0213623047
-.0250396729
-.0272521973
-.0232849121
-.0258483887
.0274658203
.0197296143
-.0201568604
-.0175476074
.0163726807
.0159454346
.0167083740
.0202178955
-.0216064453
-.0271911621
.0511932373
.0747070313
.1099853516
-.0231018066
-.0275573730
-.0254669189
.0222320557
.0228424072
.0182495117
-.0175933838
-.0125885010
-.0164794922
-.0182037354
-.0188140869
-.0148162842
.0173950195
-.0223541260
-.0222625732
.0202178955
.0278472900
.0269012451
-.0391998291
-.0274963379
.0193176270
.0193939209
-.0176696777
.0173034668
-.0249633789
.0247802734
.0164184570
.0133666992
.0128021240
-.0181274414
-.0257110596
.0195770264
.0206909180
.0177459717
-.0201873779
-.0186767578
-.0202636719
-.0272979736
-.0347900391
.0237731934
.0216217041
.0245361328
-.0268554688
-.0260925293
-.0376129150
.0356750488
.0224761963
-.0264434814
-.0248107910
.0226135254
.0327453613
-.0272979736
.0322723389
-.0340881348
-.0305938721
.0305023193
.0217590332
-.0203247070
.0216369629
.0195312500
.0200195313
-.0212707520
-.0167694092
-.0253448486
.0281219482
-.0241088867
-.0224456787
-.0229644775
-.0222167969
.0251617432
.0247802734
-.0210571289
.0204162598
.0163116455
.0213623047
-.0304260254
-.0226440430
.0207977295
.0308685303
.0188751221
.0241088867
-.0182952881
.0251770020
.0566558838
.0391235352
-.0442504883
-.0460662842
-.0347137451
-.0232849121
-.0262908936
-.0171966553
.0226593018
.0232696533
.0274810791
-.0196533203
-.0262908936
-.0293121338
.0240478516
-.0234985352
.0144500732
.0154876709
-.0227355957
-.0153656006
-.0144958496
.0136108398
-.0146179199
-.0135803223
-.0151672363
-.0175018311
-.0154266357
-.0216369629
-.0161895752
.0142364502
-.0191955566
-.0153198242
-.0145111084
.0221862793
.0278015137
.0371246338
.0338439941
-.0216522217
-.0323791504
-.0334930420
.0240478516
.0209350586
-.0345611572
-.0338897705
-.0342712402
-.0245513916
.0450439453
.0375366211
.0372009277
-.0359802246
-.0320434570
-.0338287354
.0239868164
-.0205535889
.0220336914
-.0390625000
-.0315399170
-.0238647461
-.0196075439
-.0230712891
-.0127716064
-.0232391357
-.0236968994
.0188903809
.0168457031
.0216522217
-.0260162354
-.0208435059
-.0259246826
-.0255432129
.0224151611
.0279388428
.0225830078
.0236663818
.0192565918
.0276031494
-.0337066650
-.0313110352
-.0305786133
-.0967254639
.0294342041
.0264282227
.0231628418
-.1156005859
-.0285034180
-.0272979736
-.0206451416
-.0208587646
-.0252075195
.0223541260
.0287475586
.0214843750
.0166473389
-.0172729492
-.0260620117
.0244750977
.0279388428
.0293884277
-.0291442871
-.0312500000
-.0386199951
.0278320313
.0195922852
-.0318908691
.0292053223
.0252075195
-.0273437500
-.0402984619
.0365447998
.0382843018
-.0323181152
-.0324859619
.0584869385
-.0469970703
.0503692627
-.0500183105
.0664367676
-.0608367920
.0560760498
-.0580902100
-.0324707031
.0352325439
-.0506286621
-.0343627930
.0520629883
-.0379180908
.0294952393
-.0342102051
-.0284729004
.0343933105
-.0315704346
.0342712402
.0758666992
.0467376709
-.0279846191
-.0319671631
.0258331299
-.0189514160
.0279693604
-.0248413086
-.0367279053
-.0393371582
-.0347900391
-.0265655518
-.0271148682
-.0438079834
-.0250396729
-.0277709961
-.0225524902
-.0237884521
-.0226898193
-.0260314941
-.0282897949
-.0264282227
-.0245056152
-.0275726318
-.0244598389
.0208435059
-.0192413330
.0166168213
.0191802979
-.0166625977
.0271759033
.0268402100
.0181579590
.0177764893
-.0115356445
.0100860596
-.0099792480
.0082092285
-.0091705322
-.0094909668
-.0070343018
-.0083312988
-.0057220459
.0035705566
.0027923584
-.0032348633
-.0028839111
-.0018768311
-.0010986328
.0003204346
