-.0000915527
-.0000610352
.0000915527
-.0000762939
.0001220703
.0002746582
.0003814697
-.0008697510
.0017242432
-.0032653809
-.0043945313
.0089416504
-.0115966797
.0156402588
-.0213775635
-.0141906738
-.0153045654
.0224761963
-.0182952881
.0131378174
.0069274902
.0012817383
.0012664795
.0010223389
.0041809082
.0090026855
.0215148926
.0310363770
.0312805176
.0392456055
-.0319519043
.0340423584
.0448913574
-.0567626953
-.0438995361
.0464019775
.0284729004
.0513153076
-.0147399902
.0029907227
-.0016784668
.0021514893
.0036773682
.0061798096
.0169219971
-.0284271240
-.0345458984
-.0474548340
.0513916016
.0785675049
.0535888672
.0929412842
.0658111572
-.0502624512
-.0591125488
.0490112305
-.0289306641
-.0141143799
.0065612793
.0031890869
.0044097900
-.0046539307
.0160369873
-.0281372070
.0406494141
.0673370361
.0665588379
.0838012695
.0733184814
.0849151611
-.0886993408
.0809326172
.0741729736
-.0761108398
.0757446289
.0435180664
.0120086670
-.0042419434
.0027313232
-.0044708252
.0063934326
.0136413574
.0195159912
.0500183105
-.0553131104
.0693511963
.1210174561
-.1478729248
-.0887298584
-.1137695313
-.1146850586
.1001892090
-.1013641357
.0604248047
.0243225098
.0081939697
-.0072937012
.0055084229
.0097045898
.0280456543
-.0436248779
.0874328613
-.0935821533
-.1250000000
.1704101563
-.1082000732
-.1376342773
.1514282227
.2353210449
-.1650848389
.1765136719
-.0828704834
.0379486084
-.0082397461
-.0051879883
.0054473877
.0070343018
.0148773193
.0821990967
-.0660705566
.1069488525
.0964050293
-.1168365479
.1649017334
-.3068389893
.1514892578
.1510620117
.1656036377
-.1566009521
.0847167969
.0809020996
.0559082031
-.0159606934
-.0109558105
.0043792725
-.0082244873
-.0279083252
.0660705566
.1312255859
.1538238525
.1677551270
.1713714600
-.2043151855
.1670989990
-.1621398926
-.2340545654
.1627502441
.1220855713
-.1145477295
.0237579346
-.0073242188
-.0054931641
-.0068359375
.0233306885
-.0364685059
-.0988616943
.1132049561
-.1212310791
-.1905059814
.2130737305
.1690979004
-.1418762207
-.1634826660
.1109008789
.1844787598
.0999298096
.0904998779
.0765686035
-.0385742188
.0101928711
-.0077514648
.0049591064
.0247802734
.0463104248
-.1313018799
.1540985107
.1544342041
-.1920928955
-.2444763184
-.2464904785
.1964416504
.2679443359
.2662658691
.2045135498
-.1580352783
-.1041107178
.0819549561
-.0158691406
.0074310303
.0041351318
.0180969238
.0166473389
-.0657196045
.0933074951
.1648559570
.0949401855
.1162414551
-.1440582275
.1476745605
-.1291961670
-.1372070313
-.1391906738
.1256561279
-.1091766357
.0772552490
.0341033936
-.0126037598
.0079345703
.0093688965
.0233612061
.0550384521
-.0941925049
.1204376221
.1608123779
-.1941680908
-.1993408203
.1972961426
.3123321533
.1762237549
-.1926879883
.1687774658
.1770629883
-.1022033691
-.1069641113
.0287475586
.0106811523
-.0078582764
-.0087890625
-.0147705078
.0620117188
-.1081848145
-.1440429688
.1359710693
-.1172790527
.1208190918
-.1413421631
.1610412598
-.1985778809
-.1662597656
.1078186035
-.1486663818
.0749206543
.0320281982
.0151824951
.0074005127
-.0064239502
.0288696289
-.0343322754
.1438140869
.1567077637
-.1410980225
.1847229004
-.2263793945
-.1710205078
-.2000122070
-.1704559326
-.2312164307
-.2343292236
.1727142334
.1408233643
.0687713623
.0210266113
.0070037842
.0049591064
-.0051269531
.0192718506
.0178070068
-.0867309570
.0896453857
-.0706787109
.1294097900
-.1237335205
-.1387481689
.2030029297
-.1883850098
-.1797485352
.1963958740
-.1355895996
.1163024902
.0653533936
.0208282471
-.0088348389
-.0047607422
.0046844482
.0113830566
-.0395965576
-.0730285645
.1169738770
-.1537322998
-.1235504150
-.2312011719
-.1076812744
-.1826324463
.1737976074
.2009582520
.1623840332
.1002655029
.0792541504
.0868072510
.0182342529
.0064392090
.0033416748
.0031890869
.0102233887
-.0216522217
-.0596923828
.0803375244
.0532836914
-.1020812988
-.1364898682
-.2400054932
.1745300293
-.1959228516
-.2043151855
.1642150879
.1227111816
-.1099853516
-.0608062744
.0260314941
.0073089600
.0062866211
.0052795410
.0113067627
.0213775635
.0390014648
.1093444824
.1216278076
.1175842285
-.1844635010
-.1691894531
.1388702393
-.1256408691
-.1916351318
.2061462402
-.1189117432
.0976409912
.0824127197
-.0186157227
-.0090026855
.0057830811
.0146636963
-.0071411133
-.0339355469
.0705413818
.0722808838
.1078033447
-.1082611084
.1572875977
.1594848633
-.1869506836
-.1707611084
.1665649414
.1321563721
-.1381378174
.0974273682
-.0853576660
-.0355377197
.0066375732
.0049896240
-.0045013428
.0217437744
.0322570801
-.0399932861
-.0998229980
.1124420166
-.1270294189
-.1748504639
-.1926879883
.3196716309
.1597595215
-.1745758057
-.2089843750
-.1160888672
-.0887451172
-.0527954102
.0365447998
-.0143890381
.0211791992
.0107574463
.0104370117
.0081787109
-.0336151123
.0771942139
.1407928467
-.1618347168
.2208404541
-.1509857178
-.1218719482
-.1189422607
-.1023406982
.1167755127
.1327362061
.1160736084
.0737152100
-.0532531738
-.0061950684
.0060882568
.0036773682
-.0067443848
.0066375732
.0191955566
-.0348815918
-.1004180908
-.1129302979
-.1788635254
-.1831207275
-.1451873779
.1604461670
-.1259918213
-.1346588135
.1176757813
-.1022949219
-.0935058594
.0125274658
.0067138672
.0149841309
-.0407867432
.0289306641
-.0335845947
.1267242432
-.1607971191
-.1234130859
.1178588867
-.1088867188
.1527862549
-.1299743652
-.1807708740
.1397857666
-.1796417236
.0867767334
.0978546143
-.0507659912
.0182800293
-.0042266846
-.0033111572
.0061798096
.0068206787
-.0341033936
-.0965576172
.0881195068
-.1019592285
-.1220703125
.1665496826
.1248779297
.0880126953
-.1335449219
.0683898926
-.0807647705
-.0512237549
-.0442199707
-.0328369141
-.0118408203
.0078125000
-.0053710938
-.0045928955
-.0095672607
.0207214355
-.0699157715
.1519470215
.1564483643
.1366271973
-.1419677734
-.2372589111
.1486968994
.1599273682
-.1376190186
-.1320190430
.0945587158
.0881652832
.0389404297
.0108337402
-.0054168701
.0036773682
.0040130615
.0265502930
-.0160064697
.0582122803
-.0778808594
-.1153717041
.1149139404
-.1681671143
.1617584229
.1230773926
-.1314239502
-.1578369141
.1452331543
.1258850098
.1360015869
-.0515747070
.0158538818
.0113372803
.0047912598
.0034484863
.0103454590
.0147705078
-.0649108887
.0825042725
-.1350097656
-.1000366211
.1810913086
-.1372222900
.1625671387
-.1448211670
-.1446228027
.1201477051
-.1250000000
.1343536377
-.0616912842
-.0308380127
.0101165771
-.0063018799
.0035400391
-.0083923340
-.0397491455
-.0238342285
.0200958252
-.0586242676
.1137542725
.0873718262
.1167907715
.1549072266
-.1261901855
-.1809387207
-.1900177002
.1217346191
-.1380920410
-.1741790771
.1895294189
-.0860595703
.0420837402
-.0246276855
.0072784424
-.0064849854
-.0048675537
.0157623291
.0667572021
.1310882568
-.1416168213
.1490936279
.1397705078
-.1458587646
.2030029297
.1665496826
-.1694641113
-.1820068359
.0904846191
-.0971679688
.0902252197
-.0162353516
-.0048828125
-.0040893555
-.0045318604
-.0073852539
.0396423340
-.0585327148
-.1000213623
-.1293334961
.1133728027
-.1362457275
-.1587829590
.1783447266
.1357269287
.1553955078
.1882781982
.1431884766
.1294403076
-.0655517578
.0255889893
.0119781494
.0054016113
.0045318604
.0215454102
-.0175476074
.0556488037
-.0993041992
.1242675781
.1424713135
-.2366790771
.1333465576
-.1832733154
-.1762847900
-.1210937500
.1154785156
-.1410369873
-.0712432861
.0534820557
-.0106506348
-.0040740967
-.0030517578
.0054779053
.0127258301
-.0203552246
-.0645141602
.0735778809
-.1228179932
-.1572875977
-.1475372314
.1040649414
-.1724090576
.1921539307
-.1107635498
-.1251068115
.1083374023
.2026672363
.0832061768
-.0398406982
.0131378174
-.0040588379
.0039520264
-.0066833496
-.0266876221
-.0443572998
-.0798492432
-.1828918457
.1131286621
.1560974121
-.1847229004
-.1597747803
.1452789307
-.1443939209
.1910858154
.1230773926
-.1309967041
-.1263427734
.0496673584
.0215759277
.0064544678
-.0039672852
-.0065917969
.0065307617
-.0308685303
.0583648682
-.1290130615
-.1052703857
-.1239624023
-.1369781494
-.1898498535
-.1972961426
.2076110840
.2531280518
.1212768555
-.1162414551
.1007385254
-.0941772461
.0342254639
.0088043213
.0072784424
.0048370361
.0068206787
.0081787109
.0313568115
.0885772705
-.1091766357
.1368408203
-.1320953369
-.1398010254
-.1882934570
.2094268799
.1980133057
-.1211242676
.1435852051
-.0909271240
.0634460449
.0341644287
.0143432617
-.0059661865
.0043945313
.0180816650
-.0141296387
-.0192718506
-.0693206787
-.1506347656
-.1306915283
-.1099395752
-.2423400879
-.1977691650
.1553344727
.1771697998
-.1570281982
.1040496826
.1433563232
-.1297912598
-.0519104004
-.0422058105
-.0066070557
-.0042266846
-.0046844482
.0101776123
.0211334229
.0996856689
.1127166748
.1368713379
.1360321045
-.1011810303
-.2542877197
-.1560821533
.1538696289
.1193084717
.1224517822
-.0962066650
.1087799072
.0722198486
-.0154571533
.0060119629
.0033264160
.0061950684
.0099639893
.0403137207
.0626678467
.0979309082
.0960998535
.1478881836
-.1092376709
-.0914306641
-.1564788818
.1645965576
.1637878418
.1569671631
-.1777343750
.1224212646
-.0826110840
-.0455474854
-.0134429932
.0060119629
.0045928955
.0056610107
.0258636475
.0810241699
.1683807373
.1288452148
-.1568756104
-.2108154297
.1662445068
.1791992188
-.1654052734
-.1654205322
-.1664428711
.1527709961
.0638732910
.0503692627
.0105743408
.0057373047
-.0047607422
-.0130767822
.0117187500
.0267791748
.0473480225
-.0807495117
-.0771026611
.1162109375
.1408691406
.1441650391
.1508483887
.1604156494
.1587677002
-.2144470215
-.1287994385
.1009368896
.0813598633
-.0531768799
.0137939453
.0073089600
.0044097900
-.0026092529
-.0102386475
.0135345459
-.0668640137
-.1138000488
-.1239929199
.1761016846
-.1420593262
-.1237182617
-.1722717285
.1674652100
-.1999969482
.1546783447
.1453704834
.1083984375
-.0738220215
-.0482025146
-.0088806152
.0047149658
.0031890869
.0088806152
.0110015869
-.0440826416
.0531311035
.0898132324
.1177520752
-.1675567627
-.0955657959
.1636962891
-.1971893311
-.1890869141
.1590881348
.1925811768
.0967712402
.1014862061
-.0749511719
.0345458984
.0139465332
-.0070037842
.0032043457
-.0039367676
.0090942383
-.0139465332
-.0649261475
-.1284332275
-.1908416748
-.1005706787
.1473693848
-.2605133057
-.1827697754
-.1962738037
.1292114258
.1393585205
-.1145324707
-.0829315186
-.0794372559
-.0462188721
.0099029541
.0052642822
.0031433105
.0036468506
.0186309814
.0256042480
-.0493621826
.0844116211
-.1234436035
.1590576172
-.1398468018
-.1427764893
-.1374816895
.1575317383
.1641235352
.1210937500
.1079559326
.0709075928
.0605773926
.0398254395
.0089111328
.0037384033
.0030517578
.0036621094
.0079956055
-.0418701172
-.1052856445
-.0947265625
.1292724609
.0940704346
-.1594696045
-.1164398193
.2274475098
-.1825408936
-.1592254639
-.1809844971
-.1704559326
-.1541137695
.1089630127
.0813293457
.0386047363
.0081176758
-.0040588379
.0036163330
.0121307373
.0193481445
-.0501708984
-.1343688965
-.1041259766
-.1197204590
.1549224854
-.1484985352
-.1492919922
-.2113037109
-.1919097900
-.1177825928
-.1232604980
-.1022644043
.0936279297
-.0659027100
-.0213012695
-.0090637207
-.0068664551
.0030975342
.0033111572
.0088806152
.0509490967
-.0863952637
.1373291016
.0927429199
-.1421661377
-.1785125732
-.1453399658
.1381683350
.1538696289
.0936431885
.1589050293
.0914154053
-.0999908447
-.0681762695
-.0190582275
.0058898926
.0032958984
-.0054779053
.0124359131
.0199584961
.0744323730
-.1608734131
.1117248535
-.1278991699
.1188659668
-.1769866943
.2345581055
.1474151611
-.1457214355
.1067657471
.0765228271
.0577392578
.0187072754
-.0049285889
-.0052032471
.0041809082
.0095520020
-.0260467529
-.0859069824
-.0974578857
.1635894775
.1442260742
.1297149658
-.1473693848
-.1643829346
.1745300293
-.1152648926
.1152801514
-.1202392578
.1455230713
.0975341797
.0525817871
.0126800537
.0078735352
.0034179688
-.0040893555
-.0197601318
-.0402679443
.2544250488
.1682586670
.1433105469
.1798858643
-.1504974365
.1520996094
-.1339416504
-.1749572754
.1720275879
-.1784667969
.0976257324
-.0969085693
-.0303497314
.0068359375
.0064392090
.0042724609
-.0030975342
.0097503662
-.0147552490
-.0566558838
-.0728149414
.1231384277
-.1000976563
.1283874512
.1646575928
-.1578826904
-.1299133301
.1631317139
-.2278289795
.1413726807
-.1697692871
-.0833740234
-.0270385742
.0068664551
.0045318604
.0038299561
.0159454346
.0152130127
.0413665771
.1194000244
-.0806579590
.1423645020
.1191711426
.1702270508
.2218322754
-.1530456543
.3387908936
.1700592041
-.1459350586
-.1129913330
-.1169738770
-.0591125488
-.0215759277
-.0079803467
-.0031585693
-.0031127930
.0076446533
-.0261230469
