-.0163574219
.0136871338
-.0485229492
.0252990723
.0100402832
-.0147247314
.0242004395
.0297241211
.0343322754
-.0411987305
-.0356903076
-.0249328613
.0229339600
.0347900391
.0326538086
-.0347595215
-.0241546631
-.0369567871
.0152587891
-.0176239014
.0172576904
.0351104736
.0108795166
-.0294647217
-.0248565674
-.0215301514
.0167388916
.0188140869
-.0376281738
.0424194336
-.0135803223
-.0337677002
.0202636719
-.0338592529
.0387878418
.0439758301
-.0345764160
-.0345153809
-.0634918213
.0533294678
.0313110352
.0155334473
-.0168762207
.0114440918
-.0250701904
.0214538574
-.0254211426
.0397491455
-.0178985596
-.0296936035
-.0228424072
.0210571289
.0272521973
-.0228271484
.0338287354
.0140686035
-.0160522461
-.0127563477
-.0305480957
-.0124053955
.0123596191
-.0173034668
.0347747803
.0212249756
-.0144500732
-.0433044434
.0200805664
-.0454864502
.0394287109
-.0251617432
-.0126190186
-.0154876709
.0218353271
.0418395996
-.0290679932
-.0416564941
.0098571777
.0223236084
.0370483398
-.0191955566
.0133819580
-.0245361328
-.0298614502
.0168914795
.0391235352
-.0195159912
-.0322875977
-.0107574463
.0391693115
.0218353271
-.0164947510
.0289611816
-.0173492432
.0304107666
.0151214600
.0198364258
-.0485687256
.0266265869
.0312194824
.0382995605
.0218200684
-.0176239014
-.0345916748
-.0344696045
.0349884033
.0386810303
-.0310363770
-.0191345215
.0061187744
.0265502930
.0206756592
-.0403137207
.0266571045
-.0122528076
.0224304199
-.0159759521
.0307159424
-.0200805664
-.0414428711
-.0173339844
-.0113677979
.0464630127
.0221862793
-.0486450195
-.0244598389
-.0173034668
.0482330322
.0238494873
.0186004639
-.0095367432
.0258178711
-.0079956055
-.0292358398
-.0126190186
.0298156738
.0511474609
-.0404052734
.0169219971
-.0317382813
-.0298461914
-.0314941406
.0559539795
-.0323181152
.0156402588
-.0211791992
.0213012695
-.0505065918
.0265960693
-.0145721436
.0379638672
.0238189697
-.0341491699
.0245056152
.0200347900
.0410461426
-.0542449951
.0108032227
.0284576416
-.0354919434
.0376739502
-.0345916748
-.0244445801
.0326843262
.0334625244
-.0174102783
.0125274658
.0157470703
.0086364746
-.0203094482
-.0232849121
.0435791016
.0280609131
-.0458068848
-.0245361328
.0125122070
.0161285400
.0124206543
-.0326232910
.0252532959
-.0354309082
-.0209350586
.0208892822
.0273284912
-.0356140137
.0464019775
.0368347168
.0107574463
-.0225067139
-.0079345703
-.0234222412
-.0276184082
.0366821289
.0550689697
.0288543701
-.0282592773
-.0154876709
.0189666748
-.0144195557
-.0140686035
.0547332764
.0126953125
-.0214691162
-.0137939453
-.0377655029
.0236816406
-.0261688232
.0097198486
.0560302734
-.0261535645
-.0281066895
-.0160522461
-.0379486084
.0234527588
.0513916016
.0248565674
-.0248870850
-.0213775635
-.0294494629
-.0111541748
.0239562988
.0396118164
-.0391235352
-.0474548340
.0178833008
.0220489502
-.0391082764
-.0220642090
-.0280914307
.0378723145
-.0203399658
.0138092041
-.0316314697
-.0180511475
.0164184570
-.0234375000
.0505981445
.0352630615
-.0347747803
-.0503845215
.0318756104
.0213012695
-.0205383301
.0212707520
-.0161437988
-.0137023926
.0245666504
.0169067383
-.0408477783
-.0209808350
.0127410889
.0263977051
.0324249268
.0254821777
-.0100402832
-.0424652100
-.0218963623
.0130920410
.0362396240
.0362548828
.0290222168
-.0482025146
.0176391602
-.0374450684
.0318145752
-.0200347900
.0280151367
-.0226593018
.0201568604
-.0344238281
-.0130767822
-.0119018555
.0307159424
.0197601318
-.0364837646
-.0163116455
-.0399475098
.0215606689
.0224761963
.0463867188
.0299377441
-.0320587158
-.0518341064
.0314178467
.0291137695
.0122528076
-.0222930908
.0192108154
.0169219971
.0189056396
-.0421447754
.0132293701
.0190887451
-.0414428711
.0494384766
-.0418853760
.0187988281
-.0382080078
-.0234985352
.0265045166
.0209960938
.0402374268
.0455627441
-.0431823730
.0228881836
-.0254364014
.0187835693
-.0316619873
.0172882080
.0210723877
.0394287109
.0192413330
-.0505065918
.0169219971
.0136566162
-.0169525146
.0426483154
.0338592529
.0102233887
-.0423431396
-.0108642578
-.0283355713
.0387268066
.0314788818
-.0207977295
-.0328521729
.0226593018
.0153808594
-.0261688232
-.0059356689
.0171203613
.0358123779
-.0372009277
.0190277100
.0142211914
-.0370330811
-.0162506104
.0373687744
-.0189208984
.0159759521
-.0384368896
-.0401153564
.0228118896
-.0354766846
.0311737061
.0352172852
-.0312500000
.0197753906
.0197448730
-.0276947021
.0110931396
-.0227050781
.0254516602
-.0110778809
.0537414551
-.0351257324
-.0173187256
.0125885010
-.0452728271
.0351867676
.0733795166
-.0651397705
.0502624512
-.0478057861
.0364685059
-.0462493896
.0269622803
.0272521973
-.0223846436
.0093383789
-.0301055908
.0265502930
.0361938477
-.0294952393
.0467529297
.0172119141
-.0204772949
.0293579102
.0147399902
-.0491027832
.0210723877
.0406036377
.0386505127
-.0278778076
-.0320434570
-.0160980225
.0441589355
-.0319061279
.0391387939
-.0318756104
.0287780762
.0155029297
-.0208587646
-.0173187256
.0239257813
.0157165527
-.0160064697
.0154418945
-.0233917236
.0439300537
-.0306549072
-.0080566406
.0206909180
.0434417725
-.0359954834
-.0177001953
.0121765137
.0300750732
-.0491790771
.0341186523
.0491027832
-.0223999023
-.0157012939
-.0180206299
.0226898193
.0159301758
-.0222167969
.0437469482
-.0183715820
-.0215301514
.0184020996
-.0158691406
-.0375366211
.0332489014
-.0126495361
.0587463379
-.0446777344
-.0178833008
-.0383453369
-.0084228516
-.0211029053
.0393981934
.0130920410
-.0228881836
-.0292510986
.0162353516
-.0168304443
.0307464600
.0170593262
-.0157470703
-.0233917236
-.0161285400
-.0299530029
.0367584229
-.0309753418
.0140380859
.0179595947
-.0204925537
.0202331543
-.0295410156
.0168762207
-.0413208008
.0226440430
-.0292816162
.0455780029
-.0300140381
-.0203704834
.0199127197
.0084533691
-.0494689941
.0118255615
.0269317627
.0382690430
-.0248260498
.0157012939
-.0428619385
-.0374603271
.0364532471
.0537261963
-.0224151611
.0169982910
-.0435180664
.0283508301
-.0324707031
.0514373779
.0108947754
-.0115661621
-.0211944580
-.0103759766
.0321044922
-.0298919678
.0434722900
-.0219879150
.0195159912
-.0154113770
.0123901367
.0273132324
-.0232849121
-.0110626221
.0380706787
.0145874023
.0186157227
.0104675293
-.0332336426
-.0447845459
-.0142822266
.0398712158
-.0165405273
-.0218200684
-.0233612061
.0205230713
-.0222625732
.0154266357
-.0499114990
.0236053467
-.0142364502
.0165557861
-.0212860107
.0315704346
.0321197510
-.0313262939
-.0329742432
-.0369567871
.0343627930
.0402832031
.0331420898
-.0479736328
-.0240631104
-.0124664307
.0191955566
-.0228729248
.0293121338
-.0218658447
.0118103027
.0115203857
-.0313873291
-.0360107422
.0266571045
.0240631104
.0209655762
.0381164551
-.0226135254
-.0493774414
-.0206909180
.0353088379
.0337524414
.0345001221
-.0203552246
-.0558471680
-.0273590088
.0489196777
.0469665527
-.0186004639
-.0201568604
-.0289916992
-.0248260498
.0145263672
-.0231628418
.0349426270
.0453186035
-.0323333740
-.0178680420
.0146789551
-.0325927734
-.0155487061
-.0194549561
.0299835205
-.0181121826
-.0130004883
.0209808350
-.0180969238
-.0172119141
-.0241394043
.0386810303
-.0285339355
-.0082397461
-.0420989990
.0383758545
-.0349273682
.0330505371
-.0133972168
-.0254516602
.0379791260
-.0279083252
.0420227051
-.0170440674
-.0413513184
-.0189056396
.0388336182
.0292510986
-.0140228271
-.0140380859
-.0282440186
-.0169830322
-.0235443115
.0532379150
.0222167969
-.0206604004
-.0162200928
.0120849609
-.0229949951
-.0278015137
.0310211182
-.0122528076
.0366210938
-.0271301270
.0453643799
-.0312500000
.0179595947
.0229949951
.0376739502
-.0134735107
-.0248107910
-.0272216797
-.0431671143
.0206604004
.0226745605
.0297851563
-.0447540283
.0093841553
-.0218048096
.0206909180
-.0358428955
.0278625488
-.0134429932
.0243225098
-.0192718506
.0228729248
.0184936523
-.0433654785
-.0278472900
.0154113770
.0569458008
.0276947021
-.0408630371
-.0497131348
-.0285186768
.0515594482
.0279388428
-.0179138184
.0228118896
-.0282897949
-.0110473633
-.0216827393
-.0179290771
-.0088653564
.0461273193
-.0290527344
-.0339660645
.0197143555
-.0204467773
-.0127563477
.0503387451
.0271453857
-.0314636230
-.0141143799
.0231475830
-.0434875488
.0223999023
.0140838623
.0415802002
.0292510986
-.0330200195
-.0287780762
-.0222473145
.0329895020
-.0276031494
-.0216979980
.0379638672
-.0284729004
.0159149170
-.0495605469
.0203399658
-.0248413086
.0193786621
.0220794678
-.0277404785
.0278015137
.0072326660
-.0400085449
-.0429229736
.0488128662
.0274658203
-.0232086182
-.0159454346
.0129547119
.0382385254
-.0124664307
.0206909180
.0173339844
.0370941162
-.0188903809
.0283966064
.0316314697
-.0386657715
-.0132293701
.0353546143
-.0162506104
.0453338623
-.0288543701
-.0319976807
-.0242614746
.0225067139
.0556945801
.0282287598
-.0356597900
-.0187072754
-.0167541504
-.0174407959
-.0117340088
-.0117034912
.0195617676
-.0254211426
.0107727051
-.0398712158
-.0240173340
-.0241394043
.0217285156
.0457305908
-.0139312744
-.0298004150
.0117797852
-.0183410645
-.0170745850
.0294342041
.0493774414
-.0254821777
.0294494629
-.0282287598
.0157165527
-.0340118408
.0448760986
.0095977783
-.0435791016
.0424957275
.0433044434
-.0202941895
-.0422668457
.0350646973
.0241851807
.0360870361
.0190887451
-.0427703857
-.0077514648
-.0183868408
-.0225830078
.0087738037
.0376281738
-.0359802246
-.0410766602
.0207061768
.0358581543
-.0182647705
.0317382813
-.0160369873
.0257110596
.0105438232
.0349578857
-.0318908691
-.0109100342
-.0279083252
.0399322510
.0462951660
.0337219238
-.0284576416
-.0550384521
-.0179443359
.0239257813
.0462493896
.0165405273
.0227966309
-.0230102539
.0249176025
-.0453948975
.0254058838
-.0191497803
.0304718018
.0191040039
.0069885254
-.0410766602
.0130310059
-.0213317871
.0228271484
.0270996094
-.0225830078
.0286712646
-.0283660889
-.0202941895
.0179748535
.0268554688
.0519256592
-.0229644775
-.0355529785
-.0238189697
.0442504883
-.0249938965
-.0188751221
.0235443115
.0259094238
.0175781250
-.0334625244
-.0131072998
.0185699463
-.0518493652
.0334625244
.0471038818
-.0127410889
-.0374908447
-.0304412842
.0298767090
-.0285034180
.0229034424
.0251770020
-.0466461182
-.0218811035
-.0185699463
.0257720947
-.0275115967
-.0171203613
.0077056885
.0333557129
.0220642090
-.0590515137
.0169830322
-.0107727051
-.0116119385
.0274353027
-.0231018066
.0112762451
-.0307006836
-.0158386230
-.0343627930
.0124053955
.0323791504
.0347747803
-.0461273193
-.0341186523
-.0208740234
.0316467285
.0144348145
.0248718262
.0261840820
-.0351715088
-.0149536133
-.0109405518
.0236053467
-.0379180908
.0415954590
-.0182037354
.0409851074
-.0301666260
.0180053711
.0182037354
-.0261840820
.0321655273
.0287628174
.0076141357
-.0191650391
.0201568604
.0304565430
-.0442810059
-.0282897949
.0246276855
.0190734863
.0381011963
-.0264434814
-.0214080811
-.0177764893
-.0374145508
-.0316619873
.0526428223
-.0441436768
.0415496826
-.0286560059
.0174865723
-.0434570313
.0353393555
.0211029053
.0166778564
-.0154876709
-.0331573486
.0281219482
-.0131988525
.0303497314
.0352478027
-.0190124512
-.0213623047
.0284576416
.0221862793
-.0345306396
-.0466461182
.0504760742
.0368499756
-.0235595703
-.0443572998
.0123443604
.0299682617
-.0394287109
.0124816895
.0260467529
.0207214355
.0210876465
-.0107269287
-.0178070068
.0145721436
.0383758545
-.0287475586
-.0244750977
.0242004395
.0450592041
-.0268859863
-.0216522217
-.0374755859
.0382690430
.0260620117
.0178833008
-.0295104980
.0317993164
-.0497894287
-.0339202881
.0481262207
-.0136413574
-.0229949951
-.0240936279
.0152587891
.0107574463
-.0254516602
.0231170654
.0092926025
-.0115051270
.0262603760
.0270996094
-.0411376953
-.0165100098
-.0231933594
.0490875244
-.0180664063
.0212249756
-.0292053223
.0189819336
-.0381317139
.0579376221
.0163726807
-.0151977539
-.0390472412
.0298156738
-.0170898438
-.0326995850
.0137634277
-.0225982666
.0278778076
.0248718262
-.0489807129
.0472412109
-.0470581055
.0306396484
-.0147094727
.0234069824
.0135498047
-.0207214355
-.0199127197
-.0239105225
-.0166473389
-.0258331299
.0428924561
.0213317871
-.0305175781
-.0175781250
.0260314941
-.0261535645
-.0200042725
.0289306641
.0265655518
-.0300598145
.0419464111
-.0346527100
-.0283355713
.0270080566
.0468597412
.0261688232
.0277709961
-.0288543701
-.0243225098
.0215301514
-.0356140137
.0185089111
-.0214080811
.0325622559
-.0222473145
.0360260010
-.0539245605
.0418701172
.0183410645
.0379028320
-.0324401855
.0130462646
.0142517090
-.0165252686
-.0345611572
.0281829834
.0308990479
-.0125274658
.0196380615
-.0252380371
-.0178527832
.0133819580
.0508117676
.0317687988
.0342559814
-.0287170410
-.0207672119
-.0178222656
.0283203125
.0302429199
