-.0162506104
-.0129089355
-.0127410889
-.0075531006
-.0064239502
.0307769775
.0195922852
-.0246887207
-.0222930908
-.0030517578
.0077514648
.0105133057
.0165863037
-.0031127930
-.0018310547
-.0162048340
-.0021514893
-.0077667236
-.0021362305
-.0073394775
.0222320557
.0075683594
-.0089263916
-.0202636719
-.0090789795
.0117950439
-.0032196045
.0143890381
.0164794922
-.0122833252
-.0155639648
.0101470947
.0121612549
-.0150604248
-.0056762695
.0051727295
.0237426758
.0061187744
-.0168762207
.0155487061
-.0155029297
-.0173950195
-.0189361572
.0305480957
.0233917236
.0058441162
-.0266876221
-.0117950439
-.0072021484
.0060119629
.0190124512
.0296173096
-.0151672363
-.0193939209
-.0120086670
.0129699707
-.0045928955
.0157165527
.0105133057
.0091247559
-.0208587646
-.0136260986
.0060882568
.0134277344
-.0027770996
.0088958740
.0073394775
.0071716309
-.0173034668
-.0109405518
-.0046844482
-.0032958984
.0028991699
.0153961182
.0097961426
-.0217285156
-.0101165771
.0140075684
.0070190430
-.0122528076
-.0090789795
.0115051270
.0079193115
-.0094299316
-.0066986084
.0075531006
-.0163574219
-.0095214844
.0182647705
.0188446045
.0113677979
-.0205383301
-.0049896240
-.0102996826
-.0127410889
.0166625977
.0213012695
-.0049285889
-.0159759521
-.0092926025
.0090332031
-.0070190430
-.0113067627
.0050201416
.0186767578
-.0038299561
-.0131225586
.0059661865
-.0121307373
-.0128784180
.0048065186
.0193786621
.0149078369
.0079498291
-.0162200928
-.0062103271
-.0177917480
-.0135803223
.0210571289
.0143890381
.0085449219
-.0184936523
.0104370117
.0056762695
-.0189056396
-.0146484375
.0132751465
.0199127197
.0113830566
.0057373047
-.0096435547
-.0259857178
-.0280151367
.0243377686
.0385742188
.0107574463
-.0144195557
-.0179901123
-.0122375488
-.0122528076
.0094146729
.0300140381
.0243988037
-.0278778076
-.0346374512
.0117950439
.0160827637
-.0029449463
.0140991211
.0093383789
-.0124969482
-.0165710449
.0050506592
.0070953369
.0066528320
-.0078430176
.0075073242
.0200805664
-.0098876953
-.0195617676
.0097045898
-.0121459961
-.0182495117
.0225372314
.0317993164
.0058288574
-.0237579346
-.0058898926
.0072479248
-.0075225830
-.0150451660
.0169067383
.0095214844
.0088043213
-.0106353760
.0110473633
-.0167541504
-.0147399902
-.0150451660
.0341796875
.0268707275
-.0083160400
-.0250701904
-.0141601563
-.0150146484
.0028381348
.0170898438
.0293579102
-.0034942627
-.0242767334
.0045623779
-.0051269531
-.0058593750
.0028991699
.0138702393
.0105133057
-.0072784424
-.0026092529
-.0067596436
-.0152587891
-.0122375488
.0092010498
.0217590332
.0156860352
-.0084991455
-.0189819336
-.0133819580
-.0085296631
.0067291260
.0233001709
.0114898682
-.0062561035
-.0071868896
-.0062255859
-.0110626221
-.0155181885
.0137634277
.0265808105
-.0063018799
.0071716309
-.0170898438
-.0114135742
-.0145874023
.0064239502
.0195159912
.0296173096
-.0127563477
-.0262298584
.0050659180
-.0084228516
-.0125274658
.0195617676
.0313415527
-.0098266602
-.0188903809
-.0043182373
-.0060577393
-.0064697266
-.0062866211
.0106201172
.0178527832
-.0160980225
-.0071563721
-.0086212158
-.0095977783
-.0105438232
.0175170898
.0135498047
.0091552734
-.0179595947
-.0107879639
-.0102996826
-.0028686523
-.0055694580
.0224456787
.0207061768
-.0180969238
-.0226745605
.0072174072
.0140075684
.0047149658
-.0065307617
.0071716309
.0065765381
.0055541992
-.0111694336
.0045471191
-.0102691650
-.0209808350
.0230712891
.0214080811
.0140838623
-.0251617432
-.0091705322
-.0083160400
.0069885254
.0107574463
.0226135254
-.0113067627
-.0249633789
-.0127410889
.0152893066
.0157928467
-.0045471191
.0063934326
-.0061645508
.0071868896
-.0148620605
.0166931152
.0092163086
-.0259552002
-.0131683350
.0178985596
.0213928223
-.0058746338
-.0141143799
-.0071105957
-.0085296631
-.0062255859
.0145721436
.0140838623
-.0071105957
-.0200042725
-.0033416748
.0119018555
-.0039978027
-.0122680664
.0080871582
.0136718750
-.0064697266
.0125274658
-.0079193115
-.0055084229
-.0215148926
-.0063476563
.0188446045
.0238952637
-.0085296631
-.0228118896
-.0097045898
-.0125274658
-.0113525391
.0296020508
.0171203613
-.0102691650
-.0180358887
-.0071868896
.0081481934
.0103149414
-.0061035156
.0144805908
.0046386719
-.0149688721
.0038604736
-.0059509277
-.0149230957
-.0065307617
.0162048340
.0237426758
.0061340332
-.0150146484
-.0067138672
-.0143890381
-.0157928467
.0138854980
.0217285156
.0106353760
-.0187835693
-.0104064941
.0160522461
.0143585205
-.0333099365
.0047760010
.0116577148
.0185546875
.0033874512
-.0045166016
.0031127930
-.0264434814
-.0199432373
.0242156982
.0257720947
-.0056304932
.0028991699
-.0204315186
-.0186920166
-.0139007568
.0160675049
.0236663818
.0174255371
-.0059661865
-.0216217041
-.0053863525
-.0169830322
.0072784424
.0138549805
.0291442871
-.0069732666
-.0143737793
-.0093841553
-.0150146484
-.0184326172
.0167694092
.0329437256
.0140533447
-.0214996338
-.0217590332
-.0112915039
.0093078613
.0139007568
.0202636719
.0059967041
-.0175170898
-.0146484375
.0077209473
.0096130371
.0033721924
-.0046997070
.0171508789
-.0060729980
-.0155029297
.0059051514
.0156707764
-.0191345215
-.0258178711
.0198516846
.0173492432
.0065612793
-.0160369873
.0032043457
-.0073547363
.0040435791
-.0119018555
.0254974365
.0117340088
-.0148162842
-.0110168457
.0060729980
-.0075531006
-.0080261230
.0118713379
.0110778809
-.0080413818
.0048828125
.0021820068
-.0093841553
-.0161743164
-.0052490234
.0268096924
.0250091553
-.0133056641
-.0217895508
-.0046844482
-.0146942139
.0145416260
.0120391846
.0204925537
-.0071411133
-.0259094238
-.0103149414
.0198059082
.0061035156
-.0132751465
.0120391846
-.0021667480
-.0071563721
.0065155029
.0131530762
-.0145111084
-.0275115967
.0049438477
.0204315186
.0187225342
-.0056457520
-.0111694336
-.0119628906
-.0099945068
-.0017089844
.0141601563
.0269927979
-.0104980469
-.0213012695
-.0067749023
.0110168457
-.0069427490
-.0055694580
.0093536377
.0118408203
-.0033874512
-.0119323730
.0099334717
-.0159301758
-.0133972168
.0121917725
.0281372070
-.0022735596
-.0061798096
-.0117492676
-.0060577393
-.0124053955
-.0081024170
.0231933594
.0158538818
-.0110168457
-.0092163086
.0027313232
.0066528320
-.0148620605
-.0072021484
.0189056396
.0055389404
-.0103149414
.0057678223
.0063018799
-.0147552490
-.0137939453
.0192871094
.0284271240
-.0089111328
-.0119476318
-.0162506104
-.0138092041
-.0119476318
-.0111389160
-.0058441162
.0333557129
.0146942139
-.0288848877
-.0220794678
-.0050964355
.0065460205
.0084838867
.0153656006
-.0031127930
-.0021514893
-.0162048340
.0046081543
-.0077667236
-.0023498535
.0066833496
.0204467773
.0075683594
-.0087585449
-.0202636719
-.0068206787
.0117950439
-.0044097900
.0162658691
.0164794922
-.0139007568
-.0168914795
.0136566162
.0080261230
-.0150604248
-.0089721680
.0088348389
.0237426758
-.0087585449
-.0143127441
.0155487061
-.0165100098
-.0175781250
-.0155181885
.0293884277
.0205078125
-.0056915283
-.0266876221
-.0093078613
.0068206787
.0051422119
.0232391357
.0287475586
-.0169219971
-.0209808350
-.0090179443
.0135345459
-.0060272217
.0186157227
.0102539063
.0058441162
-.0204162598
-.0150451660
.0080718994
.0113067627
.0044250488
.0070343018
.0095672607
.0039978027
-.0173034668
-.0107727051
-.0046997070
-.0031585693
.0061492920
.0159759521
.0082397461
-.0217285156
-.0099029541
.0142669678
.0061492920
-.0152587891
-.0076599121
.0115051270
.0089874268
-.0122833252
-.0031890869
.0055694580
-.0124359131
-.0098724365
.0230255127
.0168457031
.0090332031
-.0195312500
-.0054473877
-.0119171143
-.0117950439
.0179443359
.0203247070
-.0049285889
-.0162506104
-.0083465576
.0092315674
-.0058441162
-.0097808838
.0089569092
.0164642334
-.0042724609
-.0137786865
.0059661865
-.0121307373
-.0125885010
.0071563721
.0216674805
.0124359131
.0054016113
-.0151824951
.0066223145
-.0189056396
-.0112152100
.0210571289
.0143890381
.0050201416
-.0169982910
.0104370117
-.0084533691
-.0209960938
-.0122375488
.0148315430
.0196075439
.0113830566
.0064849854
-.0137329102
-.0250091553
-.0262908936
.0300140381
.0363464355
.0091247559
-.0170593262
-.0185699463
-.0128326416
-.0097808838
.0135955811
.0279998779
.0178985596
-.0297546387
-.0326690674
.0170135498
.0141296387
-.0033416748
.0140991211
.0126647949
-.0199584961
-.0149383545
.0050506592
.0079345703
-.0051269531
-.0056152344
.0078125000
.0220336914
-.0129547119
-.0187530518
.0097045898
-.0170593262
-.0166320801
.0255126953
.0317993164
-.0108795166
-.0230560303
-.0058898926
.0075531006
-.0097656250
-.0151214600
.0178070068
.0110321045
.0064544678
-.0103454590
.0096282959
-.0167541504
-.0158843994
-.0107727051
.0350646973
.0259246826
-.0113372803
-.0250701904
-.0105743408
-.0113220215
.0027923584
.0214691162
.0251464844
-.0085601807
-.0246887207
.0055694580
-.0066528320
-.0051879883
.0036468506
.0138702393
.0108184814
-.0079345703
-.0026092529
-.0067596436
-.0170440674
-.0100097656
.0114135742
.0240173340
.0140686035
-.0084991455
-.0189819336
-.0127410889
-.0069885254
.0080871582
.0233001709
.0114898682
-.0071716309
-.0068206787
-.0095825195
-.0079650879
-.0189971924
.0180206299
.0242919922
-.0063018799
.0060424805
-.0180664063
-.0148315430
-.0145874023
.0053253174
.0219726563
.0258941650
-.0146331787
-.0262298584
.0062103271
-.0099945068
-.0122833252
.0253906250
.0286254883
-.0128021240
-.0188598633
-.0033111572
-.0060577393
-.0064697266
-.0037536621
.0115509033
.0155334473
-.0160980225
-.0070190430
-.0060882568
-.0118865967
-.0065155029
.0186309814
.0127563477
.0091552734
-.0179595947
-.0053100586
-.0102233887
-.0015258789
-.0037536621
.0254058838
.0163574219
-.0205841064
-.0204620361
.0099792480
.0112762451
-.0059356689
.0048828125
.0059509277
.0068359375
-.0042419434
-.0097503662
.0045471191
-.0118408203
-.0192108154
.0277099609
.0214080811
.0078277588
-.0257263184
-.0078582764
-.0062713623
.0093841553
.0122528076
.0227050781
-.0171966553
-.0231933594
-.0091705322
.0182800293
.0106964111
-.0035858154
.0063781738
-.0031738281
-.0059661865
-.0109405518
.0171813965
.0067443848
-.0254974365
-.0113983154
.0234375000
.0202636719
-.0076141357
-.0141906738
-.0067749023
-.0084381104
-.0045928955
.0142517090
.0176391602
-.0098876953
-.0182037354
.0030059814
.0115356445
-.0046844482
-.0122680664
.0110931396
.0136413574
-.0067596436
.0148773193
-.0094757080
-.0066680908
-.0231170654
.0052185059
.0219116211
.0238952637
-.0142822266
-.0207519531
-.0099182129
-.0154266357
-.0055999756
.0296020508
.0162658691
-.0104370117
-.0192108154
.0046539307
.0066833496
.0102539063
-.0061035156
.0139007568
.0025177002
-.0143890381
.0020599365
-.0059509277
-.0149230957
-.0065307617
.0173797607
.0229339600
.0046997070
-.0160064697
-.0052337646
-.0175018311
-.0140686035
.0165405273
.0186157227
.0091400146
-.0187530518
-.0070800781
.0168457031
-.0095214844
-.0317993164
.0032806396
.0141754150
.0179901123
.0043029785
-.0087890625
.0031585693
-.0295867920
-.0152740479
.0265350342
.0246276855
-.0059204102
-.0044250488
-.0250854492
-.0163269043
-.0116577148
.0184936523
.0236663818
.0149993896
-.0063018799
-.0204925537
-.0064697266
-.0175018311
.0085449219
.0197906494
.0244903564
-.0110168457
-.0119171143
-.0058746338
-.0170288086
-.0175476074
.0174560547
.0326843262
.0111846924
-.0231781006
-.0223999023
-.0077819824
.0093078613
.0139007568
.0196685791
.0028686523
-.0181274414
-.0146484375
.0077362061
.0095062256
-.0045928955
.0054016113
.0164337158
-.0092163086
-.0155029297
.0082855225
.0133514404
-.0200500488
-.0233917236
.0198516846
.0173492432
.0047912598
-.0130462646
-.0042572021
-.0078582764
.0040435791
-.0116729736
.0254974365
.0103149414
-.0133666992
-.0116271973
.0080566406
-.0075531006
-.0059509277
.0118713379
.0110626221
-.0080413818
.0054626465
-.0054626465
-.0102386475
-.0161743164
-.0050659180
.0274200439
.0231933594
-.0147247314
-.0221557617
-.0054931641
-.0177154541
.0172729492
.0109252930
.0204925537
-.0112457275
-.0244750977
-.0075378418
.0149536133
.0023040771
-.0132751465
.0140380859
-.0021209717
-.0071563721
.0089263916
.0110778809
-.0126037598
-.0262298584
.0072937012
.0229644775
.0167541504
-.0082397461
-.0111694336
-.0131683350
-.0095520020
.0024719238
.0150756836
.0266723633
-.0137329102
-.0168762207
-.0060729980
.0110168457
-.0107574463
-.0046691895
.0104217529
.0101013184
-.0033874512
-.0097198486
.0086822510
-.0166625977
-.0102844238
.0142211914
.0254211426
-.0041961670
-.0053863525
-.0134582520
-.0102539063
-.0088806152
-.0052947998
.0238952637
.0137786865
-.0104370117
-.0080413818
.0043029785
.0056915283
-.0123901367
-.0065612793
.0215148926
-.0039825439
-.0103149414
.0069427490
-.0017242432
-.0128326416
-.0128479004
.0232849121
.0223846436
-.0086669922
-.0130767822
-.0185394287
-.0141906738
