-.0008697510
-.0008544922
.0077514648
.0033874512
-.0015258789
-.0013427734
-.0012817383
.0115356445
.0045928955
-.0019989014
-.0017700195
-.0017852783
-.0058898926
-.0056610107
-.0028381348
-.0025787354
-.0026397705
-.0020904541
.0117492676
-.0042724609
-.0041809082
-.0047607422
-.0033874512
.0137481689
-.0047607422
-.0041046143
-.0050659180
.0042114258
-.0239868164
-.0048370361
-.0050048828
-.0059356689
-.0044555664
-.0361938477
.0082550049
-.0065460205
-.0077209473
-.0078582764
-.0469207764
.0124206543
-.0080718994
-.0106353760
-.0092315674
.0541839600
.0166473389
-.0097198486
-.0111694336
-.0113983154
.0658416748
.0258026123
-.0117492676
-.0151824951
-.0104370117
.0577697754
.0337829590
-.0171508789
-.0176086426
-.0173645020
-.0880889893
.0417327881
-.0217590332
-.0199432373
-.0207672119
-.0370788574
.0583343506
-.0197296143
-.0246276855
-.0230560303
-.0254364014
-.0819091797
-.0303192139
-.0273284912
-.0275878906
-.0216674805
.0823974609
.0414276123
-.0311584473
-.0338134766
-.0228881836
-.0921020508
.0365905762
-.0217285156
-.0228576660
.0240325928
.1480560303
.0573272705
.0291900635
-.0184936523
.0254364014
-.1218872070
.0378570557
.0213775635
.0199890137
-.0285034180
.1363830566
.0440368652
.0176696777
.0191192627
-.0246734619
-.0616607666
.1120452881
.0362701416
.0179901123
-.0237884521
.0189208984
.1135864258
.0339508057
-.0144653320
-.0237426758
.0195007324
.0954589844
.0207214355
.0137786865
-.0267944336
.0229187012
.1413421631
.0437316895
.0175476074
-.0182800293
.0158233643
.1367492676
.0730133057
.0163116455
.0305480957
-.0189514160
.1510925293
.0423278809
.0205383301
-.0312194824
-.0478057861
-.0661621094
.0621032715
-.0406188965
.0365142822
-.0508575439
-.0443725586
.1273956299
.0294647217
.0379486084
-.0353240967
-.0523223877
-.0941619873
.0632476807
.0416107178
-.0425415039
-.0410308838
.1232604980
.0491485596
-.0300750732
-.0296020508
-.0325317383
.1112823486
-.0829010010
-.0205230713
-.0328674316
-.0307922363
-.0623779297
.0267639160
.0354766846
-.0256195068
-.0399475098
-.0876159668
.0905609131
.0435333252
.0214385986
.0231170654
-.0321807861
.0845642090
.0402374268
.0315856934
.0232696533
-.0422210693
-.1068267822
-.0603179932
.0257568359
.0414428711
-.0292358398
.0962524414
.0265045166
.0429534912
.0457305908
.0394287109
.1493377686
-.0371246338
.0456542969
-.0381927490
-.0304412842
-.0661315918
.1159210205
.0564117432
-.0410003662
.0457763672
-.0768127441
.1242828369
-.0496063232
-.0569915771
.0309448242
-.0740509033
.1180877686
-.0686035156
.0353851318
-.0481414795
-.0441436768
.1679992676
.0354919434
.0541229248
.0287322998
-.0544738770
.1206817627
-.0577545166
.0505065918
.0410156250
-.0397491455
-.0787048340
.1302795410
.0441284180
-.0524597168
-.0391540527
-.0718383789
.1126098633
.0792999268
.0374145508
.0509338379
-.0441894531
.1929016113
.0389099121
.0672149658
.0687713623
.0396728516
.1451721191
-.0699157715
.0676116943
-.0513458252
-.0384368896
-.0998535156
.1466827393
-.0641632080
-.0699920654
.0477447510
-.1607666016
.1164093018
-.0479736328
-.0606842041
.0475006104
-.0939331055
.2030334473
-.0515594482
.0449829102
-.0387725830
-.0547637939
.1434326172
-.0643768311
.0693511963
-.0425415039
-.0435028076
-.1114501953
.1323089600
.0517578125
-.0598907471
.0732421875
-.0917205811
.1510467529
.0527038574
.0536193848
.0524291992
-.0695953369
.1670684814
-.0786437988
.0461883545
.0547637939
-.0634918213
-.1374359131
-.0978088379
.0549926758
-.0605010986
-.0717468262
-.1696472168
.0975036621
-.0605773926
-.0659637451
.0697479248
-.1389007568
.1302337646
-.1230621338
.0703430176
.0772552490
-.1018066406
.1036224365
-.1144866943
.0772552490
.0610504150
-.0485687256
-.1589813232
.1297302246
.0708618164
.0765380859
.0850830078
-.1125946045
.1377716064
-.1267395020
.0885009766
-.0507507324
-.0945434570
.1884155273
-.1078948975
-.0651550293
.0752410889
-.0831451416
-.1318817139
.1592407227
.0907440186
-.0605010986
.0907440186
-.1667327881
.2249298096
.0740814209
.0828857422
.0682678223
-.0927581787
.2124176025
-.0919342041
-.0714416504
.0755310059
-.0858001709
-.2112579346
.1019287109
-.1346588135
-.1240386963
.0674743652
-.2325439453
.1697998047
-.1356964111
.0864562988
.1046295166
-.1024627686
.2061767578
-.1559906006
-.0939483643
-.0856475830
.0965728760
-.1280364990
.1510162354
-.1127624512
.1210021973
.1094970703
-.2117156982
.2036132813
-.2122802734
-.1394042969
-.0793151855
-.1442413330
.1633300781
-.1577911377
-.0986633301
.0911254883
-.1005859375
-.1973571777
.1820678711
.1125335693
-.0969390869
.0681915283
-.2375488281
.2261810303
-.0975494385
-.0788269043
-.1011657715
-.1462707520
.1733856201
-.1158599854
-.0952301025
-.1107177734
.1268005371
-.2533111572
-.2016906738
-.1981506348
-.1063079834
.0985870361
-.2059631348
.3060913086
-.1086730957
-.0742492676
-.0765533447
-.1024932861
.1370239258
-.1070251465
-.1472778320
-.0995330811
.1349639893
-.2011108398
.1722717285
-.1005096436
-.1555938721
-.0920715332
-.2081604004
.1761474609
-.1847076416
-.1247863770
-.0578613281
-.1217498779
-.1320648193
.0995025635
-.1126556396
-.1237640381
.1013336182
-.2625122070
.1980133057
.1038513184
.0928344727
.1337280273
-.1986236572
-.1887207031
-.1678924561
-.1666717529
-.1581115723
.1472625732
-.2298889160
.1728210449
-.1257629395
.1108703613
.0902557373
-.2379455566
.1772308350
-.1345672607
-.1183624268
-.1179962158
-.1154785156
.1352233887
.1193847656
-.0802764893
-.1351470947
-.1670227051
-.3159637451
.2215270996
-.1631927490
-.0886077881
.1299438477
-.1982116699
.1438751221
-.0905609131
-.1500244141
-.1004943848
.1632690430
-.2459106445
.2313690186
.0863189697
-.1416625977
-.1418457031
-.2299957275
.2165832520
-.1582336426
-.1064453125
.1186676025
.1518554688
-.2329254150
.1148681641
-.2151794434
-.1377716064
.1752319336
-.3387756348
.3092041016
.1929473877
.0985412598
-.1697540283
.2064361572
-.3075714111
-.2392425537
-.1429901123
.1692962646
.2139282227
-.3569946289
.2326812744
-.2120513916
-.1759490967
.1831665039
-.2094879150
-.2758178711
.1382141113
-.1931152344
-.1322174072
.2001647949
-.3792724609
.2199096680
-.1707153320
.1268157959
-.2507019043
.2751159668
-.2143554688
.2505493164
-.2383728027
-.1695556641
.2003784180
-.3983612061
.2007904053
-.2672576904
-.1478271484
-.1401519775
-.2169952393
-.2403564453
.1689910889
-.4533996582
-.2216186523
.2090606689
-.3179626465
.2324523926
-.1930694580
-.1554260254
-.1772613525
.2788391113
-.2344207764
.1865997314
-.1459350586
-.1471405029
.1438446045
-.3246154785
.3024139404
.2961883545
-.1254882813
-.1506958008
.3198699951
-.2839813232
.1816558838
-.1884613037
-.1814575195
.1966094971
-.2924346924
.3436737061
.2432403564
-.2209625244
.1296081543
.2387542725
-.2702484131
.2084808350
.1900177002
.1828460693
.1258239746
-.2422027588
.2126464844
.2184600830
-.2583007813
-.2293548584
.2544403076
-.3019409180
.2039642334
-.1822509766
-.2101287842
-.2443237305
-.2029571533
.1979064941
.1080780029
-.3955993652
-.1776428223
.2359466553
-.3888092041
.2151489258
.2081451416
-.1751251221
-.1661376953
.2350616455
-.2816772461
.1538848877
-.2238006592
-.2035980225
-.2299346924
-.2500762939
.2575683594
.1833953857
-.1288299561
-.1625976563
.2432098389
-.2963104248
.1426696777
-.1996917725
-.1901245117
.1514434814
-.2663879395
.2772827148
.1743164063
-.2164611816
-.1809387207
.1835937500
-.3588409424
.2274322510
.1759948730
-.2295074463
-.1882324219
.1483612061
.1659545898
.1049194336
.1938476563
-.2634429932
-.1587677002
-.2734985352
.2488861084
-.1129608154
-.4839630127
-.2290039063
.2762908936
-.2703704834
.2069244385
-.3184661865
-.3182373047
-.1531677246
.2014312744
-.1316680908
.1341094971
.3122711182
-.1791687012
-.1649780273
-.2266387939
.2492675781
-.1195526123
-.1499938965
.1146850586
.1502685547
-.4188690186
.2734985352
.2377471924
-.1386260986
.0953674316
-.1157531738
-.2313842773
.1856994629
.1015777588
-.0899353027
-.1671142578
-.2907409668
.2738647461
.0856781006
.0990600586
-.1792755127
.1369934082
-.2968597412
.1996765137
-.1761932373
.1530151367
.1629486084
-.1215057373
.1052551270
.1423339844
-.1276245117
-.1314544678
-.0997161865
.1948852539
-.2049407959
-.1640625000
-.1596984863
.1247863770
-.1163482666
-.1993408203
.1721038818
-.1342773438
-.1127471924
-.1851959229
-.1772308350
-.2209320068
.1105957031
-.1056213379
-.1139831543
-.2577667236
.1952667236
-.1486206055
-.1340637207
-.1936798096
-.2089538574
-.1421508789
-.1112670898
.1212158203
.1525573730
.1613769531
-.2004089355
-.1607818604
-.1975708008
.1532897949
-.1471710205
.0890197754
-.0653076172
.2010650635
-.1085510254
.1443786621
-.2297821045
-.1599884033
-.1227874756
.1625976563
.1042785645
.1102905273
-.1645202637
.0872344971
-.1708221436
.2228851318
-.1300354004
.1751403809
.1110534668
.1047515869
-.1674652100
-.1985626221
.1638641357
.1262817383
-.1495361328
-.1535034180
-.2405700684
.0847778320
.1539154053
-.1304473877
-.1451568604
-.1311950684
-.1682586670
-.1860809326
-.1089172363
.0840759277
.0754089355
-.1854553223
.1560058594
.1524505615
.1447906494
-.1430053711
-.1492767334
-.1959686279
.1078796387
.1509857178
-.0965576172
-.1018829346
-.1138916016
-.2310638428
-.1952667236
.1707916260
.1038360596
.0998077393
-.1324462891
.1683349609
-.1283569336
.1278381348
-.1622924805
-.1496582031
-.1185913086
.1095581055
-.1422271729
-.0997467041
-.1362304688
-.1416778564
-.1801452637
.1039428711
.0884552002
.1384735107
-.1730499268
-.1196136475
-.2000122070
-.0928955078
.1690521240
.1289825439
-.1213531494
.0672912598
-.2140045166
-.1033172607
.1270904541
-.1041717529
-.1040344238
-.0859222412
-.1341857910
-.0669250488
.1271667480
.1039428711
-.1393585205
-.1151428223
-.1049957275
-.1410522461
.0709838867
-.0735473633
.0839691162
.0960083008
.1853790283
-.0816040039
.1034240723
-.2041473389
-.1114501953
-.1594543457
.1619720459
-.1151428223
-.0740814209
-.1151733398
.1233062744
-.1989593506
-.1240386963
.0981140137
.1168212891
.0901641846
-.1211395264
-.1483917236
.0750732422
.0832061768
-.0950622559
.0842895508
.0420074463
-.1433258057
-.1056518555
.0998382568
.0610504150
-.0794830322
-.1456909180
.0903625488
.0644989014
.0792388916
-.1258087158
-.1443634033
-.1158142090
.1558227539
-.0906066895
.0720520020
.0487823486
.0815124512
-.2431030273
.1372222900
.0720367432
.1034698486
-.0764617920
.0551757813
-.1216888428
.0698394775
-.0740661621
.0871582031
-.0998992920
-.1055450439
-.1375274658
.0685272217
.1089935303
-.0757446289
-.0783843994
-.0838623047
-.1127166748
-.0854187012
.0704803467
-.0386962891
.0541839600
-.1000976563
.1167755127
.0488128662
.0610809326
-.1258087158
-.0861816406
-.0564270020
.1516265869
-.0841979980
-.0960998535
-.0518951416
-.0716705322
-.1293487549
.1520538330
.0433654785
.0725097656
-.0903930664
-.0897216797
-.1178588867
.0936737061
-.0381774902
.0395355225
.0579833984
.0729827881
-.2173614502
.0818481445
-.0834655762
-.1255950928
-.0666198730
.0730743408
-.1428833008
.0768890381
.0623321533
.0579833984
-.0634765625
.0503387451
-.0681152344
.0484008789
.0664520264
.0604553223
-.0675811768
-.0928344727
-.0922241211
-.0539398193
.0448455811
.0751953125
-.0601806641
-.0695953369
.1539001465
-.1033477783
-.0537719727
-.0369720459
.0638122559
-.0688171387
.1186370850
-.0563201904
.0815887451
-.0945129395
.0435943604
-.1135406494
.1590423584
-.1039581299
-.0604553223
-.0742187500
-.0713958740
-.1704254150
.1252136230
.0385894775
.0558319092
-.0792541504
.0521240234
-.1596832275
.0742950439
.0384521484
.0661773682
-.0357971191
.0525665283
-.1008148193
-.0365600586
-.0689086914
.0343322754
.0263824463
.0497741699
-.1041107178
-.0597686768
.0340270996
-.0599822998
-.0468750000
.0284271240
-.0459899902
-.0401306152
.0279846191
.0397644043
-.0420989990
.0352020264
-.0541687012
.0262908936
-.0344238281
-.0437316895
.0366210938
-.0270996094
.0543975830
-.0289001465
.0228881836
.0466308594
.0439910889
-.0397338867
.0860443115
-.0563507080
.0318756104
.0276184082
.0238342285
-.0334167480
.0735015869
-.0222167969
-.0314331055
-.0166320801
.0174255371
-.0429840088
.0564880371
-.0408477783
.0178222656
-.0201721191
-.0168762207
-.0529632568
.0581817627
-.0190734863
-.0187683105
-.0171051025
.0157623291
-.0567321777
.0411987305
-.0095672607
.0216369629
-.0192565918
.0083312988
-.0466918945
.0112762451
-.0104064941
.0140686035
.0088806152
.0133972168
-.0269622803
.0136871338
-.0112609863
.0138092041
.0112762451
.0056457520
-.0290069580
-.0089569092
-.0075225830
.0064849854
-.0072021484
.0045776367
.0047454834
.0054473877
-.0060882568
.0029907227
.0062713623
-.0028686523
.0044250488
.0029144287
.0014495850
.0018768311
.0013732910
.0014953613
.0021820068
-.0004119873
-.0001220703
