.0027618408
.0060119629
-.0046844482
-.0035095215
.0037536621
.0047302246
-.0063781738
-.0043945313
-.0042572021
-.0059356689
.0090942383
-.0058593750
-.0142669678
-.0196838379
-.0308227539
-.0233612061
.0149078369
.0143890381
-.0160369873
.0133056641
.0074615479
-.0103912354
-.0105895996
.0081787109
.0128326416
-.0162353516
.0147857666
.0233154297
.0221557617
.0176544189
-.0243682861
.0196075439
-.0202178955
.0199890137
-.0172271729
-.0223999023
.0242004395
.0220031738
.0197143555
.0214538574
-.0208740234
.0166320801
.0271148682
-.0264587402
-.0304870605
.0311889648
.0258636475
-.0355224609
-.0306854248
-.0294036865
-.0318603516
-.0296936035
-.0384368896
-.0358276367
-.0355072021
-.0305023193
.0311889648
.0385284424
-.0347747803
.0471801758
.0439453125
.0522155762
-.0659484863
-.0906372070
-.0921936035
-.0831146240
.0472412109
-.0828857422
-.0416107178
-.0755004883
-.0587921143
-.0821075439
-.0649108887
-.0880432129
-.0907287598
-.0899353027
.0829162598
-.0777282715
.0556640625
-.0780792236
-.0877227783
.0777435303
.0476379395
-.0490570068
-.0710449219
-.0860137939
-.0823059082
-.0684661865
-.0675201416
.0695648193
.0353851318
-.0658569336
.0835571289
-.0724334717
-.0861968994
.0879974365
-.0878753662
.0644073486
.0698242188
.0713043213
-.0700073242
-.0654754639
.0486145020
-.0772399902
-.0596618652
-.0990753174
.0481872559
-.0610046387
-.0518951416
-.0617675781
-.0529174805
.0594787598
.0592498779
.0817260742
-.0679779053
.0769042969
.0857086182
-.0470275879
.0677185059
-.0827026367
-.0636138916
-.0892944336
-.0817871094
-.0845947266
-.0679626465
-.0688018799
-.0672149658
-.0490264893
-.0360107422
-.0441894531
-.0441589355
-.0596466064
-.0526580811
.0349731445
-.0586395264
.0705871582
-.0755310059
-.0694427490
-.0744323730
.0783538818
-.0740051270
-.0615844727
-.0807189941
-.0759887695
.0875854492
-.0623168945
-.0373840332
-.0563659668
.0328216553
-.0538787842
-.0261840820
.0418395996
-.0483856201
-.0629730225
-.0540618896
.0442810059
-.0742187500
-.0788574219
-.0903320313
-.0833282471
-.0834350586
-.0948944092
-.0929107666
-.0778808594
.0351409912
-.0436859131
-.0555114746
.0210571289
-.0202331543
-.0320587158
-.0729827881
-.0438995361
.0531005859
-.0580749512
-.0396118164
-.0433349609
-.0490875244
.0421142578
-.0653076172
-.0753631592
-.0809783936
-.0839385986
-.0913391113
-.0941162109
-.0581359863
-.0656585693
-.0531158447
.0205383301
-.0294036865
-.0327911377
-.0182952881
-.0463562012
.0492095947
.0501708984
.0392303467
-.0357971191
.0255584717
-.0505218506
-.0339508057
-.0366516113
-.0433502197
-.0435028076
-.0407409668
-.0473632813
-.0264739990
-.0281677246
-.0802917480
-.0166931152
-.0234527588
-.0226440430
.0182647705
-.0302734375
.0133819580
.0213623047
-.0060119629
-.0053100586
-.0194702148
-.0225830078
.0091705322
-.0202026367
-.0244140625
-.0348510742
.0121612549
-.0263366699
-.0264587402
-.0091857910
.0128936768
.0157470703
-.0076599121
-.0160675049
-.0069122314
.0037536621
-.0113677979
.0057373047
.0199737549
.0148925781
-.0139312744
-.0105895996
-.0053253174
.0060729980
.0164031982
.0077056885
-.0162048340
.0163574219
-.0103454590
.0168457031
.0128479004
-.0042724609
.0100555420
.0032043457
.0037536621
-.0050659180
.0021209717
.0023956299
.0018310547
-.0016784668
.0013580322
.0012054443
-.0008544922
-.0003509521
.0010070801
.0005340576
-.0006256104
.0003356934
.0009155273
.0005340576
-.0004882813
.0003051758
.0008239746
.0008239746
-.0002593994
-.0003509521
.0005645752
.0009002686
.0004882813
-.0003662109
-.0002593994
.0007629395
.0008544922
-.0001983643
-.0003967285
.0005493164
.0009155273
.0005645752
-.0004119873
-.0004730225
.0009613037
.0011901855
.0007629395
-.0004882813
.0003204346
.0010375977
.0008850098
-.0006103516
-.0004119873
.0008239746
.0010528564
-.0006713867
-.0005493164
.0016326904
.0020446777
-.0006866455
.0030364990
.0084686279
-.0021667480
.0104522705
.0088195801
-.0053100586
.0067291260
.0053405762
-.0013885498
.0108184814
-.0041198730
-.0023345947
-.0079193115
.0023651123
.0062561035
.0051574707
.0056304932
.0097351074
-.0023803711
-.0079345703
-.0019531250
.0016021729
.0123901367
.0081481934
-.0030975342
-.0074615479
-.0021514893
-.0044403076
-.0064086914
-.0023803711
-.0038452148
.0050811768
.0014190674
-.0067749023
-.0022583008
-.0062103271
-.0018768311
-.0024108887
-.0042114258
-.0013427734
.0015716553
-.0065612793
-.0018157959
.0029144287
-.0043182373
-.0012817383
.0017547607
.0033569336
-.0027465820
.0054779053
-.0060272217
-.0014343262
.0118560791
.0031280518
-.0041961670
.0082244873
-.0032958984
-.0011596680
.0040283203
-.0032043457
-.0023193359
.0014801025
-.0016174316
.0027160645
-.0012054443
.0023651123
.0019683838
.0007781982
-.0029144287
-.0016937256
-.0016632080
.0033569336
-.0018768311
-.0020294189
-.0015869141
.0033111572
.0020751953
.0012054443
-.0014038086
-.0008544922
.0009918213
.0009918213
-.0008697510
-.0005645752
.0008087158
.0004882813
-.0002136230
-.0003662109
.0002746582
.0006561279
.0005187988
-.0003967285
-.0003814697
.0005035400
.0007171631
.0002899170
-.0005340576
.0001678467
.0007934570
.0005950928
-.0005187988
-.0003814697
.0006103516
.0007476807
.0002746582
-.0005187988
.0002899170
.0007476807
.0005340576
-.0003204346
-.0003814697
.0004882813
.0007629395
.0003051758
-.0004119873
-.0003204346
.0007019043
.0007019043
-.0003662109
-.0005187988
.0003967285
.0007476807
.0005187988
-.0005340576
-.0003204346
.0006713867
.0006866455
-.0002746582
-.0004577637
.0003967285
.0006866455
.0004730225
-.0003662109
-.0003356934
.0006408691
.0006561279
-.0001983643
-.0004272461
.0001831055
.0006866455
.0003967285
-.0004119873
-.0002746582
.0004577637
.0006103516
-.0001831055
-.0004272461
.0002899170
.0006256104
.0004272461
-.0004425049
-.0002746582
.0005187988
.0006103516
-.0001831055
-.0005798340
.0002593994
.0007019043
.0004119873
-.0005035400
-.0005493164
.0005035400
.0006713867
-.0002288818
-.0006256104
-.0003662109
.0006103516
.0005950928
-.0004730225
-.0006103516
.0003051758
.0006103516
.0003356934
-.0005187988
-.0003814697
.0004425049
.0004425049
-.0002288818
-.0004882813
.0003051758
.0005798340
.0002288818
-.0004577637
-.0003967285
.0005187988
.0005340576
-.0003509521
-.0005035400
.0002136230
.0005798340
.0003967285
-.0006103516
-.0004425049
.0004425049
.0006256104
-.0003356934
-.0006256104
-.0001831055
.0005645752
.0004577637
-.0004882813
-.0005493164
.0004882813
.0005340576
-.0002441406
-.0004882813
-.0002899170
.0005340576
.0005035400
-.0004577637
-.0004272461
.0003204346
.0005340576
-.0002136230
-.0005645752
-.0002899170
.0005187988
.0004577637
-.0004730225
-.0005798340
.0003662109
.0005340576
.0003051758
-.0005798340
-.0003967285
.0005340576
.0004730225
-.0004425049
-.0005798340
.0002288818
.0005493164
.0002441406
-.0005645752
-.0004425049
.0005187988
.0005035400
-.0003967285
-.0005798340
.0002441406
.0005187988
.0003814697
-.0006256104
-.0004272461
.0004882813
.0004882813
-.0003356934
-.0006561279
-.0001983643
-.0004730225
-.0003967285
.0004882813
.0005645752
-.0004730225
-.0008239746
.0004272461
.0007476807
.0005187988
-.0009002686
-.0008544922
.0007171631
.0010375977
-.0011291504
-.0013885498
-.0006256104
.0010681152
.0011596680
-.0023040771
-.0018463135
.0029907227
.0028076172
-.0042877197
-.0052490234
-.0064239502
-.0076751709
.0077514648
-.0080718994
-.0095520020
.0085449219
-.0063018799
.0069580078
-.0085296631
-.0085449219
-.0037078857
-.0045318604
-.0073242188
.0122985840
.0146942139
.0134887695
.0077667236
.0073394775
-.0076141357
-.0099945068
-.0124969482
-.0159606934
-.0188751221
.0195617676
.0196533203
.0183868408
.0179748535
-.0133819580
.0142517090
.0095672607
.0079803467
-.0060119629
-.0037384033
-.0064086914
-.0084991455
.0085754395
-.0127410889
-.0205383301
.0162200928
-.0226745605
-.0194091797
-.0207977295
.0183868408
-.0294189453
-.0221557617
-.0223999023
-.0202636719
-.0172271729
-.0272979736
.0282440186
.0329437256
-.0266723633
-.0299377441
-.0211791992
.0239105225
.0231628418
-.0298461914
.0271759033
.0289154053
-.0297546387
.0283813477
.0347747803
.0334930420
.0396423340
.0425720215
.0476379395
.0644989014
-.0563659668
.0472106934
-.0572509766
-.0481567383
-.0589752197
.0735015869
.0617675781
.0709228516
-.0643005371
-.0805969238
-.0765075684
-.0673675537
-.0720214844
-.0633392334
.0705413818
-.0781860352
.0887298584
-.0901794434
-.0870666504
-.1154632568
-.0502319336
-.0852813721
.0643920898
.0606079102
-.0518798828
.0619201660
-.0586090088
-.0744171143
-.0455017090
-.0587615967
.0408325195
-.0732116699
-.0769958496
-.0972290039
-.1074371338
.0902709961
-.1138305664
-.0738677979
-.0882415771
.0608215332
.0465850830
-.0907897949
-.1055297852
-.0940093994
-.0817871094
.0978851318
.0906524658
.0972900391
-.1007385254
-.1036682129
-.0703277588
-.0902404785
.0852203369
-.0493011475
-.1076965332
-.0814514160
-.1044311523
-.1013946533
-.0651092529
.0312194824
-.0455474854
-.0462646484
.0281066895
-.0425720215
-.0382385254
.0346832275
-.0340728760
-.0436553955
-.0527954102
-.1010437012
-.0663299561
-.0671386719
-.0647583008
-.0816802979
.0668640137
.0598754883
.0506744385
-.0607147217
-.0810089111
.0318603516
.0493164063
.0534362793
-.0649871826
.0331115723
-.0459899902
-.0659637451
-.0523986816
-.0588989258
-.0586547852
.0530853271
-.0472869873
-.0427093506
-.0567321777
-.0374603271
-.0339660645
.0213317871
-.0427551270
-.0383605957
.0678558350
-.0337677002
-.0569763184
.0428314209
-.0278930664
-.0383758545
-.0391387939
-.0352325439
-.0851593018
-.0533142090
-.0565490723
-.0746002197
.0512695313
-.0574340820
.0394134521
.0186004639
-.0402984619
.0185241699
-.0243225098
-.0217285156
-.0338745117
-.0320739746
.0311584473
-.0155639648
-.0308685303
-.0327453613
.0372009277
-.0405731201
.0220947266
-.0369873047
.0307312012
-.0287628174
-.0261993408
.0165405273
-.0211791992
-.0101470947
-.0111846924
.0096435547
-.0092773438
.0092315674
.0070343018
.0051574707
-.0073699951
-.0147552490
-.0109558105
-.0134277344
-.0038452148
-.0076141357
-.0128021240
.0135192871
-.0079803467
-.0061950684
-.0135650635
.0130157471
-.0042572021
-.0069732666
.0031890869
.0113830566
-.0042724609
.0025939941
-.0030059814
-.0012054443
.0053253174
-.0019378662
-.0029144287
.0075988770
.0020446777
-.0045318604
-.0018920898
.0050354004
.0043182373
-.0039520264
.0076141357
.0034637451
-.0025939941
.0061340332
-.0038757324
.0016174316
.0041198730
-.0021972656
-.0025634766
-.0030517578
.0031585693
.0020904541
-.0024261475
-.0036926270
.0028533936
.0045471191
.0014343262
.0025939941
-.0046997070
.0026092529
.0047760010
-.0026855469
.0014953613
.0013122559
.0011901855
-.0003509521
-.0005645752
.0002593994
.0010223389
.0007171631
-.0006103516
-.0004272461
.0009307861
.0007781982
-.0002441406
-.0005035400
.0004882813
.0008697510
.0005340576
-.0003509521
-.0001983643
.0006561279
.0008544922
.0002899170
-.0003204346
.0003204346
.0008239746
.0006561279
-.0002746582
-.0002288818
.0006561279
.0007324219
.0003204346
-.0004119873
.0003509521
.0007781982
.0006713867
-.0002899170
-.0003814697
.0007781982
.0008239746
.0002746582
-.0003814697
.0002288818
.0008087158
.0006561279
-.0002288818
-.0002746582
.0004577637
.0007781982
.0005035400
-.0001831055
.0002746582
.0006713867
.0007019043
.0002441406
.0003814697
.0006713867
.0007934570
.0005798340
.0002899170
.0003356934
.0007476807
.0007324219
.0006256104
.0006103516
.0006408691
.0006408691
.0006408691
.0006103516
.0006256104
.0005798340
.0005798340
.0005340576
.0005035400
.0005187988
.0005035400
.0004882813
.0004882813
.0004882813
.0004577637
.0004425049
.0004272461
.0003967285
.0003814697
.0003967285
.0003967285
.0003509521
.0003662109
.0003204346
.0003356934
.0003204346
.0002899170
.0003051758
.0003051758
.0002746582
.0002441406
.0002593994
.0002746582
.0002441406
.0002441406
.0002288818
.0002288818
.0002593994
.0002136230
.0002136230
.0001831055
.0002136230
.0001983643
.0001831055
.0001831055
.0001678467
.0001831055
.0001831055
.0001831055
.0001525879
.0001525879
.0001373291
.0001678467
.0001525879
.0001678467
.0001525879
.0001525879
.0001220703
.0000915527
.0001220703
.0001220703
.0001220703
.0001068115
.0001068115
.0001373291
.0001068115
.0001068115
.0001220703
.0001220703
.0000915527
.0001068115
.0001220703
.0001068115
.0000915527
.0001068115
.0000915527
.0000915527
.0000915527
.0000915527
.0001068115
.0000762939
.0000915527
.0000915527
.0000762939
.0000915527
.0000915527
.0000915527
.0000915527
-.0000762939
-.0000762939
-.0000610352
.0000610352
.0000762939
.0000762939
.0000610352
.0000762939
-.0000762939
-.0000762939
.0000610352
.0000610352
-.0000915527
.0000915527
.0000610352
.0000915527
.0000915527
