-.0009002686
-.0012664795
.0017547607
.0024414063
.0020904541
.0029754639
.0031127930
.0031585693
.0034332275
-.0049743652
-.0052795410
-.0048370361
.0040893555
-.0053710938
.0081634521
.0068969727
.0064544678
-.0098266602
.0085906982
.0066070557
-.0069122314
.0092620850
-.0066070557
.0079956055
.0081176758
.0063781738
-.0075378418
.0081481934
-.0111694336
-.0086822510
-.0101623535
-.0086059570
-.0073699951
.0152282715
.0102996826
.0093383789
-.0107421875
-.0088043213
.0102691650
.0093231201
.0072631836
-.0075378418
.0084381104
.0104064941
.0101776123
-.0087585449
-.0111846924
-.0104064941
-.0114898682
-.0089263916
-.0098724365
.0078430176
-.0116424561
.0092620850
-.0087585449
-.0107727051
-.0135192871
.0131530762
-.0086517334
-.0081939697
.0102539063
.0213012695
-.0255432129
-.0239868164
-.0230712891
.0283660889
.0227050781
-.0307922363
-.0368347168
-.0218353271
-.0208129883
.0236663818
-.0245819092
.0150451660
.0293426514
.0324707031
.0121917725
.0163574219
-.0209960938
-.0140075684
.0166015625
-.0178222656
.0193328857
.0226898193
-.0086517334
.0099945068
.0151519775
.0141143799
-.0119934082
-.0193634033
-.0186614990
-.0186920166
.0214385986
.0170288086
-.0211944580
-.0145721436
.0122528076
.0141448975
-.0121917725
-.0137023926
.0207519531
.0105590820
.0174713135
-.0184020996
.0146636963
.0143585205
-.0150451660
.0138549805
-.0121002197
.0137481689
-.0102996826
-.0131072998
-.0145568848
.0096435547
.0096435547
.0101470947
.0096130371
.0098114014
.0080871582
-.0159301758
.0138244629
.0109405518
.0125274658
-.0090484619
-.0120239258
.0108337402
-.0114746094
.0097351074
.0112457275
-.0083923340
-.0100708008
.0132293701
.0088500977
.0105285645
.0092010498
.0064697266
.0122222900
-.0127258301
.0122528076
.0082702637
-.0137176514
-.0101928711
-.0103607178
-.0105895996
.0096282959
.0161743164
.0104064941
-.0086364746
.0119018555
.0182189941
.0181579590
.0145874023
.0267028809
.0212554932
.0186157227
.0187225342
.0182800293
-.0246429443
-.0158081055
-.0270385742
-.0135803223
-.0151367188
-.0131835938
-.0156402588
.0144348145
-.0139770508
.0117645264
-.0170745850
.0162963867
-.0108184814
.0102386475
-.0101928711
-.0155944824
-.0120239258
-.0218811035
.0201263428
.0135803223
-.0223541260
-.0219421387
.0219421387
.0162658691
-.0282592773
-.0135803223
-.0195159912
-.0151672363
.0122070313
.0199279785
-.0119781494
.0167846680
-.0150604248
-.0082855225
-.0120849609
-.0101165771
.0086669922
.0101776123
.0114593506
-.0076446533
-.0091247559
-.0077056885
-.0123443604
.0105285645
-.0103454590
-.0084686279
.0058441162
.0065307617
-.0087432861
.0052032471
.0069732666
-.0079803467
.0082244873
-.0077514648
-.0091857910
.0139312744
-.0088043213
-.0136566162
-.0125732422
-.0082397461
-.0084075928
-.0102081299
.0144653320
-.0073394775
-.0102844238
-.0130920410
.0095977783
-.0152130127
-.0143890381
-.0179290771
.0155029297
.0085601807
.0101776123
.0111999512
-.0091705322
.0125579834
.0122833252
.0084686279
.0097045898
-.0104217529
.0130920410
.0070953369
.0090026855
.0068817139
.0070495605
.0099792480
.0103149414
.0119018555
-.0095062256
-.0090026855
.0147705078
-.0101776123
.0132293701
-.0074768066
.0060119629
.0058288574
.0065917969
.0062866211
-.0096740723
.0109558105
-.0071563721
.0093231201
-.0110168457
.0070190430
.0098571777
.0190734863
.0117950439
.0186462402
.0165710449
.0207824707
-.0124969482
.0174255371
.0104827881
.0127105713
.0173339844
.0178222656
-.0133056641
.0173034668
-.0187377930
.0230865479
-.0187835693
-.0239410400
-.0187683105
-.0157012939
-.0164947510
.0157928467
-.0123748779
.0122375488
.0141143799
-.0203094482
-.0230865479
-.0154724121
.0131530762
.0188598633
-.0200347900
-.0252990723
-.0265502930
-.0197906494
.0318756104
-.0211486816
-.0178527832
.0215606689
.0205230713
-.0200500488
.0174102783
.0151824951
-.0163726807
.0141754150
-.0115661621
.0112152100
.0117034912
-.0126953125
.0148925781
.0090179443
-.0153656006
.0077056885
-.0089569092
-.0133361816
.0143127441
-.0078125000
.0097045898
-.0137176514
.0093078613
-.0105133057
-.0109558105
.0108032227
-.0115203857
-.0157165527
-.0130157471
-.0107879639
-.0132293701
.0101013184
-.0113525391
-.0076141357
.0090942383
-.0077819824
.0114898682
-.0075073242
.0075225830
.0140991211
-.0111846924
-.0101928711
-.0117645264
-.0099182129
.0118713379
.0107421875
-.0148925781
-.0119781494
.0194396973
-.0143432617
.0135040283
-.0110626221
-.0095520020
-.0114440918
-.0123748779
.0148468018
.0161743164
-.0129699707
-.0145111084
-.0093231201
-.0168457031
-.0087280273
-.0127258301
.0088958740
.0060882568
-.0072937012
.0122375488
-.0094299316
.0122375488
.0160064697
.0100860596
.0129547119
-.0099029541
.0098876953
.0096588135
.0084228516
.0107269287
.0103302002
.0091705322
.0129089355
.0091552734
.0096435547
-.0123901367
.0094909668
-.0111236572
.0087127686
-.0075988770
-.0114898682
.0088500977
.0118408203
.0122222900
-.0100402832
.0116119385
.0082550049
.0093383789
.0122985840
.0093536377
-.0067596436
-.0081329346
-.0080566406
-.0060882568
-.0098876953
.0064239502
.0115356445
.0084228516
.0130462646
.0120544434
.0159149170
-.0082550049
-.0107269287
.0185394287
.0166778564
.0113830566
-.0109252930
.0126495361
.0120544434
.0157623291
.0156707764
-.0164337158
.0160522461
.0143737793
.0118713379
.0182952881
-.0109100342
-.0115051270
-.0114440918
.0145874023
.0157165527
-.0114440918
.0095520020
-.0126953125
.0117797852
.0136108398
.0166320801
.0169219971
.0146789551
-.0132598877
.0180511475
-.0143432617
-.0133514404
-.0125274658
-.0124969482
-.0135498047
.0123748779
.0120697021
.0097656250
-.0102996826
.0078887939
.0135192871
-.0149383545
.0144042969
.0086975098
-.0097961426
-.0134582520
.0084381104
-.0086364746
.0122833252
.0128021240
-.0101013184
.0071716309
-.0069427490
-.0073394775
-.0055236816
-.0103759766
.0116882324
.0081787109
-.0093231201
-.0142974854
-.0102386475
-.0104064941
-.0139770508
-.0125274658
.0141296387
-.0121765137
-.0099945068
.0109405518
-.0144042969
-.0151519775
.0111999512
-.0128173828
.0133209229
-.0091857910
.0131530762
.0107879639
-.0089874268
-.0131225586
.0081176758
-.0089721680
.0132904053
.0111999512
.0107879639
.0088348389
.0118713379
.0072784424
-.0089569092
.0086364746
-.0093383789
-.0085449219
-.0079345703
.0065307617
-.0108642578
.0092010498
.0153198242
-.0079956055
-.0106964111
.0117034912
-.0113067627
-.0096893311
.0110778809
.0110626221
.0072021484
.0083923340
.0082855225
.0169372559
.0086822510
-.0096893311
.0104675293
-.0086669922
.0126800537
-.0109558105
.0083923340
-.0090637207
.0076904297
.0113830566
-.0114288330
-.0124664307
.0111846924
-.0199737549
-.0105590820
-.0101013184
-.0092315674
-.0121765137
.0130767822
.0108337402
.0097198486
.0131378174
-.0169830322
-.0163269043
-.0142974854
.0216369629
-.0201873779
.0140075684
.0179901123
.0167694092
-.0253906250
-.0153045654
-.0124511719
.0147247314
.0112762451
-.0194549561
-.0128021240
-.0133819580
.0108947754
.0145416260
.0127105713
.0170898438
-.0157012939
-.0122985840
-.0106658936
-.0120391846
-.0169982910
.0134887695
-.0120391846
-.0128936768
.0109252930
-.0109710693
-.0117645264
.0094146729
-.0095977783
-.0104675293
-.0077514648
.0105133057
.0130310059
.0132446289
-.0122528076
.0097961426
.0084228516
-.0132141113
-.0084838867
-.0130920410
.0123596191
.0097045898
-.0108795166
.0088806152
.0110168457
.0135192871
.0110473633
.0158538818
.0126800537
.0155639648
-.0111083984
-.0129547119
-.0097656250
-.0086364746
-.0133209229
-.0109863281
-.0134887695
.0141754150
-.0124664307
-.0125274658
.0101623535
.0103912354
-.0089721680
-.0089721680
.0132293701
-.0098876953
-.0129547119
.0111846924
-.0115356445
.0111541748
-.0140686035
-.0080108643
-.0093841553
-.0081939697
.0148620605
-.0079498291
.0101470947
.0111236572
-.0102539063
-.0094909668
-.0121917725
-.0095214844
-.0119781494
.0149993896
.0065460205
.0120544434
.0083770752
-.0130157471
.0122070313
.0108337402
-.0129852295
-.0092468262
.0106658936
.0074310303
-.0125579834
.0158386230
.0080566406
.0121612549
.0079193115
-.0083618164
-.0073394775
.0093383789
.0065002441
-.0075531006
.0069732666
-.0101470947
-.0057983398
-.0082550049
-.0090637207
-.0102539063
-.0095977783
.0078277588
.0086364746
.0112304688
-.0086669922
-.0114746094
-.0093688965
-.0119323730
-.0098876953
-.0096130371
-.0080261230
.0104064941
-.0097961426
.0097351074
-.0111999512
.0079345703
.0064086914
.0087585449
.0069274902
.0095520020
.0093994141
-.0065917969
-.0130310059
-.0097808838
-.0091857910
.0078277588
-.0124359131
-.0107116699
-.0095825195
-.0108032227
-.0156860352
-.0162658691
-.0127868652
.0109405518
-.0155029297
-.0102539063
-.0094299316
.0106353760
.0101776123
.0122375488
-.0099182129
.0084381104
-.0105438232
.0060424805
.0067749023
-.0106811523
.0061340332
-.0082702637
.0109252930
.0077056885
.0089874268
.0079650879
.0100860596
-.0095214844
-.0057525635
.0107574463
.0112762451
.0098114014
.0108032227
-.0090484619
-.0102081299
-.0135192871
-.0071563721
-.0066223145
.0122222900
.0121459961
-.0093383789
.0080261230
-.0095825195
.0127716064
.0115051270
-.0110931396
-.0119781494
-.0123443604
-.0137786865
-.0102844238
.0112457275
.0105133057
.0085449219
.0133361816
.0132598877
-.0075378418
-.0138244629
.0135650635
-.0103912354
-.0115356445
.0077514648
.0098876953
.0110015869
-.0078277588
.0116271973
-.0095367432
.0108795166
-.0101623535
.0120239258
.0113983154
.0113677979
.0110015869
-.0116424561
-.0129547119
-.0107879639
.0069122314
-.0099182129
-.0105133057
.0128936768
.0098876953
-.0119476318
-.0140228271
.0180511475
.0104827881
-.0146942139
-.0109863281
-.0143280029
-.0107574463
-.0090637207
-.0130767822
.0074005127
.0089416504
.0059509277
.0143585205
.0080566406
.0076751709
-.0088958740
.0063781738
.0140533447
-.0085296631
-.0141448975
-.0117187500
.0113067627
-.0091400146
.0111541748
.0125274658
.0168609619
-.0158386230
.0123443604
.0117950439
.0128021240
.0123748779
-.0178985596
-.0104217529
.0134582520
-.0097198486
-.0201721191
-.0198364258
-.0124053955
-.0118560791
.0146942139
.0111541748
-.0139923096
.0121307373
.0127868652
-.0121459961
-.0155334473
.0128784180
-.0112152100
-.0213470459
.0108489990
.0130004883
.0135040283
.0098571777
.0084838867
-.0129089355
.0072021484
-.0102386475
-.0092773438
.0117950439
.0112152100
-.0103607178
.0137023926
.0108489990
.0124969482
.0116271973
.0154876709
.0107879639
.0106201172
-.0190429688
-.0127258301
.0115051270
-.0115966797
.0134277344
-.0160369873
-.0168914795
-.0182800293
-.0243682861
-.0378570557
-.0414886475
-.0368804932
-.0372772217
-.0252380371
-.0328521729
.0263824463
-.0422210693
.0293121338
.0430603027
-.0258636475
.0281219482
.0216217041
.0251617432
-.0237274170
-.0259399414
.0225372314
-.0234680176
-.0267791748
.0165252686
-.0161895752
-.0160217285
.0157928467
.0174407959
-.0155181885
.0173339844
.0118865967
-.0095672607
.0106964111
.0097656250
.0098419189
.0128631592
.0156707764
.0122680664
.0114746094
.0107269287
-.0146789551
-.0117950439
-.0086822510
-.0111846924
.0087890625
-.0139617920
.0145874023
-.0123443604
-.0116119385
-.0120697021
-.0090942383
.0103607178
-.0165557861
-.0115966797
-.0103912354
-.0134887695
.0146636963
.0120086670
-.0143432617
-.0132904053
-.0118560791
-.0133666992
-.0172119141
-.0242309570
-.0165405273
-.0188140869
-.0126953125
-.0121612549
.0111236572
.0121765137
-.0145263672
-.0183258057
-.0146789551
.0289459229
-.0189514160
.0187530518
-.0148620605
-.0158081055
.0213317871
.0162200928
.0176086426
.0179748535
-.0130157471
-.0131988525
-.0117797852
-.0208435059
.0114135742
-.0143280029
-.0203704834
.0094299316
.0144348145
-.0133361816
-.0166778564
.0167846680
-.0142822266
.0114593506
-.0208587646
-.0162963867
.0142669678
-.0147552490
-.0167541504
.0121459961
.0119018555
-.0150451660
.0092773438
.0143890381
-.0063629150
.0093078613
-.0128021240
-.0087585449
-.0142669678
.0099792480
.0097198486
.0148620605
.0224609375
.0112915039
.0110931396
.0090789795
-.0102539063
-.0069885254
-.0099792480
-.0178375244
-.0157012939
-.0093688965
-.0146942139
-.0093841553
-.0114440918
-.0113067627
.0173187256
.0187530518
-.0100250244
.0108337402
-.0139923096
-.0127105713
.0109558105
-.0127410889
-.0118408203
-.0097961426
-.0089874268
-.0074768066
-.0070037842
-.0082397461
.0082092285
.0052337646
.0052337646
-.0079193115
.0070190430
.0076599121
-.0083007813
-.0062713623
.0046539307
-.0041198730
-.0041198730
-.0038452148
-.0030059814
-.0048980713
.0032348633
-.0028381348
.0028076172
-.0032348633
.0018615723
-.0023040771
.0028076172
.0021667480
-.0015106201
-.0020446777
-.0008087158
-.0015716553
.0010223389
-.0009613037
-.0005493164
-.0006561279
-.0003509521
-.0001373291
