-.0010070801
.0031280518
-.0167694092
-.0579986572
-.2036590576
.1125793457
-.1538848877
-.2650756836
-.1972198486
.3271484375
.3338928223
-.2761993408
.2677307129
.3638763428
-.2341461182
-.1890716553
-.2430419922
-.3056182861
.2709808350
.3711090088
.3632812500
.3404541016
.3840942383
.2522430420
-.3717803955
-.2035064697
.2582092285
.2794494629
-.1455383301
-.2698669434
.2537536621
.3998565674
-.1834259033
.2014312744
-.1679382324
.3624267578
-.2669830322
.2136993408
-.2802124023
.1569824219
-.1879119873
-.3175964355
.2299957275
-.1542053223
-.2765045166
-.3102416992
.3323516846
.2853546143
-.1668701172
.3610382080
.2704467773
.1562805176
-.3873748779
-.3617401123
.2641143799
.1731262207
.2868804932
-.2292175293
-.3579711914
.2009429932
.3560180664
-.2245483398
-.2206878662
-.2494201660
.1737670898
.1452941895
.3207855225
.1941223145
.1469421387
.1243438721
-.1915893555
-.2314453125
-.1685638428
.2124633789
.3443145752
-.1825561523
-.1638946533
.2396697998
-.1697692871
.2249298096
-.1401977539
.1507873535
-.1704254150
-.2715911865
-.1653594971
.3477478027
.1090393066
.1345367432
.2682342529
-.1382446289
-.1516113281
-.1372528076
.2660064697
-.1845092773
-.1838531494
.1325225830
.3714447021
-.1296997070
.1307678223
.3353729248
-.2004547119
.1419525146
-.1525878906
.2475738525
-.2083282471
-.1385192871
.1571502686
-.1281280518
-.1367645264
.2254333496
-.3146057129
.1499633789
.1857757568
.2162933350
.1416778564
-.1419219971
.1551818848
.1833496094
.1224212646
.1381072998
-.2002410889
-.1974334717
.0852813721
.2145996094
.2590637207
.1470794678
.1684265137
.1733856201
.2106475830
.1611022949
.1229095459
.1617279053
-.2176666260
-.1737060547
.1133117676
.3554229736
.1485900879
.1432037354
.3832244873
.1174774170
.1206665039
-.1584014893
.1543273926
-.1522369385
.1767272949
.1934356689
.1371917725
.1639099121
.1685333252
.2895965576
.1346435547
.1812896729
.1359710693
.1524200439
-.1698303223
-.1495819092
-.1199188232
.2550659180
.1041259766
-.2087402344
-.2403411865
-.1582031250
.1921539307
.1521453857
.1679077148
.1970062256
.1536254883
-.1491851807
.2378540039
.1499023438
.2038116455
-.1687927246
.1534576416
-.2055053711
-.1880340576
-.1791076660
.1326141357
-.1597290039
.1458587646
.1322021484
-.1050262451
.1759796143
.1305847168
.1240844727
.1472320557
.1047515869
-.1119079590
.0905761719
.0814819336
-.0876922607
.0446472168
.0352630615
-.0357666016
.0424499512
.0324249268
.0334930420
-.0235900879
.0152587891
.0121917725
-.0176391602
.0134887695
-.0167083740
-.0109710693
-.0079650879
.0075836182
.0065460205
.0074462891
.0067138672
-.0065460205
.0045928955
.0073547363
.0077514648
.0051879883
.0078582764
-.0059661865
.0048980713
-.0070343018
-.0036163330
.0040588379
.0068664551
.0062408447
.0041198730
.0053558350
.0034484863
-.0047760010
-.0046234131
-.0034790039
-.0050659180
-.0047149658
.0031890869
-.0028686523
-.0032043457
-.0650329590
.0420074463
.2025146484
-.1382904053
-.0899505615
-.1651611328
.1877136230
.1322174072
-.1708374023
-.1296997070
.2608489990
.1156158447
-.1055297852
.2287445068
-.1688842773
-.0943145752
.1519012451
-.1284027100
-.1096649170
.1220703125
-.2006835938
.2633361816
.1563568115
-.1697082520
.2079925537
-.1236114502
.1220092773
-.1025543213
-.1189727783
.1058807373
.1196441650
-.3002624512
.1518554688
.1326293945
.0960998535
.0826721191
-.1138610840
-.0595245361
-.0512237549
-.0440979004
.0423278809
-.0332946777
-.0258331299
-.0249633789
.0207366943
-.0192108154
.0140533447
-.0147705078
.0165252686
-.0141906738
.0085754395
-.0124359131
-.0106506348
-.0082244873
.0078430176
.0105285645
.0092163086
-.0067138672
-.0048522949
.0064697266
.0051422119
-.0061187744
.0599060059
-.0694885254
-.0650939941
.2416687012
-.1463928223
.1626129150
.2397613525
-.2449951172
.1416473389
.2267150879
.1739807129
.1368103027
-.1437530518
-.1591644287
.2196044922
.1447906494
.1121368408
.1914825439
.2046661377
-.1056671143
.2031402588
-.1151580811
-.1350860596
-.1272735596
-.0942077637
.1613922119
.1054840088
.0696563721
.1832275391
.0716094971
.0567321777
-.0629730225
.0431823730
-.0328369141
-.0434570313
-.0279693604
.0179748535
.0142822266
-.0133361816
.0083312988
.0075988770
-.0076751709
.0097503662
-.0040435791
-.0026550293
-.0024719238
.0029144287
-.0042877197
.0035095215
.0044860840
.0072174072
.0043945313
-.0065155029
.0117340088
-.0149536133
.0096130371
.0081939697
-.0093231201
-.0110015869
-.0088958740
-.0065155029
-.0041198730
-.0073394775
-.0061798096
-.0785064697
-.0665588379
-.2130584717
-.2225646973
.1527709961
-.2676696777
.1831970215
.2121124268
.2370605469
-.1684265137
.1536407471
-.2484436035
-.1614685059
-.2429046631
-.2838745117
.2369995117
-.2652130127
-.2200775146
-.1576080322
-.2147064209
-.2314453125
.2072448730
.2695312500
.1786956787
.1798095703
.2545166016
-.2029113770
.2286682129
.1565093994
.1499938965
.2601165771
.2121734619
-.1374511719
-.2494201660
.2056732178
.1452178955
-.2656555176
.1757659912
-.1167449951
-.2612762451
-.1949157715
.2370300293
-.2611846924
.2566070557
-.2648773193
-.2533569336
-.2336578369
.1599578857
-.1984710693
.1688842773
-.1933593750
-.1626739502
.1551055908
.2179870605
-.1864624023
-.1625061035
-.2503204346
-.1103820801
-.2386016846
-.2630920410
-.1515197754
-.2473907471
-.2064971924
-.1414337158
.2564697266
-.2481994629
-.1601104736
.1522827148
.1982574463
-.1372985840
.2174987793
-.1902160645
.1443634033
.1981658936
.1856536865
.1836547852
.1548156738
-.1726989746
.2367553711
-.2018280029
-.1769256592
.2424316406
.1575622559
.2334289551
.2650756836
-.2488708496
.1092529297
-.2163696289
-.2357788086
.1377868652
-.2432403564
.1509857178
-.2380523682
.2394561768
.1188049316
-.1732788086
-.1578369141
-.1411437988
-.2213134766
-.1962280273
.1800537109
.2707824707
-.1049194336
.1528015137
-.1540832520
.1669006348
.1436157227
-.2202301025
.1821441650
.1250762939
.1800231934
.1177520752
.2211608887
-.2496185303
-.1897735596
-.1773834229
-.1689910889
.1087799072
-.1351623535
-.2160644531
.1007080078
-.1560974121
-.1586914063
-.1144866943
-.1967773438
-.1623992920
-.1345825195
.1932830811
-.1367645264
.2514343262
-.2361145020
-.1239318848
-.2263183594
-.1176147461
-.1359558105
-.1781311035
-.1105651855
.1127471924
.1738281250
.1758422852
.1431427002
-.2052459717
-.1137695313
.1027374268
-.2203216553
.1197357178
.2483825684
-.1669006348
-.1286926270
-.2351226807
-.2231140137
-.1037597656
.2078857422
-.1410217285
.0987701416
-.1942596436
-.1606445313
.1345062256
-.2032165527
-.1524810791
-.1183166504
-.1621093750
.1181945801
.2188110352
-.1798553467
-.1147918701
.2252349854
-.2018890381
-.1025848389
.2053375244
.1239318848
.1141662598
.1512145996
.1390838623
.1518096924
.1527404785
-.1703033447
.1037292480
-.1958770752
-.1284179688
-.1033325195
.2384490967
.1859893799
-.2687225342
.1944427490
-.1694946289
-.2512512207
-.1527557373
.1013946533
-.1305694580
-.1353149414
-.1030426025
.1327972412
.1034545898
-.1242675781
-.1609649658
.2135314941
-.1057586670
.1644744873
.1822814941
.1402893066
-.1425628662
-.1189117432
.1018066406
.1710052490
.1356353760
.2370452881
-.1800994873
-.1094512939
-.2605133057
-.2127685547
-.0879669189
.1249237061
-.1054229736
.0939941406
-.1554565430
.1799011230
.0818023682
-.1490631104
-.1345977783
-.0726928711
-.1714935303
-.1283416748
.1358795166
.1588592529
.1082458496
-.2065429688
-.1690063477
-.1245117188
-.2175140381
-.1683349609
.0776367188
.1250762939
-.1082458496
.1024322510
-.2118377686
.1747894287
.1558532715
.1325225830
-.1574554443
.1599884033
-.1549835205
.1198120117
.1351776123
-.1549987793
.2553100586
-.2431640625
-.1673431396
.1581878662
-.2141876221
-.1436767578
.1095886230
-.1515808105
.1231384277
.1140289307
-.1439361572
-.1143798828
-.1194458008
-.1968994141
-.0995941162
.1165924072
-.2118682861
-.0895385742
.2099456787
-.1609039307
-.0895996094
.2082061768
-.1701812744
-.0999603271
-.1146087646
.1510314941
.1569061279
-.1709136963
.1066284180
.1292419434
-.1743469238
-.0998840332
.1040496826
-.1781158447
-.0934295654
-.1598663330
-.1261138916
.0981445313
.2067413330
-.1138763428
.1045227051
.1333923340
.1083068848
-.1014404297
-.1402740479
-.1985931396
.1196441650
-.1770629883
-.1568603516
-.1476135254
-.1562957764
.1347351074
.1120452881
.1507110596
.1085815430
.2276916504
-.1410369873
.1443328857
-.1964874268
-.1247558594
.0819854736
.1640930176
.1101074219
.0961456299
-.1747283936
-.1295623779
.1455078125
-.1287536621
-.1375274658
-.1220245361
-.1778411865
-.1100921631
-.2500152588
-.1888732910
-.0786590576
-.2586059570
-.1255950928
-.0941467285
.1220245361
-.1269378662
.0995941162
-.1431121826
-.1110534668
.1560974121
.1780090332
-.1233215332
-.0988464355
-.1621398926
-.1044158936
-.2678680420
.1455535889
-.0928192139
.2151031494
-.1156311035
.1541442871
.1313476563
.1091918945
.1271972656
-.1463623047
.1644744873
.1413726807
-.1261749268
-.1159515381
-.1206359863
-.1658325195
.1116485596
-.2219848633
.1325225830
-.0968017578
.2026824951
-.1145782471
.0851440430
-.1399383545
.1089019775
.0816955566
-.1426239014
.1043701172
.0998535156
-.1677246094
-.1043853760
-.1499633789
-.1434936523
.0914611816
.1871795654
-.1560363770
.1156005859
.2427215576
-.1379699707
-.1149749756
-.1204833984
.1088867188
.1001281738
.1533813477
.0983581543
.1480407715
.1145935059
.1102905273
-.1197509766
-.1602478027
-.1122894287
.1039276123
.1734466553
-.1162414551
.1969757080
-.1555633545
-.0720520020
.1820373535
-.1815338135
.0782623291
.1184082031
.1149291992
.0991668701
.1457061768
-.1504821777
.1336364746
-.1444396973
-.1173553467
.1099395752
-.1428070068
-.0913391113
.2004547119
-.1435089111
.0873260498
.1798400879
-.1539764404
-.0867614746
.1417083740
-.1273345947
.1066131592
-.1533355713
.1862487793
.1222076416
-.1130828857
-.1173400879
-.1276092529
-.1403503418
.1169586182
.1567077637
-.1242370605
.1005249023
.2012939453
.1625823975
-.0855560303
-.1181335449
.1062469482
-.0938262939
-.1237792969
.1095733643
.1167755127
.1217498779
-.1153259277
-.1200103760
-.1860809326
-.0775451660
.1766052246
.1316986084
-.1112823486
.1908416748
.1246185303
-.0719909668
-.1228485107
.1488189697
.0975494385
-.1449279785
-.1562957764
.1231079102
-.1613006592
.1445159912
-.1298065186
-.1771850586
.0961151123
-.1280517578
.1799621582
.1573791504
.2134094238
-.1925048828
-.1504058838
-.1203613281
-.1510009766
.1152954102
-.1392059326
-.1328277588
.1152801514
-.1614532471
-.1403961182
-.1671905518
.2103424072
-.1227416992
-.2597351074
.2170867920
-.1566619873
-.2520141602
-.1939849854
-.1359405518
.1968688965
.1427612305
-.1008911133
.1697540283
-.1175079346
.1466522217
-.1796112061
-.1407318115
-.1410522461
.2009582520
-.1501922607
.2522735596
-.1892089844
.1216583252
-.2341003418
-.2219696045
-.1050262451
.2341766357
-.1287231445
.1251068115
.1661529541
-.1737518311
.1069641113
-.2191925049
.0985717773
.1380462646
-.1765441895
-.0971984863
.2488403320
-.1855926514
-.1245574951
.2566375732
.1454010010
.1209564209
-.1315307617
-.1387023926
.1258239746
-.1772155762
-.1244049072
.1237792969
-.1934661865
-.1031036377
.2341308594
-.1683502197
.1379852295
.2422485352
-.1496276855
-.1055603027
-.1658630371
.1093444824
.1154022217
.1453094482
.1627502441
.1167755127
-.2045135498
-.1521911621
-.1284637451
-.2099456787
-.1251068115
.2446441650
.1384887695
-.1817169189
.2377471924
-.1606597900
-.1054840088
.1622619629
.1208953857
.1240539551
-.1115112305
-.1424407959
-.0932922363
-.1255187988
-.1435699463
-.1156616211
.1601104736
-.1101989746
-.1079711914
-.1285247803
-.1435394287
.2553100586
-.1200866699
-.0919647217
-.1537933350
-.1344299316
.0841369629
.1795806885
.1209259033
-.1610565186
-.1923217773
.1674041748
-.1127624512
-.1875152588
-.1434326172
.1137695313
-.1477966309
-.1004791260
.2372589111
-.1524047852
-.1120452881
-.2654418945
-.1783447266
-.1115875244
-.1960449219
-.1677398682
.1006469727
.1405029297
-.1577758789
.0987396240
.1176757813
-.1672515869
-.1371765137
-.2042846680
-.1341705322
.1300811768
-.1361083984
.1187286377
.2133789063
.1516113281
.0971984863
-.2268066406
-.1727752686
-.1081695557
.1286926270
.1023101807
-.0749053955
.1303710938
.0936737061
-.0933990479
.1117401123
-.1121673584
-.0880279541
-.1104431152
-.1066436768
.1453552246
-.1067047119
.0592803955
-.1273345947
.0969848633
.0599975586
-.0948028564
.0607147217
-.0499267578
-.0594329834
.0620574951
.0530090332
-.0776977539
-.0677185059
-.0623016357
-.0446014404
-.0346527100
.0652008057
-.0298767090
-.0330810547
.0490875244
-.0354003906
.0171356201
.0261077881
.0157318115
-.0123901367
.0140380859
-.0108795166
.0043029785
.0034942627
-.0005798340
