-.0000305176
-.0001678467
.0003967285
-.0005187988
.0007324219
-.0009613037
.0010375977
-.0017242432
-.0021514893
-.0025939941
-.0032348633
.0045623779
.0046081543
-.0065155029
-.0033264160
.0050506592
-.0097503662
.0060119629
.0072631836
-.0092926025
-.0065307617
-.0136566162
.0096740723
-.0064849854
-.0111389160
-.0100555420
-.0132904053
-.0125885010
.0106658936
.0158081055
-.0101928711
.0233154297
.0176696777
-.0152282715
.0297546387
-.0178222656
.0186462402
.0195159912
.0206146240
.0172576904
.0175628662
.0215606689
-.0178833008
-.0122070313
.0173034668
.0140380859
-.0105895996
.0084991455
.0094451904
-.0081024170
-.0103607178
-.0110321045
-.0111236572
-.0122375488
.0124816895
-.0123138428
-.0121765137
-.0118408203
.0157318115
.0115356445
.0164337158
-.0166931152
.0126342773
-.0266418457
.0349578857
-.0553131104
-.0451660156
-.0652160645
.0508880615
-.0607757568
-.0538940430
.0305938721
.0413055420
.0458526611
-.0383300781
.0390167236
.0280914307
.0301818848
.0187225342
.0229797363
-.0163726807
-.0193328857
.0181427002
.0157470703
.0143585205
-.0158233643
.0146789551
-.0143280029
-.0154724121
-.0201568604
.0199279785
.0169372559
-.0142059326
.0247039795
-.0233154297
.0107879639
.0211029053
.0184936523
.0129699707
.0132293701
.0104064941
-.0083923340
-.0118713379
.0091705322
-.0061035156
.0095520020
.0056304932
.0071411133
.0069274902
-.0071563721
.0064544678
.0068817139
-.0042114258
.0054779053
-.0057067871
.0045776367
-.0046691895
-.0042266846
.0050048828
-.0038452148
.0043182373
-.0042877197
.0035247803
-.0044250488
.0032043457
.0045013428
-.0060272217
-.0083007813
.0090789795
-.0089874268
.0070800781
.0077819824
-.0076751709
.0106658936
.0108642578
-.0097808838
-.0143585205
-.0134887695
-.0142974854
-.0201110840
-.0233612061
.0312957764
-.0300445557
-.0340728760
.0421752930
.0328979492
.0275268555
-.0186157227
-.0261993408
-.0120239258
-.0128326416
.0108795166
.0144500732
.0104980469
.0107727051
.0072021484
.0159301758
-.0107269287
.0087432861
.0071411133
.0098114014
.0071105957
.0097808838
-.0084381104
-.0103302002
-.0085754395
-.0121002197
-.0136108398
-.0153503418
-.0146789551
.0151062012
-.0129089355
.0167388916
-.0164031982
.0181427002
-.0159606934
.0173492432
-.0188140869
-.0137939453
.0192565918
.0201721191
-.0233001709
-.0202636719
.0144805908
.0119018555
.0092468262
.0119934082
.0103607178
.0114440918
-.0133209229
.0111541748
.0070190430
.0108337402
-.0143585205
-.0087280273
-.0119018555
-.0165557861
-.0091247559
.0148315430
.0108337402
.0068664551
.0075073242
-.0092315674
.0087585449
-.0066833496
-.0069274902
.0069122314
-.0053558350
.0074310303
-.0079650879
-.0066680908
.0058135986
.0058593750
.0068969727
-.0072326660
-.0062103271
.0082397461
.0101013184
-.0073547363
-.0074462891
-.0086822510
.0075683594
.0078735352
.0095214844
.0076293945
-.0061645508
.0103912354
.0091552734
-.0085754395
-.0066375732
.0078735352
-.0048828125
.0064086914
.0055084229
-.0063171387
-.0069580078
.0109405518
-.0129241943
-.0195007324
-.0146636963
-.0161132813
.0172424316
.0144348145
.0144958496
.0169677734
.0181579590
-.0112152100
-.0132446289
.0117034912
-.0064086914
.0090026855
-.0091247559
-.0067901611
-.0084686279
.0081787109
.0071258545
.0102386475
-.0098419189
.0114898682
-.0171356201
.0182342529
-.0173492432
-.0186309814
.0295410156
.0288696289
-.0354461670
.0287475586
.0203247070
.0258178711
-.0220794678
.0210571289
-.0167694092
.0146942139
-.0191497803
-.0232238770
.0112762451
.0091705322
.0059967041
.0078735352
-.0076446533
-.0051727295
.0053558350
.0097351074
.0090942383
-.0042114258
.0068817139
.0108489990
-.0072937012
-.0085296631
-.0189666748
-.0147399902
.0189666748
.0168457031
.0261077881
-.0218811035
-.0142669678
-.0153198242
-.0180969238
.0144500732
-.0115661621
.0145568848
.0112609863
-.0065917969
.0072784424
-.0065307617
-.0054626465
.0085144043
.0092926025
.0123291016
.0065612793
-.0057220459
-.0065917969
-.0059051514
-.0057067871
.0056304932
.0070037842
.0042724609
-.0060577393
.0034484863
.0036468506
.0046844482
-.0052185059
-.0063934326
-.0072631836
.0069122314
.0055389404
.0049591064
-.0043945313
.0059356689
-.0068359375
-.0066223145
-.0083618164
-.0074462891
-.0062408447
-.0078430176
.0077362061
.0110168457
-.0111236572
-.0070495605
-.0078125000
.0066375732
.0063629150
.0050048828
-.0060424805
-.0049285889
.0051269531
.0054168701
.0066223145
-.0091857910
.0058288574
.0074768066
-.0051574707
.0033569336
-.0047912598
-.0075683594
.0046081543
-.0033569336
.0051879883
-.0030975342
.0062255859
.0049743652
-.0041351318
.0063018799
-.0055694580
-.0102233887
.0076751709
.0090637207
-.0062713623
-.0039825439
.0059967041
-.0046539307
.0042266846
-.0042572021
.0030517578
-.0047149658
-.0048522949
-.0040893555
.0055847168
.0064086914
-.0064849854
.0058746338
-.0068359375
-.0069580078
-.0065155029
.0083770752
.0052185059
-.0060272217
-.0106353760
.0089874268
-.0104522705
-.0076904297
-.0094604492
.0092620850
-.0068969727
.0095825195
-.0069580078
-.0066986084
.0086517334
-.0059204102
-.0081939697
-.0045928955
.0057830811
-.0053558350
.0069274902
-.0077972412
.0036010742
.0039215088
.0073394775
.0102691650
-.0079345703
.0053253174
-.0082855225
-.0101776123
.0068359375
-.0084075928
.0075073242
.0058593750
.0055694580
.0045166016
-.0074768066
.0085144043
.0072021484
.0071563721
-.0067596436
.0082702637
.0085906982
-.0083465576
-.0110168457
-.0077056885
.0090026855
-.0097351074
-.0111083984
.0069427490
-.0089569092
-.0097045898
.0092926025
-.0084686279
-.0091705322
.0103149414
-.0066375732
-.0116424561
.0060119629
.0069122314
.0061798096
.0081176758
-.0082244873
.0076446533
-.0072479248
.0065155029
-.0071868896
.0093536377
-.0097808838
-.0119934082
-.0107574463
.0126190186
.0088500977
-.0084075928
.0059204102
.0085754395
-.0104980469
-.0084838867
.0113677979
.0124969482
-.0124664307
-.0110321045
-.0148925781
.0091857910
-.0080871582
.0067291260
.0101470947
-.0088653564
.0075225830
-.0079345703
-.0100097656
.0118103027
.0087738037
.0076293945
-.0084838867
.0106048584
.0097351074
-.0091552734
.0068511963
.0049285889
.0075225830
.0051879883
.0072937012
.0057830811
.0064849854
.0068054199
.0112609863
-.0084381104
-.0095977783
-.0046691895
.0061950684
-.0039978027
.0032348633
.0039978027
.0056457520
-.0053558350
.0045776367
.0050964355
.0070037842
.0056152344
.0049896240
-.0045928955
.0038757324
-.0065155029
.0056915283
-.0059356689
.0093383789
.0104522705
.0119171143
.0079040527
.0097808838
-.0082550049
.0104980469
-.0110015869
-.0057373047
-.0105133057
.0100402832
-.0085754395
.0095520020
.0113677979
.0130615234
-.0119323730
.0080871582
.0097808838
.0108795166
.0073394775
.0070190430
.0142059326
.0076599121
.0083160400
-.0089874268
.0115661621
.0105743408
.0104217529
.0096893311
.0125732422
.0151214600
.0164794922
.0124359131
-.0127716064
.0134124756
-.0145263672
.0123901367
.0142517090
.0161895752
.0185852051
-.0180206299
-.0250396729
.0219573975
.0149078369
-.0155029297
.0229034424
-.0246429443
-.0173339844
-.0210113525
-.0223236084
-.0312652588
.0231628418
-.0218353271
.0299682617
.0292205811
-.0248413086
.0250091553
.0256500244
.0270385742
.0285034180
.0191040039
-.0109405518
-.0104827881
-.0129394531
-.0142974854
.0103302002
.0105590820
.0090179443
.0088653564
.0102233887
-.0175170898
.0095214844
.0129699707
.0086517334
-.0097808838
.0084838867
-.0112915039
-.0112457275
-.0095062256
.0083770752
.0127410889
-.0121459961
.0086822510
-.0062408447
-.0128479004
-.0088348389
-.0144042969
-.0144805908
-.0228881836
.0125579834
.0135345459
-.0096588135
.0082855225
-.0081329346
.0138092041
.0116119385
.0070800781
-.0065612793
-.0090637207
.0092315674
-.0100097656
-.0057525635
-.0079193115
.0088958740
.0124664307
.0077972412
.0052490234
.0071258545
.0037078857
-.0065155029
-.0037231445
.0041809082
.0039215088
-.0066070557
-.0047149658
-.0063171387
-.0033874512
-.0054168701
.0077056885
.0060577393
.0059204102
.0102996826
.0054473877
-.0068817139
-.0048675537
-.0046691895
-.0039520264
-.0044555664
.0068969727
.0068206787
-.0059051514
-.0056304932
-.0051574707
.0056152344
.0055999756
-.0044097900
-.0032348633
-.0042572021
.0057220459
-.0036773682
.0046081543
.0064544678
-.0038604736
-.0039672852
.0056304932
.0036163330
.0058593750
-.0055847168
-.0053100586
.0064849854
-.0059204102
-.0042572021
.0066528320
.0044708252
-.0038604736
.0077667236
.0058288574
.0108032227
-.0150604248
-.0144958496
.0159454346
-.0175476074
-.0184326172
-.0146942139
-.0111389160
.0132598877
-.0123138428
.0139770508
-.0213775635
-.0226135254
.0137939453
.0145416260
-.0141296387
.0128326416
-.0098876953
-.0149993896
-.0081634521
.0080718994
-.0078277588
-.0086059570
.0073089600
.0077209473
.0075683594
-.0108489990
.0096740723
.0059814453
.0066375732
-.0111694336
-.0087738037
.0073699951
-.0092468262
.0099792480
.0105438232
.0085449219
-.0081176758
-.0074920654
-.0099639893
-.0079193115
.0065612793
.0112762451
.0054931641
.0058593750
-.0098266602
-.0109710693
-.0117187500
.0119018555
-.0204620361
.0161895752
-.0185699463
.0191345215
-.0228881836
-.0219268799
.0242004395
-.0209045410
.0205078125
-.0214233398
.0158081055
.0209655762
.0156402588
.0106353760
.0160522461
.0140838623
.0108337402
.0140686035
-.0098724365
.0207977295
.0096588135
-.0116729736
.0151214600
.0340118408
-.0621032715
.0664215088
.0407714844
.0362243652
-.0276794434
.0344238281
.0402221680
.0256958008
.0169372559
-.0236663818
.0329895020
.0192108154
-.0211486816
.0254364014
.0255432129
-.0191040039
-.0211181641
-.0194091797
.0285186768
-.0386047363
.0459594727
-.0487213135
.0411682129
.0403747559
.0312652588
.0387878418
.0522766113
.0226593018
.0242309570
-.0233154297
.0240631104
-.0312652588
.0227203369
.0230255127
.0327148438
.0179595947
-.0180206299
.0200500488
-.0177917480
-.0166320801
-.0110473633
-.0129699707
-.0112457275
.0155181885
-.0112304688
.0104217529
.0097198486
.0144958496
-.0080566406
-.0093078613
.0108489990
.0165710449
-.0157470703
-.0152282715
-.0176696777
.0170593262
-.0194396973
.0161895752
.0119171143
.0165100098
-.0127410889
.0176849365
.0163879395
.0238494873
.0216979980
-.0218505859
.0259704590
-.0287933350
-.0276947021
-.0188903809
.0196380615
.0221252441
-.0138397217
.0104827881
.0093231201
.0119323730
.0088500977
.0102691650
.0096130371
-.0085296631
.0072021484
.0066833496
.0071868896
-.0064086914
-.0069427490
-.0111694336
.0081481934
.0143890381
.0080108643
-.0083618164
.0060729980
.0068206787
-.0097961426
-.0092010498
.0075531006
-.0080108643
.0056610107
.0078735352
-.0084533691
-.0054931641
.0056762695
.0057983398
-.0056304932
-.0054016113
.0054626465
.0057830811
-.0055999756
-.0067901611
-.0077056885
.0093536377
.0082702637
.0101928711
.0053100586
.0085144043
-.0090332031
-.0077514648
.0099487305
.0098876953
.0095062256
.0072784424
-.0120849609
-.0084838867
.0122680664
.0079650879
.0103454590
.0125885010
.0109558105
-.0096588135
.0120239258
.0173187256
-.0153961182
-.0148010254
-.0101623535
-.0095062256
.0083465576
-.0110321045
-.0085449219
.0111541748
-.0088653564
.0087738037
-.0056457520
-.0061798096
-.0066375732
.0036163330
-.0039978027
-.0104827881
.0067901611
.0074462891
-.0057983398
-.0063171387
.0051727295
-.0029907227
.0021820068
.0046997070
-.0043792725
.0034942627
.0045623779
.0030364990
-.0043029785
.0043640137
.0069885254
.0047302246
-.0047607422
.0035400391
.0049133301
-.0042724609
.0039672852
.0026855469
.0038299561
.0038909912
-.0031738281
.0037231445
-.0033416748
.0042419434
.0026702881
.0046844482
.0030670166
.0016479492
.0031585693
-.0031738281
.0035858154
-.0025177002
.0029602051
-.0034637451
.0022735596
.0020751953
.0032196045
-.0035247803
.0057525635
-.0024719238
.0037078857
.0024108887
.0037078857
.0056457520
.0046691895
.0061798096
.0028991699
-.0037689209
.0030670166
-.0035858154
-.0032958984
.0035095215
-.0047760010
-.0031890869
.0029296875
.0026855469
.0018005371
.0025939941
.0021667480
.0015563965
.0016784668
-.0013275146
-.0012817383
.0012054443
.0020294189
-.0018920898
-.0014190674
-.0017547607
.0020751953
.0021362305
.0013580322
-.0025329590
.0031890869
-.0023193359
.0020751953
.0018157959
-.0028991699
.0020751953
-.0025329590
.0021972656
.0022430420
-.0025177002
-.0012512207
.0015411377
.0023345947
.0023803711
-.0020904541
.0024108887
.0010681152
.0014343262
-.0011901855
.0010528564
-.0007629395
-.0005187988
.0007324219
-.0007476807
.0005950928
-.0004730225
.0010681152
.0005645752
.0004577637
-.0005493164
.0004882813
-.0004272461
-.0002746582
.0003204346
.0001831055
-.0002136230
.0001220703
.0001068115
.0000762939
.0000152588
