-.0014038086
-.0057830811
-.0073547363
.0077514648
.0062103271
.0096282959
.0116424561
.0112915039
-.0067749023
-.0131072998
-.0118713379
-.0155639648
.0076141357
-.0154876709
-.0140380859
.0166168213
-.0124664307
-.0113830566
.0121307373
.0185852051
-.0152435303
.0140380859
.0106811523
.0084991455
-.0108184814
-.0076446533
-.0097656250
.0135955811
.0137939453
-.0161590576
-.0185546875
.0164031982
-.0149993896
.0183868408
.0141906738
-.0146331787
.0117340088
.0203399658
.0204162598
-.0227661133
.0303039551
.0341644287
-.0210571289
-.0363464355
-.0314636230
-.0249023438
.0361480713
-.0358123779
-.0356903076
-.0342712402
-.0508728027
-.0278015137
-.0321960449
.0413665771
-.0318908691
-.0362091064
.0240783691
.0429077148
.0292816162
.0393066406
-.0283813477
-.0326080322
.0374298096
.0347595215
-.0345458984
-.0411071777
-.0383758545
-.0391082764
.0392761230
-.0177307129
-.0342407227
.0364837646
.0305023193
.0267639160
-.0264739990
-.0296173096
.0370178223
-.0441894531
-.0409545898
-.0411682129
.0384826660
.0348052979
.0447235107
-.0362701416
.0604400635
.0441131592
-.0475616455
-.0570526123
.0741424561
.0569152832
.0411224365
.0544433594
.0402374268
.0410308838
.0422363281
.0461578369
.0526275635
.0512847900
.0669097900
.0798187256
-.0660858154
-.0822601318
-.0653228760
-.0419464111
.0675811768
.0944671631
.0644683838
-.0413970947
-.0371246338
-.0366516113
.0395507813
.0446472168
-.0436706543
.0508728027
-.0839996338
-.0578155518
.0541381836
.0663452148
.0503387451
-.0699920654
.0616302490
.0687561035
-.0574645996
-.0492401123
.0447998047
.0531463623
.0480957031
-.0554351807
.0632476807
.0706024170
-.0746459961
-.0493164063
.0577545166
-.0337219238
-.0466003418
-.0422058105
.0661621094
.0501098633
-.0636138916
-.0564270020
.0788726807
-.0526733398
-.0790557861
-.0700531006
.0712127686
-.0381622314
-.0365753174
.0349884033
.0475463867
.0562591553
-.0662078857
.0604705811
-.0596008301
-.0511474609
.0492095947
-.0554199219
-.0411224365
.0451202393
-.0542449951
.0433044434
-.0716247559
.0660705566
.0574951172
-.0647125244
-.0689544678
-.0534667969
-.0825042725
.0727844238
-.0999755859
-.1544647217
.1711578369
-.1723022461
.1524353027
.1045379639
-.1076965332
-.0835571289
.0525360107
-.0452575684
-.0458984375
.0550994873
-.0337371826
.0215606689
-.0296325684
-.0262451172
-.0163269043
-.0146026611
-.0129699707
-.0111389160
-.0216522217
.0139007568
-.0157318115
.0386199951
-.0208587646
.0146331787
-.0097656250
-.0095672607
.0099792480
-.0063629150
-.0086364746
.0073547363
-.0062561035
-.0059051514
.0068359375
.0056457520
.0071258545
-.0071716309
-.0040435791
-.0046386719
-.0042572021
-.0073852539
.0059967041
.0265502930
-.0049285889
-.0066986084
.0063934326
-.0066833496
.0058135986
-.0080566406
-.0197601318
-.0095367432
.0208740234
.0099029541
.0111694336
-.0109863281
-.0112457275
-.0058593750
-.0097198486
-.0067901611
-.0074920654
.0057525635
.0086975098
-.0062408447
.0125732422
.0240020752
.0327758789
-.0157470703
.0152740479
-.0097503662
.0112762451
-.0453796387
-.0489959717
-.0346984863
.0231170654
-.0158386230
-.0272369385
.0222778320
-.0245361328
-.0198974609
-.0208740234
-.0226135254
.0143585205
.0259704590
.0303344727
.0173034668
-.0156402588
-.0197296143
-.0154266357
-.0546264648
.0484161377
-.0329742432
.0287017822
-.0226745605
-.0189819336
.0173034668
-.0164184570
-.0107116699
-.0089111328
-.0064697266
.0090789795
-.0090332031
-.0076599121
-.0073852539
.0106964111
.0147705078
-.0272521973
.0353698730
.0316162109
.0389404297
.0230865479
.0274047852
.0196838379
.0296173096
-.0424041748
-.0266571045
-.0178222656
.0237121582
-.0168151855
.0209503174
-.0247192383
-.0274200439
-.0233764648
.0239715576
.0221557617
.0231781006
.0250091553
.0200653076
.0126037598
-.0163574219
-.0122985840
.0168914795
-.0068206787
-.0127716064
-.0137329102
-.0132293701
-.0105438232
.0115051270
-.0126953125
-.0092010498
-.0158081055
.0099029541
.0159606934
.0138092041
.0132904053
.0173187256
-.0122833252
.0177764893
-.0098266602
-.0116577148
-.0080413818
-.0100860596
-.0063171387
-.0081787109
.0078735352
-.0056915283
-.0061035156
.0061798096
.0069885254
-.0063934326
-.0091705322
-.0076599121
.0074615479
.0071411133
.0140533447
-.0112609863
-.0135803223
-.0119476318
.0107116699
-.0110931396
-.0098266602
-.0075683594
.0093078613
-.0101776123
.0085296631
.0132141113
-.0114288330
-.0089416504
.0091705322
.0126190186
-.0143585205
-.0142211914
-.0139312744
-.0112609863
-.0171813965
-.0189208984
.0251312256
.0230255127
-.0203704834
-.0123748779
.0186309814
-.0112609863
.0092010498
-.0121307373
-.0081787109
-.0093231201
-.0061798096
.0080261230
-.0086822510
-.0059661865
-.0072021484
-.0060729980
.0076599121
-.0050506592
-.0079650879
.0046997070
.0067443848
-.0057830811
-.0063018799
-.0049438477
-.0053253174
-.0078887939
.0076446533
-.0072326660
.0058441162
-.0079345703
-.0095062256
.0099182129
-.0057373047
-.0081329346
-.0053863525
-.0070037842
-.0061187744
.0073852539
.0109863281
-.0102844238
-.0134429932
.0260162354
.0265808105
.0749206543
.0436248779
.0354003906
.0551147461
.0473175049
-.0268402100
.0305480957
.0254364014
-.0144195557
-.0245361328
-.0182647705
-.0171508789
-.0258178711
-.0252838135
-.0207672119
-.0113220215
.0170593262
-.0194244385
-.0091552734
-.0105895996
-.0131072998
.0099182129
-.0086517334
-.0116729736
.0152282715
-.0190124512
-.0162963867
-.0182952881
-.0111541748
-.0126342773
-.0120391846
-.0172882080
.0166931152
.0172729492
-.0157623291
.0138244629
.0140533447
.0130462646
-.0216674805
.0137634277
-.0153961182
-.0252685547
-.0167846680
.0161285400
-.0161285400
-.0149536133
-.0183105469
-.0164184570
.0128631592
-.0176849365
.0124511719
-.0130615234
-.0122833252
.0183715820
.0211334229
.0190124512
-.0133209229
.0105590820
.0075225830
.0079498291
-.0096435547
-.0070953369
-.0098266602
-.0054168701
-.0073242188
-.0073547363
.0069885254
.0163269043
.0154571533
-.0203094482
-.0150604248
.0200042725
-.0191040039
-.0117492676
-.0192565918
.0128784180
.0201263428
.0294647217
-.0354156494
-.0470428467
-.0288848877
.0188751221
.0130310059
.0150909424
-.0088653564
-.0104064941
.0116882324
.0091552734
-.0141296387
-.0239257813
-.0243682861
.0355682373
-.0348205566
.0353698730
-.0171966553
-.0256805420
-.0191650391
-.0196075439
-.0145568848
.0171813965
-.0153350830
.0104370117
.0137329102
.0162963867
-.0098724365
-.0177612305
.0108184814
-.0155181885
-.0100860596
-.0133209229
-.0100860596
.0162048340
-.0202331543
-.0102081299
.0192718506
.0182495117
-.0156097412
.0161437988
-.0154266357
.0141448975
-.0169982910
.0112915039
-.0106506348
.0100402832
-.0087585449
-.0164184570
.0141143799
-.0182800293
-.0244293213
.0358886719
.0334014893
.0417633057
-.0541687012
.0834808350
.0613098145
.0509490967
-.0475769043
.0418548584
-.0323944092
-.0331878662
.0298461914
-.0343475342
-.0163116455
-.0158996582
.0201568604
-.0210571289
.0149383545
.0176544189
.0200195313
.0148773193
-.0137329102
-.0262908936
-.0316925049
-.0422515869
-.0382843018
-.0424957275
.0324249268
-.0255737305
.0422210693
.0341186523
.0639190674
-.0589141846
-.0384521484
.0470733643
-.0411987305
-.0588836670
-.0470275879
-.0509643555
.0451660156
-.0486450195
-.0348052979
.0271606445
-.0296630859
-.0337524414
-.0283203125
.0222320557
-.0166931152
-.0132904053
-.0163879395
-.0137939453
-.0109710693
-.0153350830
.0132293701
.0113525391
-.0131378174
.0183410645
-.0155944824
.0194854736
-.0218505859
-.0138854980
-.0278778076
-.0167236328
.0204010010
.0154113770
.0196685791
-.0169372559
-.0183258057
.0130157471
.0146484375
.0102081299
.0072937012
.0102233887
-.0062255859
-.0045471191
-.0085449219
.0110931396
-.0079498291
-.0092620850
.0080718994
-.0088500977
-.0081024170
.0076141357
-.0079956055
.0064849854
-.0058593750
.0040283203
-.0055236816
-.0086212158
-.0184326172
.0194244385
-.0212707520
-.0105285645
-.0133819580
.0108032227
-.0152587891
-.0131072998
.0095520020
-.0135955811
-.0102539063
-.0147857666
-.0182952881
-.0176849365
.0247802734
.0164794922
-.0182037354
.0135955811
.0178222656
.0121917725
-.0154724121
.0142822266
.0145416260
-.0106811523
-.0115814209
-.0180358887
.0165405273
-.0179138184
.0176239014
-.0191040039
-.0205841064
-.0198669434
-.0160980225
.0262451172
-.0135192871
-.0106201172
.0159912109
-.0124511719
-.0097808838
-.0094146729
-.0080566406
-.0065307617
.0303192139
-.0091400146
.0131072998
.0139770508
.0105743408
.0111846924
-.0106658936
-.0252532959
-.0207672119
.0228881836
-.0196380615
-.0244598389
-.0249938965
.0319824219
.0307922363
.0372619629
.0325164795
-.0343170166
.0385437012
-.0263214111
-.0195312500
.0257110596
-.0112609863
.0110321045
.0109710693
.0144348145
.0137786865
.0081329346
.0101165771
-.0108184814
-.0295562744
.0260009766
-.0221710205
-.0285339355
-.0190124512
.0234985352
.0211029053
.0373382568
-.0375823975
-.0300903320
-.0357208252
-.0163116455
-.0149688721
.0225677490
-.0293731689
.0172119141
-.0246734619
.0145416260
-.0214080811
.0167694092
.0170288086
.0131225586
-.0113220215
-.0143737793
-.0221252441
.0520477295
.0919952393
.0701599121
-.1083831787
.0982360840
.0758514404
-.0659484863
.0734252930
-.0725097656
.0569458008
.0556030273
-.0432434082
.0322418213
-.0374298096
-.0283966064
.0255737305
-.0199127197
-.0202636719
.0201568604
-.0125579834
.0178680420
-.0145568848
-.0177917480
.0184020996
.0267333984
-.0317535400
.0248565674
-.0417785645
-.0264282227
-.0303649902
-.0232086182
-.0218353271
-.0219421387
.0186309814
-.0144348145
-.0165252686
-.0162048340
-.0173950195
-.0097961426
-.0121307373
-.0144958496
-.0130157471
-.0194854736
-.0229187012
.0231018066
.0223236084
-.0114288330
.0102539063
.0144653320
-.0140380859
.0273742676
-.0182189941
-.0135803223
-.0144805908
-.0154571533
-.0187072754
-.0230407715
-.0206604004
.0257263184
-.0462799072
.0356445313
.0374145508
-.0171508789
-.0273742676
-.0294952393
.0316162109
-.0473022461
-.0306243896
-.0369262695
-.0401153564
.0316467285
.0412750244
.0234527588
-.0249786377
.0301513672
.0230865479
.0259704590
.0232696533
-.0194396973
.0253906250
.0218048096
-.0331115723
.0270843506
.0227050781
-.0389251709
.0295410156
.0245361328
-.0253143311
.0217437744
-.0271606445
.0203399658
-.0146484375
.0213928223
.0198059082
-.0166320801
.0127868652
.0132751465
.0120544434
.0171051025
-.0181732178
-.0170288086
.0234069824
-.0195007324
.0218048096
-.0214080811
-.0231475830
.0277709961
.0389251709
-.0411376953
.0310211182
-.0509796143
.0492248535
.0478057861
.0568389893
-.0388793945
.0448455811
.0387878418
-.0380706787
.0292663574
-.0355834961
-.0529937744
-.0237274170
.0425872803
-.0248107910
-.0666503906
.0628662109
-.0513610840
.0466461182
.0507202148
.0333557129
.0458068848
.0471954346
.0399169922
.0344848633
-.0300903320
-.0265655518
.0368194580
.0342712402
-.0457153320
-.0450592041
-.0407104492
.0475006104
.0420684814
.0449218750
-.0663299561
-.0334472656
-.0674591064
-.0519409180
.0379180908
.0402221680
.0430297852
.0302734375
.0361480713
.0346374512
.0232238770
.0224609375
-.0216979980
.0190582275
-.0186920166
-.0116271973
.0144348145
-.0127716064
.0160064697
.0122375488
-.0294036865
.0191955566
.0313262939
.0336608887
.0364990234
-.0317840576
.0443267822
.0324554443
.0290527344
-.0277404785
.0463867188
.0513763428
-.0504608154
-.0346527100
-.0491790771
.0401000977
.0435943604
.0542907715
-.0726623535
-.0462951660
-.0349121094
.0316619873
-.0354461670
-.0298614502
.0327148438
-.0302276611
-.0465545654
-.0746612549
-.0556182861
.0707855225
.0471038818
-.0504760742
-.0401458740
-.0337219238
-.0335388184
.0416107178
-.0165863037
.0211639404
-.0256195068
.0291900635
.0519866943
.0641784668
.0402984619
.0481109619
.0399475098
.0453186035
-.0403442383
.0553894043
-.0472717285
.0403442383
-.0462493896
.0442504883
-.0450897217
.0367736816
-.0289916992
.0277099609
-.0263977051
-.0161437988
-.0140686035
-.0186614990
-.0120086670
-.0269775391
.0484924316
.0318908691
-.0315093994
.0594787598
.0370788574
.0551147461
.0406341553
.0353240967
-.0278625488
-.0428466797
.0479888916
.0431671143
.0304565430
-.0393218994
.0273590088
-.0173187256
.0191955566
-.0156860352
-.0163574219
.0164794922
-.0310058594
.0407714844
-.0449066162
-.0286560059
.0293273926
.0272521973
-.0783386230
-.0539550781
.0265960693
.0365142822
-.0298156738
.0251312256
-.0275573730
-.0274810791
-.0329437256
.0251159668
-.0339050293
-.0650634766
.0367279053
-.0607910156
.0360717773
-.0648651123
.0894165039
-.0378265381
.0676269531
-.0659179688
.0438079834
.0458374023
-.0368804932
.0351409912
-.0257720947
.0414581299
-.0318145752
-.0155029297
.0227050781
-.0100097656
.0064544678
-.0048675537
.0045013428
.0049743652
-.0040893555
.0031890869
-.0019531250
.0015106201
.0009155273
