-.0043487549
-.0067749023
-.0108947754
.0131683350
.0181732178
.0180816650
.0193481445
.0189819336
-.0136108398
-.0176239014
-.0200805664
.0261230469
.0260620117
.0240325928
.0592346191
-.0467529297
-.0487365723
.0494842529
-.0581817627
-.0685272217
.0454406738
.0357360840
-.0505065918
-.0560760498
-.0565338135
-.0567016602
-.0510253906
.0509490967
.0233612061
.0304107666
.0484008789
-.0278778076
-.0380249023
.0332336426
-.0317077637
.0252838135
.0202484131
-.0292816162
.0298767090
.0245971680
-.0226745605
-.0302581787
-.0232238770
.0192413330
-.0225524902
-.0216369629
-.0269927979
-.0323791504
-.0184631348
.0340118408
-.0347442627
-.0446166992
-.0500793457
.0428619385
.0367126465
-.0513000488
.0445251465
-.0568084717
-.0505981445
.0533752441
.0428771973
-.0274505615
-.0307922363
.0239257813
.0286560059
-.0246276855
.0281982422
-.0160675049
.0301971436
-.0296325684
.0362243652
-.0398101807
-.0451507568
.0510253906
-.0230255127
-.0414886475
-.0610656738
.0600891113
-.0558013916
.0300903320
-.0281982422
-.0715637207
-.0560302734
-.0346527100
.0449371338
.0277404785
-.0310211182
.0327148438
-.0267944336
-.0602111816
-.0462036133
-.0299835205
.0561828613
-.0602722168
.0219573975
-.0457916260
.0513763428
.0483398438
-.0251464844
-.0431060791
.0370330811
-.0543365479
-.0565948486
.0417327881
.0549774170
.0285339355
.0531311035
-.0402984619
-.0216979980
-.0380401611
-.0341339111
-.0364227295
.0197296143
.0372161865
-.0461883545
-.0355987549
-.0348358154
.1096649170
-.1296081543
-.1487731934
-.1705017090
.1391906738
-.1299133301
-.0946350098
-.1492156982
-.1027832031
.1145782471
-.1156311035
-.1264648438
-.1022491455
-.1106262207
.0877227783
-.0752868652
.0515136719
.0499114990
-.0257720947
.0233154297
-.0278930664
.0170745850
-.0367126465
-.0733337402
.0813140869
-.0745086670
.0806121826
.0746612549
-.0687408447
-.0675506592
-.0793914795
-.0643920898
.0567932129
.0498962402
-.0368652344
.0581665039
.0472106934
.0584716797
-.0267333984
-.0245666504
-.0302276611
-.0221862793
-.0208740234
-.0313110352
.0230255127
-.0308380127
-.0213470459
.0300292969
.0248718262
.0345306396
-.0377502441
-.2060394287
.0403289795
-.0272216797
-.0569000244
-.0442657471
-.0338134766
-.0519866943
-.0405883789
-.0337066650
-.0294494629
-.0426940918
.0377349854
-.0324707031
-.0243072510
-.0252227783
.0307464600
.0305480957
.0367736816
.0233459473
.0258941650
.0415039063
.0280456543
-.0401763916
.0228576660
-.0250854492
.0199432373
-.0167541504
.0193176270
.0193176270
-.0462493896
-.0357818604
-.0301971436
.0214385986
-.0281524658
-.0469665527
-.0464172363
-.0532836914
-.0698394775
.0740051270
.0536346436
.0493621826
-.0595550537
-.0668029785
-.0859222412
-.0820922852
.0236053467
.0271453857
.0180206299
.0240936279
-.0226440430
-.0454101563
-.0343780518
.0389556885
-.0948791504
-.0861053467
-.0867767334
-.0849456787
-.0763244629
-.0677642822
-.0574645996
.0469360352
-.0610198975
-.0558624268
-.0373535156
.0241241455
.0251007080
-.0151977539
.0256195068
.0184631348
-.0571136475
.0670623779
-.0544586182
-.0531768799
-.0750732422
.0625305176
-.0529174805
-.0502014160
-.0627593994
-.0755157471
-.0601196289
-.0567626953
-.0381164551
.0242309570
.0242614746
.0332946777
.0224151611
-.0547180176
-.0533599854
.1139526367
-.0513763428
-.0236816406
.0381164551
.0284271240
-.0320281982
-.0239410400
-.0294647217
-.0323028564
-.0304412842
.0209503174
.0231475830
-.0334930420
-.0235137939
-.0283813477
-.0422821045
.0247192383
.0463562012
.0411529541
.0576782227
-.0547332764
-.0250701904
.0335693359
.0605468750
-.0424499512
-.0389251709
.0380249023
.0377807617
-.0335693359
.0913543701
.0395202637
.0343780518
-.0562591553
.0296936035
-.0395202637
.0557861328
-.0528717041
-.0445251465
.0368347168
-.0532379150
-.0492706299
.0672454834
-.0553283691
.0916595459
-.0740051270
.0973510742
-.0951080322
-.0890960693
.1073608398
.1230773926
-.0899200439
.0712432861
-.0577239990
.0336608887
-.0324707031
.0461578369
-.0368652344
-.0290832520
.0332336426
.1193084717
.1254425049
-.1232604980
-.1345520020
-.1269073486
-.1009979248
-.0974731445
-.0653228760
-.0811767578
-.1105804443
-.1414794922
-.1414184570
-.0923919678
-.1215209961
.1322326660
-.0931701660
-.1063537598
.0884552002
-.1145324707
-.1387939453
-.1140747070
-.1011810303
-.0802001953
.0613708496
.0849151611
-.1131286621
-.0860900879
.0682678223
-.0814208984
-.0947875977
-.0867614746
-.0647888184
-.0425567627
-.0536499023
-.0312652588
.0162811279
-.0157470703
.0399169922
.0224304199
.0194702148
.0189514160
-.0249328613
-.0209045410
-.0287780762
-.0233612061
-.0121459961
-.0186614990
.0144805908
-.0128173828
-.0272827148
.0224456787
-.0126037598
.0272521973
-.0482025146
-.0921020508
-.0652008057
-.0556182861
-.0784149170
.0917510986
.1034851074
-.0799713135
.0778656006
-.0949707031
.0845794678
-.0762329102
-.0773010254
.0907897949
.0955810547
-.0797271729
.0608673096
.0361022949
-.0313110352
.0415802002
-.0596008301
.0664672852
-.0784301758
-.0717926025
-.0623931885
.0706939697
-.0729370117
.0876617432
.0406799316
-.0461730957
.0601196289
.0591735840
-.0583190918
-.0932617188
-.0628356934
-.0660858154
-.0350036621
-.0381011963
-.0369720459
-.0369873047
-.0332336426
.0258026123
-.0452728271
-.0614624023
-.0631256104
-.0395507813
.0524902344
-.0683441162
-.0739135742
-.0695495605
-.0838928223
-.0809783936
-.0582733154
.0530090332
.0532836914
-.0718994141
-.0623016357
-.0519409180
.0405426025
-.0526275635
.0493164063
.0617980957
-.0516052246
.0567932129
.0728302002
-.0381011963
.0471038818
-.0176391602
.0242004395
-.0233612061
-.0207061768
-.0141601563
-.0194854736
.0350646973
.0171661377
-.0344238281
-.0237274170
.0393829346
-.0499267578
-.0491333008
-.0847015381
-.0479125977
-.0252227783
.0155181885
.0300598145
.0167236328
-.0411376953
-.0341644287
.0323181152
.0786132813
-.1125030518
-.0975341797
-.0932006836
-.0641326904
-.0317993164
.0306396484
-.0192108154
-.0158843994
.0141906738
.0169830322
-.0716247559
-.0676116943
-.0699462891
-.0643920898
.0579528809
-.0730133057
-.0617828369
.0565948486
.0486450195
-.0490112305
-.0582885742
-.0610351563
-.0743560791
-.0772399902
-.0833740234
-.0893096924
-.0861206055
-.0772552490
-.0844268799
.0760192871
-.0668487549
-.0837097168
-.0964813232
-.1099548340
-.1052856445
.1009368896
-.1129150391
-.1070861816
-.1067504883
-.0995330811
-.0882568359
-.1028900146
.0846557617
-.1038513184
-.1072082520
.1091156006
-.0844879150
.0680541992
-.0671997070
-.0442199707
-.0276489258
-.0220489502
.0240173340
-.0372314453
-.0178222656
-.0213470459
-.0223541260
-.0181579590
-.0191040039
.0221252441
-.0198669434
-.0190734863
-.0296783447
.0121765137
.0191497803
.0272979736
.0285034180
-.0158996582
-.0244598389
-.0182952881
.0180358887
-.0287017822
.0230560303
-.0528106689
.0172271729
-.0165405273
.0356445313
-.0261535645
.0189361572
.0175933838
.0141143799
-.0259857178
-.0169372559
.0197448730
-.0261383057
-.0417175293
.0543975830
.0471649170
.0451354980
-.0260314941
-.0230407715
-.0190124512
.0238342285
.0307769775
.0184020996
.0088195801
.0184326172
-.0236206055
-.0276489258
-.0213775635
-.0196990967
.0127716064
-.0201110840
.1217193604
-.0273284912
-.0274200439
.0314025879
.0310821533
-.0359802246
-.0275726318
-.0257873535
-.0400390625
.0240173340
-.0314025879
.0249328613
-.0299835205
.0200042725
.0235900879
.0240631104
-.0275573730
-.0175323486
.0286865234
-.0296478271
-.0316619873
-.0489044189
.0221862793
-.0408935547
.0330047607
-.0344848633
-.0284729004
.0281982422
-.0515441895
.0317230225
.0361175537
-.0517730713
.0540618896
.0472259521
-.0524139404
.0499420166
.0265197754
.0334930420
-.0402679443
.0441436768
-.0344085693
-.0239868164
-.0221710205
-.0502014160
.0591125488
-.0310668945
.0318450928
-.0355987549
.0323333740
-.0482788086
-.0295867920
.0243225098
.0255889893
-.0186004639
-.0391845703
-.0240783691
.0601196289
-.0819396973
-.1092987061
.1364440918
-.1390380859
-.1014099121
-.1528625488
-.1450042725
-.1247253418
-.1136932373
.1145782471
-.0937500000
-.1086425781
-.1053924561
-.1077423096
-.0883331299
-.0895843506
-.0874481201
-.0969543457
-.0934448242
-.0908813477
-.0957489014
-.0899505615
-.0877685547
-.0932769775
-.0950317383
-.1008148193
-.0880584717
.0744171143
-.0832214355
-.0839996338
-.0763549805
-.0797119141
.0706787109
-.0770111084
-.0764160156
-.0846252441
-.0788269043
-.0716400146
-.0597839355
-.0593261719
-.0612487793
.0548706055
-.0363311768
.0608367920
.0523681641
-.0687408447
.0502014160
-.0653381348
-.0540313721
-.0632171631
-.0553588867
-.0633087158
-.0628204346
-.0592956543
-.0705718994
.0555419922
-.0589752197
-.0527343750
.0641479492
-.0766296387
-.0737304688
-.0586700439
.0465545654
-.0586090088
.0455932617
-.0461730957
-.0373840332
-.0424957275
.0301818848
-.0349273682
.0353546143
-.0272521973
.0257720947
-.0370025635
.0395507813
-.0336456299
.0372161865
-.0447387695
-.0316162109
-.0335540771
-.0288085938
.0235595703
-.0196990967
.0182037354
.0152587891
-.0147399902
.0102081299
-.0083312988
.0107574463
.0304718018
.0165252686
-.0215911865
-.0588684082
.0432128906
-.0288543701
.0378723145
.0456085205
-.0464935303
-.0456085205
.0554504395
-.0452117920
-.0404357910
-.0377197266
.0578613281
-.0741577148
.0578765869
-.0406341553
-.0584106445
.0431671143
.0412445068
.0281219482
.0435028076
.0263824463
-.0403900146
-.0355834961
-.0373687744
.0213012695
-.0229949951
.0251922607
-.0456390381
-.0260620117
-.0272369385
-.0299835205
.0307922363
-.0267639160
.0337219238
.0213775635
.0290679932
-.0800018311
.0511627197
-.0365905762
.0195922852
-.0122070313
.0118713379
-.0148162842
-.0498352051
.0213470459
-.0361328125
-.0334320068
-.0522460938
.0435333252
-.0229187012
.0288696289
.0303039551
.0388031006
-.0395355225
.0360565186
.0596618652
.0232696533
.0156860352
.0182800293
.0206146240
-.0244293213
.0131683350
.0251007080
-.0178985596
.0200195313
.0200805664
.0285949707
.0173950195
-.0288085938
-.0629577637
-.0527343750
-.0391082764
-.0476684570
.0317535400
.0308227539
-.0356597900
-.0161743164
.0141906738
-.0131225586
.0164184570
.0318603516
-.0279693604
.0307159424
.0246276855
.0287628174
.0357971191
.0343780518
-.0250396729
-.0299377441
-.0405883789
-.0327148438
-.0267944336
.0361480713
-.0243530273
-.0095062256
-.0202941895
.0161895752
-.0199432373
-.0256347656
.0361175537
-.0422973633
-.0126342773
.0134429932
-.0321350098
.0189514160
.0236206055
-.0296173096
.0227203369
-.0214080811
.0376129150
-.0184478760
.0266723633
.0281982422
.0173797607
.0143432617
-.0208435059
-.0133209229
-.0269165039
-.0133666992
.0261077881
.0222778320
-.0500488281
-.0636291504
-.0708160400
-.0778045654
-.0297546387
.0255432129
.0307617188
-.0445556641
.0475158691
-.0502624512
-.0575256348
.0570220947
-.0432739258
-.0434875488
.0472717285
-.0346374512
.0527343750
.0459899902
.0360565186
-.0388793945
-.0319519043
.0221862793
-.0211486816
.0284729004
.0176239014
-.0223388672
-.0418853760
.0268554688
-.0424804688
.0277099609
.0239105225
-.0670471191
-.0749664307
-.0878448486
.0866699219
.0769042969
-.0628356934
.0572509766
-.0449829102
-.0358428955
-.0441589355
-.0331420898
-.0372467041
.0342712402
-.0302581787
-.0506591797
.0759735107
-.0533905029
-.0372619629
.0412292480
-.0470581055
-.0680847168
.0496063232
-.0351562500
.0448150635
-.0595397949
.0323944092
-.0421447754
-.0375061035
.0316467285
.0396728516
-.0428924561
-.0422363281
.0312347412
-.0453033447
.0428314209
-.0372619629
.0257873535
-.0294036865
.0225219727
-.0294494629
-.0146789551
-.0259094238
.0236053467
-.0253295898
-.0190277100
.0123291016
.0142974854
.0110321045
-.0177459717
-.0154571533
-.0178222656
.0323638916
-.0260467529
-.0317687988
.0402984619
-.0442199707
.0377197266
-.0258941650
-.0426483154
-.0318908691
.0306854248
-.0263977051
.0331573486
-.0373992920
-.0302276611
.0234375000
-.0207977295
-.0253448486
-.0280456543
-.0239868164
-.0217895508
-.0151824951
-.0283355713
-.0208740234
-.0326538086
-.0269622803
.0335998535
.0216674805
.0189361572
-.0244293213
-.0187683105
-.0196380615
-.0280151367
-.0197296143
-.0198059082
.0166625977
-.0245208740
-.0250244141
.0272216797
-.0292358398
-.0276947021
.0200042725
.0153808594
-.0191802979
-.0173950195
-.0171356201
.0177612305
-.0150909424
-.0215606689
.0119476318
.0103149414
-.0212402344
.0106201172
.0171356201
.0129394531
.0207824707
.0154724121
-.0162963867
.0153808594
-.0186920166
-.0149078369
-.0154418945
.0158386230
.0128784180
.0182800293
-.0137329102
-.0158691406
.0149536133
.0173645020
-.0177764893
.0119171143
-.0123291016
-.0143280029
-.0103302002
.0157165527
-.0194396973
-.0144195557
-.0121154785
.0102386475
.0046081543
-.0053710938
.0066375732
.0049743652
-.0049743652
-.0044403076
.0023956299
-.0018463135
-.0015869141
-.0014648438
-.0002288818
