-.0001068115
-.0006561279
-.0016326904
.0012817383
.0024414063
.0019683838
-.0033111572
-.0027313232
-.0021972656
-.0039520264
.0042877197
-.0050354004
.0068817139
.0048980713
-.0064392090
-.0060424805
.0059814453
-.0063171387
.0083160400
-.0101776123
.0083618164
.0172424316
.0249176025
.0176696777
.0182952881
-.0186157227
-.0274963379
-.0211944580
-.0205535889
.0157775879
-.0168151855
.0261993408
-.0249938965
-.0311737061
.0385589600
-.0446166992
-.0364379883
.0333099365
-.0174407959
-.0372924805
-.0189056396
.0347290039
.0377502441
-.0381011963
.0278625488
.0319366455
-.0407104492
-.0390167236
.0352935791
.0204772949
.0214538574
.0196990967
-.0306549072
-.0306549072
-.0304107666
.0223236084
.0233917236
-.0229797363
.0422363281
-.0204315186
-.0213775635
-.0146026611
.0205078125
-.0128326416
.0173187256
.0160827637
-.0135192871
-.0094451904
-.0105895996
-.0173492432
.0070343018
.0113830566
-.0092620850
-.0128173828
-.0122375488
-.0106353760
-.0138549805
-.0165557861
.0131378174
-.0159149170
-.0223846436
-.0135650635
-.0153045654
-.0225219727
-.0203704834
.0221405029
-.0106201172
.0163421631
.0223236084
.0092315674
-.0244903564
.0104522705
.0228271484
-.0151672363
.0147552490
-.0191040039
-.0110626221
-.0105438232
.0120849609
-.0130462646
-.0108184814
.0128784180
.0160980225
-.0165100098
-.0174102783
-.0175018311
-.0119323730
.0176086426
.0140380859
-.0197448730
-.0123748779
-.0114440918
-.0107727051
.0136108398
-.0132598877
-.0229797363
-.0175323486
.0328826904
.0303344727
-.0484619141
-.0375213623
-.0540313721
.0479583740
.0367431641
.0451049805
-.0377349854
.0358886719
.0441284180
-.0415649414
-.0301361084
.0324249268
-.0249481201
.0247344971
-.0264129639
-.0276489258
-.0189666748
-.0169525146
-.0195922852
-.0166473389
-.0311279297
.0226135254
.0270233154
-.0348663330
-.0266265869
-.0413513184
-.0235748291
-.0291900635
.0276947021
-.0237884521
-.0197601318
.0358276367
-.0275878906
-.0270996094
-.0333862305
-.0173339844
-.0275573730
-.0221557617
.0209197998
.0154876709
-.0148468018
-.0205535889
-.0232543945
-.0173034668
-.0116729736
-.0141143799
-.0200195313
-.0173034668
-.0107879639
-.0229949951
-.0212707520
.0221099854
-.0252990723
.0400543213
.0250396729
-.0151062012
-.0168914795
.0241241455
.0356597900
-.0184631348
-.0218353271
.0205078125
-.0162506104
.0215759277
-.0202331543
.0264587402
-.0188751221
-.0187530518
-.0157470703
-.0183868408
.0134277344
-.0187072754
-.0197296143
-.0114593506
-.0226440430
-.0216064453
.0355529785
.0242004395
-.0216064453
-.0294799805
-.0193176270
-.0172424316
-.0223999023
-.0243225098
.0126495361
.0179748535
-.0182800293
-.0097503662
-.0146484375
-.0178833008
-.0126647949
.0143127441
-.0125122070
-.0207061768
-.0122375488
-.0157928467
-.0128936768
-.0258941650
.0190734863
-.0258331299
.0150909424
-.0204162598
.0211334229
-.0285949707
.0241851807
-.0182342529
.0149688721
.0108642578
.0236358643
-.0162658691
-.0171813965
.0118713379
-.0138092041
.0148925781
.0170135498
-.0115509033
.0142211914
-.0136260986
-.0126800537
-.0124969482
-.0130462646
-.0114135742
.0100555420
.0123748779
-.0090789795
-.0089263916
.0082855225
-.0086669922
-.0160217285
.0123596191
-.0085754395
-.0090942383
.0046691895
-.0065307617
-.0115661621
-.0075531006
.0088958740
-.0058441162
-.0081787109
-.0086669922
-.0050201416
-.0080108643
-.0049438477
.0054779053
-.0067443848
-.0084838867
.0053253174
-.0099334717
-.0093536377
-.0081024170
-.0093231201
-.0064239502
-.0075378418
-.0076599121
-.0053100586
-.0030975342
.0051879883
.0043945313
-.0079650879
.0055999756
-.0070800781
-.0050048828
-.0058135986
-.0095977783
-.0072021484
-.0074768066
-.0059051514
-.0078887939
-.0061492920
-.0058135986
-.0111694336
-.0110321045
-.0103912354
.0078277588
-.0133666992
-.0067901611
-.0086975098
-.0062103271
-.0061645508
-.0063934326
-.0053253174
.0056762695
-.0074768066
-.0064086914
-.0125427246
-.0139923096
-.0083160400
-.0121917725
-.0079956055
-.0055389404
.0060272217
-.0109863281
-.0076446533
-.0077667236
-.0074310303
.0087890625
.0097961426
.0094909668
.0102691650
-.0088958740
.0077972412
-.0063171387
-.0068359375
-.0114288330
.0126800537
.0080566406
.0159454346
-.0175628662
-.0167541504
-.0130157471
-.0207519531
-.0180358887
-.0171356201
-.0148468018
.0203552246
-.0111389160
.0186004639
.0209045410
.0078125000
-.0146331787
-.0139312744
-.0088653564
.0110473633
-.0110015869
.0101318359
-.0115356445
-.0151519775
.0082702637
.0155181885
-.0258483887
-.0177307129
-.0225372314
-.0384063721
-.0430908203
-.0513458252
.0264892578
.0248413086
-.0316619873
.0281982422
-.0358123779
-.0248413086
.0228729248
.0300750732
.0212249756
.0260925293
-.0336914063
-.0463714600
-.0442810059
.0243225098
-.0325622559
-.0356292725
.0283660889
-.0234069824
-.0313720703
-.0215148926
-.0141906738
-.0113830566
.0151214600
-.0182800293
-.0204772949
-.0168914795
.0166015625
-.0210113525
-.0282440186
.0223236084
.0289459229
-.0151977539
-.0198974609
.0282745361
-.0151062012
.0248870850
.0238800049
.0177612305
-.0163879395
-.0164337158
.0127105713
.0293884277
-.0301208496
-.0217895508
.0145721436
.0257263184
-.0269927979
.0176544189
.0191802979
-.0226898193
.0315246582
.0226898193
-.0231170654
.0217590332
-.0249023438
-.0152893066
-.0249481201
-.0110321045
.0115966797
.0128479004
-.0160369873
-.0120544434
-.0150451660
-.0163421631
-.0101928711
-.0115814209
.0160064697
.0125885010
.0088195801
.0064697266
-.0068817139
-.0077514648
.0115509033
.0141296387
-.0129852295
-.0193023682
.0177459717
-.0171356201
.0179138184
-.0100708008
-.0066223145
-.0091705322
.0110168457
-.0088348389
.0085449219
-.0114288330
-.0092315674
-.0068817139
-.0085449219
.0073242188
-.0056762695
.0065307617
-.0061340332
.0123443604
-.0110778809
-.0086059570
.0141601563
-.0076599121
.0173339844
.0148773193
-.0075988770
-.0099945068
-.0095825195
-.0090332031
.0061340332
-.0103149414
-.0065460205
-.0057830811
-.0072479248
-.0081176758
-.0092468262
.0092620850
-.0075836182
.0070037842
-.0080261230
-.0046844482
.0077667236
-.0101928711
.0095520020
-.0062255859
.0068054199
.0058746338
-.0056610107
.0048675537
-.0067901611
-.0063018799
-.0077209473
-.0045471191
-.0037384033
.0053863525
.0052032471
-.0059051514
-.0088043213
.0053558350
-.0092315674
-.0043487549
-.0059814453
-.0051574707
-.0052795410
-.0039367676
-.0079498291
.0043334961
.0040283203
-.0086364746
-.0060882568
-.0060577393
-.0094146729
-.0091552734
-.0079803467
.0071105957
.0072326660
-.0077209473
-.0063323975
-.0091094971
-.0042877197
-.0073699951
-.0088500977
-.0084228516
-.0081634521
.0136413574
-.0141296387
-.0122070313
-.0111389160
-.0139465332
-.0106658936
-.0104980469
.0105743408
.0144653320
-.0136718750
.0089111328
-.0088500977
-.0132141113
-.0110473633
-.0102081299
.0085296631
-.0109558105
-.0113220215
-.0121002197
-.0127105713
-.0154113770
.0149230957
-.0183715820
-.0168457031
-.0132904053
-.0216369629
-.0140228271
-.0170135498
-.0205078125
-.0186767578
-.0169219971
-.0196533203
-.0094451904
.0112762451
-.0135345459
-.0149993896
.0204620361
-.0151367188
.0136108398
-.0209960938
.0075683594
.0188598633
.0108642578
.0133819580
.0102844238
-.0083770752
-.0121612549
.0121307373
-.0055999756
-.0076293945
-.0104370117
-.0050659180
.0092468262
-.0084381104
.0146942139
-.0049743652
-.0097198486
-.0062866211
-.0096435547
-.0094604492
-.0070800781
-.0095214844
-.0088043213
.0068969727
-.0058593750
.0048522949
-.0090332031
.0086364746
-.0081329346
-.0101928711
-.0144653320
-.0105743408
-.0136108398
-.0137634277
.0155334473
-.0137939453
-.0109405518
.0105133057
.0209350586
-.0160369873
.0155029297
-.0171203613
-.0134277344
-.0083923340
.0098266602
.0099792480
-.0180206299
-.0217742920
-.0151977539
-.0113983154
-.0295104980
.0240325928
-.0237426758
-.0189514160
-.0158996582
.0191497803
-.0344085693
-.0303192139
.0232086182
-.0341644287
-.0306854248
-.0230102539
-.0232086182
.0348052979
-.0258941650
-.0163116455
.0172271729
-.0222930908
.0124511719
-.0187225342
-.0305023193
.0285491943
-.0160369873
-.0178222656
-.0125427246
-.0138397217
.0120849609
-.0087280273
.0094757080
.0080413818
-.0182189941
-.0147857666
-.0175933838
-.0110473633
-.0126953125
.0109710693
-.0086517334
.0098419189
-.0096435547
-.0105743408
.0112609863
-.0092926025
-.0111083984
-.0089721680
-.0104064941
.0187988281
-.0105895996
-.0096435547
-.0080108643
-.0056762695
.0098876953
-.0106201172
-.0071258545
-.0075073242
-.0119781494
.0099487305
-.0092315674
.0062408447
.0074157715
-.0061187744
-.0092315674
-.0092620850
-.0060577393
-.0064392090
.0065917969
-.0047607422
-.0107574463
-.0081329346
-.0095520020
-.0082397461
-.0112762451
-.0064544678
-.0086212158
-.0093536377
.0113220215
.0080871582
-.0084381104
.0132598877
-.0121765137
.0111389160
-.0116729736
-.0105590820
-.0160217285
.0138854980
-.0094757080
-.0125274658
.0091552734
-.0094146729
-.0100097656
-.0087432861
.0100708008
-.0078582764
-.0098571777
-.0067901611
-.0090789795
-.0099792480
-.0101165771
-.0118103027
-.0120697021
.0063323975
-.0079193115
.0062103271
-.0072784424
.0061492920
.0130004883
.0089721680
-.0107269287
.0074768066
-.0094451904
-.0082855225
-.0077514648
-.0078430176
.0055999756
-.0111236572
-.0141296387
-.0093994141
-.0076751709
-.0079650879
-.0060577393
-.0095672607
-.0067901611
-.0080718994
-.0116119385
.0064392090
-.0089416504
.0097045898
-.0108947754
.0095977783
-.0072021484
-.0083312988
-.0099792480
-.0117645264
.0090332031
-.0049133301
.0093841553
-.0099334717
.0068359375
-.0126647949
-.0125427246
-.0096740723
-.0099029541
-.0088043213
-.0066986084
-.0121459961
-.0119934082
.0064239502
.0063476563
-.0092010498
-.0061187744
.0064239502
.0104675293
-.0068206787
-.0091552734
-.0058288574
.0081939697
-.0059051514
.0119628906
-.0084228516
.0083618164
.0084686279
-.0071716309
-.0095367432
-.0054321289
.0079650879
-.0126953125
-.0084533691
.0131072998
.0153350830
-.0227203369
-.0177001953
-.0189514160
.0152130127
-.0159301758
-.0115814209
-.0113220215
-.0131835938
-.0101318359
-.0113677979
-.0081939697
-.0066070557
-.0099487305
.0116729736
-.0081481934
-.0072937012
-.0102081299
-.0076904297
.0112609863
-.0090637207
.0056762695
-.0116271973
-.0100402832
-.0111999512
-.0140686035
-.0093688965
-.0107421875
-.0076446533
-.0104522705
-.0131378174
-.0098266602
-.0133819580
-.0166473389
-.0137023926
-.0145263672
-.0115814209
.0085754395
-.0137329102
.0214538574
-.0106964111
-.0202941895
-.0300750732
-.0272369385
-.0216979980
-.0221099854
.0194702148
-.0252075195
.0338745117
.0468750000
.0492095947
-.0290222168
.0251159668
-.0299072266
-.0383758545
.0339660645
-.0246429443
.0424194336
-.0396118164
-.0379638672
.0255279541
-.0207214355
-.0148620605
.0271148682
-.0211944580
-.0170135498
.0198669434
.0193786621
.0211486816
-.0215148926
-.0154113770
-.0169677734
.0217437744
.0149993896
.0151519775
.0205383301
.0139312744
-.0088806152
.0146026611
-.0125579834
-.0126190186
-.0126495361
.0151824951
-.0162353516
.0130615234
-.0152130127
-.0142364502
-.0148162842
.0172729492
-.0109100342
-.0088195801
-.0105895996
.0101776123
-.0092926025
-.0103912354
-.0104827881
.0100097656
.0129394531
.0107116699
-.0192260742
-.0161895752
.0102691650
.0141296387
-.0107879639
-.0109405518
-.0093536377
-.0094451904
-.0094299316
-.0087280273
.0132293701
-.0075683594
-.0140380859
-.0186157227
.0148010254
.0139770508
.0102233887
.0157318115
-.0150909424
-.0090637207
.0100402832
-.0109710693
-.0144348145
-.0202941895
.0200347900
-.0197753906
-.0237426758
-.0169219971
-.0225524902
-.0163116455
-.0122680664
.0129852295
-.0281524658
.0166320801
-.0119018555
-.0143737793
-.0145568848
-.0103759766
-.0102691650
.0191802979
.0088348389
-.0105743408
-.0115356445
-.0115203857
-.0108489990
-.0152130127
.0095825195
-.0109100342
-.0100708008
-.0082397461
-.0090637207
-.0113067627
-.0057678223
-.0122833252
.0089416504
-.0100250244
.0117645264
-.0112152100
.0074005127
-.0082550049
.0082855225
-.0061187744
-.0085601807
-.0081024170
-.0090484619
-.0109252930
-.0102691650
.0085754395
.0083312988
.0094146729
-.0078430176
.0084381104
.0059661865
-.0080261230
.0062866211
-.0093536377
.0097961426
-.0081939697
-.0068206787
-.0067901611
-.0110473633
-.0126647949
.0087432861
-.0112762451
-.0074768066
-.0080718994
-.0083007813
-.0108947754
-.0071563721
-.0060577393
-.0093231201
-.0106201172
-.0085906982
-.0092315674
-.0089721680
-.0097503662
.0199432373
-.0106964111
-.0073699951
-.0052490234
.0059204102
-.0069580078
-.0031890869
-.0066375732
-.0039062500
-.0046539307
.0054168701
.0048675537
.0057373047
-.0044250488
-.0051422119
-.0059967041
-.0067749023
-.0048828125
-.0060729980
-.0039367676
-.0048370361
-.0053253174
-.0036010742
-.0036010742
-.0034637451
-.0063323975
-.0020294189
-.0040283203
.0022735596
.0026550293
.0018920898
-.0017547607
-.0023651123
.0014495850
-.0011596680
-.0009918213
-.0006103516
-.0004577637
-.0002136230
.0060577393
