.0007934570
-.0013732910
-.0017242432
.0015563965
.0014190674
-.0023498535
-.0036468506
-.0061798096
.0150451660
.0144653320
.0151214600
-.0080413818
-.0039520264
-.0048980713
-.0065917969
.0135345459
-.0124359131
.0091094971
-.0135192871
.0185852051
-.0160369873
-.0104370117
-.0086822510
-.0147094727
.0424041748
-.0437927246
-.0218505859
-.0333251953
.0304718018
.0244293213
.0401916504
-.0311737061
-.0368957520
-.0503540039
-.0399169922
.0208892822
.0074462891
-.0138549805
.0182800293
-.0390167236
.0555877686
.0547637939
.0734252930
.0796966553
-.0711212158
.0749053955
.0741882324
.0969238281
.1003570557
.0925140381
.1086883545
.0913696289
.1012878418
.1157379150
-.0758666992
-.0500030518
.1095275879
-.1474151611
.1148223877
-.1063842773
-.1124572754
.0925903320
-.1084899902
-.0959014893
-.0835723877
.0792999268
.0890808105
-.1007690430
-.1354980469
-.0938262939
-.1155395508
.0701904297
-.1092529297
-.1275329590
-.0992279053
.1300506592
.1052551270
-.0997009277
-.1219940186
.0897827148
.1146392822
.1100311279
-.0877532959
-.1095886230
-.0860137939
.0898284912
-.1220397949
-.0929412842
-.0872650146
-.0607299805
.1081390381
.1086578369
.0552978516
.0899658203
.1071014404
-.1015319824
.0762329102
-.1198120117
-.1306762695
-.0755767822
.0914001465
-.0896911621
-.0825500488
.0563812256
-.0962371826
.0683288574
-.0909118652
.0960388184
-.1229705811
.0928649902
-.1120758057
-.1188049316
.1123352051
-.1247711182
.0889892578
.0950775146
.0981903076
-.1104583740
-.0857543945
.0920410156
-.1161499023
.0641479492
-.0666046143
-.1075439453
-.0962524414
-.0917205811
.0900421143
-.1041564941
-.1005706787
.0880584717
-.0765991211
-.0628814697
-.0556640625
.0911254883
-.1116485596
-.0671691895
.0872802734
.0570983887
-.0494995117
-.0498657227
-.0506896973
-.0764160156
-.0915832520
-.0788726807
-.1053466797
-.0788879395
.0692901611
-.1131744385
-.0937347412
-.0909729004
.0804901123
-.0651092529
.0812530518
-.0806121826
.0995483398
.0936431885
.0553588867
.0669860840
-.1024627686
-.0618896484
-.0724792480
-.0553588867
.0497283936
-.0449523926
-.0679168701
-.0906524658
-.0739288330
-.0825347900
-.0841369629
.0630493164
.0758666992
.0401000977
.0417938232
-.0497131348
.0578765869
.0437011719
.0242767334
-.0153808594
-.0314483643
.0283966064
.0217590332
-.0339202881
-.0307312012
-.0378112793
-.0488891602
.0711822510
-.0641937256
-.0988464355
.0723419189
-.1374511719
.0933380127
-.1228790283
-.0902862549
-.0944976807
-.1347198486
.1018371582
.0690917969
-.1317749023
-.1261901855
.0615081787
.0841827393
-.1016845703
.1567382813
-.1215972900
-.1196136475
-.1256256104
-.1163177490
-.1264953613
.1085357666
-.1050109863
.1018676758
-.0727539063
-.0363311768
-.0468750000
-.0463256836
-.0630035400
-.0645751953
-.0723266602
-.0724792480
-.0913085938
-.0997009277
-.1076507568
-.0942382813
.1179199219
-.0980682373
.1022033691
-.1212615967
-.1367492676
-.1478576660
.1303100586
-.1284790039
.1064910889
.0973968506
-.1102294922
-.0978240967
-.1324920654
.1194152832
.1048431396
-.0970764160
.1122589111
.1178894043
-.1149444580
-.0857543945
.1122436523
.1129608154
-.1204071045
.1244201660
-.0812377930
.0997619629
.0498046875
.0310974121
.0330352783
-.0639343262
.0978698730
-.0971527100
.1577911377
.1193695068
-.1037750244
-.1053161621
-.1082611084
-.0796051025
-.1104736328
-.1054229736
-.1200256348
-.1399993896
-.1056823730
.0906219482
.1014404297
.1019287109
-.1086578369
.0849609375
-.1304473877
-.1322174072
.0824737549
-.1451721191
.1476135254
.0883941650
-.1282348633
-.1340484619
-.1311950684
-.1325988770
-.1100463867
-.0809173584
-.1359558105
.1100616455
-.1165313721
-.0732727051
-.1040649414
.1185607910
.0981903076
-.1138000488
.0944519043
-.1144714355
.0681304932
-.1279754639
-.0994567871
.1072998047
-.1305236816
-.1108551025
-.1159820557
-.1399688721
-.1235961914
-.1450805664
.0601348877
-.0728454590
-.0808563232
-.1314392090
.0718383789
.0905761719
-.0771179199
-.1394958496
-.1322021484
.1101074219
-.0736083984
.0614013672
-.0721435547
.0458068848
.0266265869
-.0439758301
.0206298828
.0245056152
.0514526367
.0460968018
-.0737304688
-.0353393555
-.0276947021
-.0325317383
-.0270690918
.0301361084
-.0341796875
-.0441284180
-.0396728516
.0329895020
-.0329589844
-.1088714600
-.0942230225
.0718536377
-.0988006592
.1126708984
.0714111328
.0756835938
.0564117432
-.1095733643
-.1114196777
-.1030731201
-.0669555664
.1209564209
.1000671387
.0510253906
.0890960693
.0536956787
-.0229492188
.0244445801
.0225524902
-.0364227295
.0241394043
.0196685791
-.0318145752
-.0312194824
-.0241088867
-.0341033936
-.0846405029
.1015167236
-.1084594727
-.1062316895
.0879516602
.0838012695
-.0965118408
-.1125030518
-.1252746582
-.0861358643
-.0589599609
-.0886840820
-.1054840088
.0886077881
-.1053619385
.0789794922
-.0919799805
-.0772857666
.0504302979
-.0363464355
.0268707275
-.0303192139
.0262298584
-.0368347168
-.0286560059
.0202178955
-.0268249512
-.0443725586
-.0373840332
-.0832366943
.0881958008
.0993194580
-.1148681641
-.1090850830
-.1539764404
.1210632324
.1310272217
-.1529541016
-.1147766113
-.0933380127
-.0960998535
-.0958862305
.0725555420
-.0939331055
.0865631104
-.0847167969
-.0593414307
-.0404968262
.0362854004
-.0541839600
-.0901947021
-.1085662842
-.0718231201
-.0779266357
.0577087402
-.0554504395
.0622253418
-.0787353516
.1142120361
-.0939483643
.0602111816
-.0743713379
-.0538024902
.0396881104
-.0928497314
.0441131592
-.0840301514
-.0333404541
.0403137207
.0380249023
.0441894531
-.0404815674
.0215454102
-.0145263672
-.0291900635
.0345916748
.0478820801
-.0471801758
.0559539795
-.0520935059
-.1057128906
.0907135010
-.0797271729
-.0306243896
.0388946533
.0471191406
-.0494079590
.0413818359
.0476989746
.0615234375
-.0824432373
.0469970703
-.0583038330
-.0828552246
.0711364746
-.0671844482
-.0790557861
.0373077393
.0569610596
.0724487305
.0895233154
-.0870361328
-.0942230225
.1091308594
-.0840606689
.1100921631
-.0825347900
-.1179504395
-.1306457520
.1268463135
.1181640625
-.1246185303
.1076354980
.1171112061
-.1436767578
-.1363525391
.1270294189
.0890197754
-.1149444580
-.1372680664
-.1124267578
-.0828399658
.1199493408
-.0986785889
-.1050872803
-.0915527344
-.1039428711
.0762939453
.0664062500
-.0718536377
-.0486297607
.0478363037
-.0410003662
-.0445861816
-.0626373291
-.1287078857
-.1034545898
.1067352295
-.0984649658
-.1157379150
-.1152648926
-.0891418457
-.1283416748
-.1156005859
-.1232910156
-.0823211670
-.0959625244
-.0802459717
-.1175994873
.1010894775
-.1246337891
-.0982055664
-.0887298584
.0963287354
.0836181641
-.0941772461
.0876464844
-.0918426514
-.0976104736
.0796966553
.0701141357
.1018981934
-.1571044922
-.0834045410
-.1119537354
-.0923919678
-.0997467041
-.1035308838
-.1048431396
-.1192474365
-.1082153320
-.0826416016
-.1052246094
-.0888824463
-.0969543457
-.0904388428
-.0788574219
.0233612061
.0375061035
-.0147552490
.0345611572
.0306243896
-.0735015869
-.0733795166
-.1414947510
.0919036865
.1213378906
-.0753479004
-.1084594727
.1036987305
-.0588226318
-.0347137451
-.0442047119
.0425415039
.0449523926
-.0412139893
-.0359039307
-.0347290039
-.0510101318
-.1055450439
.0591888428
-.0986022949
-.0753173828
-.1027526855
-.1220092773
.1228942871
-.1016235352
-.0644683838
.0483551025
.0276031494
-.0170135498
.0241394043
.0235595703
.0346374512
.0346374512
-.0487060547
.0582580566
-.1010284424
-.0728607178
-.1123809814
-.0943756104
-.0812225342
.0634460449
.0843200684
.0826568604
-.0668945313
-.0899047852
-.1103973389
-.1139221191
-.1132049561
-.1141357422
-.1457366943
-.1333312988
-.1226043701
-.1371459961
-.1140594482
-.1218109131
-.1268768311
-.0960083008
-.1239776611
-.1118164063
-.0861053467
-.0632324219
.0564117432
.0357208252
.0365753174
.0388183594
.0317687988
-.0256347656
-.0330810547
-.0399780273
-.0438079834
-.0567932129
-.0648040771
-.0729064941
.1255035400
.1375885010
-.0908355713
.1239776611
-.0569000244
-.0924377441
.1062164307
.1050109863
-.1014251709
-.0812683105
-.1273345947
.0930938721
.0676879883
.0910186768
.0729064941
-.0321197510
-.0343627930
-.0246734619
-.0503540039
-.0277862549
-.0335235596
-.0579071045
-.0826110840
-.1170654297
.0849456787
-.1186523438
.0979919434
-.1209411621
-.0903015137
-.1042480469
-.1019897461
-.1042327881
-.0983886719
.0464935303
-.0491180420
.0455017090
-.0521240234
-.0460052490
.0671081543
.0862121582
-.0882720947
-.0924377441
-.0905456543
-.0756378174
.0950469971
-.0837860107
-.1115264893
-.1009521484
.0550384521
-.0315704346
.0729064941
.1194152832
-.1081237793
.1189270020
-.1310424805
-.1343536377
-.1070404053
-.1254882813
-.1067962646
-.1175537109
-.1158752441
.0862731934
-.0902252197
.0806884766
.0563201904
-.0580139160
-.0909271240
-.0980834961
-.0710144043
-.0551300049
-.0858917236
-.0972442627
-.1172485352
-.1060943604
-.0993194580
-.0661468506
-.0851593018
.0654144287
-.0889739990
-.0707244873
.1061706543
.0959472656
.0755004883
-.0658569336
-.0954895020
-.0875549316
.0740509033
.0723419189
-.0637054443
-.0644836426
.0527648926
.0489196777
-.0359802246
-.0433807373
-.0847778320
-.0675201416
-.0625152588
-.1023712158
-.0711212158
-.0803680420
-.0957794189
-.0929107666
-.0645599365
-.0299224854
-.0351104736
.0323791504
.0359802246
-.0526733398
-.0456695557
-.0414733887
-.0319213867
-.0313415527
-.0385589600
-.0367584229
-.0267028809
.0315246582
-.0121002197
-.0099639893
.0134277344
-.0148468018
-.0105743408
-.0149078369
.0132446289
-.0069122314
.0117950439
.0171051025
-.0202484131
.0129852295
-.0144805908
.0183563232
-.0241546631
.0303344727
.0435180664
.0460052490
-.0418548584
-.0335388184
.0263214111
-.0379028320
-.0635375977
-.0633239746
-.0670928955
.0564422607
-.0312805176
-.0335388184
-.0206604004
-.0217437744
.0289611816
-.0672760010
-.0867309570
-.0968780518
-.1020202637
.0908355713
-.0998077393
-.0992431641
-.0791778564
-.0981292725
-.0887908936
.1039123535
-.0933227539
-.1157684326
-.1013336182
-.1116333008
-.0840606689
.0852813721
.0832366943
.0736236572
.0511474609
-.0829467773
.0660400391
.0788269043
-.0528564453
.0569152832
.0636749268
-.0526733398
-.0683898926
.0635833740
-.0675506592
-.0564422607
-.0825195313
-.0881347656
-.0951843262
-.1181182861
.0968475342
-.0810394287
-.0894317627
.0964355469
-.1247558594
-.0608367920
.0663757324
-.0772247314
-.0411071777
.0338745117
.0409088135
-.0495605469
.0650787354
-.0722198486
-.0844573975
-.0518951416
-.0787506104
-.0839538574
-.1275024414
-.0966644287
-.1175689697
-.0959320068
-.1088256836
-.0976409912
-.0715026855
-.0808868408
.0551910400
.0861511230
.0661010742
.0563812256
-.0228118896
-.0169219971
-.0151672363
-.0203857422
-.0213775635
.0167541504
.0161132813
-.0489044189
.0473785400
-.1108093262
-.1003723145
.0984954834
-.0993041992
-.0933380127
-.0945892334
-.0866851807
-.0703277588
-.0675659180
-.0576782227
-.0722503662
-.0807800293
.0488433838
.0497131348
.0477294922
.0402984619
.0228271484
-.0297241211
.0188903809
.0081634521
.0045928955
.0041046143
-.0045928955
-.0044708252
-.0085601807
.0121459961
.0121459961
.0190429688
-.0114593506
.0260009766
.0300292969
-.0265045166
.0231781006
-.0218048096
.0182189941
.0295104980
-.0263824463
-.0172424316
.0134735107
-.0160217285
.0107574463
.0164489746
-.0104980469
-.0094909668
.0066070557
.0033416748
.0043029785
-.0063629150
.0119476318
-.0199737549
-.0113983154
.0076599121
.0060729980
-.0063629150
.0056304932
.0071563721
-.0080718994
-.0060729980
.0039672852
.0055084229
-.0058898926
-.0052185059
-.0038604736
-.0045471191
-.0043029785
-.0040740967
-.0054626465
.0281982422
-.0403289795
.1036682129
.0537109375
.1002960205
-.0473327637
-.0815124512
-.0813293457
-.0673522949
-.0781402588
.0506744385
.0609130859
-.0405578613
.0186920166
.0057830811
.0058898926
.0040893555
.0037994385
-.0173950195
.0301666260
.0332794189
-.0397033691
-.0383758545
-.0393218994
-.0817871094
-.0705718994
-.0745544434
-.0731353760
-.0824584961
-.0765838623
-.0607452393
-.0660705566
-.0773010254
-.0708618164
-.0231323242
-.0214080811
-.0139770508
.0107879639
.0081787109
.0066223145
.0047912598
-.0066375732
.0042724609
.0046386719
-.0054016113
-.0052032471
-.0025177002
.0023193359
.0025787354
.0024719238
.0018615723
-.0017700195
-.0019683838
.0022888184
-.0095214844
-.0106353760
.0111389160
.0072479248
-.0097198486
-.0053558350
-.0058441162
-.0037078857
-.0023193359
-.0016174316
-.0035552979
.0033874512
.0018615723
.0018768311
.0019226074
-.0016021729
.0012054443
-.0014190674
.0012054443
.0027008057
.0022583008
.0023498535
-.0019836426
.0034332275
.0044860840
.0037384033
-.0037689209
.0033874512
-.0028381348
-.0048370361
.0135650635
.0121154785
.0119934082
-.0082855225
.0059509277
-.0031127930
.0037536621
.0036926270
.0024871826
.0023956299
.0027923584
.0022735596
-.0023956299
.0021514893
.0024719238
-.0054626465
