-.0014190674
-.0044860840
.0060119629
.0005035400
-.0063934326
-.0060577393
.0129852295
.0054168701
.1244812012
-.1770629883
-.2377777100
.2603149414
-.0411529541
-.1095275879
-.1414794922
.1123657227
.0600738525
-.1320648193
.2134094238
.1667785645
.0397033691
-.0689239502
.0938720703
.1445922852
-.0890960693
.0471191406
-.1396789551
-.0418395996
.0737457275
.0424804688
-.0755920410
-.0786895752
.0549316406
-.0412139893
.0534210205
-.0196685791
-.0727386475
-.0373229980
-.0132598877
-.0528259277
-.0664520264
.0644989014
.0497436523
-.0382690430
-.0125274658
.0263977051
.0491790771
-.0886993408
-.0410461426
.0283660889
.0538177490
-.0130157471
-.0432281494
-.0612182617
.0233001709
.0315399170
.0383148193
-.0226440430
-.0197906494
.0117645264
-.0334167480
.0307312012
-.0277557373
-.0247955322
-.0161285400
-.0040893555
.0032043457
-.0222930908
-.0048522949
-.0150451660
-.0400848389
.0190429688
.0581359863
.0186920166
-.0168762207
.0298156738
-.0313110352
-.0188293457
-.0174102783
.0323181152
.0147857666
-.0340728760
-.0511932373
.0179443359
.0452117920
.0364074707
-.0115966797
-.0067596436
.0218505859
-.0050659180
-.0031127930
.0187530518
.0124664307
-.0060424805
.0245056152
-.0131072998
-.0236663818
-.0069122314
.0404663086
.0187835693
-.0132598877
-.0137023926
-.0116119385
.0243988037
-.0095825195
-.0196533203
.0254364014
.0289154053
-.0268249512
-.0181274414
.0295562744
-.0093078613
-.0290985107
-.0090942383
.0274200439
.0038452148
-.0021667480
.0187377930
-.0137786865
-.0188293457
-.0214080811
.0209197998
.0184631348
-.0077819824
-.0095672607
-.0107421875
.0185546875
.0130920410
-.0182647705
-.0122528076
.0054626465
.0126037598
.0064392090
-.0090637207
-.0243225098
-.0060272217
.0212860107
.0103302002
-.0113372803
-.0095214844
-.0105590820
.0061340332
.0134429932
.0057830811
-.0110931396
-.0043182373
.0046691895
.0093841553
.0060119629
-.0069274902
-.0061187744
-.0049133301
.0110321045
.0060272217
-.0023803711
-.0022125244
-.0008544922
.0027008057
-.0012207031
-.0009765625
.0049438477
-.0039825439
-.0043640137
-.0018310547
.0023803711
.0017242432
-.0011291504
.0016937256
-.0027770996
-.0056304932
-.0030212402
-.0026550293
-.0060272217
.0019226074
.0070037842
.0097503662
-.0145416260
.0065612793
.0052947998
.0060729980
-.0023956299
-.0200805664
.0157318115
.0077209473
-.0052642822
-.0168762207
.0201263428
-.0084991455
-.0122070313
.1479187012
-.2465209961
.1720275879
.0574798584
-.0166015625
-.1838684082
.1920928955
.0511627197
-.1624755859
.0813446045
.1700286865
-.0287170410
-.0535736084
.1336669922
.0689849854
.0900726318
-.1121368408
.0198974609
-.0551300049
.0518951416
.0386657715
-.0309448242
.0533905029
-.0688934326
.0462493896
-.0165252686
.0602264404
-.0716094971
.0278625488
.0260009766
.0444793701
-.0393676758
-.0321960449
.0237121582
.0268096924
-.0458526611
.0212707520
.0811309814
-.0667572021
-.0587921143
.0416259766
.0341186523
.0029754639
-.0287933350
.0361480713
-.0155334473
.0313568115
-.0237426758
.0058898926
-.0189056396
-.0123596191
-.0082397461
.0473785400
-.0160064697
.0054473877
.0027770996
-.0084991455
.0154418945
.0040435791
.0185546875
-.0294494629
.0175781250
-.0404663086
.0668640137
-.0280456543
-.0333099365
.0227966309
-.0233764648
-.0036926270
.0075378418
.0238952637
.0103912354
-.0295410156
-.0189361572
-.0094299316
.0480651855
-.0131988525
-.0255737305
-.0126037598
.0300445557
-.0113525391
-.0253906250
.0125885010
-.0148620605
.0310974121
.0110473633
-.0169372559
-.0228881836
-.0098724365
.0182800293
.0251464844
-.0072174072
-.0244750977
.0135498047
.0074768066
-.0138702393
-.0138549805
.0170440674
.0097808838
-.0254058838
-.0267333984
.0213775635
.0046234131
-.0259704590
.0071868896
.0113525391
-.0026397705
-.0069274902
.0070190430
.0014190674
-.0128021240
.0114440918
.0105743408
.0058288574
.0005187988
-.0092773438
.0072021484
.0111999512
-.0155944824
-.0070343018
.0106964111
.0127410889
-.0018463135
.0102844238
-.0142211914
-.0207824707
.0090179443
.0159454346
.0077209473
.0004577637
-.0045928955
-.0062103271
-.0050354004
.0072631836
-.0115814209
-.0059661865
.0015411377
.0061340332
.0053710938
-.0068054199
-.0036315918
-.0085601807
-.0063323975
.0064849854
.0066680908
-.0007476807
.0042266846
-.0036010742
.0012512207
-.0045928955
.0074005127
.0037078857
.0029602051
-.0030059814
.0072937012
.0051116943
-.0027465820
.0130767822
.0123748779
-.0147247314
-.0017700195
.0024566650
.0182037354
.1211853027
-.1404876709
.1050872803
.0858306885
-.0598144531
-.1473541260
.0841827393
.0640869141
.0990600586
-.1827697754
.1450653076
.1194458008
-.1288452148
.1240081787
-.0932159424
.1620941162
-.1313171387
.1100311279
-.1453552246
-.0861358643
.1113739014
-.0276336670
.0527191162
-.0906219482
.0522308350
-.0499877930
.0382080078
-.0279388428
-.0665740967
.0460510254
.0249328613
.0268859863
-.0382690430
.0307922363
.0586547852
.0263061523
-.0509490967
.0285339355
.0415344238
-.0580749512
-.0177917480
.0250244141
.0515289307
-.0272521973
-.0054321289
-.0417785645
.0216217041
.0186767578
.0342102051
-.0354003906
-.0245056152
.0117797852
.0095825195
.0107116699
.0145721436
-.0424652100
-.0046844482
.0303649902
.0186767578
-.0145416260
.0114135742
.0091094971
-.0354461670
-.0070343018
.0330963135
.0241699219
.0244750977
-.0464019775
.0196685791
-.0156707764
.0187377930
.0350036621
.0164184570
-.0156250000
-.0411987305
.0211181641
.0215911865
.0157928467
-.0228118896
.0189056396
.0278320313
-.0261383057
-.0199279785
.0151214600
.0263824463
.0018463135
-.0140075684
-.0124053955
-.0143432617
-.0158843994
.0225677490
.0164947510
-.0015563965
-.0043029785
-.0140991211
-.0130157471
-.0059967041
-.0179290771
.0105590820
.0146026611
-.0061950684
-.0139617920
.0125427246
-.0072784424
-.0109405518
-.0011749268
.0068359375
.0030212402
-.0016784668
.0089111328
-.0084838867
-.0033721924
-.0044250488
.0115661621
.0040130615
-.0049743652
.0029449463
-.0029449463
.0045166016
.0031585693
-.0076904297
.0076293945
.0058746338
.0085449219
-.0036315918
-.0067138672
-.0085144043
.0025177002
.0091552734
.0052490234
-.0066375732
-.0020141602
-.0034637451
.0028381348
-.0013580322
-.0057220459
-.0016937256
.0023956299
.0099182129
-.0037078857
.0018768311
-.0026702881
-.0054016113
-.0018310547
.0027770996
.0029602051
.0028228760
-.0004577637
.0009765625
-.0020904541
.0009765625
.0020751953
.0016937256
-.0029602051
-.0057373047
.0011749268
-.0031280518
.0037231445
-.0036315918
-.0009002686
-.0032653809
-.0038452148
-.0068206787
-.0116271973
.0070190430
.0081024170
-.0024871826
-.0154418945
.0199737549
-.0113372803
.0413818359
.2430877686
-.2218627930
.1178741455
-.2242279053
-.0377960205
-.2185058594
.1752624512
-.0767669678
-.1387634277
.0267181396
-.1611022949
-.1671752930
-.0533294678
.1767120361
-.0764312744
.1181335449
-.1213684082
.0792694092
.0984039307
-.0995178223
.0380401611
-.0743408203
.1026153564
-.0919647217
.0675354004
-.0364685059
.0924682617
-.0582275391
.0448150635
.0325622559
.0651397705
-.0211944580
-.0681457520
-.0460662842
.0185546875
-.0454864502
.0267028809
.0529327393
-.0257568359
-.0507049561
.0322875977
-.0117187500
.0255279541
-.0274047852
.0559692383
-.0125732422
.0204467773
-.0307922363
.0294647217
-.0197448730
.0186157227
.0116577148
.0502929688
-.0072326660
-.0110778809
.0110015869
.0124969482
.0281982422
.0178680420
.0210723877
-.0169372559
.0247497559
-.0486145020
.0531311035
.0255889893
-.0344696045
.0249938965
.0417175293
-.0207672119
-.0220336914
.0526733398
.0111083984
-.0194244385
-.0196685791
-.0229339600
.0465087891
-.0133209229
-.0457458496
-.0260314941
.0316772461
-.0172729492
-.0444488525
.0127410889
-.0133209229
.0232849121
.0112609863
-.0108337402
-.0225372314
-.0152893066
.0125732422
.0311126709
-.0156402588
-.0171813965
.0182647705
-.0155029297
.0112762451
-.0207519531
.0150604248
.0190124512
-.0127868652
-.0314025879
.0154876709
.0159149170
-.0199584961
-.0248107910
.0053863525
.0112457275
-.0059967041
.0212402344
.0049133301
-.0145263672
-.0153198242
.0182800293
.0105133057
-.0124359131
-.0085601807
.0224761963
-.0051116943
-.0125427246
-.0182189941
-.0067901611
.0182037354
-.0128479004
.0125427246
.0111083984
-.0163879395
-.0188446045
.0037536621
.0156402588
-.0132293701
.0052490234
.0015563965
.0096740723
-.0057373047
-.0090026855
-.0070190430
-.0040588379
.0122375488
.0050354004
.0104827881
-.0045623779
-.0050354004
-.0055541992
-.0031890869
.0042266846
-.0035858154
.0056915283
-.0027465820
-.0063934326
-.0092163086
.0047760010
.0032348633
.0051879883
-.0066833496
.0069274902
-.0045928955
-.0053558350
-.0014953613
.0071563721
.0046844482
-.0011596680
-.0054626465
-.0034790039
-.0051269531
.0053405762
.0077667236
-.0129852295
.0043487549
.0013122559
.0090637207
.0033111572
-.0175018311
.0182189941
-.0045013428
-.0086975098
-.0117187500
.0333862305
.0067291260
.0478820801
.2037963867
-.2797698975
.2404327393
-.0699615479
-.1414794922
-.1382141113
.1228179932
-.0361022949
-.1825408936
.1040039063
.1527099609
.0514984131
.0319519043
.0647125244
.0835418701
.0856781006
.0769195557
-.0412750244
-.1068420410
.0620574951
.0368957520
.0762023926
.0287475586
.0586242676
.0251007080
.0360870361
.0291290283
-.0483703613
.0140686035
-.0360870361
-.0239257813
-.0652313232
.0307769775
.0450897217
-.0411834717
-.0315704346
.0599212646
.0527648926
-.0525360107
-.0578765869
.0139617920
.0482330322
-.0129241943
.0239868164
-.0381774902
.0093688965
-.0223999023
.0385589600
-.0109405518
-.0070800781
-.0106048584
-.0585327148
.0376129150
.0395812988
-.0437469482
.0100097656
.0384368896
-.0450897217
-.0280761719
.0369110107
.0345001221
-.0326538086
.0166931152
-.0743865967
.0628356934
-.0262756348
-.0396270752
.0191040039
.0229492188
-.0386810303
.0311889648
.0433502197
.0103759766
-.0328521729
.0083312988
-.0195159912
.0468139648
-.0015716553
-.0323333740
-.0054016113
.0150146484
-.0133209229
-.0204315186
-.0088195801
-.0119781494
.0160217285
.0165252686
.0115356445
-.0180816650
-.0303497314
.0056762695
.0267944336
.0148773193
-.0087280273
.0102996826
-.0124511719
-.0059509277
-.0149536133
.0165252686
.0070495605
.0143890381
-.0316925049
.0146789551
.0059814453
-.0066986084
-.0219726563
.0041046143
.0177001953
-.0027008057
.0086975098
-.0111236572
-.0064392090
-.0082855225
.0197143555
-.0050659180
.0079498291
.0064697266
.0047149658
-.0088500977
-.0155487061
-.0105895996
-.0048675537
.0168762207
-.0060577393
.0130004883
.0119781494
-.0183715820
-.0162200928
.0040130615
.0124664307
.0045013428
.0075378418
.0018463135
-.0063323975
-.0072479248
-.0077514648
.0013885498
-.0073699951
.0068969727
.0098419189
.0223541260
-.0223083496
.0092926025
-.0045928955
-.0112304688
-.0210876465
.0289306641
.0125274658
.0189056396
.2195129395
-.2646942139
.1444854736
-.1179504395
-.0393066406
-.1870574951
.1672668457
-.1140136719
-.1916503906
.0352935791
.1332702637
-.0800933838
.0382385254
.1197204590
.0776977539
.1080322266
-.0666961670
.0795745850
-.0676879883
-.0882568359
.0836181641
-.0515899658
.0715179443
-.1027374268
.0825805664
-.0411834717
.0986785889
-.0386199951
.0359191895
.0516510010
.0712738037
-.0568237305
-.0589447021
.0432739258
.0229797363
-.0414733887
.0263824463
.0650787354
-.0441284180
-.0551147461
-.0070953369
.0621337891
-.0129547119
.0164337158
-.0571899414
-.0084991455
.0291137695
.0275726318
.0404663086
-.0186157227
-.0058441162
.0228271484
.0492858887
-.0108947754
.0106201172
-.0103302002
.0093688965
.0268249512
.0313262939
.0235900879
-.0237579346
.0216369629
-.0639495850
.0599212646
.0183563232
-.0345001221
.0114288330
.0426483154
.0091400146
-.0182647705
.0417480469
.0238494873
-.0176544189
-.0257110596
-.0335083008
.0617828369
.0201568604
-.0469970703
-.0361785889
.0221710205
.0311279297
-.0489807129
.0161132813
-.0153350830
.0244903564
.0214385986
.0115661621
-.0294952393
-.0276336670
.0162658691
.0326690674
-.0162048340
-.0231628418
.0124359131
.0069122314
.0174713135
-.0180816650
-.0109863281
.0225982666
.0198211670
-.0346832275
.0129852295
.0216674805
-.0078277588
-.0397491455
-.0047607422
.0249786377
-.0084075928
.0220489502
-.0207824707
.0025024414
-.0168914795
.0139770508
-.0047607422
-.0078582764
.0151672363
.0118560791
-.0153961182
.0249786377
-.0132598877
-.0294342041
.0213623047
.0111236572
.0114746094
.0165100098
-.0181732178
-.0347595215
.0164947510
.0168762207
-.0114593506
.0068206787
-.0129089355
.0064544678
-.0051574707
.0191040039
-.0118560791
-.0166473389
.0144195557
-.0080718994
.0158233643
-.0079345703
.0056610107
-.0098419189
-.0009918213
.0041961670
.0080261230
-.0040130615
.0061187744
-.0115509033
.0072479248
-.0081787109
.0093994141
.0049591064
-.0053253174
.0050354004
-.0127258301
.0077362061
-.0060119629
.0085449219
.0010986328
-.0012512207
-.0044097900
.0053405762
-.0079193115
.0045318604
-.0345001221
