.0005798340
-.0023803711
-.0044097900
-.0065460205
-.0054473877
-.0084228516
-.0112304688
-.0123901367
-.0176239014
-.0281066895
.0196685791
.0119018555
-.0247497559
.0281829834
.0285949707
.0368041992
-.0323944092
-.0377960205
-.0346527100
.0386505127
-.0316925049
-.0347900391
-.0354309082
.0437469482
.0393218994
-.0403747559
.0500183105
-.0367584229
-.0535430908
.0401153564
-.0299835205
.0205078125
-.0461273193
.0461730957
-.0361633301
-.0221405029
-.0525512695
.0405731201
-.0435791016
-.0519104004
-.0514678955
-.0675659180
-.0512237549
.0425567627
.0562744141
-.0413513184
-.0341186523
-.0415649414
-.0438079834
-.0545959473
-.0501098633
.0480957031
-.0481109619
-.0380249023
-.0461425781
.0527648926
-.0581054688
-.0388336182
-.0423736572
-.0539703369
-.0587615967
-.0610046387
-.0715026855
.0690765381
-.0560913086
.0620880127
.0274200439
-.0585479736
-.0537261963
.0416717529
.0434722900
-.0351715088
.0529174805
.0400238037
-.0451049805
-.0364379883
-.0597686768
-.0480346680
-.0531463623
.0507049561
.0376586914
.0335998535
.0317230225
-.0657958984
.0474243164
.0447845459
.0399169922
-.0482482910
-.0685119629
.0309600830
-.0349884033
.0338745117
.0563507080
-.0369262695
-.0270996094
-.0407714844
-.0440216064
.0412292480
-.0531311035
-.0543823242
-.0507965088
-.0385589600
.0293579102
.0444335938
-.0503997803
-.0277862549
-.0511779785
-.0504302979
.0463714600
-.0424499512
-.0314178467
-.0346832275
-.0340270996
-.0321655273
.0454864502
-.0375366211
-.0390625000
-.0463562012
.0376739502
-.0483703613
.0326690674
-.0405578613
-.0527496338
.0467376709
-.0469207764
.0634307861
.0340423584
-.0411224365
.0329895020
-.0346832275
-.0225677490
.0379791260
.0272064209
.0420379639
.0326843262
-.0354766846
.0446319580
-.0485076904
-.0554809570
.0363311768
.0363006592
-.0334777832
-.0447540283
.0609130859
.0438537598
-.0376129150
-.0466918945
.0441589355
.0392761230
-.0312042236
.0399627686
.0512847900
-.0461578369
-.0423889160
.0398254395
.0483551025
-.0399169922
-.0446624756
-.0488433838
-.0492858887
-.0412445068
-.0464935303
-.0561218262
-.0490875244
-.0511779785
-.0433807373
-.0325622559
-.0311889648
-.0392150879
-.0593109131
.0622253418
.0357055664
.0508117676
-.0355224609
-.0360870361
.0385894775
.0434112549
.0397033691
.0298919678
-.0465850830
-.0377044678
.0460205078
.0559539795
-.0578460693
-.0492401123
.0503387451
-.0431671143
.0385437012
-.0415649414
-.0523529053
.0542755127
-.0583038330
-.0573577881
-.0422515869
-.0438842773
.0430450439
.0421905518
.0385894775
-.0407562256
.0372619629
-.0517425537
.0351409912
.0541076660
.0518188477
-.0350799561
.0359954834
.0319976807
.0404510498
.0265808105
-.0359191895
-.0378875732
-.0356140137
.0402374268
.0369110107
-.0556488037
-.0552673340
.0363464355
-.0534973145
-.0369262695
.0233764648
.0377044678
.0503997803
.0311279297
.0265655518
.0307159424
.0424804688
.0399932861
.0282745361
.0485076904
.0387573242
-.0386962891
-.0488891602
.0450439453
.0390930176
-.0451507568
.0328674316
-.0384216309
-.0380859375
-.0429534912
-.0278625488
-.0555725098
.0433959961
-.0408325195
.0414428711
.0365905762
-.0533447266
.0555267334
.0422515869
-.0369110107
.0575103760
-.0549621582
-.0346527100
.0419006348
-.0471191406
.0539703369
-.0387878418
-.0648040771
-.0346069336
-.0346527100
.0506744385
-.0428924561
-.0503234863
.0495758057
-.0486297607
-.0338134766
.0355529785
.0277099609
.0292053223
-.0292053223
.0377197266
-.0344848633
-.0391082764
.0381622314
-.0337371826
.0499572754
.0380554199
.0362548828
-.0322418213
-.0591125488
.0302581787
-.0310211182
-.0218505859
-.0397033691
-.0426330566
-.0376586914
.0367889404
-.0473632813
.0368194580
-.0537719727
-.0483703613
.0350036621
.0420837402
-.0274353027
-.0238494873
.0373687744
-.0391998291
-.0228729248
-.0325622559
.0350646973
.0220794678
.0349731445
-.0398712158
-.0494689941
-.0383911133
.0361022949
.0478210449
.0469360352
-.0474700928
-.0460357666
-.0498199463
.0470428467
.0404205322
.0580902100
.0667572021
-.0815734863
-.0614013672
.0666961670
-.0473632813
-.0437774658
-.0279846191
.0419464111
.0457916260
.0417480469
.0488433838
-.0525360107
-.0525817871
.0415191650
.0331115723
.0244903564
.0344543457
-.0427246094
.0354309082
.0278625488
.0414886475
-.0348358154
-.0366821289
-.0344543457
.0260314941
-.0255279541
-.0238952637
.0281677246
-.0508575439
.0508575439
-.0574951172
.0442199707
-.0356140137
.0382232666
-.0430145264
.0454864502
-.0563354492
.0503540039
-.0463409424
.0468444824
-.0502014160
-.0508880615
.0425262451
-.0348358154
-.0428161621
.0566864014
.0379333496
-.0325012207
-.0356597900
-.0418701172
.0351257324
-.0308532715
.0352172852
.0539093018
.0645141602
.0391082764
.0438079834
-.0442047119
.0415191650
-.0232543945
-.0438079834
.0251312256
.0294952393
-.0382995605
.0294342041
-.0281066895
.0273132324
.0330810547
-.0451812744
-.0384216309
.0412139893
-.0379943848
-.0302734375
.0244293213
-.0463562012
-.0415039063
.0330810547
.0356597900
-.0335693359
-.0277709961
.0213775635
.0342864990
-.0337829590
-.0271453857
-.0251159668
-.0180816650
.0334014893
-.0378112793
-.0304870605
.0271148682
.0395965576
.0317687988
-.0371551514
.0223541260
-.0484008789
-.0316162109
-.0310211182
.0424804688
-.0281066895
.0268859863
.0268707275
-.0298767090
-.0385589600
.0303344727
.0315246582
.0315246582
.0426177979
.0387115479
-.0305328369
-.0280151367
.0246887207
.0227508545
-.0260620117
-.0373535156
.0620269775
-.0594787598
-.0575866699
.0838775635
.0495605469
.0397338867
.0440979004
.0345611572
-.0256042480
-.0391845703
-.0392456055
.0314025879
-.0248565674
.0338439941
-.0406799316
-.0786590576
-.0909118652
-.1114654541
.0920867920
-.0599975586
-.0545501709
-.0484161377
.0417480469
.0449523926
.0275268555
.0343322754
-.0329742432
-.0324096680
-.0199890137
-.0378417969
.0270690918
-.0297546387
-.0348968506
.0423431396
-.0400848389
-.0378417969
.0413055420
.0286865234
.0258178711
.0308685303
-.0382385254
-.0516357422
.0279541016
.0284881592
.0258178711
.0344085693
-.0385284424
.0296630859
-.0333709717
.0314941406
-.0363464355
.0340118408
.0347900391
-.0273284912
-.0333404541
.0368041992
.0332946777
-.0319976807
.0326843262
-.0284118652
.0355224609
.0336914063
.0348052979
-.0218353271
.0287933350
.0309600830
-.0299987793
.0199432373
-.0387878418
-.0324096680
.0246429443
.0334472656
.0397949219
.0310974121
.0255432129
.0414886475
.0288085938
.0451202393
.0345306396
.0338134766
.0377044678
-.0162353516
-.0259552002
-.0343017578
-.0218505859
-.0661773682
.0478668213
-.0436096191
.0346832275
-.0378265381
-.0228881836
-.0307922363
.0321197510
-.0271606445
-.0406494141
.0407714844
-.0358581543
.0339660645
-.0339508057
-.0435485840
-.0316314697
-.0174102783
-.0281066895
-.0228576660
.0258941650
.0303649902
.0332641602
-.0434722900
.0496215820
-.0208129883
-.0301971436
.0323028564
-.0304565430
.0325469971
-.0444641113
.0522766113
-.0415649414
-.0246124268
.0270080566
-.0359497070
-.0336608887
.0346832275
-.0281982422
-.0333251953
-.0405273438
.0396881104
.0511474609
-.0402679443
.0384521484
-.0609436035
-.0569458008
.0368652344
-.0310058594
.0219116211
-.0267333984
-.0236358643
.0330810547
.0341491699
.0281066895
-.0437469482
.0416107178
.0335083008
.0466308594
.0247955322
-.0290832520
-.0291290283
.0291290283
-.0262908936
-.0332489014
-.0357360840
-.0359344482
-.0299835205
-.0486450195
.0396423340
-.0393676758
-.0360717773
.0396881104
.0334625244
.0323791504
-.0349884033
-.0421142578
-.0331268311
.0435485840
.0252685547
-.0397949219
-.0225372314
.0281219482
.0320892334
.0456542969
-.0273742676
.0252227783
.0300903320
-.0301818848
.0390319824
.0372619629
-.0372772217
-.0314178467
-.0258483887
.0292358398
.0352020264
-.0366821289
.0397644043
-.0377197266
.0250091553
-.0380401611
.0368347168
.0274353027
-.0327758789
-.0321502686
.0412292480
.0404205322
.0341033936
.0489959717
.0345153809
-.0437469482
-.0357055664
.0239562988
.0370483398
.0294342041
.0404052734
-.0365142822
.0306701660
.0269775391
-.0284729004
.0263977051
-.0266418457
-.0310668945
.0262908936
.0319824219
.0269317627
.0345001221
-.0330810547
.0267028809
-.0253143311
.0298919678
-.0239257813
-.0339050293
.0386657715
.0299530029
-.0304870605
.0269317627
.0314941406
-.0215759277
-.0260925293
-.0286407471
.0272674561
-.0328521729
-.0375823975
-.0347595215
-.0337829590
-.0254211426
-.0276489258
.0340728760
-.0298767090
-.0262145996
.0376586914
-.0389099121
.0407562256
.0350952148
-.0266113281
-.0299835205
-.0296325684
-.0295104980
-.0355377197
.0281982422
.0265350342
.0467987061
-.0256958008
-.0499572754
-.0280914307
-.0238800049
.0291748047
.0439910889
.0507507324
-.0336303711
-.0353393555
.0441436768
-.0336151123
-.0362091064
-.0314636230
-.0230712891
.0445556641
-.0350189209
-.0462341309
-.0214233398
.0337066650
-.0349578857
-.0333404541
-.0332183838
-.0319976807
-.0373229980
-.0291442871
.0415954590
-.0410461426
-.0307769775
.0287780762
.0269927979
-.0351867676
.0348815918
-.0437164307
-.0357055664
-.0342254639
.0472564697
.0328674316
-.0498962402
-.0359497070
-.0337371826
-.0351867676
-.0317993164
.0386047363
.0423889160
.0283660889
.0352783203
-.0377655029
.0282745361
.0379028320
-.0472564697
.0460357666
.0283508301
-.0262298584
.0430908203
.0446929932
-.0381927490
-.0365905762
-.0416107178
.0321197510
.0391540527
.0408172607
-.0321350098
-.0405883789
-.0381927490
-.0396118164
-.0470886230
.0280914307
-.0436096191
.0253906250
-.0259399414
.0236358643
-.0310211182
.0493164063
-.0541381836
-.0282897949
-.1370239258
-.1204681396
.0710754395
-.0567321777
-.0494384766
-.0405578613
-.0387420654
.0424957275
.0292968750
-.0436096191
.0478210449
-.0387573242
-.0523071289
.0398712158
.0531311035
-.0391845703
-.0383605957
-.0181274414
-.0232238770
.0337066650
-.0431671143
-.0447692871
-.0351562500
-.0507354736
.0369110107
-.0349884033
-.0338592529
-.0237274170
-.0254211426
-.0292816162
-.0283203125
-.0310974121
-.0278625488
.0376892090
-.0304412842
.0357666016
.0280761719
.0384063721
-.0240325928
-.0303497314
-.0433807373
-.0404205322
.0435028076
.0513458252
-.0480804443
.0359039307
.0301818848
.0510253906
.0481109619
.0374755859
.0299224854
-.0419311523
-.0576629639
-.0430755615
-.0558929443
-.0316619873
-.0712280273
.0634613037
.0374603271
-.0375518799
-.0465545654
.0548858643
-.0506439209
-.0277099609
.0425415039
.0488739014
-.0421142578
.0275268555
.0472106934
-.0445098877
-.0440521240
.0464019775
-.0436553955
.0375061035
.0187072754
-.0485839844
-.0424804688
-.0265045166
.0392456055
-.0473480225
-.0316314697
.0412139893
.0248870850
-.0470123291
.0582733154
.0525360107
-.0460510254
-.0430603027
-.0560455322
.0384063721
.0339202881
-.0370483398
.0299072266
-.0317230225
-.0391693115
-.0423736572
-.0381317139
.0418090820
-.0514221191
-.0341796875
-.0326538086
.0424652100
-.0432128906
.0502471924
.0346069336
.0267486572
.0348663330
.0319824219
.0370178223
-.0299072266
-.0239715576
-.0383148193
.0234680176
.0365447998
-.0295257568
-.0216827393
-.0296325684
-.0366821289
.0214691162
.0247344971
.0312957764
-.0272521973
-.0336914063
.0267791748
.0417480469
-.0456390381
.0355529785
.0220642090
.0392761230
.0391082764
-.0435791016
-.0383758545
.0226287842
-.0332031250
-.0226135254
-.0347442627
-.0320892334
.0278930664
.0358276367
-.0241394043
.0198516846
-.0186462402
-.0159912109
-.0271759033
.0304870605
-.0255126953
.0466156006
-.0296020508
-.0226440430
-.0298156738
.0233154297
.0186004639
-.0426635742
.0430603027
-.0283660889
-.0335235596
-.0265502930
-.0343322754
.0451354980
-.0227355957
-.0313262939
.0255432129
.0419769287
.0376281738
.0395507813
.0471496582
.0361938477
.0314636230
-.0350952148
-.0317535400
.0396270752
-.0187683105
-.0233306885
-.0283050537
-.0272674561
-.0378112793
.0446166992
-.0394592285
.0469818115
.0534057617
-.0657806396
-.0429229736
-.0375213623
.0324249268
.0279998779
-.0394744873
-.0288848877
-.0306091309
-.0409240723
.0326385498
.0320129395
-.0320892334
-.0353393555
.0310821533
-.0338439941
-.0292358398
.0306701660
.0407714844
.0492248535
.0417022705
.0434570313
-.0316619873
.0276031494
.0273284912
-.0322875977
.0219879150
.0196075439
-.0276641846
-.0384674072
.0326538086
.0235748291
-.0374145508
-.0323944092
-.0373382568
.0295410156
.0258483887
-.0221557617
-.0187835693
-.0198974609
-.0203094482
.0344848633
.0316467285
.0197143555
.0443420410
.0430603027
-.0334777832
-.0303802490
.0401916504
-.0352172852
-.0283355713
.0301818848
-.0218505859
.0318145752
-.0306549072
-.0266418457
-.0364837646
-.0233917236
.0205078125
.0248870850
-.0230407715
-.0140838623
-.0185852051
-.0118713379
-.0113525391
.0100250244
-.0095214844
-.0096588135
.0048522949
-.0044403076
-.0037994385
.0022430420
-.0144805908
