.0106201172
-.0081024170
-.0074920654
.0073699951
.0105438232
.0217132568
-.0142517090
-.0140380859
-.0168304443
-.0269317627
.0360870361
-.0125427246
.0147399902
-.0191192627
-.0131072998
-.0218353271
-.0162811279
.0126953125
-.0323181152
-.0276336670
.0291290283
.0150146484
-.0268249512
-.1605682373
-.0424804688
.0237426758
.0375061035
.1655426025
-.0354766846
-.0209503174
-.2347259521
-.0924530029
.0297241211
-.3259582520
-.1110687256
.0419464111
-.0828857422
-.0667877197
-.3164978027
-.1149444580
-.0647735596
-.1530914307
.0748748779
-.0758514404
.0852508545
-.1704711914
-.3776550293
.1360931396
.3474121094
.1194763184
.1109313965
.2781829834
.1776580811
-.2969818115
.1482391357
-.1400451660
-.3706207275
.0926055908
.1518554688
-.2989196777
-.1248321533
-.1798095703
-.1028900146
-.2010650635
.2343597412
-.1465911865
.1095581055
-.2264556885
-.1001434326
.1201629639
-.2532348633
-.0998992920
-.1430664063
-.3134155273
-.1153564453
.1634674072
-.2660675049
-.1813812256
-.1695098877
-.1219024658
-.1390533447
-.1964569092
.1433715820
-.1500396729
.1875915527
-.0811004639
.0988769531
-.2610931396
.0871887207
-.1221618652
.2157745361
.1121368408
.1282806396
-.2431793213
-.1450500488
.1316070557
.1479187012
-.1307220459
-.1915740967
-.0939025879
.1371307373
-.2092285156
.0669860840
-.1086578369
-.2305297852
.0992126465
.1209106445
-.2939147949
-.1774291992
.1268005371
.1737670898
-.1276245117
-.1676177979
.0899658203
-.1277923584
-.1873626709
.0792999268
.0912780762
-.3059082031
-.0813293457
.1017150879
-.2926788330
-.1379394531
.1545562744
-.2930603027
-.1329650879
-.1493988037
.1050872803
-.1737976074
-.2250518799
-.1359558105
.1336975098
.2112121582
.0896453857
-.1291656494
-.3108062744
-.1104431152
.1371307373
-.3242797852
.1236419678
-.1477355957
.1129760742
-.1249847412
-.1856536865
-.1478576660
-.1506195068
.2222595215
.0862884521
-.1300201416
-.3716278076
.1445312500
.1364440918
-.2925262451
.1212768555
-.1619873047
-.0944519043
.1213684082
-.1461486816
-.0848846436
.1126403809
.2038726807
.1026458740
-.1516113281
-.3094177246
.1392822266
.1547393799
-.3571624756
.1000823975
.2008209229
-.3530578613
-.1360626221
.1448211670
-.1466979980
.1368103027
-.2117309570
.0978546143
-.1438598633
-.3682708740
-.1327819824
-.1955108643
-.4297790527
.1251373291
.1613616943
-.1088714600
.1085205078
.2137145996
.1183624268
-.1248474121
-.3607635498
-.1394500732
-.1530303955
-.3672180176
.1637420654
-.1528167725
-.4179077148
-.1760101318
-.2071990967
.1723480225
-.2189788818
-.2289886475
-.1545104980
-.1177673340
.2381134033
-.1457366943
-.1570281982
-.3573303223
.1667327881
.1573486328
-.4664306641
-.1404418945
.1856842041
-.4662170410
-.1205291748
-.2420806885
-.1673889160
.1519317627
-.2767333984
-.1366882324
-.1566619873
-.4591674805
-.1144256592
-.1723327637
-.4730224609
.1413421631
.1925811768
-.2631225586
.1256256104
-.3704376221
.1269989014
.1545562744
.3015594482
-.1799774170
-.1812896729
-.4782562256
.1323242188
.1866302490
-.4549407959
-.1231536865
-.2545013428
-.4834442139
.1742553711
.3088531494
-.1677703857
-.1710205078
.3220367432
-.1492767334
-.2353210449
-.4698486328
.1543426514
-.1392059326
-.5000000000
.1588897705
-.1925506592
-.5000000000
.1838684082
-.2395629883
.1749572754
-.1424102783
.4181976318
-.1673736572
-.2347869873
-.5000000000
.1268310547
-.1640777588
-.5000000000
.1963806152
-.2590789795
-.3928070068
-.1279296875
.2421722412
.1981048584
.1676940918
.3998107910
-.1648712158
.1466217041
-.5000000000
-.1979064941
-.1514587402
-.5000000000
.2186889648
-.2292327881
.2723083496
-.1850128174
.2297058105
-.1884765625
-.1923675537
.3264770508
-.1717987061
.1766052246
-.4056854248
.1519470215
-.1646118164
-.4633941650
-.1838073730
.2616882324
.1936187744
-.2627410889
-.2558898926
-.1955261230
-.1909027100
-.4486541748
.1637573242
.1981201172
-.5000000000
.1934051514
-.2746734619
.2506561279
-.2042694092
-.2667083740
-.1866912842
-.1830139160
.3047943115
.1647033691
.2097167969
-.5000000000
-.1763916016
-.2698516846
-.5000000000
-.2022857666
-.4010620117
.2719879150
-.2047576904
.3650207520
.1421203613
-.1872711182
-.5000000000
-.1736145020
-.2383880615
-.5000000000
.2242584229
-.3139190674
.3097686768
.1810913086
-.2475891113
-.1519317627
-.1873321533
-.5000000000
-.1936035156
.1953735352
-.4858245850
.1758728027
-.2218780518
-.5000000000
-.2050170898
-.2386932373
.2388763428
.1978607178
.3580780029
-.1365051270
-.1966857910
-.5000000000
-.1518249512
.1592102051
-.5000000000
.1481628418
-.1905670166
.2137756348
.1984558105
.3130645752
.1458892822
-.1789550781
-.5000000000
-.1250762939
.1679382324
-.5000000000
.1498870850
-.2434234619
-.5000000000
.1813354492
-.2455749512
.2626647949
.1781463623
.3112945557
.1344604492
-.1013031006
-.5000000000
-.1389923096
-.1426086426
-.5000000000
.1038360596
.2129058838
.1844177246
.1333923340
.2533264160
-.1311492920
-.1167907715
-.4099731445
-.1284027100
.1087036133
-.4279479980
.1393890381
-.1477966309
-.2011718750
.1456146240
.1947174072
.1185455322
-.1014709473
.2947082520
-.1091766357
.1112518311
-.4096984863
.0960083008
-.1679382324
-.3417205811
.1086273193
-.1843414307
-.1248779297
.1182708740
.1724548340
.0716247559
.1492919922
-.3439941406
.0637512207
.0690917969
-.3049774170
.0911102295
-.1460113525
.1602020264
-.0821838379
-.1337127686
.0781860352
-.1175842285
.2284545898
.0811309814
-.0843963623
-.3830413818
-.0617828369
-.1065368652
-.2799835205
.1178283691
-.1209106445
.1710357666
.1295318604
-.1127777100
-.0985260010
-.1037750244
.1723937988
-.0893402100
.0870819092
-.3077392578
-.0810241699
-.1155090332
-.2461700439
.0706176758
-.1096191406
.0799255371
.1100463867
.1777954102
-.0726013184
.0865631104
-.2712249756
-.0582580566
-.0866699219
-.2970886230
.0746917725
-.1014251709
.1464996338
-.0947113037
-.1011199951
-.0678405762
-.0779876709
.1648559570
.0748748779
.0723571777
-.2290039063
.0700378418
-.0781707764
-.2285919189
.0571899414
-.1124877930
.0945587158
.0669250488
-.0936431885
.0727996826
-.0768737793
-.2384796143
.0629730225
-.0989990234
-.2829742432
.0621032715
-.0957794189
-.2543792725
-.0899200439
-.0996398926
.0852203369
.0741424561
.1309204102
-.0647888184
-.0693511963
-.2354125977
.0450897217
-.0853729248
-.2247161865
-.0435333252
-.0820007324
-.0723419189
.0784759521
.1537322998
.0622711182
-.0717468262
-.2296752930
-.0623779297
-.0850982666
-.2067108154
.0636901855
-.0898284912
-.1575012207
-.0756530762
-.0795593262
.0798797607
.0699462891
.1211853027
-.0671539307
.0808258057
-.2011108398
-.0709075928
.0677947998
-.2447814941
.0502929688
-.0984649658
-.1137390137
-.0832672119
-.0783996582
.0590972900
-.0768432617
.1170501709
-.0613098145
.0562591553
-.2206115723
-.0721588135
-.0504760742
-.2069549561
.0460357666
-.0711975098
.0637512207
-.0771179199
-.0922698975
.0590667725
-.0579223633
-.2203216553
-.0671844482
-.0547332764
-.2783355713
.0794525146
-.0736846924
-.2978973389
-.0543060303
-.0840454102
.0960083008
.0627899170
.1106109619
-.0606384277
-.0630340576
-.2136993408
-.0527191162
.0559082031
-.2014007568
.0683441162
.0616760254
-.2312011719
.0699310303
-.0788116455
-.0515747070
-.0531158447
-.0770568848
-.0370635986
.0529022217
-.1922149658
-.0379791260
.0543670654
-.2617340088
.0598449707
.1076965332
-.2111053467
.0578155518
-.1058502197
-.0810241699
.0657806396
-.1035766602
.0519714355
-.0789031982
.1354217529
-.0622863770
-.0645446777
-.1895599365
-.0812988281
.1076507568
-.1666870117
-.0673522949
.1065673828
-.0918273926
.0728149414
.1033630371
.0617523193
.0571289063
.1055450439
.0686950684
-.0750274658
-.1389160156
-.0563812256
-.0749816895
-.1496582031
-.0625152588
.0766601563
-.0457611084
.0485382080
-.1058502197
-.0445709229
.0531158447
.0966491699
.0487823486
-.0620727539
-.1155548096
-.0768280029
-.0823516846
-.1340484619
-.0553894043
.0997467041
-.0906677246
.0497283936
-.0963592529
-.0553436279
-.0563049316
.0714111328
-.0479583740
.0642547607
.1229400635
-.0391845703
-.0705413818
-.1909332275
-.0720520020
.0703277588
-.1067047119
-.0464324951
.0987091064
.0539245605
-.0752410889
.0906524658
-.0500030518
.0458679199
.0957183838
.0569763184
-.0622711182
-.1642303467
.0520935059
-.0674896240
.1516113281
.0677642822
-.0919647217
.0599975586
-.0832366943
.0767822266
-.0676269531
-.0658569336
.0686798096
.0734558105
-.0586700439
-.1560974121
.0382537842
-.0811004639
-.1518554688
-.0651550293
-.1179962158
-.1612854004
-.0733337402
-.1059722900
.0835113525
.0500640869
.0856933594
-.0696563721
.0750427246
-.0909729004
-.0551300049
-.1045989990
-.1401672363
.0611572266
-.1051788330
-.1717376709
-.0773010254
.0898742676
-.1658782959
-.0537719727
-.0863647461
.0850982666
-.0832061768
-.0917205811
-.0699157715
.0808105469
-.1615600586
.0585784912
-.1163024902
-.2117156982
-.0654754639
-.0858459473
-.1451873779
-.0584564209
-.0879364014
.0616302490
.0544586182
.1007537842
-.0867309570
-.0760192871
-.2126159668
.0422210693
-.0894317627
-.1667785645
-.0650939941
.1038818359
-.1981964111
-.0609741211
.0923309326
.1147460938
.0892333984
-.1070404053
-.1326141357
-.0813751221
-.2469940186
.0542449951
-.1209411621
-.2109069824
-.0524444580
.1234893799
-.2249755859
-.1195983887
-.1419372559
-.1216125488
-.0953063965
-.0802154541
-.0886840820
-.0701141357
.1913909912
-.1162872314
-.1362609863
.2868041992
-.1050720215
.1325988770
-.2184600830
-.1293640137
.1702117920
.1223602295
.1279449463
-.1131286621
-.1213989258
-.1011352539
.1938781738
-.1111450195
-.1886901855
-.1846923828
.1157836914
.1399536133
-.3477783203
.0897827148
.1765441895
.1370849609
-.1066741943
-.1521453857
.1279296875
.1199340820
-.1870422363
-.0797119141
-.1193237305
-.2221832275
.1018829346
.1570739746
-.2939910889
-.1406402588
.1687469482
-.2566986084
-.0909118652
-.1792297363
-.1698150635
.1313781738
.1585998535
.1065521240
.1537780762
-.3872833252
.1256256104
-.1940002441
-.2808532715
-.1605072021
-.1881256104
-.3361511230
.1399078369
.1439514160
.1616668701
.1412506104
-.2249755859
-.1683959961
.1789703369
-.4313812256
.1881713867
-.1817626953
-.4085998535
.1811370850
.2494506836
-.3746795654
-.1491241455
.2506866455
.2424774170
.2425689697
-.2544708252
.1543731689
.1727294922
-.4701385498
.1787719727
.2391357422
.4999847412
-.1531982422
.2801666260
-.5000000000
-.1927642822
.2307891846
.3943634033
-.1791076660
-.2373046875
-.1915588379
.2129211426
.3610992432
.2319793701
-.2039031982
-.4968261719
-.1724548340
.3214569092
-.5000000000
-.1905059814
.2700500488
.2987365723
.2685089111
.2984313965
.2326965332
.2445678711
.4999847412
.1700897217
.2568206787
-.5000000000
.2489929199
.3252563477
.4033050537
-.2127227783
-.2346496582
-.2911071777
.3509826660
.4863128662
.2359466553
.2640075684
-.5000000000
.2390747070
.2817230225
-.5000000000
-.2159118652
.2786407471
.4253082275
-.2012786865
-.2398071289
-.1916503906
-.2405548096
.1871490479
-.2053985596
-.1987609863
-.4961090088
.1923675537
.2781982422
-.4408416748
-.2246704102
.2319793701
.2594451904
.2251129150
.2268524170
.2518157959
-.2280731201
.3425903320
.2186584473
.2875976563
-.4941406250
-.1539154053
.2883911133
-.5000000000
.1950683594
.2675018311
.2559204102
-.1968078613
-.2477569580
.1551055908
.2482299805
.4150238037
.1551361084
.2423095703
-.4681396484
.2131195068
.2788085938
-.4722290039
.2147521973
.3131408691
.1666412354
-.1650390625
-.2845458984
.1640625000
.2693328857
.3930969238
-.1950378418
.2216033936
-.3724517822
.2820434570
.2616271973
.3239288330
.1804046631
-.2501068115
.2151947021
-.1763916016
.2402191162
.2015228271
.1680908203
.3032379150
.1684417725
.2191772461
-.3242034912
.1404876709
-.1476440430
-.4077148438
-.1395721436
-.1934356689
.1494903564
.1906433105
.2453002930
.1656341553
.1559753418
-.3547058105
-.1425170898
.1765289307
-.3127441406
.1303710938
-.1984863281
-.1915588379
.1330718994
.1427612305
.1373291016
.1254119873
.1334075928
-.1298980713
.1299743652
-.1992187500
-.1022338867
.1497344971
-.2424011230
.1262512207
.1185913086
-.1688232422
.1416320801
-.1062622070
-.0946655273
.1159210205
-.0877685547
.1019134521
-.0900878906
-.1367645264
.0906219482
-.0743408203
-.1703338623
-.0483551025
.0848388672
-.1084289551
.1057891846
.0920104980
.0827636719
.0872497559
-.0803222656
.0735626221
-.0508117676
-.0786743164
.0528259277
.0574340820
.0537414551
.0486907959
-.0424346924
-.0627441406
.0517730713
.0412902832
.0470123291
-.0337524414
-.0278472900
.0248870850
.0280761719
-.0431060791
-.0181274414
-.0258026123
-.0415802002
.0152435303
.0149841309
-.0273895264
.0120849609
-.0132904053
.0149383545
.0109405518
.0087890625
-.0063018799
-.0086975098
-.0110168457
.0039520264
.0024261475
-.0033264160
-.1141967773
