.0000610352
.0000610352
-.0000610352
-.0000610352
.0000610352
.0000610352
.0000610352
-.0000610352
.0000610352
.0000610352
.0000610352
-.0000610352
.0000610352
-.0000610352
.0000610352
.0000610352
-.0000610352
.0000457764
-.0000610352
.0000610352
.0000610352
.0000610352
.0000610352
-.0000610352
.0000610352
.0000610352
.0000610352
.0000610352
.0000610352
-.0000915527
.0001525879
-.0001373291
-.0003662109
.0003509521
.0067291260
.0138854980
.0067901611
-.0021972656
.0021820068
.0011291504
-.0021362305
-.0033264160
.0015258789
.0058593750
-.0058135986
-.0020751953
.0015869141
.0022125244
.0022430420
-.0048217773
.0030212402
.0025329590
-.0031280518
.0041046143
.0112762451
-.0090179443
.0066070557
.0077362061
.0064239502
.0019836426
-.0161285400
-.0009002686
.0010070801
-.0026702881
-.0009460449
-.0008697510
.0094757080
.0016937256
.0007629395
-.0018157959
.0020141602
-.0008087158
-.0004119873
-.0002441406
.0003662109
-.0003967285
.0004119873
.0003051758
-.0002441406
.0002593994
.0002136230
-.0003814697
.0002441406
-.0001983643
-.0002136230
.0009918213
.0004577637
-.0005798340
-.0002746582
.0002441406
.0003356934
.0002136230
-.0001983643
.0003662109
.0001983643
.0001831055
-.0002288818
-.0001983643
-.0001983643
.0002136230
-.0001983643
.0002899170
.0001831055
.0004730225
.0003967285
-.0002136230
-.0001983643
-.0002593994
.0002746582
.0022277832
-.0113067627
.0097656250
-.0039215088
.0057678223
.0026550293
.0021667480
-.0026702881
.0019836426
.0031127930
.0102844238
-.0036468506
-.0126800537
-.0041809082
-.0084686279
-.0131378174
.0035858154
.0033569336
.0165863037
-.0078277588
.0024414063
-.0017700195
-.0033874512
.0053863525
.0048370361
.0034942627
-.0059967041
-.0015258789
.0012512207
.0012054443
.0010070801
.0017547607
.0008087158
-.0052337646
-.0007324219
.0006561279
-.0010223389
-.0003662109
.0002746582
-.0003662109
-.0002593994
-.0001983643
.0002899170
.0009307861
-.0002136230
.0002593994
.0002136230
.0002288818
-.0006408691
.0010070801
-.0002899170
-.0003967285
-.0009307861
.0004119873
-.0026855469
-.0003967285
.0143890381
-.0016632080
-.0037994385
-.0008697510
-.0076293945
.0029296875
.0004730225
.0011901855
-.0007781982
-.0012207031
.0008239746
-.0006561279
.0005035400
-.0008697510
.0004119873
.0003967285
.0012512207
-.0002899170
-.0005187988
.0004577637
.0005187988
.0008392334
.0027465820
-.0014648438
.0077056885
-.0101776123
-.0037078857
.0044403076
.0046386719
-.0033111572
-.0066223145
-.0052947998
.0049896240
-.0050506592
-.0075073242
-.0044860840
-.0058135986
.0067749023
.0147094727
.0036163330
.0024414063
.0022125244
.0058288574
-.0022430420
-.0013885498
-.0035552979
-.0011291504
-.0005798340
.0015716553
-.0016632080
.0005645752
.0012512207
-.0044097900
.0009918213
-.0003814697
-.0003509521
.0002899170
.0003662109
.0005950928
.0002288818
-.0001983643
-.0002288818
-.0022735596
-.0007934570
.0004730225
-.0002136230
.0016937256
.0002746582
.0002899170
-.0002746582
-.0002136230
-.0001831055
.0002288818
-.0002288818
-.0004882813
.0004425049
-.0002136230
-.0001525879
.0002746582
.0002593994
-.0002288818
-.0004119873
.0002746582
-.0002593994
.0005035400
-.0001983643
.0002288818
.0001983643
-.0001525879
-.0001525879
.0003051758
.0001831055
-.0002441406
.0001983643
-.0001678467
-.0002593994
-.0042266846
-.0165252686
.0074462891
-.0081024170
.0040893555
-.0012664795
-.0019073486
-.0037841797
-.0266876221
-.0300903320
-.0070648193
-.0087127686
-.0048065186
-.0216674805
.0445861816
-.0111999512
-.0099639893
-.0025634766
-.0038146973
.0018157959
.0064697266
.0009765625
-.0019683838
.0008239746
.0014038086
-.0007476807
-.0058898926
-.0185699463
.0005645752
.0005493164
.0002746582
-.0008087158
-.0003204346
-.0004730225
.0001678467
-.0001831055
-.0002593994
-.0002136230
.0003662109
-.0002136230
-.0001831055
.0002593994
-.0003356934
-.0001831055
-.0001831055
.0002288818
.0004882813
.0003814697
-.0034942627
-.0006561279
.0004577637
-.0004119873
.0003662109
.0002441406
.0005035400
-.0005340576
-.0021057129
.0029907227
.0007171631
.0003662109
-.0002899170
-.0011749268
.0004119873
-.0002746582
.0002441406
-.0002441406
.0002899170
.0003662109
.0001678467
-.0001831055
.0002899170
-.0001831055
-.0006713867
.0001831055
.0002899170
-.0154876709
.0053710938
.0023956299
-.0020751953
.0027465820
-.0017547607
-.0031890869
.0047607422
-.0101623535
-.0072021484
-.0037841797
.0056457520
.0022888184
.0042572021
.0048980713
.0037841797
.0021820068
.0028533936
.0020446777
.0028991699
-.0019531250
.0012359619
-.0031585693
-.0007781982
-.0011749268
.0004119873
-.0011138916
-.0022125244
.0009918213
.0007019043
.0005950928
-.0005187988
-.0006256104
-.0003509521
-.0002593994
-.0003051758
.0002441406
.0004272461
-.0002441406
-.0001525879
-.0005950928
-.0001831055
-.0001678467
.0003356934
.0002136230
-.0008239746
-.0003204346
-.0001525879
.0002746582
.0002136230
-.0002441406
.0003051758
.0001831055
-.0003051758
.0005187988
.0003814697
-.0002441406
.0004882813
.0006561279
.0004882813
.0005493164
-.0004119873
.0005798340
.0002441406
-.0003356934
-.0002441406
.0003662109
-.0001831055
-.0002899170
-.0004272461
.0004730225
-.0003204346
-.0005798340
-.0015716553
.0093231201
.0152435303
-.0337829590
.0129852295
-.0092468262
.0084228516
-.0040588379
-.0080261230
-.0141754150
-.0101165771
.0046539307
-.0069885254
-.0043792725
.0034637451
.0081176758
.0043945313
-.0061187744
.0014038086
-.0016174316
.0039672852
-.0038452148
.0010681152
-.0017852783
-.0017089844
.0006713867
.0008697510
.0003967285
-.0003204346
.0003509521
.0001983643
-.0002288818
.0002136230
.0003051758
.0002746582
.0001525879
.0002136230
.0001831055
-.0042266846
.0002288818
-.0001373291
.0001831055
-.0001373291
-.0003356934
-.0002288818
.0001831055
.0002136230
-.0001831055
.0002136230
.0001831055
-.0002288818
-.0001525879
-.0001678467
.0001678467
-.0002288818
.0004730225
-.0001983643
.0002441406
-.0002136230
-.0009765625
-.0002288818
-.0001983643
.0001525879
.0002288818
-.0002746582
.0004425049
.0002288818
.0002136230
-.0002136230
-.0001831055
.0002746582
-.0011596680
.0005493164
-.0010223389
.0006561279
.0009460449
-.0012664795
-.0054779053
-.0158538818
-.0117492676
-.0079803467
.0115051270
.0074768066
-.0039520264
-.0028228760
.0055694580
-.0058288574
.0027923584
-.0032501221
-.0024414063
.0020294189
.0059204102
-.0030517578
.0034027100
.0028381348
-.0050048828
-.0050811768
-.0029449463
.0036468506
-.0080413818
-.0013580322
-.0010986328
.0012359619
-.0027008057
-.0007476807
-.0013122559
.0004272461
-.0005950928
-.0006866455
-.0007476807
.0003051758
.0004425049
-.0009765625
-.0004119873
-.0002136230
.0002899170
-.0003204346
.0002746582
.0002746582
.0002899170
-.0002441406
-.0003356934
.0004119873
.0002899170
-.0005493164
.0004882813
.0002746582
-.0004425049
.0002288818
.0003814697
-.0002593994
-.0039367676
-.0002441406
.0002136230
.0001831055
.0009613037
-.0003051758
.0003662109
.0001983643
.0017089844
.0009460449
.0001525879
-.0002746582
.0004730225
-.0002136230
.0004425049
.0002136230
.0010070801
-.0007934570
-.0003356934
-.0002441406
.0003051758
.0068511963
-.0134429932
-.0081024170
-.0045623779
-.0039215088
-.0045471191
.0043945313
.0037994385
-.0064544678
-.0088653564
.0126953125
.0032501221
-.0155944824
.0063781738
.0082702637
.0079193115
.0034484863
.0026397705
.0028533936
.0019226074
-.0016632080
.0015106201
.0015563965
-.0009918213
.0007019043
-.0003967285
-.0007476807
-.0012512207
.0004730225
-.0003662109
-.0010986328
.0062561035
.0004119873
.0005187988
-.0003356934
.0003662109
-.0008087158
-.0003662109
.0001678467
.0002288818
-.0002899170
.0002441406
.0001831055
.0007476807
-.0022430420
.0002593994
-.0003051758
-.0001831055
.0001831055
-.0001983643
-.0001983643
.0002899170
-.0002136230
-.0004882813
.0001983643
.0001831055
-.0002593994
.0002593994
.0001220703
.0001831055
-.0002441406
-.0001983643
.0002288818
.0002441406
-.0001678467
-.0001525879
.0012512207
-.0002136230
.0002136230
.0002593994
-.0002136230
.0001678467
-.0001678467
-.0001983643
.0008850098
.0003356934
-.0004730225
-.0028076172
-.0045318604
-.0047454834
.0038299561
.0035858154
-.0013275146
.0014343262
-.0041656494
.0061035156
-.0122985840
.0018157959
.0008697510
-.0010070801
.0020294189
-.0036315918
.0106506348
.0010070801
-.0017089844
-.0007019043
.0083007813
.0008239746
.0008087158
-.0007019043
.0006256104
.0011901855
-.0007019043
-.0004425049
-.0003814697
.0004425049
.0003356934
.0003814697
.0005493164
-.0006256104
.0003509521
-.0005035400
-.0003509521
.0003051758
.0005035400
-.0006256104
.0003204346
-.0002288818
.0002441406
-.0002136230
.0002746582
.0002899170
-.0002746582
-.0002899170
.0002288818
.0002593994
-.0002136230
-.0002441406
.0001983643
.0001983643
-.0002441406
.0002136230
.0002288818
.0003051758
-.0002899170
-.0002593994
-.0001983643
.0001525879
-.0002746582
.0001678467
.0001678467
-.0001983643
.0001678467
.0001831055
-.0002441406
-.0002288818
.0001678467
.0001983643
-.0001831055
-.0001678467
.0001831055
-.0001678467
-.0002136230
.0001525879
-.0080413818
-.0098724365
-.0082244873
-.0083923340
-.0086059570
-.0039215088
-.0051574707
.0073699951
-.0056304932
.0072937012
.0096893311
-.0064849854
-.0037384033
.0032653809
-.0045776367
-.0042572021
.0034027100
-.0012054443
.0045318604
-.0016021729
-.0011444092
.0014343262
-.0016021729
-.0097656250
.0005950928
.0008087158
-.0017547607
-.0003967285
.0010833740
-.0002593994
-.0004577637
-.0002288818
-.0006103516
.0005035400
.0002746582
-.0002288818
-.0002288818
.0001678467
-.0002136230
.0001831055
-.0001831055
-.0001373291
.0001678467
.0003051758
-.0001525879
-.0001678467
-.0001525879
.0001525879
-.0002136230
.0001678467
.0001678467
.0002136230
-.0001831055
-.0002288818
.0002746582
.0001678467
-.0002136230
-.0002441406
.0003509521
.0002746582
-.0003051758
.0003967285
.0004425049
.0005645752
-.0003967285
.0003204346
.0007019043
-.0004882813
-.0002746582
-.0002746582
-.0004577637
-.0003204346
-.0003051758
.0003051758
.0026397705
-.0003204346
.0013885498
-.0002899170
.0011901855
-.0115509033
-.0218505859
-.0082550049
-.0190124512
-.0073699951
.0114593506
.0079956055
-.0054321289
.0037536621
-.0029144287
.0038604736
-.0301818848
.0066223145
.0030059814
-.0015258789
.0073547363
.0067443848
.0012969971
-.0010375977
-.0012817383
.0013427734
-.0017700195
-.0004119873
.0005035400
.0007629395
-.0003662109
.0017700195
.0006408691
-.0007781982
-.0010681152
.0006713867
-.0009918213
-.0017242432
.0001983643
-.0002288818
-.0002136230
.0006103516
-.0001983643
.0002441406
.0001678467
-.0002288818
.0001373291
-.0001525879
-.0001983643
.0001831055
-.0001831055
.0004425049
-.0002136230
-.0003967285
.0001983643
.0003356934
-.0002593994
-.0002441406
.0003967285
.0010070801
-.0003662109
-.0029907227
-.0002899170
.0035400391
-.0003662109
-.0003204346
.0004882813
.0003662109
-.0016784668
.0004577637
.0009613037
-.0002441406
-.0003051758
.0019073486
.0010375977
.0003051758
-.0003051758
-.0001983643
.0012359619
-.0001983643
.0017700195
-.0058593750
.0034179688
-.0020904541
.0028381348
.0009307861
-.0016326904
-.0042572021
-.0019531250
.0017700195
-.0020446777
.0012512207
-.0025177002
-.0023651123
.0021209717
.0038757324
.0020904541
-.0016479492
-.0015106201
-.0011596680
.0014953613
.0010070801
.0007934570
.0030212402
-.0006103516
.0003814697
-.0005340576
.0003509521
-.0002899170
-.0004119873
.0006103516
-.0009155273
.0004882813
.0002441406
-.0002136230
-.0002899170
-.0001983643
.0001525879
-.0003967285
-.0001373291
.0001831055
.0012359619
.0002288818
.0008087158
.0002746582
-.0002136230
-.0001983643
-.0001831055
.0008087158
.0001983643
.0002441406
-.0001831055
-.0003204346
.0002441406
-.0001831055
.0002288818
.0002746582
-.0002746582
-.0002288818
.0003814697
.0002746582
.0003356934
-.0003204346
.0003204346
.0002899170
-.0005493164
-.0004119873
-.0002746582
.0002899170
-.0003509521
.0003967285
.0003051758
-.0002746582
-.0002899170
.0001831055
.0003356934
.0002593994
.0002288818
-.0004272461
-.0013275146
.0098876953
-.0094146729
-.0046539307
.0052947998
-.0028076172
-.0069427490
-.0027160645
-.0068817139
.0060119629
.0083007813
-.0022888184
.0027160645
-.0028228760
-.0023040771
-.0015258789
.0027923584
.0020294189
-.0040893555
-.0017547607
-.0067749023
.0007324219
.0023498535
.0193786621
.0005493164
.0034637451
.0057678223
-.0059814453
.0011138916
.0007324219
.0028533936
.0006713867
.0007781982
-.0005493164
-.0003051758
.0002899170
.0013275146
-.0002746582
.0002899170
.0002288818
-.0002288818
-.0001831055
.0007629395
-.0001373291
.0002288818
.0001983643
.0002441406
-.0001983643
-.0001831055
.0002288818
-.0001831055
-.0001525879
.0002288818
.0006713867
-.0002899170
