.0044403076
.0041656494
.0049743652
-.0045928955
-.0041961670
-.0062408447
.0049743652
.0046386719
.0054931641
.0042877197
.0064849854
.0059509277
-.0059967041
.0072784424
-.0072937012
.0060272217
-.0049438477
.0057830811
-.0048217773
.0043792725
.0066986084
-.0048980713
.0054931641
.0060272217
-.0057830811
.0059051514
-.0074615479
.0061492920
-.0077056885
.0047302246
-.0051727295
.0057373047
.0045623779
.0058288574
-.0065307617
.0063323975
.0081329346
-.0055389404
.0088653564
-.0059661865
.0059204102
-.0065002441
.0083160400
.0062713623
.0065765381
-.0067596436
.0064697266
.0072174072
-.0045776367
-.0050964355
.0067596436
.0081939697
.0057373047
-.0060272217
.0069122314
.0055694580
-.0057220459
.0051574707
.0090637207
-.0078887939
.0079193115
.0100555420
.0069732666
-.0066833496
-.0098419189
-.0086059570
-.0104675293
.0069885254
.0064086914
-.0080566406
.0081329346
-.0072631836
.0074005127
-.0095062256
.0065307617
-.0081787109
-.0117187500
-.0083618164
.0083160400
-.0061798096
-.0079193115
.0062408447
.0091400146
.0055847168
.0082397461
-.0086212158
.0100708008
.0085601807
-.0074005127
.0086669922
-.0102081299
-.0078430176
.0087432861
-.0080413818
-.0087280273
-.0087280273
.0072326660
.0084381104
.0101928711
.0070953369
-.0099029541
.0068664551
-.0076751709
-.0086059570
.0088958740
-.0107116699
-.0097961426
-.0083770752
.0130767822
-.0103454590
.0088958740
.0086669922
-.0085754395
.0099182129
.0102233887
-.0134124756
-.0095977783
.0115814209
-.0111083984
-.0173797607
-.0088500977
.0096893311
-.0092926025
-.0081329346
-.0098266602
-.0123748779
-.0101165771
.0083923340
.0101928711
-.0091552734
-.0080261230
.0102844238
-.0118408203
-.0112609863
-.0112762451
.0117340088
-.0127868652
.0088348389
-.0105743408
-.0102539063
.0100402832
.0092010498
-.0112152100
-.0124511719
-.0091094971
.0087585449
.0075073242
.0118255615
-.0112304688
-.0121917725
.0079498291
.0135650635
.0100250244
.0080718994
-.0086059570
-.0112762451
-.0114135742
.0105438232
.0103302002
-.0111083984
.0125427246
.0091857910
-.0090179443
-.0126190186
.0105743408
.0092315674
.0100860596
-.0109863281
.0112152100
-.0077819824
-.0118865967
-.0099029541
.0089111328
-.0093841553
-.0112457275
.0089721680
.0096893311
.0089721680
-.0109252930
.0089721680
.0124511719
.0072174072
-.0137481689
-.0080261230
-.0096740723
-.0091705322
-.0116119385
.0113983154
-.0116424561
-.0108184814
-.0093078613
-.0095672607
.0125885010
.0135650635
-.0100860596
.0105133057
.0090789795
.0093994141
.0105285645
-.0110626221
-.0101470947
-.0115814209
.0105743408
-.0134887695
-.0132598877
.0122375488
.0105590820
-.0105590820
.0080261230
-.0092773438
.0090484619
-.0079345703
-.0093231201
-.0082702637
.0117187500
.0114593506
.0086822510
-.0067901611
-.0096588135
-.0111999512
.0090789795
-.0088195801
.0090637207
-.0109863281
-.0111236572
.0079803467
-.0096893311
.0099029541
-.0113067627
-.0090026855
-.0080261230
-.0104370117
.0120086670
-.0097198486
.0108947754
.0093994141
.0089111328
.0090026855
-.0102691650
.0092773438
.0091705322
.0091400146
.0104064941
.0126342773
-.0095062256
-.0112609863
.0092468262
.0087738037
.0101776123
.0113067627
-.0141906738
.0096282959
.0091552734
.0114746094
.0141601563
-.0100402832
.0105438232
.0115661621
-.0100402832
-.0087890625
-.0096740723
.0126037598
.0102996826
.0110778809
-.0098724365
-.0102386475
.0094299316
-.0094146729
.0110321045
.0119628906
.0100097656
.0100097656
.0092163086
.0093688965
-.0110626221
.0117950439
-.0074157715
-.0101318359
-.0083923340
.0105133057
.0106506348
-.0119628906
-.0098876953
-.0099182129
-.0120086670
.0102539063
.0120391846
-.0105438232
-.0077819824
-.0119171143
-.0099945068
-.0109405518
.0095825195
-.0093688965
.0109405518
.0088043213
-.0084991455
-.0099792480
.0111389160
.0084228516
-.0106964111
-.0093383789
-.0095367432
.0107727051
.0120849609
.0074920654
.0079193115
-.0094146729
-.0079803467
-.0113067627
-.0110931396
.0098571777
.0117797852
-.0116271973
-.0117340088
-.0106201172
.0115203857
.0105895996
.0096282959
-.0105438232
.0124664307
-.0094299316
-.0096282959
.0099792480
-.0100402832
.0089874268
.0095367432
-.0143585205
.0117187500
-.0101623535
.0084381104
-.0109100342
.0096130371
-.0140686035
.0105743408
-.0096130371
-.0110473633
.0094604492
.0099029541
-.0105590820
.0082855225
-.0088195801
.0107727051
.0104370117
-.0093688965
.0088195801
.0090332031
-.0068359375
.0084533691
.0124511719
.0099182129
.0087280273
-.0102539063
.0085601807
-.0160522461
.0098266602
.0099487305
-.0115661621
-.0071716309
-.0090332031
.0150756836
.0091705322
.0100402832
-.0088806152
-.0079193115
-.0086059570
-.0091552734
-.0103607178
-.0086517334
.0101928711
.0106811523
.0116424561
.0111541748
-.0100097656
-.0119476318
.0076904297
-.0118713379
-.0106201172
-.0082092285
-.0129547119
.0090789795
.0106048584
.0085144043
-.0083160400
.0084228516
.0094451904
-.0088348389
-.0093231201
-.0081329346
-.0139770508
-.0078887939
.0118408203
.0074157715
.0091705322
-.0100250244
-.0087585449
.0101470947
-.0079803467
-.0120391846
.0070037842
.0076293945
.0120697021
-.0089416504
-.0105590820
.0114440918
-.0085906982
.0083160400
.0111389160
.0086059570
.0130310059
-.0128631592
-.0085449219
-.0081329346
-.0107421875
-.0070648193
.0118560791
.0102996826
-.0102386475
.0083465576
-.0069885254
-.0090789795
-.0106964111
.0101928711
-.0104675293
-.0089416504
.0084381104
-.0092163086
-.0088653564
-.0085449219
.0073394775
-.0110473633
.0077667236
.0129852295
-.0105438232
.0104370117
-.0070800781
.0107727051
-.0088806152
.0083007813
-.0098724365
.0083007813
.0123291016
.0085754395
-.0105438232
.0131988525
.0110626221
.0112609863
.0106506348
-.0102539063
.0094757080
.0083160400
.0121917725
-.0097656250
-.0077972412
.0093231201
-.0103454590
.0100097656
.0093231201
-.0104064941
.0094604492
-.0114898682
.0090484619
-.0090637207
.0093841553
-.0115661621
-.0105438232
.0103912354
-.0084228516
.0102386475
-.0088348389
.0101776123
-.0104370117
-.0106353760
.0114135742
-.0105285645
-.0115356445
-.0100555420
-.0107421875
-.0082397461
-.0099182129
.0096435547
-.0097351074
.0104064941
-.0101928711
-.0094146729
.0098419189
-.0076904297
.0101013184
.0138854980
-.0088043213
-.0087738037
.0102233887
.0095214844
.0086059570
-.0073394775
.0110321045
.0140838623
-.0083312988
.0085754395
.0083007813
-.0107574463
.0110168457
.0105895996
-.0116119385
-.0120086670
-.0093994141
.0100250244
.0081634521
.0135040283
-.0088653564
.0100708008
.0109558105
-.0095825195
.0113067627
-.0085754395
.0117034912
.0095825195
.0081024170
-.0106048584
.0095672607
-.0108337402
-.0137634277
.0122070313
.0121765137
.0087585449
-.0148620605
-.0085601807
.0093231201
.0088348389
.0083465576
.0084228516
-.0102996826
-.0112152100
-.0103454590
-.0097656250
-.0095520020
.0111083984
-.0072631836
-.0098114014
-.0085754395
.0122222900
-.0098114014
-.0093841553
-.0094757080
.0084686279
.0100860596
.0093078613
.0099487305
-.0146484375
-.0087890625
-.0094757080
.0109710693
-.0100402832
.0093994141
.0091094971
-.0114135742
-.0087890625
.0093841553
-.0075836182
.0088653564
-.0072021484
.0100555420
-.0080413818
-.0102844238
.0100250244
.0088043213
.0102539063
-.0091247559
.0140228271
.0096588135
.0122985840
-.0086059570
-.0082702637
-.0111694336
.0103759766
-.0067291260
-.0090332031
.0129699707
-.0082702637
-.0094299316
.0109100342
-.0100860596
.0097656250
-.0082397461
.0101928711
-.0101776123
-.0107574463
-.0096893311
-.0095062256
-.0106658936
-.0082855225
-.0088653564
.0096435547
.0102386475
.0093383789
-.0101928711
-.0106201172
.0102081299
-.0085601807
.0115509033
.0084381104
-.0130004883
-.0083312988
-.0089569092
-.0077056885
.0092773438
-.0088806152
-.0093688965
-.0094909668
.0076599121
-.0084075928
-.0119628906
.0096740723
-.0104217529
-.0091705322
-.0090179443
.0079345703
-.0090942383
.0113525391
.0092926025
-.0105285645
-.0094299316
.0082092285
-.0102386475
-.0087585449
.0072174072
-.0116882324
.0096435547
-.0096435547
.0088195801
.0089111328
-.0097351074
.0087432861
-.0078887939
-.0083160400
.0071868896
-.0113067627
-.0083770752
-.0084686279
.0090637207
.0099029541
.0100860596
-.0117797852
-.0094909668
.0106201172
.0082244873
-.0092926025
-.0111694336
.0104064941
-.0089263916
-.0083923340
.0097656250
.0073089600
-.0120544434
.0102233887
-.0137329102
-.0104980469
-.0105895996
-.0093841553
.0102691650
.0086669922
-.0084228516
-.0088195801
.0070037842
.0096435547
-.0106201172
-.0109252930
-.0094604492
-.0133361816
.0073394775
-.0102844238
.0115509033
-.0078735352
.0079956055
.0089263916
.0083618164
-.0091552734
.0077056885
-.0095214844
-.0083007813
-.0072021484
.0085601807
.0087280273
.0106964111
-.0133514404
-.0100708008
.0077972412
.0102233887
-.0107574463
.0090484619
-.0112457275
.0140991211
.0082397461
.0132446289
-.0089874268
.0070037842
.0101470947
.0107421875
.0066528320
-.0087738037
.0115966797
.0099334717
-.0091247559
-.0114440918
-.0085144043
.0105285645
-.0088043213
.0100097656
.0094909668
-.0077056885
.0077972412
.0108337402
.0085296631
-.0100250244
-.0078582764
.0081024170
-.0106811523
-.0083923340
-.0106964111
-.0116271973
-.0099334717
-.0084533691
.0080413818
.0085296631
-.0116729736
.0130767822
-.0100860596
-.0109710693
-.0114288330
.0060729980
-.0080413818
.0085144043
-.0081176758
.0094604492
.0086059570
.0102386475
-.0074920654
.0079345703
.0089263916
-.0104370117
-.0107421875
.0118560791
.0068664551
-.0099029541
.0084381104
.0080108643
.0076751709
-.0080108643
-.0088806152
-.0098419189
.0068359375
.0079193115
.0085601807
-.0075988770
.0060577393
-.0081634521
-.0064849854
-.0079650879
-.0079650879
-.0098724365
-.0057525635
-.0084533691
-.0089721680
-.0072631836
-.0092620850
-.0096740723
-.0101470947
-.0093688965
-.0076904297
-.0101776123
-.0074615479
.0074157715
-.0083007813
.0096740723
-.0082550049
.0078125000
.0076446533
.0062255859
.0083007813
.0080871582
-.0080108643
-.0097503662
.0092010498
.0080871582
.0064544678
-.0086212158
-.0083770752
.0094146729
-.0083618164
.0072784424
-.0070800781
.0081176758
.0069427490
-.0074462891
.0093841553
.0084686279
-.0078735352
-.0092010498
-.0064849854
.0088500977
-.0070190430
-.0066070557
.0080871582
-.0089569092
-.0105133057
.0078125000
.0081176758
-.0065307617
.0074920654
-.0091247559
.0083312988
-.0091552734
-.0079498291
.0066375732
.0082244873
-.0085144043
-.0077972412
-.0083465576
.0092468262
.0066375732
.0089416504
.0070953369
.0072479248
.0100402832
.0060882568
-.0083160400
-.0074615479
-.0123138428
.0101013184
.0092315674
.0073394775
.0085906982
-.0061798096
-.0089416504
-.0106964111
-.0084228516
.0081024170
-.0079193115
-.0081939697
.0082855225
.0083770752
-.0079956055
-.0087890625
.0093994141
.0093231201
-.0078277588
.0069274902
.0090179443
.0074157715
.0074462891
-.0091857910
.0057067871
-.0097961426
-.0090484619
-.0083923340
-.0061035156
.0075378418
.0070800781
-.0074157715
-.0082244873
.0084533691
.0080413818
-.0076904297
-.0077056885
-.0074005127
-.0082244873
.0081024170
.0086059570
-.0083312988
.0072326660
-.0067138672
-.0106506348
.0071411133
-.0088500977
-.0079345703
-.0077514648
.0068969727
.0083007813
.0095977783
.0071868896
.0083618164
-.0069885254
-.0083160400
-.0092315674
-.0107421875
.0078430176
-.0087738037
-.0082397461
.0076446533
-.0069732666
.0070800781
-.0074157715
-.0079040527
.0086822510
-.0099945068
-.0058593750
-.0073089600
-.0092926025
.0098876953
.0064086914
.0108947754
-.0079956055
.0106506348
-.0089874268
-.0105438232
-.0107879639
-.0084533691
-.0075988770
-.0073547363
-.0093078613
.0103912354
.0078125000
.0082550049
-.0101165771
-.0072937012
-.0089263916
-.0116424561
-.0087432861
.0086975098
-.0070495605
-.0084228516
.0096282959
-.0086212158
.0074920654
.0085144043
-.0089721680
-.0080261230
-.0121459961
.0061950684
-.0075073242
-.0087585449
-.0068511963
-.0092468262
-.0079345703
.0079345703
.0064697266
-.0070800781
-.0087280273
.0073699951
-.0079956055
.0101013184
-.0070648193
-.0140075684
.0085449219
.0083465576
.0080108643
-.0067901611
.0074310303
.0104064941
-.0059204102
-.0064849854
-.0068359375
-.0063323975
-.0052490234
-.0062561035
-.0052490234
-.0065917969
-.0078735352
.0038909912
.0047454834
.0049743652
.0049438477
-.0061492920
.0057067871
-.0047912598
.0055541992
-.0044250488
-.0053710938
.0058898926
-.0047760010
.0039367676
-.0044708252
.0033874512
.0039825439
-.0033416748
-.0028533936
-.0039520264
-.0027465820
.0021209717
-.0029754639
-.0032348633
-.0029907227
-.0032196045
.0023803711
-.0024261475
.0018920898
.0018768311
-.0015563965
-.0021057129
.0017395020
.0019378662
.0012664795
-.0014190674
-.0015106201
.0011444092
.0009765625
-.0007171631
-.0008850098
.0006561279
-.0007324219
-.0002746582
-.0002593994
.0001373291
.0000152588
