.0000610352
-.0001678467
-.0003662109
-.0009918213
-.0031280518
.0094299316
.0331268311
-.0943756104
.0863189697
-.0697937012
-.1661987305
.1530151367
-.1007385254
-.1406097412
.0767517090
.1540832520
.0987701416
.0673980713
.1298675537
-.0960998535
.1162567139
-.1607055664
-.1524810791
-.0804138184
-.1301422119
-.1900024414
.1018066406
-.1716461182
-.1645965576
-.1379547119
.1364135742
-.1576843262
.2115020752
.0925903320
.1423034668
-.1415100098
-.0463256836
.1145172119
.1064910889
-.0766906738
.1392211914
.0612335205
.0803070068
-.1563415527
.1127014160
-.1645965576
-.1710205078
.1743164063
.1331481934
.1901702881
.2137145996
.1808319092
.2102050781
-.1144866943
-.1789398193
-.2019805908
-.2312316895
-.2781677246
-.2168121338
-.2206115723
-.2104034424
.2674865723
.1925964355
-.2100067139
.1918792725
-.1728210449
.1511688232
.1520080566
.1031036377
-.1975097656
-.1911773682
.2429046631
-.1983032227
.2208862305
.1628723145
-.1186981201
-.2168426514
-.0953216553
.2554168701
-.2248535156
-.1494140625
-.1764984131
-.2156982422
.1617736816
.1676330566
.0990600586
.1586151123
-.2192382813
-.1623840332
.1135559082
.1162719727
.1129913330
-.1582031250
.0901794434
-.1358489990
-.1720581055
-.2115783691
.1119995117
.1446990967
-.0815429688
-.0931091309
-.1601562500
-.0824584961
-.0973358154
-.1441040039
-.0518188477
.0617065430
-.0440521240
.1101226807
-.0623474121
-.0893859863
.1697387695
.1295471191
-.1658020020
-.0743713379
.1323547363
.1329498291
-.0809783936
-.0749053955
.1167297363
-.1616363525
-.0408020020
.1285247803
.1060791016
.0738983154
.0659790039
.0758056641
-.1029205322
-.0923614502
-.0733947754
-.0358276367
.0305633545
-.0398101807
-.0433197021
.0432128906
-.0292663574
.0296630859
-.0161590576
-.0217590332
-.0350646973
-.0303802490
-.0437011719
-.0563964844
.0446777344
.0579681396
-.0835266113
-.0276794434
.0670928955
.0513763428
.0421447754
.0447082520
-.0381927490
.0335388184
-.0185852051
-.0233459473
-.0185699463
-.0221710205
-.0162658691
.0222930908
-.0542755127
.0398864746
.0227508545
.0251922607
-.0527038574
-.0550994873
.0206298828
-.0158233643
.0372314453
-.0282135010
-.0246734619
-.0193023682
.0330657959
-.0251922607
.0449829102
-.0453491211
-.0404052734
.0582427979
.0274353027
-.0437316895
.0476379395
.0546722412
-.0409698486
-.0380096436
.0302124023
-.0341339111
-.0108642578
-.0144805908
.0118560791
-.0147247314
-.0370635986
-.0110015869
-.0094451904
.0054016113
-.0154266357
-.0201721191
-.0164489746
.0128173828
-.0287628174
.0314636230
-.0308227539
.0102539063
.0167694092
-.0182189941
.0267028809
.0130004883
.0133819580
-.0057067871
-.0214080811
-.0088043213
-.0058898926
-.0150299072
-.0150146484
.0341186523
.0275573730
-.0167694092
-.0366821289
.0288696289
.0283508301
.0442810059
.0366821289
-.0157012939
-.0684509277
.0376739502
.0508422852
-.0306396484
-.0371704102
-.0385284424
-.0412292480
-.0289611816
.0343170166
.0342407227
.0236053467
.0513153076
.0442504883
.0202026367
.0333404541
.0229034424
-.0509490967
.0582427979
-.0470733643
.0865783691
-.0618286133
.1332092285
-.0860900879
.0478210449
.0640106201
-.0828247070
.0264739990
-.1117401123
-.0536346436
.0582733154
-.1375579834
.0719909668
-.0916137695
-.1649475098
-.0770263672
-.1042785645
.0400238037
-.1111602783
.0410308838
-.0583496094
-.0569000244
.0422210693
-.0217132568
-.0337982178
.0611877441
-.0937805176
.0458068848
-.0608062744
.0191345215
-.0267639160
.0085906982
-.0279846191
-.0326080322
-.0131378174
.0171661377
.0310363770
-.0142059326
-.0123596191
.0211486816
.0243682861
.0303497314
.0238037109
.0057525635
.0102539063
.0157928467
-.0085296631
.0102844238
.0147857666
-.0131835938
-.0130615234
-.0174713135
-.0051574707
.0089874268
-.0093536377
-.0138397217
.0110168457
-.0073089600
.0115356445
-.0118713379
.0060119629
.0138854980
-.0146942139
-.0115661621
-.0191955566
-.0090179443
-.0094451904
.0065155029
-.0076599121
-.0141906738
-.0056915283
-.0056610107
.0040588379
-.0076446533
.0036468506
-.0094299316
-.0117492676
.0156707764
-.0091705322
.0034027100
-.0038146973
-.0036621094
.0018005371
-.0061340332
.0050506592
.0049133301
-.0050048828
-.0048217773
-.0066833496
-.0074310303
.0087127686
.0046081543
-.0060424805
-.0044860840
-.0027770996
-.0014953613
-.0021209717
-.0015106201
-.0021514893
-.0027313232
.0015563965
-.0010528564
-.0025939941
.0008392334
-.0020751953
-.0007171631
-.0032196045
-.0015258789
-.0014038086
.0018615723
-.0019683838
.0026550293
-.0056915283
.0015563965
-.0028076172
.0026550293
.0041198730
.0019989014
.0024871826
.0015411377
-.0011138916
.0014190674
-.0006866455
-.0010833740
-.0005035400
-.0014190674
-.0010223389
-.0014190674
-.0009460449
-.0008697510
-.0003662109
-.0006103516
-.0008239746
.0007476807
-.0006408691
-.0002288818
-.0001220703
-.0003814697
-.0001983643
-.0002441406
-.0002288818
-.0002288818
-.0000610352
-.0001373291
.0000762939
.0000457764
-.0000457764
.0000457764
.0000305176
.0000457764
-.0000305176
.0000457764
-.0000305176
-.0000457764
.0000305176
.0000457764
.0000305176
.0000457764
-.0000457764
.0000457764
-.0000457764
.0000305176
-.0000305176
-.0000457764
.0000457764
-.0000457764
-.0000457764
-.0000305176
-.0000457764
.0000457764
-.0000305176
-.0000305176
.0000457764
-.0002593994
-.0002441406
-.0007324219
.0008544922
.0012054443
-.0066680908
.0288848877
.0238037109
-.0185546875
.0243835449
.0491027832
-.0354461670
-.0310668945
.0829467773
-.0576477051
-.0316467285
.0299682617
-.0725555420
.0352325439
.0311737061
-.0269622803
.0328521729
.0308380127
.0249481201
-.0202331543
.0382690430
.0350952148
.0158843994
.0681762695
-.0662231445
-.0599212646
-.0514984131
.1057128906
-.0673522949
-.1101074219
-.0701446533
-.1434631348
.0523376465
-.0357360840
.1706695557
.0820922852
-.0781402588
-.2244720459
.1453399658
.1496429443
.0412750244
-.1424560547
-.0781555176
-.1034851074
.0418853760
.1658172607
.1336669922
.0659027100
.2225341797
-.1007843018
-.0809631348
-.0717468262
-.1245574951
-.0928497314
.0504302979
.0852661133
.1249847412
.0855865479
.0301361084
.1693725586
-.1041564941
-.0494232178
-.0413208008
-.1282043457
.0679931641
.0398254395
-.1372222900
.1205444336
.0432128906
-.0128631592
.0635070801
-.0605468750
-.0575256348
.0331420898
-.0476226807
.0386047363
.0331726074
.0249786377
-.0402069092
.0611267090
.0474700928
-.0289306641
.0454864502
-.0433502197
.0356292725
-.0676269531
.0646667480
-.0581054688
.0359954834
-.0394592285
.0402526855
-.0563201904
.0468444824
-.0445098877
.0382995605
.0208587646
-.0126800537
.0506134033
-.0314941406
-.0223541260
-.0186157227
.0411682129
.0317382813
-.0194549561
-.0122680664
-.0299072266
.1006622314
.0306396484
-.0273132324
-.0203399658
.1141510010
.0317077637
-.0378875732
.0748901367
.0686340332
-.0496673584
-.0284576416
.1057739258
.0888519287
-.0499572754
-.0411682129
.0597534180
.0691986084
-.0375671387
-.0294799805
-.0189819336
-.0723876953
.0545349121
.0220642090
-.0145111084
-.0867919922
-.0446777344
.0266265869
.0153503418
-.0983276367
-.0683441162
.0334930420
.0123596191
.0835418701
-.0596160889
-.0363311768
.0167388916
-.0104522705
.0636444092
-.0199127197
-.0191040039
.0131225586
-.0643615723
.0402221680
.0166168213
-.0125122070
-.0765380859
.0386810303
.0254821777
-.0208435059
.0619964600
-.0583648682
.0339355469
-.0218505859
.0372009277
.0550079346
-.0466766357
.0298614502
-.0230407715
-.0787963867
.0618896484
-.0313873291
.0269470215
-.0388183594
-.0524444580
.0323944092
-.0164031982
-.0167694092
.0428314209
-.0306091309
-.0197753906
.0160064697
-.0411224365
-.0298461914
.0208129883
-.0148162842
.0178375244
.0429382324
-.0397186279
-.0170745850
.0202331543
-.0566101074
.0479736328
.0287475586
-.0245513916
.0500946045
-.0574340820
-.0335388184
.0231933594
-.0298767090
.0559997559
.0412445068
-.0226135254
.0186157227
-.0515136719
-.0517120361
.0263519287
.0186767578
-.0270690918
.0526428223
-.0352630615
-.0257568359
.0215454102
-.0745391846
.0589599609
.0318450928
-.0295562744
.0548706055
-.0659790039
.0362396240
.0287933350
.0512237549
-.0695495605
-.0465393066
.0263214111
.0662078857
.0569458008
-.0543365479
-.0354003906
.0300445557
.0595245361
.0385589600
-.0258331299
-.0173187256
-.0340728760
-.0269470215
.0104980469
.0068817139
.0047454834
-.0034484863
.0020141602
-.0008392334
-.0006408691
-.0002899170
-.0003051758
-.0002288818
-.0001983643
-.0001983643
-.0002441406
-.0001220703
-.0000915527
-.0000762939
-.0000457764
-.0000457764
-.0000305176
-.0000305176
.0000457764
.0000305176
.0000305176
.0000305176
-.0000305176
.0000305176
-.0000305176
.0000457764
.0000457764
-.0000305176
.0000305176
-.0000305176
.0000457764
-.0000457764
.0000457764
.0000305176
-.0000457764
-.0000457764
.0000305176
.0000305176
-.0000305176
.0000305176
.0000457764
.0000457764
.0000457764
.0000305176
.0000305176
.0000305176
.0000305176
.0000457764
.0000457764
.0000305176
-.0000305176
-.0000305176
.0000305176
-.0000305176
.0000305176
-.0000305176
-.0000457764
-.0000457764
-.0000457764
-.0000305176
.0000457764
.0000305176
.0000457764
-.0000305176
.0000305176
.0000457764
-.0000915527
-.0001220703
.0003051758
-.0006713867
-.0005493164
-.0005035400
.0008239746
.0008544922
.0008392334
.0014495850
.0013580322
.0007019043
-.0012817383
-.0026702881
-.0020599365
-.0013885498
-.0021667480
.0023651123
.0014953613
.0018005371
-.0033416748
-.0020904541
-.0023956299
.0025634766
-.0033874512
-.0020599365
-.0047454834
-.0027313232
-.0037231445
.0045776367
-.0063171387
-.0057373047
-.0081939697
-.0073089600
.0086364746
.0084228516
-.0041198730
-.0016174316
-.0072784424
-.0083770752
-.0075073242
-.0088500977
.0092926025
.0048370361
.0065765381
.0073547363
.0074768066
.0112152100
.0078887939
.0032653809
.0134124756
.0113372803
.0079803467
.0114746094
-.0106811523
-.0116729736
.0068817139
.0090637207
.0215454102
.0152435303
.0118408203
.0128631592
.0216522217
.0239868164
.0086669922
.0127868652
.0272064209
.0183715820
.0226135254
.0233459473
.0263824463
.0106201172
.0117950439
.0280456543
.0308532715
.0186157227
.0268707275
.0341796875
.0300598145
.0357208252
.0425567627
.0747528076
.0685272217
.0305175781
-.0776824951
-.0402832031
-.0671997070
.1255645752
.1194763184
.0779266357
-.1390533447
.1130828857
.0603942871
.1319427490
.1046295166
-.2154083252
.1409606934
.0967559814
-.2058105469
-.0872650146
-.1098175049
-.1606750488
-.1201019287
-.0648803711
-.1760253906
-.0562133789
-.0772094727
.1817626953
-.0632476807
-.0615997314
-.0507965088
.0861206055
-.0620269775
-.0400695801
-.0655670166
.0523834229
.0440979004
.1187591553
-.0754852295
.0404205322
.1067199707
-.0341186523
-.0214080811
-.1249847412
.0388031006
-.0473937988
.0428466797
-.0732574463
.0397949219
-.0192718506
.1480407715
.0491180420
-.0208435059
-.0679168701
.0596923828
.0353851318
-.0168304443
.0829162598
.0363006592
-.0563354492
-.0266265869
.0812988281
.0362854004
.0089569092
.0429534912
-.0443878174
.0176696777
-.0584106445
-.0386810303
-.0327911377
-.0286865234
.0606994629
.0331726074
.0141754150
-.0629882813
-.0459899902
-.0275268555
.0203857422
-.0444030762
.0340118408
.0124206543
-.0233764648
.0436096191
-.0233306885
-.0141754150
.0539855957
-.0634765625
.0316925049
.0131683350
.0259857178
-.0379791260
.0124359131
-.0031585693
.0433044434
-.0416870117
.0160064697
-.0097198486
-.0055999756
-.0393829346
.0238037109
-.0166015625
-.0064544678
.0202178955
-.0512390137
-.0161743164
-.0040283203
.0039825439
-.0102996826
.0208587646
-.0177154541
-.0070343018
.0027313232
.0105743408
.0248718262
.0102691650
.0067138672
-.0025329590
-.0061492920
.0108337402
-.0044860840
.0047607422
-.0085601807
.0256500244
-.0115509033
.0048065186
.0021667480
.0190429688
-.0062866211
-.0023040771
-.0014953613
.0040740967
.0094451904
.0027008057
-.0021667480
-.0019683838
-.0017547607
.0012207031
.0013122559
-.0013427734
.0005493164
-.0003967285
-.0001373291
-.0001068115
-.0000762939
-.0000610352
-.0000457764
.0000305176
.0000457764
.0000305176
-.0000457764
-.0000305176
.0000457764
.0000305176
.0000457764
.0000457764
-.0000457764
.0000457764
.0000305176
-.0000305176
-.0000305176
-.0000305176
-.0000457764
.0000305176
-.0000457764
.0000305176
-.0000305176
-.0000305176
.0000305176
-.0000305176
.0000305176
-.0000457764
.0000457764
.0000305176
-.0000457764
.0000457764
.0000305176
.0000305176
.0000305176
-.0000457764
-.0000305176
-.0000457764
-.0000457764
-.0000305176
-.0000305176
.0000457764
-.0000305176
-.0000457764
-.0000457764
-.0000457764
-.0000457764
.0000305176
-.0000305176
-.0000305176
.0000305176
.0000305176
-.0000457764
-.0000305176
-.0000457764
-.0000457764
-.0000457764
-.0000305176
.0000305176
-.0000457764
-.0000457764
.0000457764
-.0000305176
.0000457764
