.0001983643
.0011749268
-.0021667480
.0048522949
-.0040435791
.0055541992
-.0057983398
-.0043334961
.0086669922
-.0085906982
.0108184814
-.0091552734
-.0154418945
-.0088806152
-.0097351074
-.0169067383
.0134429932
.0104675293
.0139160156
-.0222320557
-.0211944580
.0130920410
-.0186004639
-.0155944824
.0184020996
-.0204315186
.0214080811
-.0169830322
-.0170440674
.0144348145
-.0148010254
-.0164489746
-.0191650391
.0179901123
.0167388916
-.0205535889
.0151519775
-.0165252686
-.0158538818
.0147399902
.0184173584
-.0245208740
.0137481689
.0160827637
-.0132598877
-.0149993896
.0223236084
.0212097168
-.0245666504
.0135345459
.0156402588
-.0245819092
.0153350830
-.0109100342
-.0146484375
.0137939453
.0159759521
-.0132293701
-.0154418945
.0238647461
-.0216522217
-.0178222656
.0201873779
-.0117950439
-.0189666748
-.0095825195
-.0163726807
.0183868408
.0094757080
-.0122528076
.0178985596
.0146942139
.0209350586
-.0183563232
-.0193023682
.0145416260
-.0135192871
-.0202789307
-.0088348389
.0184631348
.0127410889
-.0101165771
.0176849365
.0135650635
-.0244598389
-.0120239258
-.0131072998
.0212249756
.0097351074
-.0196228027
-.0176849365
.0236206055
-.0102386475
.0157012939
.0173645020
.0198669434
.0190429688
-.0153808594
.0253601074
-.0178680420
-.0182647705
.0232391357
-.0144042969
.0169830322
.0270538330
.0115203857
-.0160522461
.0285186768
.0214996338
.0182037354
.0219573975
-.0267639160
-.0194091797
-.0237274170
.0156707764
.0154876709
-.0189056396
-.0129241943
.0224456787
.0195465088
.0126953125
-.0127716064
-.0161285400
.0118103027
-.0155792236
.0199890137
.0203857422
.0175323486
.0131530762
-.0204162598
-.0106201172
.0180969238
-.0367736816
-.0170288086
.0150756836
-.0156402588
.0159454346
-.0148010254
-.0152587891
.0137176514
.0100860596
.0236511230
-.0230560303
-.0156250000
.0253295898
.0193634033
.0233459473
-.0147705078
-.0165405273
-.0256500244
.0177459717
-.0325012207
.0180358887
.0186920166
-.0130157471
-.0251007080
.0145416260
.0174713135
.0207672119
.0266418457
.0266418457
.0166931152
.0215454102
.0176391602
-.0160980225
.0183105469
.0115051270
.0151672363
-.0233154297
-.0189819336
-.0177612305
.0196685791
-.0300598145
-.0177001953
-.0183563232
.0195770264
-.0195770264
-.0284118652
-.0225677490
.0241241455
.0258483887
-.0188293457
-.0247344971
-.0171356201
.0218353271
.0173339844
-.0125427246
-.0252075195
.0231018066
.0285949707
-.0218658447
-.0217437744
-.0207214355
.0276641846
.0360870361
-.0207519531
.0250091553
-.0236511230
.0218658447
-.0239868164
-.0232391357
.0196228027
-.0160369873
.0319366455
.0128173828
.0272064209
-.0158843994
.0231018066
-.0285186768
-.0173797607
.0214080811
-.0192108154
.0328216553
-.0182189941
.0212707520
.0238647461
-.0176696777
.0191192627
.0188598633
.0172882080
.0180664063
-.0350646973
.0199127197
.0220794678
-.0151062012
-.0172729492
.0171966553
-.0191497803
.0151062012
.0247192383
-.0299835205
-.0117950439
-.0186004639
.0198669434
.0190277100
-.0195465088
.0187835693
.0122375488
-.0197601318
.0158386230
-.0188140869
-.0142822266
.0273284912
.0155792236
-.0148925781
.0190734863
-.0266265869
.0195770264
-.0208282471
.0113220215
-.0213928223
-.0202026367
-.0117492676
-.0174713135
.0213470459
.0126037598
-.0165557861
-.0167846680
-.0185852051
-.0234832764
.0182495117
.0144042969
-.0158081055
-.0171051025
.0138702393
.0173339844
-.0099029541
.0170440674
.0259094238
-.0106658936
.0137939453
-.0193176270
-.0138549805
.0312805176
.0254058838
-.0174865723
.0110473633
.0311737061
-.0216827393
.0132598877
-.0149841309
.0212707520
.0229797363
-.0180206299
.0158233643
-.0167236328
-.0194549561
.0151214600
-.0186614990
-.0222625732
.0148620605
.0214080811
-.0253143311
.0207366943
-.0167541504
-.0150299072
.0246734619
-.0148162842
.0205078125
.0204467773
-.0133666992
-.0167236328
.0248260498
.0125427246
.0216064453
.0185089111
.0167999268
-.0161132813
.0098114014
.0241546631
.0177001953
.0203857422
.0234985352
-.0156402588
.0129852295
-.0171661377
-.0158996582
-.0196380615
.0110168457
-.0163269043
.0245056152
.0116119385
.0147705078
-.0222473145
-.0195922852
.0207061768
.0144653320
.0191040039
.0210876465
-.0233612061
.0164947510
.0146179199
-.0202789307
-.0166015625
.0086822510
-.0163269043
.0168457031
-.0127563477
.0235900879
-.0146331787
.0167083740
.0134429932
.0168457031
.0122222900
-.0195007324
-.0237426758
.0135803223
.0230255127
-.0149536133
.0118713379
-.0161437988
.0168914795
.0289611816
-.0191650391
-.0174255371
-.0224609375
-.0250244141
.0162963867
.0110931396
.0129241943
.0214691162
-.0189666748
-.0115966797
-.0162048340
.0214843750
.0136871338
.0173034668
.0111999512
.0102844238
-.0156555176
-.0118865967
-.0159912109
.0179290771
.0150146484
.0154418945
-.0156402588
-.0166625977
-.0238952637
-.0165252686
.0118408203
.0160980225
-.0115051270
.0174560547
.0144042969
-.0198669434
-.0140228271
.0089874268
.0275268555
-.0177764893
-.0172424316
-.0136108398
-.0230560303
.0184173584
-.0188903809
-.0187683105
.0239410400
.0151519775
-.0172424316
-.0147399902
-.0174407959
-.0123596191
.0207366943
.0147705078
.0157318115
-.0252990723
-.0130004883
-.0173950195
-.0121765137
-.0241241455
-.0131530762
-.0218811035
.0149536133
.0163269043
-.0200042725
.0165557861
-.0279541016
.0150756836
.0247955322
-.0153656006
.0245819092
-.0176544189
-.0276184082
.0153961182
.0178375244
-.0216369629
.0169677734
-.0183715820
.0240936279
-.0157012939
-.0168151855
.0241699219
.0221710205
-.0195617676
.0166473389
-.0163421631
.0234985352
-.0121459961
-.0166168213
.0137481689
.0094451904
-.0141448975
-.0167999268
-.0187377930
-.0148925781
.0195465088
-.0116119385
.0149230957
-.0158081055
.0185394287
.0193176270
.0191040039
.0177459717
.0140533447
.0133666992
-.0206298828
.0148162842
.0083007813
-.0149993896
-.0274505615
-.0155181885
.0185699463
.0154418945
.0214843750
.0223693848
.0116424561
.0260009766
-.0159606934
-.0160369873
-.0174255371
.0227813721
-.0206909180
.0164947510
.0169372559
-.0195007324
.0194396973
.0180206299
.0179290771
.0207061768
-.0134582520
.0274353027
-.0227355957
.0180664063
.0188446045
.0213165283
.0187377930
.0190582275
-.0174713135
.0176391602
-.0235748291
.0228271484
.0211639404
-.0184020996
-.0141601563
-.0113983154
-.0151214600
.0130310059
-.0154418945
.0201721191
-.0139312744
-.0189056396
-.0225524902
-.0286865234
-.0191650391
-.0160064697
-.0197448730
.0258026123
.0188446045
.0155487061
.0229949951
.0307464600
.0205078125
.0256042480
.0144348145
.0156097412
-.0273284912
.0141601563
.0200042725
-.0208740234
-.0158386230
.0181732178
-.0231933594
-.0136108398
-.0119781494
.0169830322
.0162963867
-.0239562988
-.0202941895
.0139465332
-.0140686035
-.0236053467
-.0245666504
-.0113983154
-.0213165283
-.0213165283
-.0187225342
-.0199890137
.0176849365
-.0117340088
-.0133819580
.0143127441
-.0164337158
-.0192260742
.0170898438
.0189819336
-.0194396973
.0143737793
.0167541504
.0153656006
.0261230469
.0140533447
.0202178955
.0137786865
.0217742920
-.0180358887
.0313110352
.0225372314
.0225067139
.0160522461
-.0150299072
-.0208129883
-.0153656006
.0232696533
.0212097168
-.0244445801
-.0201568604
.0149536133
-.0137329102
-.0126037598
.0278930664
-.0194091797
-.0152587891
-.0191345215
-.0224151611
.0158996582
.0204162598
-.0140380859
-.0175628662
-.0235443115
.0203704834
-.0163269043
.0116729736
-.0154266357
-.0136718750
-.0227813721
.0204315186
-.0169677734
-.0177917480
.0225219727
-.0177764893
-.0292510986
.0249176025
-.0153045654
-.0119323730
.0187988281
-.0148010254
-.0204315186
.0238342285
.0187530518
-.0194549561
.0222625732
-.0162963867
-.0194854736
-.0216064453
-.0141143799
.0228424072
-.0159912109
-.0379638672
-.0200195313
-.0211029053
.0156402588
.0169677734
.0201873779
.0128936768
.0114746094
-.0217895508
.0162811279
.0166625977
-.0209197998
-.0152435303
-.0126342773
-.0171966553
-.0164184570
.0157775879
.0119323730
-.0155181885
-.0205841064
-.0144958496
.0240478516
-.0235443115
.0140686035
.0148925781
.0124206543
-.0096588135
-.0113220215
-.0170288086
-.0179138184
.0195922852
-.0218353271
.0154113770
.0222167969
-.0198669434
-.0153656006
-.0272216797
-.0223846436
-.0175323486
.0175933838
-.0151977539
-.0121612549
.0119628906
-.0203399658
-.0261535645
-.0158843994
-.0210571289
.0148162842
.0169219971
-.0143737793
-.0177459717
-.0181732178
-.0138854980
-.0141601563
.0272216797
.0250854492
-.0200195313
-.0232696533
.0132141113
-.0132598877
.0193176270
.0131072998
.0240020752
.0203857422
.0169372559
-.0191192627
-.0161895752
.0203704834
.0113525391
-.0164642334
-.0179901123
.0240020752
-.0205078125
-.0207061768
-.0174255371
-.0111541748
-.0188293457
-.0242919922
-.0207672119
.0212707520
.0183868408
-.0245056152
.0148620605
.0230865479
-.0170288086
-.0154266357
-.0138092041
.0324401855
-.0181427002
.0174102783
-.0259552002
-.0179748535
.0271453857
.0240020752
-.0151367188
.0158691406
.0255737305
.0213470459
-.0172729492
.0288391113
.0138397217
-.0112304688
-.0159301758
-.0151672363
-.0154266357
.0090179443
-.0166015625
.0113220215
-.0151672363
.0104370117
-.0133209229
.0109405518
-.0112609863
.0131683350
.0096588135
.0106506348
-.0161132813
.0203094482
-.0132751465
.0104675293
.0129852295
.0126953125
.0198516846
-.0124359131
-.0181121826
-.0137939453
.0167694092
-.0137634277
.0099792480
-.0181884766
-.0169677734
.0142517090
-.0089263916
-.0131988525
.0168151855
.0111236572
.0069427490
-.0105895996
.0116882324
-.0167236328
-.0194854736
.0129241943
.0119934082
.0136108398
.0196228027
-.0176849365
-.0192565918
.0183410645
.0188140869
-.0202636719
.0206451416
.0182342529
-.0141448975
.0144653320
.0106811523
.0106048584
-.0198974609
.0195007324
.0197601318
-.0227813721
-.0130462646
.0117187500
-.0130615234
.0120544434
.0175018311
-.0144805908
.0160369873
-.0133819580
-.0232849121
.0141143799
.0142517090
-.0148773193
-.0131072998
.0277099609
-.0250549316
.0170135498
.0166320801
.0110931396
.0151519775
-.0183563232
-.0120544434
.0235900879
-.0111236572
.0124206543
-.0123443604
.0097808838
.0173492432
.0204620361
-.0120849609
.0212860107
-.0079956055
-.0160675049
.0146026611
-.0160217285
-.0183868408
.0090942383
-.0179290771
-.0108642578
-.0136413574
.0182495117
.0082244873
-.0099182129
.0211791992
.0132751465
-.0204772949
.0146179199
.0113372803
-.0167236328
.0239105225
-.0121917725
.0234680176
.0106048584
-.0164031982
-.0150756836
-.0212402344
.0203857422
-.0165252686
-.0154724121
.0149383545
-.0131683350
.0120239258
.0277709961
-.0135192871
-.0182800293
.0190734863
-.0109863281
.0119476318
.0151672363
-.0215148926
.0185699463
-.0237121582
.0228118896
.0177307129
-.0132751465
-.0218200684
-.0208587646
.0249786377
-.0191802979
-.0258331299
.0125122070
.0160827637
.0164031982
.0134277344
-.0195922852
.0185241699
-.0130157471
-.0227813721
.0141601563
-.0189514160
-.0156097412
-.0207519531
-.0304718018
-.0163879395
-.0179748535
.0130310059
-.0224609375
-.0238342285
.0255126953
-.0205383301
-.0154876709
.0262908936
.0205078125
.0310821533
.0349884033
-.0143432617
-.0151214600
.0242156982
.0216827393
.0180969238
.0161743164
.0146179199
-.0151214600
-.0207977295
.0162048340
-.0190582275
.0180053711
.0206146240
-.0251007080
-.0199127197
.0204925537
.0213623047
.0220642090
-.0192260742
-.0200347900
.0165557861
.0314331055
.0243682861
-.0331573486
.0177001953
.0154571533
.0159912109
-.0244598389
.0160064697
-.0203704834
-.0299377441
-.0274353027
.0158233643
-.0210266113
-.0152740479
.0182189941
-.0252532959
-.0477600098
.0205993652
-.0262145996
.0253601074
.0269012451
-.0207214355
.0232696533
.0261383057
-.0202941895
.0331878662
.0334014893
.0227966309
-.0251312256
.0242767334
-.0206146240
.0200195313
.0215148926
.0241699219
-.0213775635
-.0153808594
-.0205230713
-.0263671875
.0163421631
-.0156860352
.0190582275
-.0112915039
.0189819336
.0157928467
.0157318115
.0259704590
-.0210723877
.0245208740
-.0157928467
-.0169830322
-.0100555420
-.0255889893
.0138702393
-.0127105713
-.0164337158
.0124664307
.0164794922
-.0217742920
.0141601563
.0169525146
-.0169372559
-.0164794922
.0161895752
-.0166168213
-.0153045654
-.0141906738
.0186309814
-.0165252686
.0124359131
-.0128631592
-.0175170898
-.0217285156
.0163726807
.0144653320
-.0109100342
-.0212707520
.0174865723
.0183715820
.0205078125
.0172424316
.0212402344
-.0158233643
-.0178222656
.0115814209
-.0151519775
.0264739990
-.0164642334
.0152587891
-.0173645020
-.0183105469
-.0151519775
.0187377930
.0133819580
-.0139770508
-.0099639893
-.0120086670
.0122375488
-.0133209229
.0067291260
-.0056152344
-.0064849854
.0071258545
-.0038452148
-.0066833496
.0057830811
-.0042114258
.0021514893
.0021057129
-.0020904541
-.0009765625
.0004882813
