-.0001525879
-.0012512207
.0027008057
-.0046234131
.0048370361
-.0075531006
.0103454590
-.0154876709
-.0095367432
.0122680664
.0137634277
.0119628906
-.0172119141
-.0115051270
-.0121307373
-.0115814209
-.0102691650
-.0092773438
.0136718750
.0133514404
-.0192413330
.0140991211
-.0115051270
-.0135040283
.0142974854
-.0133972168
.0122833252
.0175933838
-.0152893066
.0109558105
.0105590820
-.0130462646
.0131225586
-.0104827881
.0117492676
.0175170898
.0110168457
.0152282715
-.0151519775
.0125579834
-.0168762207
-.0128631592
-.0122528076
.0170135498
.0203094482
.0179901123
-.0169219971
.0133056641
.0184478760
-.0173187256
.0169525146
-.0169677734
-.0192565918
.0145874023
.0142822266
-.0173645020
.0141448975
-.0194702148
-.0247192383
-.0117797852
.0176086426
-.0196685791
-.0200042725
.0157928467
.0119628906
-.0137481689
.0121002197
-.0137329102
.0147399902
.0133056641
.0148162842
-.0153503418
.0136260986
.0117645264
.0126953125
.0143280029
-.0174255371
.0108032227
.0170898438
-.0199279785
-.0151824951
-.0125732422
-.0138549805
-.0185089111
.0139160156
.0154876709
-.0183105469
-.0102691650
.0157012939
-.0137023926
-.0115966797
.0189666748
.0151519775
-.0136718750
.0167236328
-.0110015869
-.0175933838
.0174102783
.0174713135
.0161590576
.0106201172
-.0135650635
.0121765137
-.0122070313
-.0120086670
.0200500488
.0165710449
.0095367432
-.0116119385
-.0145111084
.0144653320
-.0137329102
.0203247070
.0128173828
-.0129241943
-.0100250244
.0156860352
.0141754150
-.0140075684
.0133209229
.0179748535
-.0138092041
.0144348145
-.0188598633
.0217437744
.0165405273
-.0232696533
.0168457031
-.0157470703
-.0090026855
.0135192871
-.0154418945
-.0200347900
.0118103027
.0139617920
.0173034668
.0155181885
.0134887695
-.0115051270
-.0151214600
-.0159454346
-.0148925781
.0148162842
-.0187530518
-.0144042969
.0154724121
-.0151367188
.0198516846
-.0123748779
.0113525391
.0145416260
-.0180511475
.0146026611
.0223693848
.0165863037
.0131835938
.0199584961
-.0157012939
.0200653076
-.0177612305
-.0196838379
.0153350830
.0125885010
-.0192871094
.0138397217
-.0167236328
-.0141601563
-.0144042969
.0128631592
.0122833252
.0163879395
-.0130310059
.0161132813
-.0184478760
.0159149170
-.0170898438
-.0140838623
.0173797607
-.0148315430
-.0153961182
-.0184173584
.0222778320
-.0162200928
-.0147857666
.0124816895
-.0132293701
-.0190582275
.0174713135
-.0198059082
.0143737793
-.0173797607
.0121002197
-.0180358887
.0135650635
-.0160064697
-.0129547119
-.0125427246
-.0135955811
.0127868652
.0149383545
-.0164337158
.0220336914
.0129852295
-.0117950439
.0158691406
-.0128326416
.0149993896
-.0136718750
.0125732422
-.0162811279
.0150146484
-.0125427246
.0121917725
-.0136871338
.0139160156
.0110015869
.0147857666
-.0160217285
.0196685791
.0150756836
.0164642334
.0164184570
-.0222015381
.0156402588
.0175323486
-.0192413330
-.0180511475
.0123291016
-.0161437988
.0151672363
-.0226745605
.0165100098
-.0134582520
-.0151824951
.0168914795
.0186309814
.0152130127
-.0146026611
.0124206543
-.0189514160
-.0157165527
.0141601563
-.0197601318
-.0114440918
.0120239258
.0165557861
.0249633789
-.0142211914
.0197448730
.0245208740
.0125122070
-.0224609375
.0150146484
.0155792236
.0152435303
.0174407959
-.0115356445
-.0154571533
-.0129394531
-.0249786377
.0162048340
-.0161590576
.0160064697
-.0140991211
-.0120239258
.0168151855
.0114288330
-.0184020996
-.0092010498
.0170288086
.0145874023
.0185852051
-.0112152100
-.0232391357
-.0130767822
-.0142211914
.0208435059
-.0203704834
-.0168457031
.0187072754
.0194091797
-.0178680420
-.0163726807
.0130157471
-.0140686035
.0133666992
.0189056396
-.0158843994
-.0177154541
.0169830322
-.0183715820
-.0194091797
.0204010010
-.0188293457
.0175018311
.0132141113
-.0180969238
-.0186309814
.0166473389
-.0182952881
-.0157928467
.0239257813
-.0173339844
-.0224761963
-.0165863037
.0200958252
-.0174255371
-.0234832764
.0254364014
-.0184173584
.0164184570
.0193328857
.0157012939
-.0151824951
-.0195007324
-.0139007568
-.0236816406
.0196838379
-.0173645020
.0172576904
-.0209045410
.0218658447
.0149078369
.0238342285
-.0190734863
.0147399902
-.0187835693
.0159149170
.0206909180
.0187225342
-.0197601318
.0209045410
-.0149078369
.0170135498
.0131835938
.0276947021
.0157165527
.0190277100
-.0183258057
-.0120086670
-.0156097412
-.0192565918
-.0162963867
.0251464844
.0166625977
.0139312744
-.0174255371
.0153503418
-.0167694092
-.0235443115
.0199279785
-.0216064453
.0189514160
.0135345459
.0195617676
-.0179595947
.0196380615
-.0220947266
.0145111084
.0174102783
-.0178985596
.0149383545
-.0149230957
-.0204315186
.0212249756
-.0173339844
-.0184783936
-.0173339844
.0189514160
-.0153656006
.0179595947
-.0220184326
-.0256500244
.0309295654
.0153503418
.0171508789
-.0176239014
.0213470459
-.0168457031
-.0166168213
-.0160827637
.0125427246
.0164642334
.0177917480
.0127716064
-.0200042725
-.0160827637
.0169372559
.0223083496
.0159912109
.0167846680
-.0157012939
.0199737549
-.0204010010
-.0213623047
-.0204620361
-.0181732178
-.0182647705
-.0159606934
-.0177612305
.0191192627
.0232543945
-.0177612305
-.0176696777
.0185089111
-.0148925781
-.0157470703
.0257415771
-.0207672119
.0214996338
-.0174407959
-.0175628662
.0254058838
.0160827637
-.0166473389
.0205993652
-.0192413330
-.0128631592
.0225372314
-.0159912109
-.0180511475
.0251770020
-.0218048096
-.0175476074
.0152435303
-.0178985596
.0146636963
-.0221862793
-.0153350830
-.0195922852
.0294952393
-.0159606934
.0166625977
-.0202484131
-.0199584961
.0183715820
-.0166168213
-.0256042480
.0231323242
-.0135955811
-.0185241699
-.0180358887
-.0182495117
.0194244385
-.0173797607
-.0169372559
.0179901123
.0221099854
-.0233001709
.0124053955
.0152740479
-.0153198242
-.0212707520
-.0200500488
-.0224609375
-.0165863037
.0146331787
-.0151977539
-.0144500732
-.0211486816
.0182189941
-.0181274414
.0211486816
.0194091797
-.0226898193
-.0165405273
.0190734863
-.0198516846
.0174560547
.0202636719
-.0150909424
.0143127441
.0170593262
-.0146942139
-.0217437744
-.0160217285
-.0165252686
.0206909180
-.0290527344
.0143432617
.0184478760
-.0157012939
.0167999268
.0169677734
-.0182647705
-.0202941895
.0177459717
.0189208984
-.0176391602
-.0179290771
-.0184326172
-.0295104980
.0250701904
-.0194091797
-.0225067139
-.0148773193
.0181884766
-.0197906494
.0202941895
-.0279235840
-.0155487061
-.0254516602
-.0277404785
.0230560303
.0198974609
-.0152282715
-.0193023682
.0246887207
-.0178527832
-.0245361328
.0190734863
-.0260772705
.0249328613
.0195617676
-.0222015381
.0299377441
.0199279785
-.0221099854
.0181274414
.0186767578
.0275421143
-.0174102783
.0178527832
.0165863037
-.0199584961
.0155029297
.0230102539
-.0214843750
.0205078125
-.0239868164
-.0167083740
-.0184478760
-.0151519775
-.0229644775
-.0167541504
.0182952881
-.0266265869
.0290679932
-.0180511475
-.0157470703
-.0192871094
-.0188598633
-.0158081055
-.0194244385
.0158233643
.0213928223
-.0179138184
-.0171508789
.0174865723
-.0287933350
-.0175628662
.0190277100
-.0198822021
-.0155639648
.0175323486
-.0160217285
.0151519775
.0145721436
.0227661133
.0166320801
-.0164031982
.0201873779
.0223541260
.0269165039
.0202941895
-.0186004639
-.0169219971
-.0192718506
-.0207366943
.0234375000
-.0189361572
.0156097412
.0190734863
-.0250854492
.0178833008
-.0175933838
.0178680420
.0251312256
.0242614746
.0177764893
-.0167236328
.0192413330
.0267944336
-.0220336914
-.0185241699
.0177307129
.0182647705
-.0143280029
-.0173492432
.0187988281
.0225219727
.0197906494
-.0209655762
.0130157471
-.0163421631
-.0148773193
-.0205230713
-.0221557617
.0207672119
.0175476074
-.0197448730
-.0253295898
.0207214355
.0178833008
-.0146484375
-.0143585205
.0155181885
-.0252075195
.0149383545
-.0212097168
-.0226440430
.0145568848
.0228729248
-.0183563232
.0183105469
.0174713135
-.0156250000
.0243530273
.0177612305
.0171661377
.0198059082
-.0145874023
-.0170745850
.0168762207
.0150299072
-.0146636963
.0169219971
-.0194549561
-.0174255371
.0223999023
.0201110840
.0174865723
-.0149993896
-.0202941895
-.0161590576
-.0157470703
.0159606934
-.0145263672
.0216827393
-.0179901123
-.0142211914
-.0176696777
-.0246734619
.0281829834
.0146636963
.0151672363
-.0227813721
-.0188446045
-.0208282471
.0151672363
-.0162963867
-.0125885010
.0188598633
.0119323730
.0144653320
.0224609375
-.0136566162
-.0138244629
-.0130920410
.0108489990
.0163879395
-.0178680420
.0152282715
.0179138184
-.0160064697
.0163421631
-.0186767578
.0157318115
-.0148773193
.0161132813
.0178070068
.0164337158
.0125732422
.0145111084
-.0148925781
-.0198822021
-.0141906738
-.0148620605
-.0288391113
-.0190277100
.0184783936
.0198822021
.0146331787
.0150299072
.0248413086
.0188293457
-.0122833252
.0196838379
-.0154876709
-.0231170654
.0145111084
-.0183105469
.0185699463
.0124511719
-.0163574219
.0184326172
-.0212860107
.0231933594
.0152893066
-.0158843994
-.0141448975
.0159149170
-.0193786621
.0153045654
-.0269470215
.0217895508
.0225524902
.0194244385
-.0134582520
-.0181274414
.0151214600
-.0152282715
-.0290374756
.0153198242
.0139465332
-.0160827637
-.0163116455
-.0211334229
-.0265045166
-.0192260742
-.0204620361
-.0196380615
-.0139007568
.0119628906
-.0137939453
.0139465332
-.0138092041
-.0135192871
-.0185394287
-.0158843994
-.0220947266
-.0150146484
.0183563232
.0214996338
-.0136413574
.0182952881
-.0167541504
-.0169677734
.0133514404
.0148620605
-.0153045654
.0259094238
-.0131378174
.0201873779
-.0207519531
.0167846680
-.0161285400
.0158081055
.0095825195
-.0119171143
-.0124816895
-.0132598877
.0148162842
-.0150604248
.0157775879
.0155944824
-.0243225098
.0153503418
-.0128784180
-.0164337158
-.0125732422
-.0153503418
.0163269043
-.0196990967
.0197448730
-.0130004883
.0114746094
-.0131530762
-.0167541504
-.0179901123
-.0119628906
-.0146331787
-.0159454346
-.0180206299
-.0192260742
.0124359131
.0133056641
-.0133972168
-.0176696777
.0144348145
-.0183410645
-.0149688721
.0115814209
.0146636963
.0148925781
-.0145111084
.0126495361
-.0152130127
.0201568604
-.0146026611
.0124816895
.0201873779
-.0164642334
-.0158843994
-.0158081055
.0132446289
.0149536133
.0163269043
-.0192413330
-.0096435547
-.0087585449
.0118408203
.0110321045
-.0169830322
-.0111694336
.0109100342
.0154266357
.0198516846
-.0171813965
.0131225586
.0127105713
-.0106506348
-.0187988281
-.0142517090
-.0110321045
.0114746094
.0111694336
-.0092620850
.0119628906
.0133972168
.0127105713
-.0156707764
-.0110321045
-.0129547119
.0131378174
.0118103027
.0123291016
-.0077514648
.0108184814
.0103912354
-.0127258301
-.0127716064
.0170135498
.0106353760
.0105743408
-.0128784180
.0162048340
.0082397461
.0089416504
.0124053955
-.0124053955
.0100555420
-.0102539063
.0144805908
-.0185699463
-.0155639648
-.0147552490
.0156097412
-.0143585205
.0131530762
-.0155944824
-.0123596191
.0138397217
.0120086670
-.0106048584
.0095825195
-.0106353760
.0128479004
-.0092468262
-.0103302002
-.0087585449
.0124816895
.0141296387
.0113677979
-.0118255615
-.0127105713
-.0096740723
-.0129547119
.0135040283
-.0140838623
-.0110626221
-.0126037598
-.0135498047
-.0122985840
.0117340088
.0099792480
-.0102386475
.0111694336
.0173950195
.0129547119
-.0124664307
.0131378174
.0060577393
-.0162811279
.0133514404
-.0085296631
.0101470947
-.0131835938
.0095977783
-.0102844238
.0146636963
-.0123138428
.0142059326
-.0104064941
-.0146789551
-.0106353760
.0111846924
.0117187500
.0099945068
-.0147857666
.0139312744
.0111083984
.0095672607
-.0153961182
.0108337402
-.0150146484
.0124206543
-.0103607178
-.0152282715
-.0136260986
.0129699707
-.0099487305
.0130004883
-.0122833252
.0186309814
-.0128021240
.0112152100
.0084686279
-.0087432861
-.0151519775
.0106048584
.0080413818
.0102081299
.0081176758
.0110778809
-.0171051025
.0134429932
-.0166015625
.0162353516
.0107727051
-.0128479004
.0084838867
.0098419189
.0137023926
-.0152435303
.0195159912
.0132141113
-.0120239258
-.0125579834
.0121917725
.0105743408
.0108642578
-.0153198242
-.0096588135
.0102081299
.0128021240
-.0119628906
.0121459961
-.0140991211
.0182495117
-.0096435547
-.0156097412
.0110626221
.0134277344
.0140533447
-.0121917725
.0153198242
-.0162200928
.0113983154
.0095520020
-.0169830322
.0119323730
-.0102691650
.0104675293
-.0158233643
.0164031982
.0139312744
-.0191040039
-.0121612549
-.0114440918
.0214385986
-.0153808594
.0145263672
-.0115356445
.0104980469
-.0139617920
.0131683350
-.0146789551
-.0119171143
-.0131835938
-.0124053955
.0149993896
-.0108947754
-.0172729492
-.0099182129
-.0090484619
-.0102386475
-.0090179443
-.0123748779
.0105743408
-.0079956055
.0094604492
-.0066833496
.0081329346
-.0051727295
.0037231445
.0031127930
-.0030517578
.0015716553
.0011291504
.0006256104
