.0007171631
.0002899170
-.0002746582
-.0002441406
.0002899170
.0002441406
.0003662109
-.0002746582
-.0007171631
.0008850098
-.0010681152
-.0024261475
-.0023193359
.0025634766
.0068206787
-.0057983398
-.0081939697
-.0033111572
.0101165771
.0048675537
-.0210113525
.0034790039
.0052947998
-.0020904541
-.0065460205
-.0018768311
-.0012664795
.0012359619
-.0040435791
.0014953613
-.0006713867
-.0006103516
.0075683594
.0003814697
.0010681152
-.0003967285
-.0013580322
-.0004577637
-.0003356934
.0002441406
-.0003814697
.0004272461
-.0006408691
.0010986328
-.0032348633
.0015258789
-.0008239746
-.0003509521
.0001831055
-.0001678467
-.0001678467
-.0029602051
-.0001831055
.0001983643
.0006103516
.0001373291
-.0002288818
.0002136230
-.0002136230
.0002441406
-.0002746582
.0002441406
-.0002593994
.0002593994
-.0002746582
.0002899170
-.0002899170
.0002746582
.0001831055
-.0003204346
.0004730225
-.0003356934
.0008850098
.0010833740
.0038909912
-.0010833740
.0013885498
-.0010375977
-.0008392334
-.0026092529
.0006713867
-.0010223389
-.0018615723
.0041809082
.0040893555
.0088195801
-.0021514893
-.0013122559
.0018768311
-.0016021729
.0018768311
.0012969971
.0034942627
.0273895264
.0027008057
.0032653809
.0031890869
-.0023345947
.0014495850
-.0008850098
-.0011138916
.0008850098
-.0005798340
-.0007934570
-.0005187988
.0006561279
-.0006866455
.0010375977
-.0003814697
.0004272461
.0003204346
.0003662109
.0002288818
.0002288818
-.0003204346
-.0004272461
-.0001831055
-.0003204346
-.0001831055
-.0002593994
.0003051758
-.0003814697
.0001983643
-.0002899170
.0003051758
-.0017242432
-.0003356934
-.0002899170
.0002899170
-.0004425049
.0009460449
-.0002288818
.0002593994
-.0006103516
.0001983643
-.0001525879
.0001373291
-.0001373291
-.0005035400
-.0001678467
.0002136230
.0002288818
-.0010833740
-.0007629395
.0004577637
-.0003051758
-.0005645752
.0008392334
.0012359619
.0042266846
.0010375977
.0012359619
-.0040740967
.0037536621
-.0096893311
-.0054016113
-.0101470947
-.0030670166
-.0083160400
.0023956299
-.0025482178
.0048522949
-.0020294189
.0007629395
.0049591064
.0045318604
-.0012207031
-.0011291504
-.0041198730
.0044555664
-.0059356689
-.0024261475
.0008544922
-.0005798340
-.0006408691
.0005493164
.0010070801
-.0006103516
.0004272461
-.0005340576
.0003662109
-.0007629395
.0002899170
.0002441406
-.0009460449
.0002746582
-.0003509521
.0004425049
-.0004730225
.0003662109
.0002441406
-.0003662109
-.0001678467
.0001678467
-.0003509521
.0002136230
-.0003204346
-.0002288818
.0002746582
-.0002136230
.0002899170
-.0004272461
-.0007019043
.0011444092
.0044555664
-.0052642822
-.0119171143
.0053405762
.0083923340
-.0023956299
-.0042114258
-.0014038086
.0103607178
-.0010681152
.0016937256
-.0012664795
-.0011901855
.0016326904
.0007324219
-.0008239746
-.0011749268
.0007171631
-.0005798340
.0005798340
.0018615723
.0014038086
.0009307861
.0007934570
.0010070801
-.0003967285
.0003051758
.0005645752
.0007019043
.0002593994
-.0001831055
.0004882813
-.0007324219
.0003204346
-.0017089844
-.0004882813
.0002136230
-.0003051758
-.0002593994
-.0002441406
.0001983643
.0002136230
.0001831055
-.0001983643
.0001831055
-.0001373291
.0005645752
-.0002136230
.0002593994
-.0001678467
.0002441406
-.0001220703
-.0001525879
-.0001831055
.0001220703
-.0002441406
.0002136230
-.0001983643
.0002136230
-.0001678467
.0001983643
-.0001983643
-.0001678467
.0001983643
-.0002441406
.0002441406
-.0003204346
-.0002593994
-.0003509521
.0002593994
-.0003967285
.0003509521
.0003509521
-.0010986328
.0018005371
.0017242432
.0048065186
.0051879883
-.0022277832
.0024566650
-.0028991699
.0041809082
-.0046844482
-.0030364990
-.0049133301
.0037841797
-.0018463135
.0014495850
.0021667480
-.0202941895
.0011901855
.0010375977
-.0024871826
-.0009918213
.0016174316
.0011749268
-.0014343262
.0023651123
-.0024108887
-.0020446777
.0009613037
-.0005798340
.0007629395
.0066833496
.0012359619
.0004730225
.0007019043
-.0005950928
-.0008392334
-.0007781982
-.0004119873
-.0003662109
.0007324219
-.0002441406
-.0003662109
.0001831055
-.0005798340
-.0005798340
-.0004730225
.0004577637
.0003051758
.0001983643
-.0001831055
.0005798340
-.0001983643
.0003356934
-.0005340576
.0006408691
.0005035400
.0003051758
-.0002899170
.0005340576
-.0003814697
.0002593994
.0005493164
-.0002899170
.0004882813
-.0003662109
.0007476807
-.0006103516
.0002288818
.0001678467
-.0004425049
.0009918213
-.0002136230
-.0001983643
.0001220703
.0001678467
.0002441406
-.0002136230
.0003967285
-.0009460449
.0015563965
-.0024566650
.0060119629
.0051879883
.0069427490
-.0039215088
.0031127930
.0028991699
-.0015411377
.0027923584
-.0010833740
.0057067871
-.0039062500
-.0038146973
.0092010498
.0036468506
-.0031738281
.0017395020
.0018463135
-.0010070801
-.0011444092
.0063629150
-.0033111572
.0030212402
.0027160645
-.0021820068
-.0035552979
.0020904541
.0024719238
-.0018920898
.0015258789
.0012664795
-.0006713867
.0006256104
-.0009307861
.0012817383
-.0010986328
-.0005798340
.0005340576
.0004577637
-.0003204346
.0004730225
-.0001831055
.0001831055
.0001678467
-.0002441406
.0002136230
-.0001983643
.0001678467
-.0003814697
.0003204346
-.0001831055
.0002593994
.0003356934
-.0002136230
-.0001831055
-.0001525879
-.0003204346
-.0003814697
-.0005035400
-.0005340576
.0001525879
-.0003662109
.0003814697
-.0002899170
.0004119873
.0008239746
-.0016174316
-.0003509521
.0007781982
-.0006713867
.0006866455
-.0003967285
.0007171631
-.0014343262
.0048675537
.0034179688
.0031127930
.0022735596
.0020599365
.0023651123
.0046081543
-.0041809082
-.0330505371
-.0043640137
.0018005371
-.0027770996
-.0027313232
.0016174316
-.0010833740
-.0021820068
-.0006103516
.0006866455
-.0013580322
-.0016784668
-.0017242432
.0009613037
-.0013885498
-.0016174316
-.0013275146
-.0012817383
-.0011444092
-.0005950928
-.0004577637
.0008544922
.0007019043
.0006103516
.0004119873
.0002899170
.0003509521
.0002136230
-.0002746582
.0002441406
.0002136230
-.0002746582
.0003967285
-.0002136230
.0002288818
-.0001373291
.0001983643
.0003204346
.0002136230
-.0002136230
.0001831055
-.0001831055
.0002288818
-.0001831055
.0002441406
-.0001983643
.0007934570
-.0003509521
-.0001373291
.0003204346
.0002899170
.0002136230
-.0002593994
-.0002746582
.0001831055
.0002136230
.0002899170
-.0004730225
.0002899170
-.0006256104
.0014953613
-.0021057129
-.0072326660
-.0012664795
-.0014953613
-.0015411377
-.0008544922
-.0013885498
-.0008697510
-.0019531250
.0015106201
-.0020904541
-.0135498047
-.0032806396
-.0014801025
.0053405762
.0031585693
.0013885498
-.0018310547
.0016174316
-.0027465820
.0030212402
.0019531250
.0007324219
-.0006103516
.0004272461
.0007019043
-.0005187988
-.0004425049
.0003204346
-.0003356934
.0004272461
-.0002593994
-.0002593994
.0003662109
-.0006713867
-.0004272461
.0004730225
-.0004425049
.0004577637
-.0005035400
.0001831055
-.0002441406
.0001525879
-.0001220703
-.0001220703
.0002136230
.0001525879
-.0002288818
.0002746582
.0004882813
-.0004577637
.0002593994
-.0002288818
-.0003204346
.0004425049
-.0003051758
.0003509521
.0003356934
-.0003967285
.0002593994
-.0003662109
.0001983643
-.0002441406
.0001831055
-.0006103516
-.0001831055
.0001525879
.0003051758
.0001831055
.0002441406
-.0003204346
.0002593994
-.0001983643
-.0002441406
.0003967285
-.0002136230
.0003051758
-.0012207031
-.0007019043
-.0011749268
.0027770996
-.0052795410
.0181732178
-.0052185059
.0084075928
-.0024108887
-.0042266846
-.0046539307
.0048828125
-.0025024414
.0007019043
-.0072631836
-.0010528564
-.0007171631
.0006408691
-.0007781982
.0010375977
.0015563965
-.0006256104
.0007934570
.0007934570
.0014801025
-.0011749268
.0007781982
-.0008239746
-.0019683838
.0003814697
.0007934570
-.0007019043
-.0003356934
-.0002288818
.0004882813
.0004119873
-.0003356934
-.0016937256
-.0005035400
-.0002288818
-.0003051758
-.0002746582
.0019989014
-.0002136230
.0002288818
.0001678467
-.0001525879
.0001831055
.0001678467
.0002593994
-.0002136230
.0001983643
-.0001678467
.0001831055
-.0001068115
-.0001831055
-.0001525879
-.0001220703
-.0001983643
.0002288818
-.0001983643
.0002441406
.0001525879
.0001983643
-.0005493164
.0006561279
-.0003051758
.0004882813
-.0003051758
.0003814697
-.0001983643
.0002593994
.0006561279
.0004577637
-.0005645752
-.0009155273
-.0002136230
-.0002899170
.0002136230
-.0004730225
.0002593994
-.0003814697
.0002441406
.0011901855
.0025939941
-.0012512207
-.0037994385
-.0055084229
.0049896240
.0029144287
.0024566650
-.0038909912
.0035400391
.0111541748
.0026092529
-.0070648193
-.0020904541
-.0017852783
-.0025177002
.0007476807
.0031280518
.0012359619
.0013732910
-.0104980469
-.0070953369
.0032653809
.0023803711
-.0016021729
-.0055541992
-.0011291504
-.0012664795
.0007934570
-.0007476807
.0008392334
-.0006256104
.0004425049
.0003509521
-.0004425049
.0005950928
-.0005798340
.0005035400
-.0003967285
-.0002899170
.0004882813
-.0001983643
-.0002593994
-.0004119873
-.0004119873
.0003051758
-.0009155273
.0002288818
-.0003814697
-.0004119873
.0003356934
-.0028991699
.0004577637
-.0005187988
-.0013427734
-.0004272461
-.0004119873
.0003967285
-.0011749268
.0004882813
-.0043182373
.0015411377
-.0018005371
-.0016479492
.0003051758
.0005340576
-.0010223389
.0011138916
.0015411377
-.0020751953
.0029907227
.0070800781
.0236053467
.0088958740
-.0322875977
.0045166016
.0052032471
-.0039978027
-.0063018799
-.0064086914
.0073394775
-.0017547607
-.0021972656
-.0012207031
-.0010223389
.0011749268
-.0018768311
-.0040435791
.0016174316
.0009918213
.0008239746
.0007934570
-.0013732910
-.0010070801
-.0015411377
-.0015258789
.0004882813
-.0007019043
.0004577637
.0004730225
-.0004425049
-.0004577637
-.0004425049
.0003509521
-.0002441406
-.0005798340
.0002899170
-.0002441406
.0003356934
-.0002441406
-.0001525879
-.0002899170
-.0001678467
-.0001525879
.0006561279
-.0001220703
.0001678467
-.0001373291
.0001373291
-.0001831055
.0003509521
.0004425049
.0002136230
.0007019043
.0002288818
.0003051758
.0003356934
.0003509521
-.0011444092
.0003509521
-.0003814697
-.0005493164
-.0001831055
.0017852783
-.0003662109
-.0011138916
-.0005950928
.0010833740
-.0030670166
.0036468506
.0042877197
-.0031127930
.0035247803
.0019836426
.0008850098
.0025024414
.0017395020
.0026245117
-.0005798340
-.0066833496
-.0006256104
.0005645752
.0007019043
-.0005340576
.0004425049
.0005950928
.0012054443
-.0014495850
-.0012359619
-.0012664795
.0019836426
.0017547607
.0011138916
-.0005340576
-.0003509521
.0005187988
.0004119873
-.0003204346
.0003356934
.0002746582
-.0002136230
.0003356934
-.0002288818
-.0001678467
-.0001678467
-.0001678467
.0002288818
-.0001831055
-.0000915527
-.0001068115
.0001220703
-.0000762939
.0001068115
-.0001068115
-.0001220703
.0000915527
-.0001068115
.0001068115
-.0001220703
.0001373291
-.0000915527
.0001678467
.0000610352
-.0000915527
-.0000762939
-.0000762939
.0000915527
.0000762939
.0000610352
.0001220703
-.0005950928
.0000610352
-.0001220703
-.0004119873
.0000762939
-.0002136230
-.0009613037
.0032043457
.0028991699
.0040588379
.0031890869
.0032958984
.0020599365
.0008239746
-.0005493164
.0004882813
.0013275146
-.0003051758
.0003051758
-.0005187988
.0004730225
.0003814697
-.0002899170
.0003356934
-.0004425049
-.0002441406
-.0002593994
.0002136230
.0003356934
.0002136230
-.0002746582
.0005340576
-.0002441406
.0002441406
-.0002288818
-.0002288818
.0004730225
.0002288818
.0001831055
-.0001220703
.0001220703
.0001373291
.0001068115
.0002746582
.0001678467
-.0001373291
.0001525879
-.0001220703
.0001373291
-.0000762939
.0000915527
-.0000457764
-.0000610352
.0001068115
.0001983643
.0000610352
-.0000610352
-.0000915527
-.0000762939
.0001373291
.0000610352
.0001983643
.0000457764
.0000762939
-.0000762939
-.0000610352
.0001220703
.0000610352
.0000457764
.0001220703
.0000610352
.0000610352
-.0000610352
.0000610352
-.0000762939
.0004119873
-.0004272461
-.0002288818
.0001983643
.0004425049
-.0011901855
-.0001678467
.0002288818
.0001068115
-.0001525879
-.0001068115
-.0001220703
.0002746582
.0005340576
-.0008392334
.0001525879
-.0001831055
-.0001831055
.0001220703
.0003662109
.0002593994
-.0003051758
-.0001525879
.0003204346
.0001373291
-.0003204346
-.0001678467
.0001220703
-.0001220703
.0000762939
.0000610352
-.0000915527
.0000762939
.0000457764
.0001068115
-.0001068115
.0000457764
-.0000457764
.0000305176
-.0000457764
.0000305176
-.0000305176
.0000305176
-.0000305176
.0000305176
-.0000305176
.0000305176
.0000305176
-.0000305176
.0000305176
.0000305176
-.0000305176
.0000305176
-.0000305176
.0000152588
-.0000152588
.0000305176
-.0000305176
-.0000152588
.0000305176
.0000305176
-.0000152588
.0000305176
.0000305176
-.0000305176
.0001068115
