-.0000457764
-.0000457764
-.0000457764
.0033874512
-.0091857910
.0137329102
.0141143799
-.0106964111
-.0143585205
-.0132598877
-.0132141113
-.0152740479
-.0125579834
-.0141448975
-.0157165527
-.0148773193
-.0103302002
-.0121307373
-.0114135742
.0441284180
-.0609283447
.0305938721
.0436553955
.0441284180
.0325775146
.0388183594
-.0355987549
-.0253295898
-.0313873291
.0290527344
.0835723877
-.0539398193
-.0522003174
.0472869873
.0440216064
-.0404510498
-.0291137695
-.0410614014
.0311584473
-.0269317627
.0182495117
-.0202484131
-.0352325439
-.0413970947
.0424804688
.0328521729
-.0350494385
-.0211029053
-.0321807861
-.0308227539
-.0195312500
.0124969482
.0220794678
.0629119873
.0598449707
-.0434570313
-.0297088623
-.0347442627
.0298461914
.0238800049
.0264434814
.0292663574
-.0243835449
-.0245971680
-.0218505859
.0658416748
-.0531005859
.0213928223
.0286712646
.0309143066
-.0323181152
.0311737061
-.0320892334
-.0254364014
-.0236511230
.0336914063
-.0249481201
.0535125732
.0423126221
.0351409912
.0300750732
-.0260314941
-.0197143555
-.0293884277
.0251617432
-.0186309814
-.0199432373
-.0145416260
.0541076660
-.0471496582
.0316009521
.0332183838
.0225067139
-.0178985596
-.0328979492
-.0264434814
-.0206604004
.0146789551
.0253601074
.0410766602
.0526123047
.0436859131
.0466156006
.0457305908
.0258178711
-.0305023193
-.0428009033
-.0388946533
.0196380615
-.0269317627
.0160522461
.0585632324
-.0452575684
.0339660645
.0163574219
.0341491699
.0370025635
.0167999268
-.0300445557
-.0248413086
-.0234985352
-.0288238525
-.0606689453
-.0595550537
.0492553711
-.0412597656
.0368347168
-.0325927734
-.0168762207
-.0350494385
-.0279388428
-.0260925293
-.0261535645
-.0209045410
.0505676270
-.0352172852
.0281677246
.0347290039
.0247344971
-.0149078369
-.0294036865
-.0249786377
-.0174713135
.0142211914
.0186767578
.0758972168
.0562133789
.0407409668
-.0320434570
-.0281066895
-.0335083008
-.0220184326
.0340423584
-.0280914307
.0289459229
.0189056396
.0245513916
.0607147217
-.0467376709
-.0418701172
.0336608887
.0308074951
.0320434570
.0234222412
.0446472168
-.0379638672
-.0331726074
-.0377655029
.0620727539
-.0399627686
-.0410308838
-.0399475098
.0402526855
.0355834961
-.0323181152
.0311584473
-.0305023193
.0387725830
-.0261230469
.0301208496
.0537414551
-.0577850342
.0239562988
.0418090820
.0402832031
-.0391235352
-.0370483398
-.0413513184
-.0335693359
.0280914307
-.0385589600
-.0561981201
-.0571746826
-.0450286865
.0359344482
-.0320892334
-.0336303711
-.0282135010
-.0324401855
.0258026123
-.0208740234
.0225372314
.0280609131
-.0635986328
.0406951904
-.0473480225
-.0393218994
.0328826904
.0320281982
.0285949707
.0277709961
.0388183594
-.0209503174
-.0234527588
.0294799805
.0517730713
-.0453186035
-.0485534668
.0368804932
.0371551514
-.0293121338
-.0344238281
.0290374756
.0267333984
.0227050781
-.0290985107
.0591735840
-.0471954346
.0228729248
.0394897461
.0317687988
.0219116211
-.0325469971
-.0314636230
-.0403594971
.0259704590
.0334014893
-.0640563965
.0444335938
-.0398712158
.0302429199
.0393066406
.0256805420
-.0216369629
-.0247344971
-.0227813721
-.0209045410
.0265197754
.0264739990
-.0611572266
-.0527496338
-.0455169678
.0299987793
.0189819336
.0289764404
-.0198669434
.0265502930
-.0267639160
-.0272369385
-.0317993164
.0478515625
.0457305908
-.0327453613
.0446777344
.0294494629
.0310211182
-.0194854736
.0219116211
-.0319519043
.0338287354
.0325164795
-.0276184082
.0550994873
-.0555267334
.0339355469
.0478210449
.0383148193
.0351562500
-.0391387939
-.0356750488
-.0333404541
-.0266723633
-.0319671631
.0217437744
-.0483245850
.0485992432
-.0367736816
-.0364837646
.0275573730
.0304565430
-.0309753418
.0302734375
.0239410400
.0208740234
.0151062012
.0564727783
-.0412597656
-.0430603027
.0281066895
.0457916260
.0322418213
.0227508545
.0218658447
-.0352935791
-.0242919922
-.0272216797
-.0265655518
-.0529937744
-.0638885498
-.0404052734
.0416564941
-.0396270752
-.0290374756
.0315704346
-.0307006836
-.0256500244
-.0325012207
.0342102051
.0608215332
-.0387115479
-.0304718018
.0407104492
.0353088379
-.0269775391
-.0254669189
-.0352630615
-.0247650146
-.0244598389
-.0180816650
-.0223236084
.0422973633
.0385894775
.0356140137
-.0296020508
-.0350341797
.0320281982
-.0329589844
.0212554932
-.0242309570
.0199890137
-.0183563232
-.0595855713
.0373840332
-.0466918945
-.0289154053
-.0373382568
.0273437500
.0316925049
.0293273926
.0227050781
.0299682617
-.0408630371
-.0319519043
.0550537109
-.0411071777
.0329132080
-.0417480469
-.0197601318
.0308990479
-.0320129395
-.0349426270
.0317993164
-.0318756104
-.0181579590
-.0539398193
.0425262451
-.0446319580
.0427551270
.0395355225
.0386657715
-.0308837891
-.0264282227
-.0336456299
-.0314331055
-.0283813477
.0860748291
-.0496063232
-.0346069336
.0320129395
-.0276794434
.0252532959
-.0351562500
-.0347595215
-.0342102051
-.0296630859
-.0234680176
-.0228271484
.0317840576
.0475921631
-.0447998047
-.0485229492
-.0496978760
-.0462646484
.0370178223
.0328216553
.0261535645
.0273284912
-.0262145996
-.0341644287
-.0689697266
-.0449829102
-.0433654785
-.0444488525
.0362396240
.0339355469
.0254821777
-.0296020508
-.0285797119
-.0346679688
.0222930908
.0528717041
-.0431365967
-.0299835205
.0374908447
.0363464355
-.0335540771
.0233917236
-.0438537598
-.0482482910
.0298004150
-.0456695557
.0610198975
.0483245850
-.0355682373
.0301818848
.0349426270
-.0302276611
.0278778076
.0272216797
-.0252685547
.0325317383
.0162506104
-.0218811035
.0547790527
.0355072021
-.0220184326
-.0376739502
.0336914063
.0181732178
.0234069824
.0313720703
.0342407227
-.0350341797
-.0382995605
-.0385131836
.0484313965
-.0410461426
.0317687988
.0486145020
.0286865234
-.0189819336
-.0333404541
.0301055908
.0274353027
.0244750977
-.0301361084
-.0573577881
.0321502686
-.0453796387
-.0225830078
.0341033936
.0408325195
.0190582275
-.0392150879
-.0454711914
-.0303649902
-.0343780518
-.0633239746
-.0368194580
.0439758301
.0376739502
.0435180664
.0404205322
.0229339600
.0272979736
-.0204925537
.0148773193
-.0173492432
-.0175170898
.0583343506
.0356445313
-.0490722656
-.0430450439
-.0374298096
.0373840332
.0423889160
-.0216217041
.0433349609
-.0284729004
-.0319671631
-.0379028320
.0552368164
-.0485992432
-.0428009033
.0378265381
.0445709229
.0366973877
-.0273284912
.0382232666
-.0299530029
.0348510742
.0252227783
.0592651367
-.0533599854
-.0252227783
.0322265625
.0254058838
.0283966064
-.0235137939
-.0271453857
-.0179901123
-.0238800049
-.0339508057
.0210723877
-.0570068359
.0525512695
.0407104492
.0351257324
-.0274353027
-.0318145752
-.0346984863
-.0245513916
-.0340881348
.0263214111
.0239562988
.0536651611
.0410461426
-.0458679199
.0303344727
-.0289611816
.0310363770
.0328826904
.0297851563
-.0379180908
-.0228576660
-.0259246826
.0430297852
-.0384216309
-.0372009277
.0296478271
.0318145752
.0288085938
-.0266876221
.0214843750
.0291442871
-.0319061279
-.0331878662
-.0337524414
.0606842041
.0380859375
-.0409851074
-.0497283936
.0272827148
.0457153320
.0373840332
.0282135010
-.0348358154
-.0304107666
-.0254211426
-.0194549561
-.0472412109
.0441131592
.0331268311
.0414733887
.0372467041
-.0287170410
.0250091553
-.0311279297
-.0336914063
.0302276611
-.0237121582
.0426177979
.0379333496
-.0507049561
-.0434112549
.0212707520
-.0288543701
.0319366455
.0311126709
-.0259704590
-.0223236084
-.0128784180
-.0261688232
-.0539703369
-.0484161377
-.0464019775
-.0477142334
-.0459899902
-.0371246338
-.0381927490
-.0231170654
-.0366363525
.0226135254
-.0231323242
.0523834229
-.0428619385
-.0322418213
-.0334472656
.0218353271
-.0257568359
.0309753418
.0217895508
-.0149841309
-.0252380371
-.0296325684
-.0293579102
-.0456390381
.0418395996
.0304718018
.0257263184
-.0229949951
-.0268249512
-.0234985352
.0250549316
.0247650146
-.0227966309
-.0184936523
.0417480469
.0379486084
-.0405731201
-.0371093750
.0255279541
.0302276611
.0320129395
.0239868164
.0327911377
-.0308837891
-.0258331299
-.0292205811
.0490264893
.0466156006
.0471191406
.0443115234
.0301818848
.0381469727
-.0233612061
-.0369567871
-.0310668945
.0348815918
.0310974121
-.0541229248
.0276031494
-.0415954590
-.0425415039
.0355834961
.0341796875
.0413818359
.0389404297
-.0285034180
-.0294189453
-.0270996094
-.0231018066
-.0512084961
.0401611328
.0403442383
.0388183594
.0317840576
.0300598145
-.0283508301
-.0294799805
-.0340881348
-.0286865234
-.0212707520
.0509796143
.0356903076
-.0282745361
-.0281829834
-.0399017334
.0306091309
.0364837646
.0259399414
.0240631104
.0203857422
-.0257568359
-.0198974609
-.0480804443
-.0521087646
.0457153320
-.0489044189
-.0508422852
.0399475098
-.0353393555
-.0455932617
.0303192139
.0292968750
-.0276794434
.0652008057
.0411529541
-.0458831787
.0328979492
-.0321960449
.0338592529
.0298156738
.0281982422
-.0302124023
-.0208892822
-.0177307129
-.0286560059
-.0540618896
-.0471649170
.0328521729
.0287933350
.0307922363
-.0243072510
-.0300140381
.0238800049
-.0230865479
-.0206909180
-.0187988281
.0405120850
.0374145508
-.0342559814
-.0253753662
-.0301971436
.0243682861
.0311126709
.0323333740
.0202636719
.0255279541
-.0295257568
.0224304199
-.0529785156
-.0450897217
.0343170166
-.0393066406
.0293884277
.0265808105
-.0249328613
-.0325012207
.0308074951
-.0274658203
.0279693604
.0498962402
-.0442810059
-.0385284424
-.0497283936
.0384826660
-.0319061279
.0317230225
.0294189453
.0274505615
.0403442383
-.0214538574
-.0235900879
-.0624542236
-.0565185547
.0363616943
.0266876221
.0339050293
.0301818848
-.0281219482
-.0291442871
.0289154053
.0331420898
.0203857422
-.0247650146
-.0521850586
.0506134033
.0508880615
-.0439300537
-.0519561768
-.0457305908
-.0417938232
.0333557129
.0258483887
.0289306641
.0250854492
-.0568237305
.0466308594
-.0482788086
-.0388641357
-.0390014648
-.0295562744
-.0273437500
.0215759277
-.0228118896
-.0287475586
-.0235137939
.0414886475
.0379028320
.0291442871
-.0399932861
-.0288391113
.0251007080
.0181274414
.0415191650
.0408477783
-.0378723145
-.0303955078
-.0298461914
-.0532226563
-.0442810059
-.0408172607
-.0362548828
.0318908691
-.0249328613
-.0181427002
.0243072510
-.0332489014
-.0251464844
.0308380127
.0242156982
.0402374268
-.0336761475
-.0411682129
-.0391998291
-.0237884521
.0322113037
.0398864746
-.0362548828
-.0358734131
.0272064209
-.0310821533
-.0472717285
-.0470123291
-.0576324463
-.0406646729
-.0369262695
.0237579346
.0308074951
.0290832520
.0268707275
-.0208587646
-.0280456543
.0501403809
-.0235137939
-.0448150635
.0292053223
.0302429199
.0423431396
.0217742920
.0596008301
-.0325775146
-.0349731445
-.0447692871
-.0301666260
-.0640106201
-.0440979004
-.0319976807
.0403442383
.0455017090
.0267486572
.0262298584
.0272369385
-.0250244141
-.0206451416
-.0125122070
-.0277404785
.0420989990
.0441589355
-.0496826172
-.0537719727
-.0597686768
-.0519409180
.0378417969
.0310363770
.0301055908
.0207672119
-.0249938965
-.0693817139
.0458374023
-.0471496582
-.0388488770
-.0350341797
.0339660645
.0312805176
.0291290283
-.0302734375
-.0363922119
-.0289001465
.0495452881
.0407104492
-.0275421143
-.0514373779
-.0309295654
.0274047852
.0362396240
.0385742188
.0404510498
-.0413513184
-.0389556885
-.0313568115
-.0513458252
-.0459442139
.0410156250
.0326385498
.0401000977
.0290374756
-.0275573730
.0221862793
-.0291900635
-.0175933838
-.0207061768
.0303497314
.0302276611
-.0489501953
-.0366210938
-.0425109863
-.0165252686
.0226135254
.0873107910
.0519714355
-.0404357910
-.0322113037
-.0289611816
-.0489349365
-.0298004150
-.0318908691
.0249633789
.0287322998
-.0216674805
-.0130004883
-.0247039795
.0198822021
-.0142517090
-.0201873779
-.0460052490
.0456237793
.0459442139
-.0257415771
-.0361785889
-.0253906250
-.0257110596
.0373382568
.0330657959
.0310821533
-.0282897949
-.0247039795
.0408782959
-.0475463867
-.0469360352
-.0419769287
-.0496368408
-.0182342529
.0288391113
.0242156982
-.0180969238
.0253143311
.0112152100
.0386199951
-.0333862305
.0434570313
-.0519561768
-.0385894775
.0377960205
.0392456055
.0493774414
-.0212860107
.0429687500
-.0239410400
.0430145264
-.0277099609
.0344696045
.0304718018
.0369720459
.0402984619
-.0220031738
.0363159180
-.0254669189
.0404510498
-.0287322998
.0308380127
-.0275878906
.0309295654
.0335845947
.0276489258
.0284271240
.0337677002
.0361175537
-.0151519775
.0233917236
-.0180969238
.0253906250
-.0152282715
.0159912109
.0144653320
.0193023682
.0167999268
.0099029541
-.0081024170
.0071105957
.0090637207
-.0043487549
.0065460205
-.0038146973
.0055541992
.0032958984
.0023040771
.0023040771
.0026702881
.0027160645
-.0017700195
.0015258789
-.0008239746
.0013275146
.0006256104
.0007171631
-.0005493164
.0006866455
.0006103516
.0004272461
-.0518188477
