.0000610352
.0000610352
-.0000457764
-.0000457764
-.0000762939
-.0000762939
-.0001068115
-.0000915527
-.0000762939
.0000762939
-.0001983643
-.0033264160
.0091857910
.0119934082
-.0168151855
-.0261230469
-.0138702393
.0227508545
-.0349731445
-.0493927002
-.0419311523
.0618438721
-.0440063477
.0269165039
.0262145996
-.0332489014
.0197143555
-.0214843750
.0355224609
.0182647705
-.0189361572
.0175018311
-.0159149170
.0159759521
.0074920654
-.0061798096
.0062561035
.0041198730
-.0071411133
.0037078857
.0038909912
-.0027618408
-.0021820068
-.0019378662
-.0014495850
-.0016326904
-.0010223389
-.0010375977
.0010681152
.0005950928
-.0006408691
-.0006561279
.0005340576
-.0005340576
.0000610352
-.0000457764
-.0000610352
.0000610352
-.0000610352
.0000457764
-.0000457764
-.0000457764
-.0000457764
-.0000610352
-.0001220703
.0003051758
-.0017547607
-.0034484863
-.0042419434
-.0069885254
-.0106658936
-.0147552490
-.0163574219
-.0151367188
.0192260742
.0303344727
-.0469055176
-.0257110596
-.0234832764
.0139007568
.0146789551
.0088348389
.0124206543
-.0105590820
-.0117340088
-.0117797852
-.0101013184
-.0046997070
.0033416748
-.0038452148
-.0032348633
.0025329590
-.0042114258
-.0030975342
-.0020599365
.0017089844
.0016479492
.0012817383
-.0012512207
-.0012817383
-.0008544922
-.0006256104
-.0005950928
.0005798340
.0003814697
-.0000610352
-.0000762939
.0001220703
-.0000762939
.0000610352
.0000915527
-.0000762939
.0000915527
.0000915527
-.0000762939
-.0001068115
.0000915527
-.0001220703
-.0022430420
-.0034332275
.0018005371
.0023498535
.0016021729
.0009613037
-.0010986328
-.0004577637
-.0005645752
.0004425049
.0004577637
.0004272461
.0004119873
-.0003204346
-.0000457764
-.0000610352
-.0000610352
-.0000305176
-.0000762939
-.0000457764
-.0000305176
-.0000610352
.0000305176
-.0000457764
.0006103516
-.0032043457
.0067291260
-.0093078613
.0094146729
-.0104980469
.0148315430
.0281219482
-.0122985840
.0247497559
.0202636719
-.0485839844
-.0478057861
-.0312500000
-.0302429199
.0293884277
.0310974121
.0183258057
-.0169067383
-.0158233643
-.0144500732
.0129394531
.0108032227
-.0186309814
-.0101318359
.0059967041
-.0051269531
-.0036468506
-.0031890869
.0023345947
-.0030212402
.0024566650
.0023498535
.0014953613
.0012817383
-.0008239746
-.0009002686
.0010223389
-.0008239746
.0006256104
.0006408691
.0005645752
.0006866455
-.0006256104
-.0003814697
-.0004119873
-.0004119873
-.0001983643
-.0000457764
-.0000610352
-.0000610352
-.0000762939
.0000610352
-.0000915527
-.0000610352
-.0000610352
-.0002288818
.0028686523
-.0044860840
.0043029785
.0072784424
.0183715820
-.0289459229
-.0520172119
-.0423889160
-.0613555908
-.0762634277
.0919494629
-.0690765381
-.1294250488
.1032104492
-.1273803711
.0764770508
.0886383057
-.0543518066
-.0573577881
-.0463562012
.0418395996
-.0419921875
.0350799561
.0493164063
.0277252197
.0249023438
-.0179290771
.0121612549
-.0112304688
.0079803467
-.0082702637
.0049591064
-.0052490234
.0031890869
-.0038299561
-.0021972656
.0016174316
.0030975342
-.0015258789
-.0016174316
.0007476807
-.0015716553
-.0014190674
.0006866455
.0005645752
-.0006866455
-.0009002686
-.0006408691
-.0002441406
-.0002593994
.0001525879
.0003204346
.0003967285
.0003967285
-.0002746582
-.0002288818
-.0002136230
-.0001525879
-.0003051758
-.0002593994
-.0003967285
.0003356934
.0002899170
-.0122222900
.0247650146
-.0480346680
.0542297363
-.0712127686
-.1109161377
.1683654785
.1758575439
-.1476287842
-.1471710205
.1170501709
-.1206970215
.0758361816
-.0434875488
.0555267334
-.0385894775
.0241699219
.0267486572
-.0203094482
.0106048584
-.0112304688
-.0089416504
.0076446533
.0068817139
-.0055694580
.0062103271
-.0039978027
-.0034637451
.0033874512
.0027465820
.0013427734
.0019226074
.0012512207
-.0012512207
.0010986328
.0010528564
-.0011138916
.0007629395
-.0011596680
.0008087158
-.0004425049
-.0004882813
-.0003204346
-.0003814697
.0027923584
-.0023956299
-.0019378662
.0010681152
-.0008392334
-.0008850098
-.0010070801
.0234527588
-.0462036133
.0573272705
.1397094727
-.0804748535
.1376647949
-.1582946777
-.1325683594
-.1257019043
.1107940674
.0843963623
-.0986328125
.1203765869
.1018066406
-.1070404053
.0644226074
.1053314209
.0738372803
.0642700195
-.0339508057
-.0558776855
-.0257415771
.0219421387
-.0166625977
.0110168457
.0114440918
-.0069274902
-.0070800781
.0072631836
-.0037994385
-.0041503906
-.0044708252
-.0040588379
.0021362305
.0021972656
.0020751953
-.0015869141
-.0016784668
-.0010070801
-.0010070801
-.0009155273
.0007019043
.0005645752
-.0011596680
-.0005645752
-.0009918213
.0005187988
.0003967285
-.0006256104
-.0003814697
-.0004425049
-.0004119873
.0002899170
-.0002746582
-.0003509521
-.0002746582
-.0002136230
-.0002136230
.0002136230
-.0001678467
-.0002593994
-.0001678467
-.0001678467
-.0001983643
-.0001983643
-.0003051758
-.0002899170
-.0003814697
.0073394775
.0152740479
.0346679688
.0511016846
-.0818481445
.0944061279
-.0956878662
.0675659180
-.0970611572
-.1343383789
.1050109863
-.0749206543
-.0612487793
.0260314941
.0252227783
-.0279541016
.0233459473
-.0185699463
.0125579834
-.0110626221
.0085906982
-.0068206787
-.0047607422
.0050964355
.0034332275
-.0025329590
-.0025329590
-.0018920898
-.0018005371
.0015106201
.0022430420
-.0014495850
-.0012817383
-.0009155273
-.0006408691
-.0007171631
.0006713867
-.0005950928
-.0004577637
-.0004882813
.0000762939
-.0001373291
-.0001068115
-.0000762939
-.0000762939
-.0001525879
-.0001068115
-.0001068115
-.0001525879
-.0001068115
-.0001220703
-.0058898926
-.0137329102
.0337677002
.0300445557
.0617218018
.0330810547
.0647583008
-.0503845215
-.0542602539
-.0604248047
-.0538635254
.0396118164
-.0291900635
.0208435059
-.0193786621
-.0119934082
.0088348389
-.0047760010
-.0048065186
-.0055694580
-.0063934326
-.0047912598
-.0035247803
-.0033569336
-.0021209717
-.0013275146
-.0015716553
.0021362305
-.0013580322
.0007781982
-.0010986328
-.0007629395
.0009765625
.0005340576
-.0005187988
.0004119873
-.0003509521
-.0004119873
.0002136230
-.0000610352
-.0000457764
-.0000610352
-.0000915527
-.0000457764
-.0000457764
-.0000610352
-.0000457764
-.0000457764
-.0000610352
-.0000610352
-.0023040771
-.0062713623
.0087890625
.0106658936
-.0123138428
-.0305938721
-.0460968018
-.0570526123
-.0850830078
-.1092376709
-.0869598389
.0961761475
.0769500732
.0615386963
-.0420379639
-.0279846191
-.0342559814
.0371704102
.0263061523
-.0304260254
.0292510986
.0171508789
-.0129547119
.0134429932
-.0106353760
.0079345703
.0057373047
-.0052642822
-.0051879883
.0037841797
-.0035400391
.0031890869
-.0027465820
.0024414063
.0014648438
-.0016174316
-.0012054443
-.0015563965
-.0016632080
.0012817383
.0007476807
.0008392334
.0007324219
-.0004119873
-.0005493164
-.0004577637
-.0005340576
-.0003967285
.0002593994
-.0001983643
.0003967285
.0002441406
.0001983643
-.0002288818
.0012359619
-.0010986328
-.0010070801
-.0010070801
-.0005187988
-.0004730225
-.0006103516
-.0014495850
.0027618408
.0063323975
-.0045013428
-.0064086914
.0115509033
-.0053253174
.0189971924
-.0085296631
.0137023926
.0300750732
.0102691650
-.0086517334
.0204925537
-.0189056396
.0097961426
-.0120239258
.0250549316
.0304870605
-.0121917725
.0120544434
-.0065307617
-.0116729736
.0111389160
.0094604492
.0170135498
.0238952637
.0125427246
.0116271973
-.0109252930
.0187377930
.0091857910
-.0086212158
-.0045471191
.0055084229
.0046997070
.0049591064
.0027008057
-.0016784668
.0015563965
-.0021667480
.0017700195
.0016632080
-.0018920898
.0031127930
-.0028228760
.0024871826
.0019531250
-.0021209717
.0018615723
-.0010528564
-.0014343262
-.0008239746
.0012969971
-.0013885498
-.0021972656
.0026092529
.0024108887
-.0016326904
-.0017852783
.0129394531
.0075988770
-.0056610107
.0302581787
-.0144805908
.0263366699
.0265808105
-.0310974121
-.0223388672
-.0411834717
.0214996338
.0182800293
.0167694092
-.0159912109
.0075683594
.0114746094
-.0082397461
.0086059570
-.0069274902
.0077514648
-.0038604736
-.0037536621
.0022125244
.0030517578
.0018005371
.0018310547
.0011749268
-.0017395020
-.0007324219
-.0010986328
.0010528564
-.0004577637
.0006866455
.0005187988
-.0005340576
-.0007629395
-.0005645752
-.0003967285
-.0004425049
-.0003814697
-.0003814697
-.0002746582
-.0003814697
-.0003662109
-.0002746582
-.0001831055
-.0001678467
.0002441406
.0001678467
-.0001983643
-.0002746582
-.0003509521
.0386505127
.0797729492
.0793914795
-.0433654785
-.0991363525
.0339660645
-.0740966797
.0650939941
.1247406006
.0884399414
.0495910645
.0374755859
.0314483643
.0237121582
-.0326690674
.0180664063
-.0224761963
.0135803223
.0113372803
-.0059814453
-.0073852539
-.0035247803
-.0046997070
.0029296875
-.0025482178
-.0034942627
-.0020294189
.0019683838
.0018768311
-.0016479492
.0012207031
.0011444092
-.0008544922
.0008087158
-.0009002686
-.0006713867
.0007019043
-.0006256104
-.0006408691
-.0003814697
-.0005798340
.0003509521
.0005493164
-.0002136230
-.0002441406
-.0002746582
-.0002441406
-.0003051758
-.0002136230
-.0002593994
-.0001678467
.0015869141
.0175628662
.0441131592
.0739135742
.0785217285
.1524047852
.0672912598
.1424713135
.1200714111
.0569458008
-.0378265381
-.0394744873
.0162658691
.0158843994
-.0136413574
-.0120544434
.0094604492
-.0058441162
.0088958740
-.0048217773
.0048217773
-.0044860840
-.0031127930
-.0029602051
-.0030822754
-.0016021729
.0021209717
-.0021667480
-.0014801025
-.0009765625
-.0006408691
-.0008697510
.0009155273
.0006408691
-.0004577637
-.0005340576
-.0006103516
-.0003814697
-.0003509521
-.0002899170
-.0003814697
-.0001983643
-.0003204346
.0002441406
.0003814697
.0176696777
.0429229736
.0891571045
.1196899414
.1745452881
.1378631592
.1507263184
.1218719482
.1701965332
.1129913330
.1191864014
.1628875732
.0411987305
-.0280761719
.0187835693
.0216979980
-.0124206543
.0100708008
-.0097808838
-.0076599121
-.0075531006
.0030212402
-.0067291260
.0030975342
.0039672852
.0026245117
-.0024719238
.0033569336
.0015563965
-.0021209717
.0012359619
-.0012054443
.0009155273
-.0009307861
-.0007934570
-.0005798340
-.0008087158
.0006713867
.0120697021
.0314025879
.0499725342
.1529388428
.2210083008
.2079315186
.2259063721
.2140350342
.1342010498
-.0695648193
.0840759277
.0275878906
-.0246276855
.0188140869
-.0183258057
.0146331787
-.0115661621
-.0104370117
.0061187744
.0066375732
-.0047760010
-.0063171387
.0035095215
.0037994385
-.0026092529
.0023651123
-.0027465820
-.0017547607
.0015411377
-.0013580322
-.0010070801
-.0011596680
-.0007934570
.0007629395
.0004272461
.0001525879
-.0001220703
-.0001373291
-.0000762939
.0000915527
-.0000915527
-.0000610352
-.0000915527
-.0001678467
-.0000915527
-.0001220703
.0000915527
.0001068115
-.0001220703
-.0001220703
-.0052032471
-.0241851807
-.0391387939
-.0688934326
.0997314453
.1446533203
.1370697021
.1050262451
-.0864868164
-.0402832031
.1177215576
.0545806885
-.0318756104
.0251770020
.0161285400
.0190734863
.0151824951
.0120239258
.0093688965
-.0072174072
.0092163086
-.0084381104
-.0077056885
.0041198730
.0036468506
.0028228760
-.0026092529
.0034790039
.0102691650
.0148620605
.0142211914
.0205078125
.0140991211
.0043792725
.0027160645
-.0025177002
-.0015106201
.0012359619
.0011291504
-.0009460449
-.0009002686
-.0010681152
-.0008697510
-.0009155273
.0003509521
-.0004119873
-.0001831055
-.0001983643
.0001678467
.0001220703
.0001068115
.0001068115
-.0001220703
-.0001983643
.0028533936
.0151519775
.0286407471
.0620880127
.0848693848
.1065368652
.0731353760
.0211486816
.0091857910
.0105133057
-.0076599121
.0039978027
.0048675537
-.0036315918
-.0032348633
-.0033874512
-.0032348633
.0026702881
-.0021362305
-.0011138916
.0013580322
.0010833740
-.0010223389
.0007781982
.0005950928
.0007171631
.0005340576
-.0005493164
-.0004119873
.0003967285
-.0004577637
-.0004119873
-.0005340576
.0003051758
.0003051758
.0002288818
-.0003356934
-.0002593994
-.0003509521
-.0002441406
.0049133301
.0158386230
.0450744629
.1264190674
.1794433594
-.0717010498
-.0725708008
-.0920562744
-.1230316162
.0418090820
-.1985321045
.1212310791
.1186523438
.0327606201
-.0159606934
.0161132813
.0156860352
-.0099334717
.0087280273
-.0086212158
-.0053710938
.0068969727
-.0047607422
-.0032958984
-.0037689209
-.0024871826
.0021057129
-.0014953613
.0029144287
.0015411377
.0017089844
-.0012664795
-.0013885498
.0009765625
-.0004730225
.0008239746
.0007476807
.0007019043
-.0005340576
.0003814697
-.0004425049
.0000762939
-.0001373291
-.0000762939
-.0000610352
-.0000762939
-.0001068115
.0001068115
-.0001983643
.0071411133
.0121307373
.0164031982
.0207824707
.0397338867
.0440216064
.0494079590
-.0151977539
.0142211914
-.0075836182
.0056304932
.0036468506
.0022583008
-.0027160645
-.0024414063
.0018310547
.0016632080
-.0013885498
.0013122559
-.0009765625
.0008239746
-.0006713867
