-.0000305176
-.0000457764
.0000305176
-.0000305176
-.0000305176
-.0000305176
.0000305176
.0000305176
.0000305176
-.0000305176
.0000305176
.0000457764
.0000457764
.0000457764
.0000610352
.0007171631
-.0058441162
.0671386719
-.1160125732
.1475372314
-.1540069580
-.1306304932
-.1745300293
-.1502075195
-.1661529541
-.1666412354
-.1477355957
-.1594696045
-.1556243896
-.1499481201
-.0673675537
-.0759277344
-.1123046875
-.1112823486
.0835418701
.0495147705
.0504608154
.0510864258
.0339202881
.0372924805
-.0343780518
-.0307312012
-.0477294922
.0675201416
.0252532959
.0163726807
.0203094482
.0121765137
-.0147094727
-.0467224121
-.0842437744
-.1467742920
-.1602935791
.1023406982
-.1433410645
-.1829071045
.1609954834
-.1856994629
-.1954956055
-.1771697998
-.1628570557
-.1622772217
-.1679229736
.1690216064
-.1130065918
-.0724029541
.1481170654
-.0848541260
.0732269287
-.1141204834
.0921020508
-.0447998047
.0272674561
.0504302979
-.0335540771
-.0315551758
.0210418701
.0229644775
-.0287780762
.0343627930
-.0317687988
.0156250000
-.0084991455
.0069122314
.0059509277
.0043945313
-.0083007813
-.0281677246
-.0328369141
-.1013488770
.1295318604
-.1022186279
-.0517425537
-.1685180664
.1156311035
-.1372070313
-.0617828369
.1289825439
-.1231079102
-.0793304443
-.0783996582
.0637207031
-.0449218750
-.0153961182
-.0316009521
.0194854736
.0212402344
.0297851563
-.0328826904
-.0426635742
-.0625762939
.0431823730
-.0426483154
.0579376221
-.0545349121
-.0754394531
.0628967285
-.0940704346
-.0898284912
.0723876953
-.0625000000
-.0750274658
-.0767211914
.0714111328
-.0645446777
-.0405426025
-.0666046143
-.0498504639
-.0382232666
-.0211486816
.0354461670
-.0563659668
-.0614929199
-.0641174316
-.1106567383
.0809631348
-.1136627197
.0969238281
-.0886688232
.0878448486
-.0913391113
.0861053467
.0458068848
.0330352783
-.0415039063
.0224914551
-.0245971680
.0317840576
-.0307922363
.0411682129
.0470275879
.0451507568
-.0465240479
.0416259766
.0529479980
.0534057617
-.0518646240
.0531616211
.0683898926
-.1330261230
-.1936950684
-.1786193848
.1497955322
-.1541442871
-.1764373779
-.1814117432
-.1708984375
-.1608734131
.1323089600
.0919342041
-.1242980957
.1495666504
-.1180267334
.1556549072
.1486663818
-.1341247559
-.1501312256
.1815338135
-.1650848389
-.1639099121
-.1715240479
.1564025879
.0834960938
-.1695861816
-.1407623291
-.1098632813
-.0773162842
-.1129760742
-.1510772705
.1084899902
-.0717620850
-.0597229004
-.0848693848
-.0480651855
-.0807037354
-.0679473877
-.0942382813
-.0864715576
-.0775756836
-.0789489746
-.0816955566
-.0375823975
.0425415039
-.1314544678
-.1484375000
-.1582489014
.1397857666
.1471099854
.1496734619
-.1748199463
-.1585998535
-.1697235107
-.1636505127
-.1775817871
-.1333160400
-.0757446289
-.1385955811
.0869750977
-.0827026367
.0531005859
-.0567932129
.0422058105
.0283355713
.0437164307
-.0427093506
.0356445313
.0494537354
-.0378723145
-.0432891846
.0279235840
.0068054199
.0133819580
-.0081176758
-.0422515869
.1347808838
-.1764678955
-.1795196533
.1657104492
.1999206543
-.1585083008
.1781158447
.1779785156
.1878814697
-.1641998291
-.1752014160
.1550292969
-.1632995605
-.1695098877
-.1709594727
-.1555480957
.0618286133
.1080169678
-.1184997559
-.0513610840
-.1138763428
-.1060638428
-.0336151123
.0293884277
.0329132080
-.0440673828
-.0309295654
-.0529785156
.0404663086
-.0308380127
.0175933838
.0161132813
.0183105469
-.0133514404
.0241699219
.1098785400
-.1415252686
-.1425628662
-.1486816406
-.1551208496
-.1464080811
-.1609649658
-.1432189941
-.1430358887
-.1486053467
-.1481933594
-.1441040039
-.1504058838
-.1255340576
-.0597229004
.0718078613
.0969848633
-.0606689453
.0950164795
-.0497741699
-.0450439453
-.0191650391
-.0288238525
-.0222930908
-.0205535889
.0269317627
.0301971436
.0121765137
.0198059082
.0112915039
-.0095520020
-.0061187744
-.0079040527
-.0047760010
-.0997314453
-.1420898438
.1422729492
-.1629943848
-.1549682617
.1889190674
-.1582336426
-.1806488037
.1638336182
.1344757080
.1377410889
-.1417236328
.1436309814
-.1384887695
-.1526031494
-.1552124023
-.1618347168
-.1281433105
.0875091553
-.0794372559
-.1103973389
.0746917725
-.0401000977
-.0553588867
-.0337219238
.0248413086
.0482788086
-.0372924805
-.0263366699
.0430603027
-.0225219727
-.0112457275
-.0120697021
-.0098724365
.0401306152
.1018829346
-.1682128906
-.2006988525
-.1754760742
-.1827545166
-.1657562256
-.2161254883
-.1984710693
-.2080078125
-.1422576904
-.1434020996
.1256713867
-.1124725342
-.1506805420
-.1580352783
-.1030731201
-.0619506836
-.0997467041
.0550842285
.0776824951
-.0630187988
-.0638732910
-.0665283203
-.0658874512
.0353393555
-.0516052246
-.0599365234
-.0593109131
.0630645752
-.0455169678
.0646514893
-.0689086914
.0317382813
-.0688629150
-.1241760254
.1480865479
.1505126953
-.1631622314
-.1621246338
-.1919250488
-.1547546387
-.1353302002
-.1492614746
.1445465088
-.1703948975
-.1422271729
-.1487884521
-.1665191650
-.1555023193
-.0658264160
.0764007568
-.1104583740
-.0827484131
-.0403442383
-.0490264893
.0364685059
-.0173950195
-.0362701416
.0350036621
-.0201721191
.0242004395
.0151672363
.0159454346
.0270690918
.0167694092
.0152587891
.0117492676
.0047149658
.0066070557
.0140380859
.1166381836
-.1541442871
-.1869506836
-.0627899170
-.1474304199
-.1778869629
.1635437012
-.1749420166
.1697387695
.1712493896
-.1821136475
-.1754760742
.1618652344
-.1696472168
-.0922698975
-.1580352783
-.1509094238
.1111450195
-.1182556152
-.0417327881
-.0735931396
-.0245361328
.0714263916
-.0439910889
-.0297851563
-.0210113525
.0214843750
.0271301270
.0438537598
-.0225524902
.0128631592
.0111846924
-.0116577148
.0088348389
-.0496368408
.0813598633
-.1898803711
-.1632385254
-.1541442871
.1781768799
-.1869659424
-.1632690430
-.1841735840
-.1742095947
-.1753540039
.1716461182
.1686096191
.1693420410
-.1075897217
.0641174316
-.1419067383
.0512542725
.0962524414
.0957183838
.0411987305
.0691833496
.0437774658
.0285949707
.0220031738
.0253143311
-.0296783447
-.0336303711
.0193176270
-.0366821289
.0183410645
-.0274200439
.0153350830
-.0199890137
.0181427002
.0802917480
.1512298584
.1659851074
-.1720123291
-.1797637939
.2143402100
-.1284332275
.1963043213
.0298004150
.1844329834
-.1803283691
-.1821594238
.1784210205
-.1817016602
-.1651000977
-.1549987793
-.0968627930
-.1216125488
-.0980224609
-.0693359375
-.0881347656
.0491638184
.0243225098
.0361480713
-.0259246826
-.0257568359
.0168914795
.0179138184
-.0256347656
.0332183838
-.0255279541
-.0150146484
.0079345703
.0139923096
.0097351074
.0070495605
-.1331481934
.1815032959
-.2157592773
-.1342926025
-.2012786865
-.1234436035
-.1802673340
-.1771850586
.1638641357
-.1521148682
-.1520690918
-.1866455078
-.1859436035
.2026367188
-.1702423096
-.1695251465
-.0832824707
.0952911377
-.0708618164
.0525207520
.0364074707
.0308227539
-.0283355713
-.0185089111
-.0180969238
-.0114746094
.0090179443
-.0132751465
.0109863281
.0169525146
-.0091705322
-.0047454834
-.0068817139
.0065460205
.0051727295
.0036773682
-.0827789307
.1367034912
-.1522979736
-.1434020996
.1763916016
-.1486663818
-.1832580566
-.0619049072
.1890869141
.1140747070
-.1544494629
.1116027832
.0905151367
-.1301422119
.1298217773
-.1729278564
-.1851959229
.1881866455
-.1606140137
.0676727295
-.0794372559
-.1047515869
-.0645446777
-.0535430908
.0354766846
.0239410400
.0310668945
-.0134429932
.0238494873
-.0154724121
-.0118103027
-.0120391846
-.0136108398
.0081329346
.0129852295
-.0112152100
.0078887939
.0119628906
.0160064697
-.0103912354
-.0179138184
.1476135254
.1907806396
.1319885254
-.1821441650
-.1072082520
.1781005859
-.1280059814
-.1879730225
.1468200684
-.1491088867
-.1453094482
-.1627349854
-.1506652832
-.1569671631
-.1850128174
.0926971436
-.1423645020
.0871887207
-.0906524658
-.0708007813
-.0343780518
.0251770020
-.0170440674
-.0187225342
.0272064209
-.0164184570
.0118560791
.0090179443
.0097198486
.0091705322
-.0063323975
.0091857910
.0040588379
-.0029754639
.0049133301
.0045776367
-.0062713623
-.0648193359
-.1678161621
-.1881103516
-.1117858887
-.1925354004
-.1971893311
-.1899108887
-.1432342529
-.2060394287
-.1412811279
-.1988983154
-.1494140625
-.1976470947
-.1937561035
-.1910095215
.1715393066
-.1364135742
-.0878906250
.1108093262
-.0944366455
-.0453033447
-.0667877197
-.0249633789
-.0139923096
.0264587402
-.0104827881
.0126037598
.0091400146
.0104980469
-.0125427246
.0073242188
.0060424805
.0087738037
-.0036773682
.0052490234
.0052185059
-.0035705566
.0038299561
.0023040771
-.0041961670
-.0079193115
.0020599365
.0024261475
-.0538940430
.1180114746
-.1686401367
-.1945190430
-.1494140625
-.1930084229
.1512298584
-.1894989014
.1790008545
.1960449219
.1752319336
-.1894378662
-.1707458496
-.1352996826
.1380310059
.0820922852
-.1154479980
-.0526580811
-.0567321777
.0513153076
.0350799561
-.0165863037
-.0262756348
-.0131530762
.0109558105
-.0173339844
-.0099639893
-.0156555176
.0166625977
-.0075683594
-.0054016113
.0075531006
-.0077514648
-.0093841553
-.0146026611
-.0132904053
.0068206787
-.0056762695
.0092926025
-.0088653564
.0382537842
-.1767120361
.2177734375
-.2137451172
.2118377686
.2216033936
.0976257324
-.2040252686
.0993804932
.2020568848
.1551666260
.1451568604
-.1323394775
-.2109680176
-.1478881836
-.0668334961
-.1089019775
.1267700195
.0683593750
-.0517730713
.0251770020
-.0241394043
.0241394043
-.0158538818
-.0116119385
.0236206055
.0120544434
.0206909180
.0127563477
-.0097351074
-.0084228516
.0096435547
.0076446533
-.0056762695
.0050048828
.0049438477
.0702056885
.2021942139
.1825408936
-.2314605713
-.0616149902
-.2105255127
-.2242584229
-.2074127197
-.2174072266
-.1078491211
-.2325744629
-.1280975342
-.1797943115
-.1890411377
.1336822510
.1316986084
.2008514404
.0764465332
.1462097168
-.1098632813
.0605926514
.0515289307
-.0385589600
.0289154053
.0200042725
-.0203247070
.0203704834
-.0115509033
-.0084686279
.0088806152
-.0058441162
.0046386719
.0042266846
.0030822754
.0053863525
-.0055541992
.0026245117
-.0025024414
.0037841797
-.0101013184
-.1251983643
.2015228271
-.2061309814
.2321014404
.0635223389
-.2239837646
.1689453125
-.1697082520
-.1292419434
-.1582794189
-.1574554443
-.1609497070
.1423950195
-.1891632080
.1048889160
.1576843262
-.1054687500
-.1416625977
-.1132507324
.0723114014
-.0676574707
-.0495147705
.0180969238
-.0194854736
.0124511719
.0199279785
.0130767822
.0085601807
-.0077209473
.0041046143
-.0048980713
.0083923340
.0051422119
-.0028533936
-.0046539307
-.0041046143
.0041809082
-.0061950684
.0098114014
.0483093262
.1054382324
.1811523438
-.1382904053
.1583404541
.2373199463
-.0708770752
.2124176025
-.1952362061
.1627044678
-.1207885742
-.1320800781
-.1246185303
.1473083496
.1483764648
-.0865478516
-.1115570068
.1024627686
.0347900391
-.0350494385
-.0225830078
.0184631348
-.0121002197
.0117034912
.0121002197
.0097808838
-.0066528320
-.0058441162
-.0083465576
-.0060882568
-.0040283203
.0026092529
-.0072174072
-.0052490234
.0038146973
-.0040893555
.0034637451
.0035400391
.0073699951
.0783233643
-.1504211426
.2115936279
.1097869873
-.2093353271
.0371551514
-.2263641357
.0482788086
-.2082214355
.0910339355
.1452026367
.1314849854
.1392669678
-.1133422852
-.1006011963
.1059265137
-.0465240479
.0283966064
-.0168151855
.0229492188
.0200195313
.0187988281
.0142059326
-.0104827881
.0068206787
.0043029785
.0057373047
-.0076141357
.0065460205
.0035705566
.0038146973
.0040435791
.0041656494
-.0041351318
.0030670166
.0021820068
.0042114258
-.0086975098
.0035247803
.0093231201
-.0077362061
-.0554351807
-.1389770508
-.1732025146
.1768951416
-.1460418701
-.1924743652
-.1828613281
-.1902465820
-.1830596924
-.1445159912
.1146392822
-.1299133301
.1630401611
-.1132202148
-.1160583496
-.0719451904
.0379333496
-.0417327881
.0221557617
-.0260162354
.0139160156
.0075988770
-.0094451904
-.0064392090
.0065612793
-.0059509277
.0046691895
.0038452148
.0055541992
.0034027100
.0032653809
.0042266846
.0027160645
.0028686523
.0027618408
.0022277832
-.0029602051
.0031890869
-.0029907227
-.0036010742
.0029296875
.0028991699
-.0037841797
-.0040893555
.0019073486
.0143585205
-.1125488281
-.0545806885
-.2253265381
.1896972656
-.2010650635
-.2259979248
-.1271820068
-.1738586426
-.1762237549
.1071624756
.0754699707
.0686035156
-.0442047119
-.0283203125
-.0243377686
-.0157928467
.0107116699
-.0118560791
.0064849854
.0043945313
-.0049743652
.0045471191
.0044403076
-.0022583008
.0025024414
.0021820068
-.0012512207
-.0016784668
.0018157959
.0024261475
.0022735596
-.0012359619
-.0014648438
.0010223389
.0010375977
-.0015563965
.0012512207
.0008392334
-.0005645752
.0001373291
.0000457764
.0000457764
.0000457764
-.0000305176
.0000457764
.0000305176
.0000305176
-.0000457764
-.0000305176
-.0000305176
