.0000305176
.0000457764
-.0000305176
-.0000305176
.0000305176
-.0001220703
.0003662109
.0006561279
-.0003051758
-.0010528564
-.0012359619
-.0041656494
.0027770996
.0566253662
-.0631256104
-.0865173340
.0802001953
.0828094482
.0676116943
.0856781006
.0985870361
-.0591888428
.0536804199
.0237884521
.0176086426
-.0175628662
-.0085144043
-.0091247559
-.0045166016
.0033874512
.0023803711
-.0030975342
-.0023651123
.0029907227
-.0018310547
.0035095215
.0014038086
.0024108887
-.0038299561
.0035705566
-.0026550293
.0134582520
-.0140075684
.0434722900
-.0560302734
.0692749023
.0724639893
.0788421631
-.0919036865
.0909271240
-.1055908203
-.0978698730
-.1103363037
-.1190490723
-.1086273193
-.0988159180
-.0979919434
-.1089324951
-.1295471191
.1095123291
.1227416992
-.1166839600
-.0935363770
.0352020264
.0219116211
.0222167969
-.0099487305
.0052795410
-.0066223145
.0039215088
.0038299561
-.0021667480
.0058135986
-.0025634766
.0022277832
.0043640137
.0025939941
-.0044708252
-.0046691895
-.0134277344
-.0341796875
-.0496063232
.0390625000
-.0608215332
-.0678100586
-.0753479004
-.0755157471
-.1164245605
-.1161193848
-.1418914795
-.0881805420
-.1026000977
-.1032104492
-.1189575195
-.1314392090
-.0944976807
.1091156006
-.1181640625
-.1370849609
-.1215362549
-.1359558105
-.1225128174
-.1508178711
-.1533508301
-.1345062256
-.1345825195
.1372528076
.1053924561
-.1186523438
-.0618896484
-.0297698975
.0128173828
.0181579590
.0079803467
-.0066680908
-.0060272217
.0047302246
-.0061645508
-.0050506592
.0041351318
.0058898926
.0083312988
-.0034637451
-.0061950684
.0122680664
.0337219238
-.0386352539
-.0555877686
.0641326904
.0677642822
.0518951416
-.0759582520
-.0877075195
-.0888519287
.0758666992
-.0856018066
-.0953063965
-.1057739258
-.1109924316
-.1116180420
-.1053314209
-.1140594482
-.1196899414
-.1278991699
-.1529388428
-.1605072021
-.1899261475
-.1828002930
-.1905212402
-.1757049561
-.1808776855
-.1770629883
-.1497344971
-.1430664063
.1161804199
.1112060547
-.0557403564
.0336608887
.0233612061
.0182800293
-.0147552490
.0061340332
.0137023926
-.0092010498
-.0083923340
.0061492920
.0061798096
.0044403076
-.0057983398
.0098114014
.0051727295
-.0082397461
-.0173492432
.0374145508
-.0504302979
-.0625305176
.0553436279
.0784301758
-.0865020752
.0904693604
-.0779266357
.1077880859
.1140747070
.0891113281
-.1236419678
-.1344299316
-.1572265625
-.1524810791
-.1555786133
-.1561584473
-.1400604248
-.0982208252
-.1112365723
-.1538696289
-.1582031250
-.1873474121
-.1811981201
.1497497559
.2073516846
.1880645752
-.1745300293
-.1988067627
-.1681060791
.1256256104
-.1550140381
-.0678253174
-.0667572021
-.0317993164
.0246124268
-.0156707764
-.0108032227
.0088500977
-.0076904297
-.0116119385
.0102233887
.0095520020
-.0053405762
.0071411133
-.0061645508
.0056457520
.0071411133
-.0063629150
.0070648193
-.0121612549
-.0352478027
-.0391082764
.0480957031
-.0765075684
.0655059814
-.1011810303
.0742340088
.1203613281
.1232452393
-.0883483887
.1135559082
-.1098480225
-.1263122559
-.1145172119
-.1361541748
-.1233825684
-.1197967529
-.1148681641
-.1186370850
-.1132812500
-.1432342529
-.1625976563
-.1742248535
-.1653137207
-.1672973633
.1464080811
-.1768035889
.1832733154
.2147827148
.2003936768
-.1605682373
-.2489318848
.1814270020
.1414031982
-.1239318848
-.0779724121
.0474853516
-.0433044434
-.0207214355
.0168609619
.0111694336
.0122985840
.0107269287
-.0111846924
-.0083618164
-.0086669922
.0083465576
.0058898926
.0069580078
-.0094604492
.0072937012
.0099792480
-.0109100342
-.0283660889
.0546112061
-.0718383789
.0717926025
.1074676514
.0705718994
.0715026855
.1179046631
.1186218262
.0949859619
-.1091461182
-.1409149170
-.1273956299
-.1508483887
-.1516723633
-.1535949707
-.1474914551
-.1486968994
-.1519165039
-.1368560791
-.1287536621
-.1933746338
-.1758575439
-.1906890869
-.1862945557
.1695404053
.1891326904
.2257080078
-.2034454346
-.1976470947
-.2184906006
.1103668213
.1064300537
.0722045898
-.0509490967
-.0536804199
-.0224761963
.0295410156
.0090484619
-.0147705078
-.0154876709
.0083007813
.0082244873
-.0110015869
.0066986084
.0058746338
-.0070037842
.0048065186
.0086822510
.0068817139
-.0084228516
.0171966553
.0388183594
.0496368408
-.0845642090
-.1001892090
-.0882568359
.0942077637
.0825195313
-.1115417480
.1093597412
-.0930480957
.1144409180
-.1053009033
-.1183471680
-.1195220947
-.1011047363
-.1248626709
-.1117858887
-.1138305664
-.1213378906
.1226806641
-.1505279541
-.1615295410
-.1924743652
-.2001037598
-.2033386230
-.1822357178
-.1702423096
.1437072754
.1649475098
.1278839111
-.1598205566
-.1693420410
.1027832031
-.0744781494
-.0605621338
-.0757141113
-.0319366455
-.0168151855
.0069580078
.0102081299
.0119171143
.0130004883
.0095214844
.0140228271
.0074615479
-.0094299316
.0108184814
-.0065002441
.0059661865
.0067291260
-.0110015869
-.0108184814
.0162963867
.0366516113
-.0449981689
.0515441895
-.0672607422
-.0815429688
-.0792999268
.1042327881
-.0996856689
.1208801270
.0913696289
.0975341797
-.1026916504
-.1092529297
-.1247253418
-.1237335205
-.1278228760
-.1207580566
-.1183013916
-.1230926514
-.1239013672
-.1272277832
-.1160736084
-.1638031006
-.1770019531
-.1750640869
.1728057861
.1530914307
.2153778076
.1948699951
.2087707520
-.2057037354
-.1696319580
-.1562194824
-.0726928711
-.0610351563
-.0453338623
-.0357818604
-.0217895508
-.0135345459
.0082550049
-.0133056641
-.0045623779
.0051422119
-.0080261230
-.0063171387
-.0123443604
.0104064941
.0070495605
.0063323975
-.0070648193
.0093841553
-.0275268555
-.0620269775
.0605163574
.0956420898
.1207733154
-.1326904297
-.1320190430
-.1860809326
-.2417907715
.1633148193
.1408233643
-.2076568604
.2024230957
-.1747436523
-.1283874512
-.1096191406
.0735015869
.0416412354
-.0244903564
.0135192871
-.0152587891
-.0140686035
-.0128784180
-.0102386475
-.0072326660
.0088958740
.0083160400
-.0391845703
-.0681457520
.0615234375
-.0615234375
-.0985412598
-.1071319580
-.1429748535
-.1429748535
-.2175903320
-.2451171875
-.2476501465
-.2624359131
-.1738433838
-.0983734131
-.0953979492
.0760955811
.0505676270
-.0473327637
-.0338134766
-.0276641846
-.0148315430
.0141601563
.0105590820
-.0199584961
-.0591583252
-.0960845947
.0942230225
.0656890869
-.0808410645
-.0943450928
-.1130065918
-.1003265381
-.1215972900
-.1179504395
-.1202392578
-.1321563721
-.1878662109
.1884613037
-.1271972656
-.1514587402
.0685882568
-.0401458740
.0358734131
-.0311126709
-.0123443604
-.0153808594
.0046691895
-.0099029541
-.0132293701
.0091552734
-.0049896240
-.0104522705
-.0062713623
-.0429077148
.0364837646
-.0326690674
-.0456695557
.0573272705
-.0596771240
-.0765686035
-.0926666260
-.1017303467
-.1397094727
-.1747741699
-.1845855713
-.2369537354
-.2195739746
.1568145752
-.0821075439
-.0523834229
-.0380401611
-.0332489014
-.0197601318
-.0177612305
-.0109710693
.0107116699
-.0116577148
.0093231201
-.0110931396
.0086364746
-.0091857910
-.0124969482
-.0267944336
-.0316925049
-.0362091064
.0524597168
.0595092773
.0913848877
-.1119384766
-.1018829346
.1311187744
-.1268768311
-.1557769775
-.2312316895
.2216186523
-.2214660645
-.2368469238
.1203918457
-.0922393799
.0484619141
-.0404357910
-.0237884521
-.0219879150
.0106964111
.0113067627
.0101470947
.0074157715
-.0092468262
-.0081787109
-.0057830811
-.0071563721
-.0159606934
-.0320129395
.0384674072
.0291442871
-.0540618896
.1042480469
-.0840759277
-.0997009277
-.1081848145
-.1089630127
-.1309356689
-.1806335449
-.2059936523
-.2101135254
-.2118988037
-.1303863525
-.0934753418
-.0523834229
.0365753174
-.0238037109
-.0173339844
.0166931152
-.0118713379
.0138549805
-.0047607422
-.0075225830
.0065612793
-.0051879883
.0072479248
-.0100860596
-.0081176758
.0095520020
-.0263977051
-.0317230225
.0421905518
-.0640869141
-.0658874512
-.1414947510
-.1124572754
-.1561126709
-.1439208984
-.1296386719
-.1702880859
-.2074737549
-.1966247559
-.2326507568
-.1955718994
.1145019531
-.0846099854
.0480651855
-.0345611572
-.0226287842
-.0147399902
.0174713135
.0068511963
.0112609863
.0119476318
.0094451904
.0077362061
-.0064849854
-.0056762695
-.0084228516
-.0082702637
-.0107421875
-.0041046143
.0072631836
-.0071868896
-.0059814453
-.0048522949
.0064849854
-.0323028564
.0280761719
-.0445098877
.0510406494
-.0660400391
-.0492401123
-.0772705078
-.1167144775
-.1075439453
-.1333160400
-.1026763916
.0853881836
.0893249512
-.1220245361
-.1276245117
.1091918945
.1233215332
.0866394043
-.1127777100
-.1286163330
-.1217041016
-.1522827148
-.1529693604
-.1437530518
-.1632537842
-.1445770264
-.1248626709
-.1362915039
-.1550903320
-.1736145020
-.2192077637
-.1725006104
.1912078857
-.2253417969
-.2342376709
-.2135772705
-.2277526855
-.2050018311
-.2196044922
.1774749756
-.0774993896
-.0512390137
.0600891113
.0242462158
.0101318359
-.0192871094
-.0174255371
.0102233887
.0078887939
-.0123748779
-.0101318359
-.0074157715
.0064544678
-.0070953369
.0071411133
.0082702637
-.0118865967
-.0071563721
-.0078887939
-.0090789795
-.0096893311
-.0048828125
.0202484131
-.0389709473
.0417327881
-.0635986328
.0496063232
-.0920715332
-.0736236572
.0779418945
.0816345215
-.0699615479
-.0907745361
-.1055297852
-.1071624756
.1097412109
.1009826660
.0952911377
-.0863800049
.0978698730
-.1044158936
.1115875244
-.1019744873
-.1022186279
.0968322754
.0813598633
.0810089111
.0861663818
.0974273682
.1065979004
.1283874512
-.1447296143
-.1216125488
-.1288909912
.1011657715
.0764312744
-.0844726563
.1039733887
.1684722900
-.1417846680
-.1465911865
-.1604309082
-.0563201904
-.0410003662
.0244445801
.0111694336
-.0155792236
.0070953369
-.0102539063
-.0065460205
.0058288574
.0055847168
.0077209473
.0071258545
.0045928955
.0059661865
-.0039825439
-.0053405762
-.0156555176
.0316162109
-.0480957031
.0653381348
-.0716400146
.0820159912
.0854797363
.0764160156
.0863800049
.1129608154
.0938873291
.0952148438
-.1195678711
.1094970703
.0989837646
-.1339721680
-.1384429932
-.1431732178
-.1189270020
-.0820922852
-.1070251465
-.1387481689
-.1334533691
-.1185302734
-.1018676758
-.1399383545
-.1578674316
-.1316528320
.1466674805
.0925903320
.0366973877
.0201263428
.0136566162
.0065460205
-.0113220215
.0089874268
-.0077056885
.0058593750
-.0042266846
-.0061340332
.0075988770
.0066833496
-.0036468506
.0068206787
.0040283203
-.0039672852
-.0296173096
.0334472656
-.0588836670
-.0732574463
.0456542969
-.0895996094
-.0856933594
-.1021728516
.0944976807
-.0603485107
-.1031341553
.1107330322
-.1074523926
-.1412048340
-.1490936279
-.1146087646
-.0878295898
-.1468658447
-.1452484131
-.1454620361
-.1213226318
.1110839844
-.1300354004
-.2003326416
-.1818237305
-.1255950928
.1064910889
-.0466461182
.0281372070
-.0192413330
-.0207214355
.0078430176
-.0067596436
-.0093078613
-.0068206787
.0051269531
-.0067901611
-.0086517334
.0051574707
-.0054931641
-.0047607422
.0114135742
-.0321350098
.0287933350
-.0575561523
-.0702362061
.0533142090
.0693664551
.0634918213
.0887756348
.1051940918
-.0959777832
-.0984802246
-.1136627197
-.1029205322
-.1372070313
-.1484680176
-.1161804199
-.1045989990
-.0904846191
-.1053619385
-.1185302734
-.1139831543
.1165924072
-.1469573975
-.0982666016
-.1232147217
-.1288146973
.0622558594
.0273284912
.0122833252
-.0160827637
-.0068817139
.0104370117
.0076141357
.0062866211
-.0074005127
-.0057830811
-.0054779053
-.0049896240
-.0060882568
.0047149658
.0053863525
.0166015625
-.0450286865
.0600433350
-.0777893066
-.0848083496
-.1191711426
.0953216553
-.0971832275
.1149291992
-.1170654297
.1013031006
-.1486968994
-.1195983887
-.1580963135
-.1611785889
-.1355438232
-.0996246338
-.1498718262
-.1499786377
-.1293182373
.1146087646
-.1481628418
-.1737365723
-.1489562988
-.1551208496
.0919647217
-.0589904785
.0217285156
-.0145111084
.0150146484
-.0078582764
-.0059661865
-.0112762451
.0080413818
.0052185059
-.0075836182
-.0079193115
.0040740967
-.0052185059
-.0048675537
.0065460205
-.0358581543
.0348510742
-.0601654053
.0510253906
-.0631408691
-.0972900391
.0548858643
-.0839233398
-.1101226807
-.0816955566
.1096038818
.1213073730
.1219024658
-.0996398926
-.1509246826
-.1546936035
-.1181488037
-.1645202637
-.1795959473
-.1276550293
-.1215972900
-.1275329590
-.1385345459
-.1376953125
-.1278381348
-.1211547852
-.1933135986
-.2035217285
-.1084899902
.0507659912
.0230102539
-.0294494629
-.0121459961
.0056610107
-.0108947754
.0036315918
.0065155029
-.0050659180
.0050506592
.0045013428
-.0045776367
.0044403076
-.0052032471
-.0044250488
.0028839111
-.0049285889
.0036773682
-.0045471191
-.0027008057
-.0033111572
-.0037078857
-.0027618408
.0032348633
-.0023498535
.0027313232
.0021362305
-.0029144287
-.0025634766
.0029296875
.0013122559
.0023345947
.0023345947
.0009918213
.0019073486
.0021057129
.0018157959
-.0012664795
.0003967285
-.0009918213
.0006103516
-.0008392334
-.1021728516
