.0000000000
.0000000000
.0000000000
.0000000000
.0000000000
.0000000000
-.0000152588
.0000152588
-.0000610352
-.0000610352
.0001068115
-.0001068115
-.0001373291
.0002746582
.0001831055
.0002136230
-.0002899170
.0007171631
-.0003967285
.0006561279
.0012512207
-.0007171631
-.0013275146
-.0011291504
-.0027770996
.0011138916
.0020904541
.0018157959
.0035400391
-.0012207031
.0025024414
-.0029754639
.0033264160
.0049285889
-.0018615723
.0033111572
-.0050964355
-.0028228760
.0053558350
.0035705566
.0040130615
-.0065307617
-.0057220459
.0045471191
-.0035247803
.0051116943
-.0065917969
-.0034027100
.0101165771
-.0037536621
-.0055694580
-.0084533691
-.0049133301
.0117950439
.0137786865
.0105133057
-.0085449219
.0098114014
.0118408203
-.0049438477
-.0091705322
-.0096893311
.0117492676
-.0052490234
.0071716309
-.0129241943
.0069274902
-.0129089355
.0056457520
.0091247559
-.0078430176
.0127105713
-.0064849854
.0105743408
-.0108947754
.0151062012
-.0097961426
.0102539063
-.0192565918
.0174407959
-.0072631836
.0082855225
.0127563477
.0052490234
.0118560791
.0083770752
-.0167999268
.0134124756
-.0055847168
-.0112304688
-.0207672119
.0137786865
.0113220215
-.0108642578
-.0218505859
.0215148926
-.0185089111
.0145568848
-.0208435059
.0244140625
.0185852051
.0180053711
-.0290374756
.0231933594
-.0105895996
.0235595703
-.0101928711
.0128326416
-.0115051270
-.0218200684
-.0086669922
-.0093994141
.0150604248
-.0225830078
.0235290527
-.0109710693
.0249938965
-.0281524658
-.0186614990
.0191497803
-.0228729248
.0117797852
-.0150909424
.0216827393
.0164337158
.0307922363
.0190429688
.0132446289
-.0090942383
.0186920166
-.0159149170
-.0128021240
.0153045654
.0108184814
.0391235352
.0177612305
-.0082702637
-.0161743164
.0134582520
-.0071105957
-.0132598877
.0166778564
.0149841309
.0339508057
.0194091797
.0181427002
-.0307159424
.0268249512
.0168914795
-.0157775879
.0212707520
-.0151214600
-.0122070313
-.0220642090
.0106506348
-.0141906738
-.0229797363
.0118560791
-.0094909668
-.0153198242
-.0252227783
-.0114593506
-.0094299316
-.0191040039
.0202331543
.0129852295
.0087280273
.0205383301
-.0401306152
-.0124206543
-.0195617676
.0298767090
-.0168457031
-.0287322998
.0278930664
-.0129394531
.0310058594
-.0124664307
.0128326416
.0284729004
-.0202789307
.0448608398
-.0202636719
-.0384368896
.0144348145
-.0121765137
-.0225219727
-.0362091064
-.0353393555
.0602264404
.0346374512
-.0347900391
.0412292480
-.0211791992
.0361328125
-.0393371582
.0290222168
-.0163574219
.0325012207
-.0351409912
.0254058838
.0202178955
-.0412292480
.0206451416
.0285949707
-.0270233154
-.0406036377
-.0232391357
-.0161437988
.0425567627
-.0256195068
.0292663574
-.0268707275
.0338897705
.0392608643
-.0218200684
-.0256195068
-.0333251953
.0301818848
.0644226074
.0488433838
-.0230255127
-.0262603760
-.0294647217
-.0405426025
-.0644226074
.0455780029
.0331115723
.0410308838
.0263977051
.0305938721
-.0536651611
.0433654785
-.0220336914
-.0558776855
-.0514221191
.0169219971
.0473785400
-.0283966064
-.0727386475
-.0303344727
-.0431060791
.0371246338
-.0306243896
-.0598297119
.0316162109
-.0218048096
.0410766602
.0460662842
-.0251312256
.0386199951
-.0239105225
.0559082031
-.0227355957
-.0399017334
.0440673828
-.0250854492
-.0291595459
.0605773926
-.0240173340
-.0488281250
.0335540771
-.0285186768
.0727691650
-.0335388184
-.0241088867
.0682830811
-.0182952881
-.0384216309
.0670318604
.0319061279
-.0303497314
.0646667480
-.0333251953
-.0350952148
.0593109131
.0553894043
-.0388946533
-.0340270996
.0256500244
-.0239868164
-.0487518311
.0254211426
-.0312194824
.0390319824
.0407409668
-.0438079834
.0621643066
-.0409545898
.0572662354
-.0411987305
-.0598297119
.0578308105
-.0918273926
-.0343017578
-.0368347168
-.0327453613
-.0301055908
-.0299987793
-.0411376953
.0639801025
.0467834473
-.0299987793
-.0420989990
.0407409668
-.0337829590
-.0382232666
.0898895264
.0729370117
.0639038086
-.0351715088
.0469512939
-.1026000977
.0681610107
-.0247497559
.0311279297
-.0610351563
-.0698547363
.0407714844
.0773620605
.0304870605
.0587921143
-.0410766602
.0767211914
-.0335388184
-.0352630615
-.0527496338
.0858001709
.0888671875
.0542449951
.0364074707
-.0326385498
-.0351562500
-.0857543945
.1397094727
.0593566895
.1226348877
.1809692383
.1179199219
.1443328857
-.0640563965
.0977325439
.1080322266
-.0603027344
.0917205811
.1125488281
-.0358428955
.1046905518
-.0772705078
-.0702972412
-.0667114258
-.0920562744
.1083374023
-.0334777832
.0747070313
.0691680908
.1168670654
-.0587463379
-.0798645020
-.0403289795
.1080627441
-.1339416504
-.0507965088
-.0614471436
.0519561768
.0813598633
.1006927490
.0654754639
.1228637695
-.0809478760
-.0622863770
-.0726928711
.0941314697
.1216583252
-.0798950195
.1316528320
-.0847167969
.0548095703
.0384521484
-.0782623291
-.1706085205
.1542510986
.1506958008
-.0964202881
-.0699157715
.0680847168
-.0600738525
.0539703369
-.0963439941
.0550384521
-.0886077881
.1607208252
.1348876953
.1040191650
.1611785889
.1789550781
-.1284790039
-.1353607178
.1285400391
.0970458984
-.1404418945
-.0873413086
-.0817413330
.1925811768
-.0864410400
.1151275635
-.0758972168
-.0928497314
-.1211853027
-.0988616943
-.0846862793
-.0808715820
.1260528564
-.2299804688
.1648406982
.2022399902
-.1276855469
.1158599854
.2175292969
.1573486328
.1930541992
-.2602386475
.1631622314
.1578063965
.1898193359
.2113800049
-.1525726318
.1944427490
-.1112823486
-.1099700928
-.1490936279
.0661163330
.1114349365
-.0802307129
-.1332855225
-.1639709473
.2031707764
-.1644744873
-.3251037598
.2845916748
.1003417969
-.1663513184
-.0830535889
-.1905212402
-.1166534424
-.1778106689
-.1095275879
-.1944885254
.1374206543
-.1735382080
.1683349609
.1876068115
.3107757568
.1753845215
.3119506836
.2541809082
.1267547607
.1523132324
.2253417969
.1407012939
.3530578613
.2696990967
.3524017334
.3218841553
.2569427490
.1445159912
-.1516571045
.1603393555
.1788330078
.1110534668
.3516540527
-.3091125488
.3332366943
.2306518555
-.2313232422
-.1519012451
-.1877593994
.2141265869
-.4790344238
.3811492920
-.4563598633
.4058380127
-.1980438232
-.2904510498
.1384735107
.1787872314
-.2929992676
-.2795104980
.3587341309
-.4397583008
.3124237061
-.1257324219
.3393859863
.2024383545
-.2461090088
-.3349914551
-.4777069092
-.2458953857
-.1364898682
-.1818389893
.1799011230
.3783111572
.4499511719
-.3820953369
.4158172607
.1673889160
.1242370605
.1617736816
-.2144317627
-.2312164307
-.4709930420
.2808532715
-.4314727783
-.2609558105
-.1282806396
.3038940430
-.2276763916
.3616027832
-.2524871826
.3119354248
.2195587158
.2584381104
.3062438965
.2003936768
.2775268555
.4281463623
-.0560607910
-.2659759521
-.1012420654
.3857879639
.4028320313
-.3557891846
.4015655518
.1273193359
-.1675109863
-.1532897949
-.2060241699
.2382812500
-.1160583496
-.2495727539
-.1207275391
-.2698059082
-.1831207275
-.1705627441
.1094055176
-.0554199219
.1387481689
.1330566406
-.4691314697
-.2344207764
.4027099609
.3254547119
.1362152100
.2990722656
-.2016143799
-.3548431396
.2452392578
-.1385345459
-.4247894287
.3746185303
-.3732757568
.3235321045
-.0985717773
-.1441497803
.3404235840
.2376098633
.3334045410
.1065216064
.2720642090
-.1331634521
.3205871582
.2096557617
-.0892486572
-.0968933105
.1125488281
-.1223144531
-.1746063232
.3617706299
-.2414245605
-.1418609619
-.2738037109
-.1822052002
-.2985992432
.1620483398
.1051483154
.1308135986
-.1415863037
-.4006958008
.1468811035
.1718139648
.1269836426
.0998992920
-.2352905273
-.1314392090
.3389282227
.2882537842
.1163330078
-.3975219727
.3516998291
.0723266602
-.1690979004
-.0986022949
.2326660156
.3403930664
-.2491302490
.3506469727
.0972137451
.1896667480
-.1804809570
-.1335906982
.2786102295
-.1446380615
-.2054901123
-.0848846436
.3486785889
-.1695556641
.2292327881
.1513061523
.1178131104
.0890502930
-.1458740234
-.3624877930
-.1699829102
.3562164307
.2814788818
.1102294922
.2971954346
.2970886230
.2122650146
.2958679199
-.1368560791
-.1902008057
-.1522064209
.3386840820
.3608703613
-.1541442871
-.2066040039
.0719299316
.1349334717
-.1986694336
-.1130981445
.0891571045
-.2151489258
-.1978759766
.1155242920
-.4483947754
-.2260131836
.3099670410
.2683258057
-.1093750000
.1629028320
.2881011963
-.1222991943
-.1416168213
-.0844573975
.3066711426
.3435516357
-.3078155518
.3765869141
.0986785889
-.1187286377
-.1655731201
.2096252441
.3505554199
-.1401062012
-.1928558350
-.0716094971
.2953491211
-.1850891113
-.0755310059
.1214904785
.0645446777
-.1441955566
-.1597900391
.3528137207
-.2131347656
.2930603027
-.2594604492
.1275329590
.1805877686
-.1436767578
.1478729248
-.1500701904
-.0957336426
.2902984619
.3157501221
-.4146575928
.3595733643
.0894927979
-.0970001221
-.1731872559
-.1224670410
.2205657959
-.1754608154
-.1951293945
-.1282043457
-.2519836426
.1433258057
-.2290191650
.2940979004
-.1315155029
-.1701812744
-.1300201416
.2467193604
.3459320068
.3048858643
.3516845703
.0963439941
.0671691895
.1195526123
.2570190430
-.1455535889
.3124389648
-.2223052979
-.0917816162
.1783447266
-.1502838135
.1484832764
.0930938721
.2757568359
-.1864929199
.1105041504
-.4409790039
-.2170562744
.1810760498
-.1734161377
.1332702637
.1597137451
-.1735076904
.2005462646
-.1232757568
-.0914459229
-.4170837402
.3306274414
.1661376953
-.1589050293
-.0890502930
.1426391602
.3146820068
-.3354339600
-.2242431641
-.0824127197
.3003234863
.3265533447
.2386474609
.2875671387
.0893249512
-.0823822021
-.1806182861
.2452850342
.3581390381
.1044921875
.1688690186
-.1826171875
.2799682617
.3246612549
.0728759766
.1566314697
-.1736297607
.2137908936
.2228851318
-.0939636230
.2266235352
.2789916992
-.3106079102
.1953887939
-.0778961182
.1575469971
.2883758545
.1874084473
.1073608398
.0970916748
-.3612365723
.1249237061
-.0673065186
-.0453186035
-.1396026611
.1332550049
.0793762207
.0992279053
.2547760010
.3184356689
.0705108643
.2287597656
.2006225586
.1325531006
-.1293792725
-.0776672363
.2328643799
.2724456787
-.4065399170
.2215728760
.1068572998
-.2561798096
-.1233520508
-.1111145020
.1023101807
-.1339263916
.2813873291
-.1725158691
-.1233978271
.2208862305
-.1481933594
-.0435791016
.0464935303
-.1124572754
-.1107635498
.2268066406
.0543365479
.2389984131
.2790679932
-.3911590576
.2238159180
-.0771789551
.0937652588
.1617126465
-.0830993652
.1250610352
.0988159180
.2732696533
-.1348724365
.0830383301
.1197662354
.2984008789
.0638275146
.0828247070
.2729492188
-.3445434570
.1575622559
.0893402100
-.4018249512
.1312866211
.0731658936
.0781707764
-.1188659668
-.0590209961
-.0473632813
-.1705017090
-.1184997559
-.1252593994
-.0933685303
-.3811035156
-.0853271484
-.1526184082
-.1850280762
-.1393737793
-.0704040527
-.0854949951
-.1198272705
.1733703613
.1464233398
-.0770263672
-.3937530518
-.1213836670
-.1332855225
-.1611022949
-.1225891113
-.0830230713
-.1566619873
-.1516418457
-.3186340332
-.1822662354
-.1032409668
-.3844757080
-.1137084961
-.0872955322
-.1174011230
.1509857178
-.0610351563
.2063598633
.2429199219
.2870635986
.1397552490
.1018524170
.1104278564
-.1454467773
-.1559448242
-.2856292725
-.2100372314
-.0995483398
-.3615875244
.1006927490
.1048889160
-.0968780518
.1952514648
.0540771484
.1324005127
-.0886840820
-.1338958740
-.1787109375
.1554107666
.0764923096
.2192230225
.2198486328
-.0841979980
.0811614990
-.1058959961
.0597229004
-.1539764404
.2075805664
.2736816406
.1163635254
.0980682373
.1115875244
-.1399230957
.1941986084
-.2272491455
.1064300537
.1013336182
.0536193848
-.1110687256
.1974487305
-.0975646973
.0998992920
-.1195220947
-.0538482666
.1290740967
-.0758361816
.0958557129
-.0710601807
.0832977295
-.1007537842
-.0508728027
-.0543060303
.0849914551
.0919647217
-.0527191162
.1390533447
-.0531463623
-.0942840576
-.0413208008
-.0308685303
-.0948944092
.0233154297
-.0402374268
.0296020508
.0800628662
-.0532073975
.0337066650
-.0354919434
-.0300140381
-.0218353271
-.0477294922
-.0231933594
-.0121459961
.0175781250
.0313110352
-.0204925537
.0399932861
-.0205078125
-.0240020752
.0152740479
.0111694336
.0084686279
-.0091247559
-.0077056885
.0151367188
-.0105438232
.0051116943
.0053863525
-.0034027100
.0048980713
.0033874512
.0023651123
-.0031280518
-.0058288574
.0063934326
.0071563721
.0040893555
.0031127930
-.0024871826
-.0026397705
-.0022735596
.0012817383
-.0012969971
.0018157959
.0012207031
-.0015106201
.0012664795
.0020599365
-.0008239746
-.0009460449
.0007629395
.0005035400
-.0010223389
.0006103516
.0004119873
-.0003356934
.0002288818
.0004119873
.0001983643
.0002746582
.0002593994
.0001220703
.0003051758
.0001983643
-.0001068115
.0000915527
.0000915527
.0000610352
.0000457764
