-.0000610352
-.0002899170
-.0011901855
-.0047302246
-.0038909912
.0056304932
-.0128021240
.0126647949
.0202331543
.0299987793
-.0239868164
-.0272827148
-.0235443115
-.0322570801
.0319061279
-.0186614990
-.0211791992
-.0225067139
.0217895508
-.0202636719
.0247955322
.0247344971
.0354919434
.0272369385
.0224304199
.0179901123
-.0234680176
-.0199737549
-.0302886963
-.0327606201
.0290374756
.0274810791
-.0234069824
-.0367431641
-.0340423584
-.0155944824
-.0207061768
-.0108489990
-.0174102783
.0210418701
-.0133514404
-.0146484375
.0272979736
-.0258483887
-.0227508545
-.0181121826
.0150299072
.0188293457
.0204010010
.0286712646
-.0338439941
.0323181152
.0244903564
-.0198822021
.0190429688
-.0219879150
-.0282440186
.0173492432
-.0160217285
.0139160156
-.0164184570
.0097045898
-.0273895264
.0177307129
-.0179138184
-.0076904297
.0072326660
.0114593506
-.0100097656
-.0232238770
.0233306885
.0165863037
-.0121307373
-.0121307373
-.0122833252
.0148468018
-.0192565918
-.0160369873
-.0100250244
-.0107421875
.0105743408
.0092315674
-.0176544189
-.0176391602
-.0188140869
-.0126037598
-.0087280273
-.0068206787
.0107421875
.0145111084
.0115966797
.0116729736
.0118408203
.0067443848
.0097351074
-.0114746094
.0116882324
-.0170898438
-.0090026855
-.0061492920
-.0082550049
-.0070037842
.0137786865
-.0186309814
-.0117340088
-.0063018799
-.0100402832
.0072631836
-.0130767822
.0172576904
.0201110840
-.0184783936
-.0215148926
-.0190124512
-.0150299072
-.0145263672
.0116271973
.0148925781
-.0114898682
-.0143737793
-.0110473633
.0095977783
-.0108489990
-.0082702637
-.0097503662
-.0076599121
-.0075378418
-.0065307617
.0125885010
-.0211181641
-.0157165527
-.0148162842
-.0104064941
-.0120697021
.0132293701
.0177459717
.0256500244
.0176239014
.0139465332
.0090179443
.0110473633
.0147705078
.0231628418
.0263214111
-.0158538818
.0113677979
.0099487305
-.0066986084
.0201721191
-.0171356201
-.0239562988
-.0157165527
-.0118103027
-.0148162842
-.0139160156
-.0216369629
.0201568604
.0204620361
.0123291016
.0083465576
-.0124053955
-.0113525391
-.0177307129
.0266876221
-.0159454346
.0117187500
-.0108947754
-.0147399902
-.0169067383
-.0247039795
.0150146484
.0116119385
-.0140380859
-.0143890381
-.0122833252
-.0159454346
-.0267944336
.0167083740
-.0160980225
-.0109558105
.0131835938
.0164489746
-.0140533447
-.0151062012
.0160675049
-.0102386475
.0076751709
-.0077362061
-.0129547119
.0224304199
.0219726563
-.0167694092
-.0140686035
.0165252686
-.0198059082
-.0157775879
.0174407959
-.0122375488
.0128326416
.0112152100
.0087738037
-.0097351074
.0078125000
-.0121002197
-.0091247559
-.0080261230
.0072631836
-.0064849854
.0055236816
-.0091094971
.0107879639
-.0086975098
-.0052642822
.0058441162
.0069427490
-.0055084229
.0089263916
.0058135986
-.0039062500
-.0050354004
.0046386719
-.0064544678
-.0090332031
-.0097961426
.0088500977
-.0052795410
-.0058746338
-.0049591064
.0075531006
.0076141357
.0076904297
.0090026855
.0090332031
-.0115966797
.0063934326
.0069885254
-.0070800781
-.0072174072
.0053100586
-.0049438477
-.0038146973
-.0044860840
.0069122314
.0059814453
.0083312988
.0062866211
.0044403076
-.0046234131
.0052490234
-.0082855225
-.0095214844
-.0103149414
-.0121917725
-.0078277588
.0080718994
-.0085906982
-.0077056885
.0087585449
.0083770752
-.0056304932
-.0057373047
.0056152344
.0088806152
.0081176758
.0106658936
.0124969482
.0090026855
.0068206787
.0085296631
-.0127258301
-.0180358887
-.0153045654
.0170440674
.0120697021
-.0145874023
-.0118560791
.0113220215
-.0102996826
.0133819580
.0164489746
-.0098724365
.0092163086
-.0115814209
.0147857666
-.0213775635
-.0200653076
.0209808350
.0199127197
.0095062256
-.0115814209
.0153503418
-.0164031982
-.0295257568
.0302581787
.0233154297
.0197296143
-.0207214355
-.0172576904
-.0241088867
-.0248413086
-.0268249512
.0133056641
-.0215606689
.0269012451
.0273742676
.0224151611
.0223388672
-.0184173584
-.0198211670
.0187530518
.0146331787
.0146484375
-.0298767090
-.0296173096
-.0262298584
.0368804932
-.0269470215
.0322875977
-.0295410156
-.0289764404
-.0230102539
.0271301270
-.0341339111
-.0313873291
.0266876221
-.0241546631
-.0249481201
-.0231781006
.0249633789
-.0180053711
.0152587891
-.0180969238
.0152893066
.0267181396
.0349884033
.0357818604
-.0298004150
-.0310668945
-.0263366699
.0279846191
-.0227508545
-.0225677490
.0306091309
-.0298309326
-.0228576660
.0288238525
-.0248413086
-.0296173096
-.0261993408
-.0159912109
-.0210266113
-.0213775635
.0210876465
.0281829834
.0259704590
.0408477783
.0267486572
-.0342254639
-.0177917480
-.0235443115
.0198822021
.0192718506
.0249633789
-.0372009277
.0278167725
-.0149993896
.0174102783
.0279235840
.0281066895
.0227813721
.0218963623
-.0124053955
-.0234680176
.0164337158
-.0240783691
-.0378265381
-.0323638916
.0377197266
-.0308532715
.0318603516
.0306854248
-.0277252197
-.0453948975
-.0388336182
.0287933350
-.0249786377
-.0207824707
-.0295562744
-.0266265869
-.0368957520
.0273895264
.0139617920
.0134429932
.0185546875
-.0212402344
.0365905762
-.0455627441
-.0346679688
-.0260620117
-.0241088867
.0211791992
-.0169677734
-.0255737305
-.0260925293
.0264282227
-.0184936523
-.0224151611
-.0224914551
-.0273437500
-.0270233154
.0241546631
.0210571289
-.0155181885
.0136566162
.0217132568
-.0485534668
-.0394287109
-.0472106934
.0361175537
-.0362701416
-.0395050049
-.0366210938
.0374450684
-.0325622559
-.0491790771
.0436248779
.0350036621
.0307922363
.0296478271
.0226440430
-.0218505859
-.0253448486
.0167388916
-.0160675049
-.0293121338
.0523223877
.0312805176
-.0357666016
-.0280761719
-.0234222412
-.0221862793
-.0278625488
-.0414581299
-.0244140625
.0334625244
.0314025879
.0281829834
.0218658447
-.0438537598
-.0337829590
-.0355682373
.0403747559
-.0236358643
.0285797119
-.0298004150
-.0231323242
.0268859863
.0192108154
.0179748535
.0186767578
.0131072998
-.0159759521
.0243835449
-.0257873535
.0262145996
-.0259399414
.0209960938
.0214080811
.0183105469
.0216369629
.0312957764
-.0311737061
.0213012695
.0262298584
-.0284881592
.0287322998
-.0330352783
-.0444030762
-.0365600586
.0257720947
.0246276855
.0129394531
-.0208129883
-.0136260986
-.0217132568
-.0156402588
-.0177154541
.0162353516
.0131683350
-.0152587891
.0108795166
.0132904053
.0125732422
.0143432617
-.0132904053
.0145721436
.0131225586
-.0166931152
.0085754395
-.0136871338
.0128173828
.0092010498
.0122528076
.0133819580
-.0161437988
-.0175628662
.0137176514
.0152740479
.0092315674
.0079498291
.0131835938
-.0124664307
.0104827881
.0084838867
.0096130371
-.0100402832
.0070343018
-.0076293945
-.0076293945
.0096282959
.0078582764
.0081787109
.0046386719
-.0061645508
.0044250488
.0073852539
.0054473877
.0050964355
-.0055999756
-.0037536621
-.0028991699
-.0042114258
-.0044403076
-.0057678223
.0065917969
-.0062561035
-.0058746338
.0045776367
.0055389404
-.0065765381
-.0056152344
.0099945068
.0080566406
-.0068206787
-.0056304932
.0054473877
-.0047607422
-.0048370361
-.0047454834
.0036010742
.0037841797
.0039215088
-.0027160645
.0033264160
.0036163330
.0063476563
-.0072326660
-.0035247803
-.0035552979
-.0019226074
.0032958984
-.0066070557
-.0102233887
-.0098571777
.0108795166
.0087585449
.0114135742
-.0066680908
.0045776367
.0039062500
.0035247803
.0025939941
-.0039367676
-.0024566650
-.0033874512
.0026550293
-.0070953369
-.0131378174
-.0079803467
.0049743652
-.0057067871
.0049438477
-.0066223145
-.0117034912
-.0104217529
.0075531006
.0071716309
-.0094299316
-.0115814209
-.0074310303
-.0122985840
.0075836182
-.0100860596
-.0085754395
.0107116699
-.0048828125
.0126037598
-.0134124756
-.0078582764
-.0074157715
-.0071716309
.0070648193
.0090942383
-.0244140625
-.0226745605
-.0192413330
.0174255371
-.0203552246
.0215301514
.0223541260
.0259704590
.0226440430
-.0140686035
-.0229034424
-.0201263428
.0172271729
-.0157470703
-.0119323730
-.0084991455
-.0158996582
-.0142364502
-.0101165771
-.0088043213
-.0136566162
-.0083465576
.0084838867
.0092773438
-.0110931396
.0098266602
.0110168457
.0103607178
.0075073242
.0070648193
-.0083465576
.0095977783
.0082092285
-.0114593506
-.0160522461
.0063629150
.0060729980
-.0106048584
-.0055999756
.0191955566
.0294036865
.0317077637
-.0192871094
.0191497803
.0195922852
-.0288238525
-.0260620117
-.0207214355
.0133972168
.0123138428
.0103607178
-.0150756836
.0169677734
.0095825195
.0082550049
-.0095672607
-.0082092285
.0063934326
.0063629150
-.0063629150
-.0193023682
-.0240936279
-.0225982666
.0191040039
-.0186767578
.0126495361
.0150451660
-.0138092041
-.0181121826
-.0152130127
-.0165863037
.0160217285
-.0136566162
-.0124664307
.0176544189
-.0151519775
.0132446289
.0126037598
.0101776123
-.0074920654
.0091247559
.0186920166
.0214691162
.0159301758
-.0172576904
.0122985840
.0132904053
-.0148315430
.0124206543
-.0146636963
.0131378174
-.0156860352
-.0114135742
-.0105590820
-.0115814209
-.0133056641
.0080413818
.0090179443
-.0071716309
.0088958740
-.0093994141
-.0162200928
.0161590576
-.0126953125
.0126800537
-.0103607178
-.0137329102
.0135955811
-.0132904053
.0105285645
-.0126342773
.0124664307
-.0121002197
-.0093688965
-.0140838623
-.0123596191
-.0094299316
-.0082550049
.0062255859
-.0066223145
-.0080718994
-.0091552734
-.0130462646
-.0167236328
-.0103607178
-.0113525391
.0103912354
-.0111236572
-.0123291016
-.0104217529
-.0118560791
.0074768066
-.0083160400
-.0059967041
-.0068206787
.0084228516
-.0091857910
.0086822510
.0086212158
.0076446533
-.0082855225
-.0069732666
-.0057525635
.0051727295
.0046081543
.0057830811
.0061035156
.0057525635
.0061645508
-.0050811768
.0048828125
-.0050964355
-.0048828125
.0044708252
-.0030059814
-.0043182373
-.0036468506
.0041809082
-.0038452148
-.0036010742
.0037231445
-.0041046143
.0030517578
.0034332275
-.0045776367
.0056762695
-.0074615479
-.0088348389
-.0071105957
-.0082855225
-.0071868896
.0058898926
.0063018799
.0053863525
.0052032471
-.0063781738
-.0041809082
-.0032501221
.0045318604
.0036315918
-.0034332275
.0037384033
-.0035552979
-.0021972656
-.0020294189
.0040283203
-.0102691650
-.0060119629
-.0055541992
.0057678223
-.0049285889
-.0042877197
-.0055236816
-.0047149658
-.0050811768
-.0045928955
-.0040283203
.0037841797
-.0029144287
-.0033111572
-.0049591064
.0042266846
-.0045928955
-.0055541992
-.0031738281
.0027618408
.0052947998
-.0068206787
.0062103271
-.0060577393
.0088653564
.0059967041
-.0038604736
.0041809082
-.0039062500
-.0035858154
-.0036468506
-.0042419434
.0038299561
-.0034942627
-.0039215088
-.0031280518
.0027008057
.0015869141
.0037841797
-.0121612549
.0533752441
.0825347900
.1177825928
.1499176025
.1835327148
-.1160278320
-.0706329346
-.0611419678
-.0587158203
.0416564941
.0459899902
.0346221924
.0402679443
.0312042236
-.0326232910
-.0241394043
-.0332641602
.0305328369
.0316925049
.0436859131
-.0920410156
-.1057891846
.1470336914
.1228332520
-.1007385254
-.0789642334
.0764160156
.0464019775
.0524597168
.0508422852
.0396118164
-.0596008301
-.0573577881
-.0424804688
.0529174805
-.0321197510
.0390319824
-.0403137207
.0489196777
.1262664795
-.1682739258
-.1298828125
.1105651855
.0989227295
-.0799865723
.0629425049
.0477294922
-.0522308350
.0568542480
.0492095947
.0412750244
-.0314636230
-.0334014893
.0476531982
.0462646484
-.0315246582
-.0397491455
-.0626220703
-.1431121826
.1911163330
-.1334381104
-.1216125488
-.1189270020
.1064147949
-.1187744141
-.0934600830
.0875396729
-.0726623535
.0594635010
.0413818359
.0439453125
.0582427979
-.0403594971
-.0538177490
.0526733398
-.0465393066
-.1045379639
.2040710449
-.1946563721
-.1897430420
-.2359008789
-.2765045166
.1450042725
.1257781982
.1231842041
.0996704102
-.1108093262
-.1228332520
-.0993041992
-.0722045898
.0839691162
.0810852051
.0750274658
-.0935516357
-.0651550293
.0746154785
-.0387420654
-.0530548096
-.0447540283
-.0404510498
.0536499023
-.0316619873
-.0318603516
-.0290985107
-.0381317139
.0256042480
.0302734375
.0237579346
.0250854492
-.0228271484
.0234222412
.0175323486
-.0166778564
.0167999268
-.0177764893
-.0186004639
-.0133972168
.0158691406
-.0192871094
-.0156402588
.0092773438
-.0153808594
-.0140228271
-.0102691650
.0122222900
-.0142364502
-.0102081299
-.0149230957
.0097045898
.0081787109
-.0092163086
-.0064086914
-.0076751709
.0065917969
-.0060424805
.0058135986
.0032043457
.0031585693
.0036163330
-.0032501221
.0030517578
-.0048980713
-.0025939941
.0029296875
.0021362305
.0018768311
-.0031433105
-.0023651123
-.0021057129
.0022888184
.0023345947
-.0015869141
.0018615723
.0015716553
-.0014495850
-.0015563965
-.0013275146
.0006103516
-.0011749268
-.0011596680
-.0009155273
-.0008087158
.0008239746
-.0008697510
-.0005645752
-.0007476807
-.0004730225
.0005187988
-.0004272461
-.0003662109
-.0003051758
.0582427979
