-.0306396484
.0450134277
.0366363525
-.0533599854
.0310058594
.0266571045
-.0457000732
-.0196228027
-.0378265381
-.0214843750
.0322418213
-.0309295654
-.0633850098
-.0184478760
-.0419464111
-.0506134033
-.0314483643
-.0365142822
-.0147247314
-.0354461670
.0519561768
-.0226898193
.0447387695
.0906524658
.0410156250
.0388793945
.0279235840
.0385589600
.0298004150
.0598449707
.0438232422
.0440063477
.0200347900
-.0273590088
-.0496215820
-.0483856201
-.0374908447
-.0312500000
.0319671631
.0665283203
.0274353027
-.0170898438
-.0312347412
.0442657471
-.0548553467
-.0388946533
-.0524139404
-.0348815918
-.0334320068
.0259246826
.0538787842
.0617828369
.0368499756
.0372619629
-.0381164551
-.0478668213
.0364685059
-.0457763672
-.0473937988
-.0553588867
.0522003174
.0524902344
.0569915771
.0471496582
.0306091309
-.0606994629
-.0262908936
-.0220184326
.0555725098
.0509796143
.0228881836
-.0554809570
.0532226563
.0481414795
.0463104248
.0513610840
.0234375000
-.0369720459
-.0357360840
.0234222412
.0522918701
.0476837158
.0189056396
.0665130615
-.0138244629
-.0340881348
-.0274200439
-.0502014160
-.0380859375
.0417633057
.0648956299
-.0209808350
-.0185241699
-.0320587158
.0568237305
.0181427002
.0599060059
.0799560547
.0902099609
.0863494873
-.0217132568
-.0311737061
-.0257110596
-.0371246338
.0518646240
.0213470459
.0669708252
.0745086670
.0223999023
-.0516357422
.0731201172
.0929107666
.0205230713
.0673980713
.0596771240
.0536193848
.0286102295
-.0356597900
.0523681641
.0782012939
-.0245666504
.0556335449
.0331726074
.0596618652
.0219879150
.0355987549
.0573425293
.0469512939
.0152130127
.0659027100
-.0380706787
-.0582275391
-.0816192627
-.0899963379
-.0484008789
-.0670471191
-.0695037842
-.0492095947
-.0382232666
-.0471954346
.0543060303
.0207519531
.0252685547
.0595397949
-.0318756104
.0465698242
.0186767578
-.0162353516
-.0340270996
-.0310516357
.0270843506
-.0518035889
-.0563354492
-.0623931885
-.0528411865
-.0635223389
-.0388793945
-.0320739746
-.0553283691
.0223388672
.0381774902
.0478668213
.0254364014
.0403747559
.0682830811
.0509185791
-.0313873291
-.0159759521
.0186767578
-.0675811768
-.0157928467
-.0299072266
.0563507080
.0169067383
.0518798828
.0729217529
.0226135254
.0327758789
-.0307006836
.0210113525
.0600585938
-.0132751465
-.0311737061
.0207977295
-.0110168457
.0490570068
-.0471191406
-.0331878662
-.0583343506
.0171813965
.0466003418
-.0237274170
.0582122803
.0463409424
.0596923828
.0535430908
.0462188721
.0437316895
.0626831055
.0789337158
-.0190734863
-.0328369141
-.0315704346
.0645446777
-.0252685547
-.0329437256
-.0217437744
.0231475830
.0180053711
.0487976074
.0461425781
.0298767090
-.0817108154
-.0504608154
-.0625762939
-.0234069824
-.0500793457
-.0270843506
-.0415191650
-.0435638428
.0181274414
-.0385284424
-.0540924072
-.0491943359
.0747070313
.0872192383
.0504302979
-.0200805664
-.0222930908
.0404663086
.0200347900
-.0336303711
.0595397949
.0631713867
.0332336426
.0129547119
.0182647705
-.0457000732
-.0670013428
-.0224609375
.0164031982
.0325927734
-.0342102051
-.0472259521
.0310821533
.0409851074
-.0417327881
-.0431976318
.0378417969
.0703277588
.0589294434
.0349426270
-.0249328613
.0136871338
.0625762939
.0588226318
-.0323028564
.0180358887
-.0142364502
-.0321044922
-.0299072266
-.0402526855
-.0397949219
-.0389709473
-.0384521484
-.0455932617
-.0601196289
-.0222930908
-.0576934814
.0350952148
-.0373840332
-.0185089111
-.0536193848
.0287628174
.0327148438
-.0531005859
-.0275573730
-.0560455322
-.0277252197
-.0220489502
-.0140075684
-.0484771729
-.0258941650
-.0488586426
.0270385742
.0290985107
-.0185852051
-.0239868164
.0356140137
.0356292725
-.0388488770
.0499114990
-.0246276855
.0372772217
.0383911133
.0659637451
.0441589355
.0419921875
.0540771484
-.0295562744
.0381164551
.0235290527
.0328674316
.0464630127
.0425720215
.0538024902
.0447082520
.0510711670
.0426177979
.0400543213
.0806579590
.0353851318
-.0153961182
.0378417969
.0374145508
.0348510742
.0333099365
-.0494995117
-.0715484619
.0323638916
.0364074707
.0403442383
-.0400238037
.0258178711
.0537261963
.0399169922
.0331878662
.0273895264
.0826110840
.0516204834
.0196990967
.0227203369
.0222473145
-.0446472168
-.0457611084
.0318908691
.0195465088
-.0274505615
-.0204010010
.0382232666
.0960998535
.0466766357
.0463409424
.0547180176
.0218658447
.0415344238
.0490264893
.0286407471
-.0392761230
-.0208587646
-.0674285889
.0264739990
.0296325684
-.0700531006
-.0338134766
.0361785889
-.0525360107
-.0286712646
-.0333251953
-.0261688232
-.0395507813
.0505523682
.0332794189
-.0244140625
-.0273895264
-.0282592773
.0215759277
.0243530273
-.0688629150
-.0299530029
-.0145416260
-.0481719971
.0632781982
.0202026367
.0431518555
-.0498046875
-.0390014648
.0463714600
-.0392608643
-.0266113281
-.0461883545
.0247955322
.0410766602
-.0315704346
.0506134033
.1044921875
.0335083008
-.0284118652
.0196228027
.0230560303
.0547332764
.0500030518
.0232086182
.0244903564
.0489501953
.0567169189
.0293273926
.0484924316
.0420074463
.0489349365
.0651550293
.0137634277
-.0403594971
.0217742920
.0434265137
.0648651123
.0411682129
.0544281006
.0217132568
-.0399169922
-.0250701904
.0452728271
-.0175323486
.0290679932
-.0166015625
-.0466613770
.0899047852
.0369262695
.0397796631
.0321044922
-.0327148438
.0289001465
.0471801758
.0581359863
.0523223877
.0792846680
.0485229492
-.0241088867
.0472564697
.0360565186
-.0498962402
-.0163269043
-.0465850830
.0257568359
.0154571533
-.0432739258
.0182342529
-.0339202881
.0684509277
.0341796875
.0541687012
.0811767578
-.0201110840
.0442962646
.0583038330
.0689392090
.0485839844
.0675964355
.0330505371
.0838012695
.0518493652
-.0284576416
-.0595550537
-.0434875488
.0334167480
-.0620422363
-.0365142822
.0568847656
.0840606689
.0336151123
.0333709717
.0251312256
.0346221924
.0135498047
.0211639404
.0168914795
-.0289916992
-.0110778809
.0440979004
.0415496826
-.0427551270
-.0365142822
-.0330352783
-.0400390625
-.0471191406
-.0242919922
-.0543975830
-.0452880859
-.0363464355
.0380249023
-.0299835205
.0212707520
.0411376953
.0587310791
.0171203613
-.0284576416
.0345764160
-.0244445801
-.0337677002
.0425872803
.0644836426
.0553741455
-.0182342529
.0486297607
.0614624023
-.0238189697
.0489196777
.0295104980
.0313873291
-.0303039551
-.0334320068
.0559692383
.0277099609
.0326690674
-.0336151123
.0226440430
-.0277709961
.0406646729
.0670928955
-.0608367920
-.0544738770
-.0606994629
-.0667572021
-.0603332520
-.0941314697
.0438690186
.0200347900
-.0732421875
-.0220947266
-.0851593018
-.0460357666
.0149688721
.0449676514
.0255432129
-.0414886475
.0065002441
-.0358276367
-.0705108643
-.0394134521
-.0387420654
-.0480346680
-.0320434570
-.0854492188
-.0719757080
-.0665588379
-.0891265869
-.0486450195
-.0681304932
.0307464600
-.0270080566
.0231933594
.0474548340
-.0245971680
.0157012939
-.0207214355
-.0598144531
-.0325927734
-.0506744385
-.0460815430
.0350952148
-.0516204834
-.0819702148
-.0882568359
-.0452575684
-.0791625977
-.0281677246
-.0443115234
-.0707550049
-.0353393555
.0403747559
.0259704590
-.0512847900
.0230560303
-.0251007080
-.0607604980
-.0742034912
-.0404052734
.0468902588
-.0338897705
-.0474700928
.0245666504
.0242614746
.0272827148
.0696411133
.0476074219
.0274810791
.0621948242
.0468444824
.0521545410
.0284881592
.0156860352
.0417175293
-.0599365234
-.0546264648
.0321197510
.0278930664
.0396881104
-.0234985352
.0473785400
.0290679932
.0587310791
-.0166625977
-.0151672363
.0553741455
-.0394592285
.0692901611
.0281677246
-.0132293701
.0772247314
.0785369873
-.0299530029
.0525207520
-.0370483398
.0163421631
-.0214385986
-.0301971436
-.0544128418
-.0136718750
.0510253906
.0637359619
.0964050293
.0196533203
-.0111236572
-.0542297363
.0929260254
.0831298828
.1126556396
.0368804932
.0852203369
.0552825928
.0206451416
.0421447754
.0445709229
.0267181396
-.0365447998
-.0733032227
-.0240631104
-.0615539551
-.0622253418
-.0511627197
-.0535125732
.0344696045
.0443115234
.0605926514
-.0343170166
.0273132324
.0609436035
.0775451660
.0239257813
.0828399658
-.0332031250
.0157928467
.0660858154
.0243225098
.0721130371
.0794067383
-.0334014893
.0754699707
.0391082764
-.0227050781
.0701904297
.0313415527
.0211944580
.0251617432
.0323028564
.0404357910
.0517425537
-.0514831543
-.0647277832
-.0522460938
-.0262908936
-.0354003906
-.0398406982
-.0229492188
-.0545654297
-.0237884521
-.0351409912
-.0331878662
-.0156402588
.0316772461
-.0461120605
.0415649414
.0141906738
-.0744628906
-.0831756592
.0119018555
-.0567779541
-.0433044434
-.0156402588
.0359039307
.0347442627
-.0315856934
.0256958008
-.0089874268
-.0394897461
-.0554351807
-.0311431885
.0173950195
.0210266113
.0355987549
-.0214538574
.0325164795
-.0485839844
-.0725555420
-.0406951904
-.0423126221
-.0411224365
-.0119476318
-.0387878418
.0408935547
.0246734619
-.0411987305
.0210113525
-.0417480469
-.0247039795
.0291595459
.0237426758
.0388641357
-.0471954346
-.0332641602
-.0245666504
.0279693604
.0513000488
.0515289307
-.0207519531
-.0358276367
.0666961670
.0540008545
.0317077637
.0335388184
-.0173950195
-.0180816650
.0670166016
.0852661133
-.0648040771
-.0341644287
-.0266113281
.0308074951
.0327301025
.0275726318
-.0307312012
-.0372772217
.0596771240
.0305633545
-.0372009277
-.0350799561
-.0921783447
-.0471191406
-.0527191162
-.0280151367
.0246582031
-.0356140137
-.0551757813
-.0392456055
-.0486450195
.0412445068
-.0419311523
-.0382690430
.0196685791
.0390472412
-.0903015137
-.0527343750
-.0327911377
-.0747070313
-.0353088379
-.0455780029
-.0337677002
-.0366210938
-.0362243652
.0248718262
.0207672119
-.0475921631
.0628204346
.0493621826
.0619049072
-.0433654785
.0628509521
.0500183105
.0371246338
-.0268707275
-.0398254395
-.0410614014
-.0272064209
-.0294189453
-.0621795654
-.0609741211
-.0533447266
-.0372009277
-.0447692871
-.0454864502
-.0276794434
-.0527954102
-.0594329834
-.0477294922
.0359191895
.0417175293
.0380401611
.0575561523
-.0165405273
-.0200805664
.0633697510
.0408172607
.0557250977
.0226745605
.0399932861
.0198059082
.0354309082
.0144348145
.0442199707
.0581970215
.0460662842
.0337982178
.0612640381
-.0541687012
-.0637969971
-.0199279785
-.0431823730
.0119476318
-.0801239014
-.0708007813
-.0756225586
-.0755462646
-.0224151611
-.0286102295
.0505218506
.0577392578
-.0225677490
-.0323638916
-.0223846436
.0194244385
.0246276855
.0648040771
.0760192871
.0158233643
.0577239990
.0558013916
-.0245513916
-.0177001953
-.0341491699
.0283050537
.0583190918
-.0128936768
-.0552215576
.0198516846
-.0564880371
-.0388946533
-.0274353027
.0381469727
.0519714355
-.0349273682
-.0442504883
.0485839844
.0319976807
.0182647705
-.0201110840
-.0271148682
-.0524291992
.0454101563
-.0294952393
.0236968994
.0747985840
-.0353698730
.0168457031
-.0670166016
.0263519287
.0349121094
-.0233306885
-.0345306396
-.0228729248
-.0424041748
-.0290679932
.0342864990
-.0637054443
-.0657348633
-.0376739502
-.0765991211
-.0435333252
-.0414886475
-.0650634766
-.0438690186
-.0619659424
-.0262603760
.0385437012
.0198059082
-.0667877197
-.0296936035
-.0419158936
.0234222412
-.0558319092
-.0344543457
-.0646057129
-.0267181396
.0466003418
-.0296630859
-.0357360840
.0497131348
-.0205993652
-.0347442627
-.0279693604
-.0359191895
-.0167236328
.0214843750
.0429534912
.0451354980
.0618286133
.0523986816
-.0482635498
.0471649170
.0617218018
.0723571777
.0539398193
.0570526123
.0603332520
.0449676514
.0337677002
-.0413665771
-.0255889893
.0338134766
-.0482788086
-.0665435791
-.0957031250
-.0155334473
.0276794434
-.0377349854
-.0461730957
-.0193328857
-.0437774658
-.0460815430
-.0370941162
-.0600128174
-.0818023682
-.0507507324
.0296936035
-.0457763672
-.0245819092
-.0682525635
-.0429840088
-.0328826904
-.0358581543
.0272674561
.0449218750
-.0664825439
-.0693664551
-.0169067383
-.0519256592
-.0830841064
-.0704650879
.0295867920
.0326385498
-.0273284912
-.0397949219
-.0399780273
-.0345458984
-.0372467041
-.0333251953
-.0675811768
-.0148468018
.0528869629
.0198669434
.0493621826
.0784912109
-.0224456787
.0398864746
.0234069824
.0541687012
.0084991455
.0200958252
-.0391540527
.0532379150
-.0244140625
-.0491027832
-.0383148193
.0357513428
-.0501098633
-.0491943359
-.0541229248
.0519866943
-.0226440430
-.0290222168
-.0571136475
-.0263366699
-.0433197021
.0371398926
.0402374268
-.0344390869
.0482482910
.0498352051
-.0335235596
.0341644287
-.0405120850
-.0229187012
.0486907959
.0463714600
-.0257415771
-.0365905762
-.0391540527
.0660858154
.0308990479
.0281219482
.0447235107
.0531616211
.0639648438
.0290527344
-.0334625244
.0238494873
.0371551514
.0339202881
-.0392608643
.0394134521
.0881042480
.0592498779
.0254516602
-.0596313477
