-.0153656006
.0225677490
.0183715820
-.0267333984
.0155487061
.0133666992
-.0229034424
-.0098419189
-.0189514160
-.0107574463
.0161590576
-.0155181885
-.0317687988
-.0092468262
-.0210266113
-.0253601074
-.0157775879
-.0182952881
-.0073852539
-.0177612305
.0260467529
-.0113677979
.0224151611
.0454406738
.0205688477
.0194854736
.0140075684
.0193176270
.0149383545
.0299987793
.0219573975
.0220489502
.0100402832
-.0137176514
-.0248718262
-.0242462158
-.0187988281
-.0156555176
.0160217285
.0333404541
.0137481689
-.0085601807
-.0156555176
.0221862793
-.0274963379
-.0195007324
-.0262756348
-.0174865723
-.0167694092
.0130004883
.0270080566
.0309600830
.0184631348
.0186614990
-.0191040039
-.0240020752
.0182952881
-.0229492188
-.0237579346
-.0277404785
.0261688232
.0263214111
.0285797119
.0236206055
.0153503418
-.0304260254
-.0131835938
-.0110321045
.0278778076
.0255432129
.0114746094
-.0278167725
.0266723633
.0241394043
.0232086182
.0257415771
.0117492676
-.0185241699
-.0179138184
.0117340088
.0262145996
.0239105225
.0094757080
.0333251953
-.0069274902
-.0170745850
-.0137481689
-.0251617432
-.0190887451
.0209503174
.0325469971
-.0105285645
-.0092773438
-.0160675049
.0284729004
.0090942383
.0300292969
.0400695801
.0452117920
.0432891846
-.0108947754
-.0156250000
-.0128936768
-.0186004639
.0260009766
.0107116699
.0335693359
.0373535156
.0112457275
-.0258941650
.0366363525
.0465698242
.0102996826
.0337829590
.0299224854
.0268707275
.0143280029
-.0178680420
.0262603760
.0392150879
-.0122985840
.0278778076
.0166320801
.0299072266
.0110321045
.0178375244
.0287322998
.0235290527
.0076293945
.0330505371
-.0190887451
-.0291900635
-.0409088135
-.0451049805
-.0242614746
-.0336151123
-.0348510742
-.0246734619
-.0191497803
-.0236511230
.0272216797
.0103912354
.0126647949
.0298614502
-.0159759521
.0233459473
.0093688965
-.0081481934
-.0170593262
-.0155639648
.0135803223
-.0259704590
-.0282440186
-.0312805176
-.0264739990
-.0318450928
-.0194854736
-.0160827637
-.0277252197
.0112152100
.0191497803
.0239868164
.0127563477
.0202484131
.0342102051
.0255126953
-.0157470703
-.0080261230
.0093536377
-.0338745117
-.0079345703
-.0149993896
.0282440186
.0084838867
.0260162354
.0365447998
.0113372803
.0164337158
-.0153961182
.0105438232
.0300903320
-.0066680908
-.0156402588
.0104217529
-.0055236816
.0245819092
-.0236206055
-.0166320801
-.0292358398
.0086364746
.0233612061
-.0119018555
.0291748047
.0232238770
.0299072266
.0268249512
.0231628418
.0219116211
.0314178467
.0395507813
-.0095672607
-.0164642334
-.0158233643
.0323486328
-.0126647949
-.0165100098
-.0108947754
.0115966797
.0090332031
.0244598389
.0231323242
.0149841309
-.0409545898
-.0252990723
-.0313568115
-.0117340088
-.0251007080
-.0135803223
-.0208129883
-.0218353271
.0090942383
-.0193176270
-.0271148682
-.0246582031
.0374450684
.0437164307
.0252685547
-.0100708008
-.0111846924
.0202789307
.0100402832
-.0168609619
.0298309326
.0316619873
.0166625977
.0065002441
.0091552734
-.0229034424
-.0335845947
-.0112609863
.0082092285
.0163421631
-.0171508789
-.0236663818
.0155792236
.0205535889
-.0209197998
-.0216522217
.0189819336
.0352630615
.0295410156
.0175018311
-.0124969482
.0068664551
.0313720703
.0294952393
-.0161895752
.0090332031
-.0071411133
-.0161132813
-.0149993896
-.0201721191
-.0199432373
-.0195312500
-.0192718506
-.0228424072
-.0301361084
-.0111694336
-.0289154053
.0175933838
-.0187377930
-.0092773438
-.0268707275
.0144195557
.0164031982
-.0266113281
-.0138244629
-.0280914307
-.0139007568
-.0110626221
-.0070190430
-.0242919922
-.0129852295
-.0244903564
.0135498047
.0145721436
-.0093231201
-.0120239258
.0178680420
.0178680420
-.0194549561
.0250244141
-.0123443604
.0186920166
.0192413330
.0330657959
.0221405029
.0210571289
.0271148682
-.0148162842
.0191040039
.0117950439
.0164642334
.0233001709
.0213470459
.0269775391
.0223999023
.0256042480
.0213623047
.0200653076
.0404357910
.0177459717
-.0077209473
.0189514160
.0187683105
.0174713135
.0166931152
-.0248107910
-.0358581543
.0162200928
.0182495117
.0202331543
-.0200653076
.0129547119
.0269165039
.0200042725
.0166320801
.0137329102
.0413970947
.0258941650
.0098724365
.0113830566
.0111389160
-.0223846436
-.0229644775
.0159912109
.0098114014
-.0137634277
-.0102386475
.0191497803
.0481719971
.0233917236
.0232391357
.0274353027
.0109710693
.0208282471
.0245819092
.0143585205
-.0196838379
-.0104522705
-.0337982178
.0132751465
.0148468018
-.0351257324
-.0169525146
.0181121826
-.0263366699
-.0143737793
-.0167236328
-.0131072998
-.0198364258
.0253295898
.0166778564
-.0122528076
-.0137329102
-.0141754150
.0108184814
.0122222900
-.0345153809
-.0150146484
-.0073089600
-.0241546631
.0317077637
.0101318359
.0216217041
-.0249633789
-.0195465088
.0232543945
-.0196838379
-.0133361816
-.0231475830
.0124359131
.0205993652
-.0158233643
.0253601074
.0523681641
.0167846680
-.0142364502
.0098266602
.0115661621
.0274353027
.0250701904
.0116271973
.0122833252
.0245361328
.0284271240
.0147094727
.0242919922
.0210571289
.0245208740
.0326690674
.0069122314
-.0202331543
.0109100342
.0217742920
.0325164795
.0206298828
.0272827148
.0108795166
-.0200042725
-.0125732422
.0226898193
-.0088043213
.0145568848
-.0083312988
-.0233764648
.0450592041
.0185089111
.0199432373
.0160827637
-.0163879395
.0144958496
.0236511230
.0291442871
.0262298584
.0397491455
.0243225098
-.0120849609
.0236968994
.0180664063
-.0250091553
-.0081939697
-.0233459473
.0129089355
.0077514648
-.0216827393
.0091400146
-.0169982910
.0343170166
.0171203613
.0271453857
.0406951904
-.0100860596
.0222015381
.0292053223
.0345611572
.0243682861
.0338897705
.0165710449
.0420227051
.0259857178
-.0142669678
-.0298461914
-.0217895508
.0167388916
-.0310821533
-.0183105469
.0285186768
.0421447754
.0168457031
.0167236328
.0125885010
.0173492432
.0068054199
.0106048584
.0084686279
-.0145416260
-.0055541992
.0221099854
.0208282471
-.0214385986
-.0183105469
-.0165710449
-.0200653076
-.0236206055
-.0121765137
-.0272674561
-.0226898193
-.0182189941
.0190582275
-.0150299072
.0106658936
.0206146240
.0294342041
.0085754395
-.0142669678
.0173187256
-.0122375488
-.0169219971
.0213470459
.0323181152
.0277404785
-.0091552734
.0243835449
.0308074951
-.0119323730
.0245056152
.0148010254
.0157318115
-.0151824951
-.0167694092
.0280456543
.0139007568
.0163726807
-.0168457031
.0113525391
-.0139160156
.0203857422
.0336303711
-.0305175781
-.0272979736
-.0304260254
-.0334625244
-.0302429199
-.0471649170
.0219879150
.0100402832
-.0367126465
-.0110778809
-.0426940918
-.0230712891
.0075073242
.0225524902
.0127868652
-.0208129883
.0032653809
-.0179595947
-.0353393555
-.0197601318
-.0194244385
-.0240783691
-.0160675049
-.0428314209
-.0360717773
-.0333557129
-.0446777344
-.0243835449
-.0341491699
.0154113770
-.0135345459
.0116271973
.0237731934
-.0123138428
.0078887939
-.0103912354
-.0299682617
-.0163421631
-.0254058838
-.0230865479
.0176086426
-.0258789063
-.0410919189
-.0442352295
-.0226745605
-.0396881104
-.0141296387
-.0222015381
-.0354766846
-.0177154541
.0202331543
.0130157471
-.0257110596
.0115509033
-.0125885010
-.0304565430
-.0371856689
-.0202636719
.0234985352
-.0169830322
-.0237884521
.0123138428
.0121612549
.0136566162
.0349121094
.0238647461
.0137786865
.0311737061
.0234832764
.0261383057
.0142822266
.0078735352
.0209045410
-.0300445557
-.0273742676
.0161132813
.0139770508
.0198974609
-.0117797852
.0237426758
.0145568848
.0294342041
-.0083618164
-.0076141357
.0277404785
-.0197753906
.0347290039
.0141296387
-.0066375732
.0387115479
.0393676758
-.0150146484
.0263214111
-.0185699463
.0081939697
-.0107574463
-.0151367188
-.0272674561
-.0068511963
.0255889893
.0319519043
.0483245850
.0098571777
-.0055694580
-.0271759033
.0465698242
.0416564941
.0564727783
.0184783936
.0427246094
.0277252197
.0103454590
.0211181641
.0223388672
.0133972168
-.0183258057
-.0367431641
-.0120697021
-.0308685303
-.0311737061
-.0256500244
-.0268096924
.0172882080
.0222015381
.0303649902
-.0172119141
.0136871338
.0305480957
.0388793945
.0119781494
.0415344238
-.0166473389
.0079345703
.0331268311
.0121917725
.0361480713
.0398101807
-.0167388916
.0378265381
.0196075439
-.0113830566
.0351867676
.0157165527
.0106353760
.0126037598
.0162048340
.0202636719
.0259399414
-.0258026123
-.0324401855
-.0261993408
-.0131835938
-.0177459717
-.0199737549
-.0115051270
-.0273437500
-.0119323730
-.0176086426
-.0166320801
-.0078430176
.0158843994
-.0231018066
.0208435059
.0071105957
-.0373077393
-.0417022705
.0059661865
-.0284576416
-.0217132568
-.0078430176
.0179901123
.0174102783
-.0158386230
.0128784180
-.0045013428
-.0197906494
-.0277862549
-.0156097412
.0087127686
.0105438232
.0178527832
-.0107574463
.0163116455
-.0243530273
-.0363616943
-.0204010010
-.0211944580
-.0206146240
-.0059814453
-.0194549561
.0205078125
.0123596191
-.0206604004
.0105285645
-.0209197998
-.0123748779
.0146179199
.0119018555
.0194702148
-.0236663818
-.0166778564
-.0123291016
.0140228271
.0257110596
.0258331299
-.0104064941
-.0179595947
.0334320068
.0270690918
.0158843994
.0168304443
-.0087280273
-.0090789795
.0335998535
.0427398682
-.0324859619
-.0171356201
-.0133514404
.0154418945
.0163879395
.0138092041
-.0154113770
-.0186767578
.0299072266
.0153198242
-.0186462402
-.0175781250
-.0461883545
-.0236206055
-.0264434814
-.0140533447
.0123596191
-.0178527832
-.0276641846
-.0196685791
-.0243835449
.0206909180
-.0210113525
-.0191802979
.0098571777
.0195770264
-.0452423096
-.0264282227
-.0164337158
-.0374450684
-.0177001953
-.0228424072
-.0169219971
-.0183715820
-.0181579590
.0124664307
.0104064941
-.0238647461
.0314941406
.0247344971
.0310211182
-.0217285156
.0314788818
.0250854492
.0186157227
-.0134735107
-.0199584961
-.0205841064
-.0136413574
-.0147552490
-.0311584473
-.0305480957
-.0267486572
-.0186462402
-.0224304199
-.0227966309
-.0138702393
-.0264739990
-.0297851563
-.0239257813
.0180053711
.0209045410
.0190582275
.0288543701
-.0082855225
-.0100555420
.0317687988
.0204620361
.0279388428
.0113677979
.0200500488
.0099334717
.0177612305
.0072479248
.0221710205
.0291748047
.0231018066
.0169525146
.0307006836
-.0271606445
-.0319671631
-.0099945068
-.0216522217
.0059967041
-.0401458740
-.0354919434
-.0379028320
-.0378570557
-.0112457275
-.0143432617
.0253295898
.0289459229
-.0113220215
-.0162200928
-.0112152100
.0097351074
.0123291016
.0324859619
.0381164551
.0079345703
.0289306641
.0279846191
-.0122985840
-.0088653564
-.0171203613
.0142059326
.0292205811
-.0064544678
-.0276794434
.0099639893
-.0283203125
-.0195007324
-.0137481689
.0191192627
.0260467529
-.0175018311
-.0221862793
.0243530273
.0160369873
.0091552734
-.0100860596
-.0135955811
-.0262908936
.0227661133
-.0147857666
.0118713379
.0374908447
-.0177307129
.0084533691
-.0335845947
.0132141113
.0175018311
-.0117034912
-.0173034668
-.0114746094
-.0212402344
-.0145721436
.0171813965
-.0319366455
-.0329437256
-.0188751221
-.0383911133
-.0218200684
-.0207977295
-.0326232910
-.0219879150
-.0310668945
-.0131835938
.0193176270
.0099334717
-.0334777832
-.0148925781
-.0210113525
.0117492676
-.0279998779
-.0172729492
-.0323791504
-.0133972168
.0233612061
-.0148620605
-.0179138184
.0249176025
-.0103302002
-.0174102783
-.0140228271
-.0180053711
-.0083923340
.0107727051
.0215301514
.0226440430
.0309906006
.0262603760
-.0241851807
.0236358643
.0309448242
.0362701416
.0270385742
.0285949707
.0302429199
.0225524902
.0169219971
-.0207519531
-.0128326416
.0169372559
-.0242004395
-.0333709717
-.0479736328
-.0077819824
.0138854980
-.0189208984
-.0231323242
-.0096893311
-.0219573975
-.0230865479
-.0185852051
-.0300903320
-.0410003662
-.0254364014
.0148773193
-.0229339600
-.0123291016
-.0342102051
-.0215454102
-.0164947510
-.0179748535
.0136718750
.0225219727
-.0333251953
-.0347595215
-.0084838867
-.0260314941
-.0416412354
-.0353088379
.0148315430
.0163726807
-.0136871338
-.0199584961
-.0200347900
-.0173187256
-.0186767578
-.0167083740
-.0338592529
-.0074462891
.0265045166
.0099639893
.0247497559
.0393524170
-.0112609863
.0200042725
.0117340088
.0271453857
.0042724609
.0100708008
-.0196380615
.0266876221
-.0122375488
-.0246124268
-.0191955566
.0179138184
-.0251159668
-.0246582031
-.0271301270
.0260620117
-.0113677979
-.0145416260
-.0286254883
-.0132141113
-.0217132568
.0186157227
.0201721191
-.0172576904
.0241851807
.0249786377
-.0168151855
.0171203613
-.0203094482
-.0114898682
.0244140625
.0232543945
-.0129089355
-.0183410645
-.0196228027
.0331420898
.0154876709
.0140991211
.0224151611
.0266571045
.0320587158
.0145568848
-.0167694092
.0119476318
.0186157227
.0170135498
-.0196838379
.0197601318
.0441589355
.0296936035
.0127563477
-.0298767090
