-.0243377686
.0357513428
.0290985107
-.0423736572
.0246276855
.0211944580
-.0363006592
-.0155639648
-.0300445557
-.0170440674
.0255889893
-.0245819092
-.0503387451
-.0146484375
-.0333099365
-.0402069092
-.0249938965
-.0289916992
-.0117034912
-.0281372070
.0412750244
-.0180206299
.0355224609
.0720062256
.0325775146
.0308837891
.0222015381
.0306243896
.0236816406
.0475463867
.0348052979
.0349578857
.0159149170
-.0217285156
-.0394134521
-.0384216309
-.0297851563
-.0248107910
.0253906250
.0528411865
.0218048096
-.0135803223
-.0248260498
.0351715088
-.0435791016
-.0308990479
-.0416259766
-.0277099609
-.0265808105
.0205993652
.0428161621
.0490875244
.0292663574
.0295867920
-.0302886963
-.0380249023
.0289764404
-.0363616943
-.0376281738
-.0439758301
.0414581299
.0417175293
.0452728271
.0374450684
.0243225098
-.0482177734
-.0208740234
-.0174865723
.0441436768
.0404968262
.0181884766
-.0440979004
.0422821045
.0382537842
.0367736816
.0407867432
.0186157227
-.0293579102
-.0283813477
.0186157227
.0415344238
.0378875732
.0150146484
.0528259277
-.0109863281
-.0270690918
-.0217742920
-.0398712158
-.0302429199
.0331726074
.0515594482
-.0166625977
-.0147094727
-.0254669189
.0451354980
.0144195557
.0475769043
.0635070801
.0716400146
.0685882568
-.0172576904
-.0247650146
-.0204162598
-.0294952393
.0411987305
.0169677734
.0531768799
.0591735840
.0177917480
-.0410156250
.0580749512
.0738067627
.0162963867
.0535430908
.0474090576
.0425872803
.0227355957
-.0283203125
.0415954590
.0621185303
-.0195007324
.0441894531
.0263519287
.0473785400
.0174560547
.0282745361
.0455474854
.0372772217
.0120849609
.0523681641
-.0302429199
-.0462341309
-.0648345947
-.0714874268
-.0384674072
-.0532531738
-.0552215576
-.0390777588
-.0303497314
-.0374908447
.0431365967
.0164794922
.0200653076
.0472869873
-.0253143311
.0370025635
.0148468018
-.0128936768
-.0270233154
-.0246887207
.0215148926
-.0411529541
-.0447692871
-.0495605469
-.0419769287
-.0504455566
-.0308837891
-.0254821777
-.0439453125
.0177612305
.0303344727
.0380249023
.0202178955
.0320739746
.0542449951
.0404357910
-.0249633789
-.0126953125
.0148468018
-.0536651611
-.0125427246
-.0237731934
.0447540283
.0134429932
.0412139893
.0579223633
.0179595947
.0260314941
-.0243988037
.0166931152
.0476989746
-.0105438232
-.0247650146
.0165252686
-.0087585449
.0389556885
-.0374145508
-.0263519287
-.0463256836
.0136718750
.0370330811
-.0188598633
.0462341309
.0368194580
.0474090576
.0425415039
.0367279053
.0347442627
.0497894287
.0626983643
-.0151367188
-.0260925293
-.0250854492
.0512695313
-.0200500488
-.0261688232
-.0172576904
.0183868408
.0142974854
.0387573242
.0366668701
.0237274170
-.0649108887
-.0400848389
-.0496978760
-.0185852051
-.0397796631
-.0214996338
-.0329895020
-.0345916748
.0144042969
-.0306091309
-.0429840088
-.0390777588
.0593414307
.0692749023
.0400695801
-.0159454346
-.0177001953
.0321502686
.0159149170
-.0267181396
.0472869873
.0501861572
.0264129639
.0102996826
.0145111084
-.0363006592
-.0532073975
-.0178222656
.0130157471
.0258941650
-.0271759033
-.0375213623
.0247039795
.0325469971
-.0331420898
-.0343017578
.0300598145
.0558624268
.0468139648
.0277557373
-.0198059082
.0108795166
.0496978760
.0467376709
-.0256652832
.0143280029
-.0113067627
-.0255126953
-.0237731934
-.0319671631
-.0316009521
-.0309600830
-.0305328369
-.0361938477
-.0477600098
-.0177001953
-.0458374023
.0278778076
-.0296936035
-.0147094727
-.0425872803
.0228271484
.0259857178
-.0421600342
-.0218963623
-.0445251465
-.0220336914
-.0175018311
-.0111236572
-.0384979248
-.0205688477
-.0388031006
.0214691162
.0231170654
-.0147705078
-.0190734863
.0282897949
.0283050537
-.0308532715
.0396423340
-.0195617676
.0296173096
.0304870605
.0523986816
.0350799561
.0333709717
.0429534912
-.0234680176
.0302734375
.0186920166
.0261230469
.0369110107
.0337982178
.0427398682
.0355072021
.0405731201
.0338439941
.0318145752
.0640716553
.0281066895
-.0122528076
.0300445557
.0297088623
.0276794434
.0264739990
-.0393218994
-.0568389893
.0256958008
.0289306641
.0320587158
-.0317840576
.0205230713
.0426635742
.0316772461
.0263671875
.0217742920
.0656127930
.0410156250
.0156555176
.0180358887
.0176696777
-.0354766846
-.0363616943
.0253448486
.0155334473
-.0218048096
-.0162048340
.0303344727
.0763397217
.0370788574
.0368347168
.0434722900
.0173645020
.0329895020
.0389556885
.0227508545
-.0312042236
-.0165557861
-.0535736084
.0210266113
.0235290527
-.0556640625
-.0268554688
.0287322998
-.0417327881
-.0227661133
-.0264739990
-.0207672119
-.0314331055
.0401458740
.0264434814
-.0193786621
-.0217590332
-.0224456787
.0171356201
.0193634033
-.0547027588
-.0238037109
-.0115509033
-.0382690430
.0502624512
.0160369873
.0342712402
-.0395812988
-.0309753418
.0368347168
-.0311889648
-.0211334229
-.0366973877
.0196990967
.0326232910
-.0250701904
.0401916504
.0829925537
.0266265869
-.0225677490
.0155944824
.0182952881
.0434875488
.0397186279
.0184326172
.0194396973
.0388793945
.0450592041
.0233001709
.0385284424
.0333709717
.0388641357
.0517578125
.0109558105
-.0320434570
.0172882080
.0345001221
.0515136719
.0326995850
.0432128906
.0172424316
-.0317077637
-.0199127197
.0359649658
-.0139312744
.0230865479
-.0131988525
-.0370635986
.0714263916
.0293273926
.0316009521
.0255126953
-.0259704590
.0229492188
.0374603271
.0461883545
.0415649414
.0629730225
.0385284424
-.0191497803
.0375366211
.0286407471
-.0396270752
-.0129699707
-.0370025635
.0204772949
.0122680664
-.0343780518
.0144805908
-.0269622803
.0543670654
.0271301270
.0430297852
.0644989014
-.0159759521
.0352020264
.0462951660
.0547485352
.0385894775
.0536804199
.0262603760
.0665740967
.0411682129
-.0225982666
-.0473022461
-.0345458984
.0265502930
-.0492706299
-.0290069580
.0451812744
.0667877197
.0267028809
.0265045166
.0199584961
.0274963379
.0107727051
.0167999268
.0133972168
-.0230560303
-.0088043213
.0350341797
.0330047607
-.0339660645
-.0290069580
-.0262298584
-.0318145752
-.0374298096
-.0192871094
-.0431976318
-.0359649658
-.0288696289
.0301971436
-.0238037109
.0168914795
.0326690674
.0466613770
.0136108398
-.0225982666
.0274658203
-.0194091797
-.0268249512
.0338287354
.0512237549
.0439605713
-.0144805908
.0386199951
.0488281250
-.0189208984
.0388641357
.0234527588
.0249328613
-.0240631104
-.0265502930
.0444641113
.0220184326
.0259399414
-.0267028809
.0180053711
-.0220489502
.0322875977
.0533142090
-.0483398438
-.0432739258
-.0482177734
-.0530090332
-.0479278564
-.0747528076
.0348510742
.0159149170
-.0581817627
-.0175476074
-.0676727295
-.0365905762
.0118865967
.0357208252
.0202636719
-.0329742432
.0051574707
-.0284576416
-.0559997559
-.0313110352
-.0307769775
-.0381317139
-.0254516602
-.0678863525
-.0571594238
-.0528564453
-.0708007813
-.0386352539
-.0541076660
.0244140625
-.0214538574
.0184173584
.0376892090
-.0195312500
.0124816895
-.0164642334
-.0475158691
-.0258789063
-.0402526855
-.0365905762
.0278930664
-.0410003662
-.0651092529
-.0700988770
-.0359344482
-.0628967285
-.0223846436
-.0351867676
-.0561981201
-.0280761719
.0320587158
.0206298828
-.0407409668
.0183258057
-.0199432373
-.0482635498
-.0589447021
-.0320892334
.0372467041
-.0269165039
-.0377044678
.0195159912
.0192871094
.0216522217
.0553283691
.0378265381
.0218353271
.0494079590
.0372314453
.0414276123
.0226287842
.0124664307
.0331420898
-.0476074219
-.0433654785
.0255279541
.0221557617
.0315246582
-.0186767578
.0376281738
.0230865479
.0466461182
-.0132293701
-.0120544434
.0439910889
-.0313415527
.0550384521
.0223693848
-.0104980469
.0613555908
.0623779297
-.0237731934
.0417175293
-.0294189453
.0129852295
-.0170440674
-.0240020752
-.0432128906
-.0108489990
.0405426025
.0506439209
.0765991211
.0156097412
-.0088348389
-.0430755615
.0738220215
.0660247803
.0894927979
.0292968750
.0677032471
.0439147949
.0164184570
.0334625244
.0354003906
.0212249756
-.0290527344
-.0582427979
-.0191192627
-.0489044189
-.0494232178
-.0406341553
-.0424957275
.0273742676
.0352020264
.0481262207
-.0272674561
.0216827393
.0484008789
.0616149902
.0189971924
.0658111572
-.0263824463
.0125427246
.0524902344
.0193176270
.0572814941
.0630645752
-.0265197754
.0599517822
.0310668945
-.0180511475
.0557556152
.0248870850
.0168304443
.0199737549
.0256652832
.0321197510
.0411224365
-.0409088135
-.0514221191
-.0415039063
-.0208740234
-.0281219482
-.0316467285
-.0182342529
-.0433502197
-.0189056396
-.0279235840
-.0263671875
-.0124206543
.0251770020
-.0366210938
.0330200195
.0112762451
-.0591583252
-.0660705566
.0094604492
-.0450897217
-.0343933105
-.0124206543
.0285186768
.0275878906
-.0250854492
.0204010010
-.0071258545
-.0313568115
-.0440368652
-.0247344971
.0138092041
.0166931152
.0282897949
-.0170440674
.0258483887
-.0385894775
-.0576324463
-.0323333740
-.0335998535
-.0326690674
-.0094909668
-.0308227539
.0324859619
.0195770264
-.0327301025
.0166931152
-.0331420898
-.0196075439
.0231628418
.0188598633
.0308685303
-.0374755859
-.0264129639
-.0195312500
.0222167969
.0407562256
.0409240723
-.0164642334
-.0284576416
.0529937744
.0428924561
.0251770020
.0266418457
-.0138244629
-.0143585205
.0532226563
.0677185059
-.0514678955
-.0271453857
-.0211486816
.0244750977
.0259857178
.0218963623
-.0244140625
-.0296020508
.0474090576
.0242767334
-.0295562744
-.0278625488
-.0732269287
-.0374298096
-.0418701172
-.0222473145
.0195770264
-.0282745361
-.0438537598
-.0311737061
-.0386352539
.0327758789
-.0332946777
-.0303802490
.0156250000
.0310058594
-.0717163086
-.0418853760
-.0260467529
-.0593261719
-.0280609131
-.0361938477
-.0268249512
-.0290985107
-.0287780762
.0197448730
.0165100098
-.0377960205
.0498962402
.0392150879
.0491638184
-.0344238281
.0499267578
.0397338867
.0294799805
-.0213317871
-.0316314697
-.0326080322
-.0216217041
-.0233764648
-.0494079590
-.0484466553
-.0423889160
-.0295410156
-.0355682373
-.0361175537
-.0219726563
-.0419464111
-.0472106934
-.0379180908
.0285339355
.0331115723
.0302124023
.0457153320
-.0131378174
-.0159606934
.0503540039
.0324249268
.0442657471
.0179901123
.0317687988
.0157318115
.0281372070
.0114746094
.0351257324
.0462188721
.0365905762
.0268554688
.0486602783
-.0430450439
-.0506744385
-.0158386230
-.0342864990
.0094909668
-.0636444092
-.0562286377
-.0600433350
-.0600280762
-.0178070068
-.0227203369
.0401306152
.0458831787
-.0179290771
-.0257110596
-.0177764893
.0154113770
.0195770264
.0514831543
.0603942871
.0125732422
.0458374023
.0443267822
-.0194854736
-.0140533447
-.0271148682
.0224914551
.0463256836
-.0102539063
-.0438690186
.0157775879
-.0448608398
-.0308837891
-.0217742920
.0303039551
.0412750244
-.0277404785
-.0351715088
.0385742188
.0254364014
.0144958496
-.0159912109
-.0215301514
-.0416412354
.0360717773
-.0234375000
.0188293457
.0594177246
-.0280914307
.0133819580
-.0532226563
.0209350586
.0277252197
-.0185394287
-.0274200439
-.0181732178
-.0336608887
-.0230865479
.0272369385
-.0505981445
-.0522155762
-.0299224854
-.0608367920
-.0345764160
-.0329437256
-.0516662598
-.0348510742
-.0492248535
-.0208587646
.0306091309
.0157165527
-.0530700684
-.0235900879
-.0332946777
.0186157227
-.0443572998
-.0273590088
-.0513153076
-.0212249756
.0370178223
-.0235595703
-.0283966064
.0395050049
-.0163574219
-.0275878906
-.0222167969
-.0285491943
-.0132904053
.0170593262
.0341186523
.0358581543
.0491027832
.0416107178
-.0383300781
.0374603271
.0490264893
.0574798584
.0428314209
.0453186035
.0479125977
.0357208252
.0268249512
-.0328674316
-.0203399658
.0268554688
-.0383453369
-.0528717041
-.0760345459
-.0123291016
.0219879150
-.0299835205
-.0366668701
-.0153503418
-.0347747803
-.0366058350
-.0294647217
-.0476837158
-.0649719238
-.0403137207
.0235900879
-.0363616943
-.0195159912
-.0541992188
-.0341491699
-.0261230469
-.0284881592
.0216522217
.0356750488
-.0528106689
-.0550842285
-.0134277344
-.0412292480
-.0660095215
-.0559692383
.0234832764
.0259399414
-.0216979980
-.0316162109
-.0317535400
-.0274353027
-.0296020508
-.0264892578
-.0536804199
-.0118103027
.0420074463
.0157928467
.0392150879
.0623474121
-.0178375244
.0316772461
.0185852051
.0430297852
.0067291260
.0159606934
-.0311279297
.0422973633
-.0193939209
-.0390167236
-.0304260254
.0283966064
-.0397949219
-.0390777588
-.0429840088
.0412902832
-.0180053711
-.0230560303
-.0453643799
-.0209197998
-.0344085693
.0295104980
.0319519043
-.0273590088
.0383300781
.0395812988
-.0266265869
.0271453857
-.0321960449
-.0182189941
.0386810303
.0368499756
-.0204467773
-.0290679932
-.0311126709
.0525054932
.0245361328
.0223388672
.0355224609
.0422363281
.0507965088
.0230712891
-.0265808105
.0189361572
.0295104980
.0269317627
-.0311889648
.0312957764
.0699615479
.0470581055
.0202178955
-.0473632813
