-.0000152588
.0000152588
-.0000152588
.0000152588
-.0000152588
.0000152588
.0000152588
.0000152588
.0000152588
-.0000152588
-.0000152588
-.0001831055
.0012664795
.0014648438
-.0015411377
-.0032653809
.0048217773
-.0041198730
-.0031433105
.0076141357
-.0045776367
.0081176758
-.0094604492
-.0078125000
.0105590820
-.0065155029
-.0110778809
-.0088806152
.0126953125
-.0088653564
.0115814209
-.0107421875
.0100402832
-.0104217529
-.0137329102
.0083770752
-.0102386475
.0139007568
-.0114440918
-.0162658691
-.0140686035
-.0240325928
.0186462402
-.0225524902
-.0201873779
-.0153961182
.0249938965
.0400848389
.0237426758
.0270843506
.0252990723
-.0239562988
.0273437500
.0202178955
-.0168609619
.0298156738
.0198516846
-.0150299072
-.0184783936
.0148468018
.0199127197
.0281677246
-.0225219727
-.0305175781
-.0262756348
.0142211914
.0266723633
-.0210113525
-.0319061279
-.0187683105
-.0212097168
.0239715576
.0299377441
-.0202331543
-.0429840088
.0166778564
-.0240020752
.0272521973
-.0299224854
-.0317535400
.0386199951
-.0177154541
.0185241699
.0381317139
-.0262145996
.0261688232
-.0323638916
-.0226593018
-.0433959961
.0317993164
-.0290985107
-.0301055908
-.0395507813
.0216064453
.0336608887
-.0259857178
.0282897949
.0381469727
-.0389556885
-.0225372314
.0151824951
-.0272369385
.0279541016
-.0378570557
-.0272064209
.0461730957
-.0259704590
-.0320434570
-.0319061279
.0261840820
.0188598633
.0496673584
-.0202636719
-.0377197266
-.0277862549
-.0216217041
-.0318756104
.0330963135
-.0307312012
-.0195922852
-.0173645020
-.0239715576
.0345458984
.0250244141
.0244445801
-.0226593018
-.0395660400
-.0363464355
.0280456543
-.0378112793
-.0207977295
-.0204010010
.0398406982
.0211029053
-.0216827393
-.0236358643
-.0182342529
-.0264282227
-.0203094482
-.0169067383
.0240936279
-.0110626221
.0255279541
-.0260009766
-.0248260498
.0233764648
-.0221405029
.0215759277
.0223693848
.0154418945
.0103759766
.0120086670
.0124511719
-.0124053955
-.0176849365
-.0205078125
.0130157471
.0264587402
-.0131225586
.0146179199
.0132751465
.0146179199
-.0136718750
-.0140228271
.0147857666
-.0101776123
.0131835938
-.0117645264
-.0122680664
.0092620850
.0093231201
-.0082855225
.0086059570
-.0077209473
.0060882568
-.0076141357
-.0119323730
.0091857910
.0075378418
.0093078613
.0077362061
.0122222900
.0088958740
-.0068817139
-.0043182373
-.0070037842
.0078887939
.0072174072
.0091400146
.0079498291
.0066528320
-.0085906982
-.0062408447
.0064392090
-.0072937012
-.0070495605
-.0073089600
-.0058135986
-.0053710938
.0066375732
-.0090789795
.0067291260
.0112152100
.0104370117
-.0064239502
-.0112609863
.0081024170
-.0082550049
-.0040435791
.0109100342
.0084228516
.0058746338
.0164031982
-.0072631836
-.0063934326
-.0072326660
-.0054016113
-.0106658936
.0076141357
.0161285400
.0058135986
.0105133057
-.0153503418
-.0092163086
-.0096130371
.0130462646
.0096282959
-.0107727051
.0060882568
.0138092041
-.0234069824
-.0148162842
.0102996826
.0098419189
-.0086059570
-.0093231201
-.0089569092
.0065307617
.0089263916
.0050354004
.0055847168
-.0122222900
.0068664551
-.0100097656
-.0147705078
-.0080718994
.0083007813
.0079803467
-.0082092285
-.0083465576
.0132446289
-.0110015869
.0173034668
-.0133666992
-.0141143799
-.0112762451
.0119934082
.0114746094
.0152435303
.0200958252
-.0278625488
-.0094604492
-.0186309814
.0133666992
.0111541748
.0090179443
.0221252441
.0158996582
.0154724121
-.0136108398
.0132598877
.0077667236
-.0167846680
.0102539063
-.0145111084
.0236816406
.0187530518
.0176086426
-.0160369873
.0096130371
-.0119171143
.0122985840
-.0245819092
-.0106964111
.0225524902
-.0121612549
-.0271911621
.0084228516
.0164489746
-.0145111084
-.0166473389
-.0180053711
-.0178833008
-.0144805908
.0138854980
-.0206604004
-.0153045654
.0131378174
.0237884521
.0144195557
-.0212707520
.0116119385
-.0219116211
.0102386475
-.0105590820
-.0162048340
-.0128021240
-.0168914795
-.0127563477
.0126495361
-.0191650391
-.0133819580
-.0182189941
-.0180664063
.0136108398
.0128326416
-.0173797607
-.0090637207
.0152740479
.0169677734
-.0145721436
.0168609619
-.0103302002
.0136566162
.0132141113
-.0149230957
.0144042969
.0170135498
.0139465332
.0121002197
.0187835693
.0177307129
.0082550049
.0187988281
.0106658936
.0166778564
-.0141754150
-.0098724365
-.0122680664
-.0099334717
-.0070190430
-.0098876953
.0168457031
-.0146942139
.0184020996
-.0143127441
-.0120086670
-.0107116699
-.0119476318
-.0122680664
-.0113525391
-.0131225586
.0080566406
-.0144653320
.0160217285
-.0130157471
-.0136260986
-.0070037842
-.0086669922
.0135955811
-.0117187500
.0172576904
-.0093078613
-.0122222900
.0104675293
.0070648193
.0090789795
.0107421875
.0067901611
-.0083923340
-.0069885254
-.0072479248
.0126495361
.0075531006
-.0073089600
.0072784424
.0109863281
-.0102844238
-.0069274902
-.0062866211
-.0128936768
.0096130371
.0121459961
.0106353760
-.0056915283
-.0099029541
-.0072631836
.0107879639
.0097808838
-.0102996826
.0060882568
.0142669678
-.0050811768
.0047760010
.0068054199
-.0077209473
-.0052337646
-.0077362061
-.0063476563
-.0128784180
.0057220459
.0075531006
-.0101928711
.0076293945
.0076141357
.0070800781
.0067443848
-.0066986084
.0083465576
-.0050506592
-.0085906982
-.0088500977
-.0044555664
-.0063934326
-.0081329346
-.0057678223
-.0042419434
-.0082550049
-.0073394775
.0055389404
.0151672363
-.0070495605
.0088500977
.0065460205
-.0123138428
.0104827881
.0127410889
-.0094909668
-.0103759766
-.0068969727
-.0094757080
-.0085754395
.0085144043
.0098724365
.0115966797
-.0132446289
-.0085296631
.0138244629
-.0129241943
.0097503662
.0143890381
-.0109252930
.0132446289
-.0167083740
.0238037109
-.0133819580
-.0171051025
.0161590576
-.0168609619
-.0120086670
-.0172576904
-.0128479004
-.0196380615
.0174407959
.0156707764
.0165710449
-.0134887695
.0222320557
.0197601318
-.0165557861
.0259552002
-.0236816406
-.0088043213
-.0122985840
-.0070343018
-.0092010498
.0164642334
.0228271484
-.0171203613
.0226287842
-.0164642334
-.0179748535
.0158386230
.0278015137
.0253601074
.0192108154
.0248107910
-.0176391602
.0224456787
.0163421631
.0182647705
-.0149230957
-.0203094482
-.0251312256
-.0150146484
.0169830322
.0302429199
-.0237884521
.0204467773
.0192413330
.0166473389
.0169982910
.0173645020
.0193786621
-.0152130127
.0197143555
-.0108489990
-.0155334473
.0112915039
.0158996582
.0145721436
-.0156250000
-.0221405029
.0142517090
-.0148925781
-.0238647461
-.0223388672
.0174407959
.0195007324
-.0292663574
-.0196228027
-.0120697021
.0184631348
.0203399658
-.0263061523
-.0256500244
-.0196075439
-.0176849365
-.0143280029
.0194091797
-.0244598389
.0205230713
-.0216979980
-.0209503174
.0202789307
.0290069580
-.0243988037
.0247955322
-.0106658936
-.0258331299
.0141143799
.0155639648
.0274963379
-.0161285400
-.0297851563
-.0211639404
-.0101318359
-.0267333984
.0172882080
-.0204772949
-.0198059082
.0143585205
.0305023193
-.0205230713
-.0268402100
.0146789551
-.0184173584
-.0248718262
-.0128326416
-.0233001709
-.0264129639
.0358886719
-.0191497803
-.0173492432
.0261535645
-.0250854492
.0216674805
-.0240478516
.0218963623
.0147705078
-.0241851807
.0246429443
.0251464844
-.0184783936
.0149230957
-.0310211182
-.0284729004
-.0238800049
.0153198242
-.0246887207
.0360717773
.0197753906
-.0346527100
.0370788574
-.0205078125
.0160217285
.0228118896
.0164184570
.0297851563
-.0242767334
-.0237731934
-.0191040039
.0242309570
-.0227966309
.0251159668
.0180816650
-.0419769287
-.0336456299
.0320129395
-.0310211182
.0158233643
-.0236053467
.0426940918
.0222473145
-.0420532227
-.0229339600
.0194854736
.0149688721
-.0308685303
.0190277100
-.0264282227
-.0255737305
-.0243072510
-.0348968506
.0234069824
.0263366699
.0240631104
-.0223846436
-.0177307129
.0239868164
-.0119781494
.0199584961
-.0260467529
.0203247070
-.0162200928
-.0240020752
.0225982666
.0192565918
.0197296143
-.0211486816
-.0164184570
.0159912109
-.0196685791
-.0282135010
-.0258331299
-.0256805420
-.0179748535
.0249938965
.0270996094
.0173339844
-.0149688721
-.0204315186
.0142974854
-.0236511230
-.0238494873
-.0124969482
-.0263061523
.0182495117
-.0281829834
-.0349578857
.0190277100
.0180053711
-.0216064453
.0289764404
.0235290527
.0406494141
-.0280303955
-.0200805664
.0236816406
.0229339600
.0269775391
.0223541260
-.0293731689
-.0296173096
-.0175781250
-.0264434814
.0284881592
.0231781006
.0295410156
.0252532959
-.0358734131
.0419311523
.0176696777
.0207672119
-.0206451416
.0204925537
-.0182037354
.0246887207
.0209960938
.0269470215
-.0131988525
.0243530273
.0203857422
-.0196990967
.0239257813
-.0301971436
-.0324707031
.0261993408
.0353393555
.0284118652
.0143890381
-.0165557861
.0163269043
-.0275115967
-.0263824463
-.0322265625
.0226898193
.0258026123
.0273742676
-.0272827148
.0313110352
-.0245056152
.0280303955
-.0311279297
-.0279235840
-.0296020508
-.0213317871
-.0203247070
.0221405029
.0334167480
.0236663818
-.0177612305
-.0229492188
-.0163269043
-.0238494873
.0395355225
.0583953857
-.0207366943
.0281524658
.0160675049
.0195465088
-.0308227539
.0387420654
.0294952393
-.0372772217
-.0313720703
.0260925293
.0246887207
-.0219116211
.0233306885
.0378265381
.0211486816
.0239105225
.0182647705
-.0344543457
.0199279785
-.0274047852
-.0247650146
-.0325775146
.0168457031
-.0280456543
-.0306396484
-.0288848877
.0225830078
-.0192871094
-.0080108643
.0120544434
.0140533447
.0203552246
-.0211639404
.0095214844
-.0143127441
-.0220336914
.0260009766
-.0095977783
.0209960938
.0207519531
.0223388672
-.0279998779
-.0209808350
.0101470947
-.0229339600
.0137023926
-.0176239014
-.0099945068
.0099945068
-.0143585205
-.0091857910
-.0092926025
-.0066070557
.0066070557
-.0073699951
-.0056915283
-.0043640137
-.0114898682
-.0092926025
-.0072021484
.0059051514
.0057678223
-.0088500977
.0063476563
-.0051574707
-.0044403076
.0051727295
.0050659180
-.0055694580
-.0047149658
-.0070037842
-.0071563721
.0056915283
-.0035552979
-.0051574707
-.0041198730
.0044097900
-.0048065186
.0037841797
-.0022735596
-.0036163330
-.0044708252
.0054779053
-.0052185059
.0043640137
-.0039672852
-.0037536621
.0032501221
.0055999756
.0046539307
.0033264160
.0035858154
-.0032806396
.0018463135
-.0019836426
.0044860840
.0030364990
-.0058746338
.0042572021
-.0046081543
-.0035858154
.0056915283
-.0048217773
.0038757324
.0064544678
-.0046539307
.0041198730
.0029144287
.0052337646
-.0045776367
-.0042877197
-.0044708252
-.0039215088
-.0053405762
-.0027160645
-.0064239502
.0034790039
-.0037078857
-.0053558350
.0068511963
-.0064086914
.0051879883
-.0038757324
-.0064392090
.0058441162
-.0071105957
.0048675537
-.0064086914
.0127563477
-.0053710938
-.0056457520
-.0050354004
.0069427490
.0038452148
.0113983154
-.0081787109
-.0067749023
-.0054931641
-.0045318604
-.0039062500
.0037231445
.0051574707
-.0071716309
-.0052032471
-.0061492920
-.0052642822
.0032196045
.0054321289
.0042724609
-.0056762695
-.0038909912
.0054168701
-.0049743652
-.0045166016
-.0050659180
.0074615479
.0050811768
.0053710938
.0076293945
-.0078735352
-.0092315674
.0072631836
-.0062408447
.0062561035
.0108947754
.0032501221
-.0049591064
.0038452148
.0088500977
.0062713623
.0060424805
.0064392090
-.0064849854
-.0071716309
-.0046234131
.0070190430
-.0049743652
-.0070800781
.0086059570
-.0046539307
.0090332031
-.0063171387
.0101776123
.0058898926
-.0057830811
-.0067596436
.0058898926
-.0112304688
-.0123596191
-.0106353760
-.0089416504
.0086975098
.0042419434
.0084075928
-.0081481934
-.0083160400
.0105895996
.0078430176
.0103454590
-.0119018555
.0047607422
-.0074005127
.0152740479
-.0093994141
.0048217773
-.0079345703
.0117645264
-.0073852539
-.0092163086
.0079956055
.0069580078
-.0085601807
.0049896240
.0074157715
.0066986084
-.0046539307
-.0112609863
-.0072326660
-.0099182129
.0040435791
-.0038909912
.0073242188
.0055084229
-.0109710693
.0078887939
-.0070953369
.0049591064
.0042419434
-.0069122314
.0036163330
.0037231445
-.0036315918
.0058288574
-.0106658936
.0081634521
.0080108643
.0048980713
-.0025939941
-.0070037842
.0045471191
-.0027313232
.0033569336
.0073394775
.0027465820
-.0045623779
.0033416748
.0037994385
-.0049896240
-.0032958984
.0046844482
-.0033874512
.0033416748
.0028228760
-.0038452148
.0042724609
-.0029296875
.0023956299
-.0042419434
-.0025024414
.0042419434
.0019836426
.0043334961
.0041961670
.0024566650
.0033416748
-.0030670166
.0046386719
.0038452148
-.0018005371
.0039062500
-.0018005371
-.0027618408
-.0023193359
.0018920898
.0033874512
.0041809082
.0025787354
.0022583008
-.0026550293
.0017089844
-.0037231445
-.0025177002
.0025634766
.0032958984
.0023345947
-.0030822754
.0057220459
.0020599365
-.0014495850
-.0010528564
.0008239746
.0010833740
-.0010681152
-.0004425049
-.0003662109
.0003356934
