-.0001068115
-.0024566650
.0346832275
.0636138916
.0605926514
.0599060059
-.0335083008
-.0172882080
-.0140075684
.0148925781
.0151672363
.0388336182
-.0390777588
-.0182342529
.0127868652
-.0115051270
-.0180511475
-.0111846924
-.0164947510
.0216369629
.0489196777
-.0310821533
-.0345306396
-.0158691406
-.0152435303
-.0120697021
-.0140075684
.0253295898
-.0162048340
-.0149993896
.0133819580
-.0120697021
-.0108032227
-.0108337402
-.0108032227
-.0209045410
.0288696289
-.0190734863
.0160675049
.0198669434
.0131835938
.0125732422
-.0216827393
.0288391113
-.0204772949
-.0201721191
.0313262939
-.0107879639
.0099639893
-.0128479004
.0163879395
.0278930664
-.0276184082
-.0204925537
-.0183410645
-.0231781006
-.0150756836
-.0141906738
.0230712891
.0148925781
-.0133819580
.0113677979
-.0169830322
.0118560791
.0088958740
-.0143890381
-.0292816162
-.0323638916
-.0358886719
-.0325012207
-.0151672363
.0207519531
.0273742676
.0306396484
.0453033447
.0248870850
.0314941406
.0261077881
.0330657959
-.0354309082
-.0473785400
.0187988281
.0248870850
-.0323028564
.0257720947
-.0206451416
-.0195617676
.0159454346
-.0174865723
.0417175293
-.0538330078
-.0531311035
-.0678558350
-.0445556641
-.0387420654
.0373382568
.0420989990
-.0464630127
.0325164795
-.0272521973
-.0390319824
-.0261993408
-.0243530273
.0187072754
.0426025391
-.0791778564
.0589447021
.0848083496
.0437164307
.0577087402
-.0952606201
.0546875000
.0727996826
.0386352539
-.0319671631
-.0529632568
-.0304565430
.0335083008
.0331573486
-.0334014893
-.0527648926
-.0719757080
-.0561981201
.1217803955
.0733795166
.0713500977
.0506439209
-.0791778564
-.0872039795
.0651245117
.0361022949
-.0412597656
-.0329437256
.0291290283
-.0356292725
.0448608398
-.0431060791
-.0937957764
.0658569336
.1052703857
.0704650879
.0728912354
.1143646240
.0700988770
-.1212615967
-.0532836914
.0460968018
.0510253906
.0396423340
-.0394592285
.0325775146
.0478210449
-.0764312744
-.0988311768
.1113586426
.0928649902
-.0659790039
.0697631836
-.0636596680
.0483703613
.0625305176
-.0548858643
-.0617218018
.0585327148
.0410308838
.0386962891
.0344543457
.0584564209
-.0794219971
.1051940918
-.0796051025
.1028900146
-.0663757324
-.0837860107
-.0757751465
-.0890960693
.0604705811
-.0775756836
.0774230957
-.0845184326
-.0746154785
.0554199219
.0644531250
.0705413818
.1097412109
.1589355469
.1147460938
-.0968017578
.0925750732
-.1049346924
.1035308838
.0740814209
-.1147003174
.0945587158
-.0729522705
-.1165924072
.1077880859
-.0824890137
-.0740661621
.0778198242
-.0840911865
-.0672149658
-.0751190186
.0470428467
-.0634155273
-.0737457275
-.0768737793
.0575256348
.0456390381
-.0474090576
-.0767059326
-.1256866455
-.1193695068
-.1578063965
-.1744995117
-.1246948242
.0621032715
.0591735840
.0482177734
.0549011230
-.0487365723
.0402221680
-.0692138672
.0892944336
.0662231445
-.0560150146
.0467681885
.0396118164
-.0290679932
.0307617188
.0406799316
-.0522918701
.0502624512
.0729064941
.0914001465
-.0924072266
.0656585693
.0720062256
-.0655212402
.0644378662
.0378265381
-.0609741211
.0552215576
.0854187012
.0713500977
-.0807037354
-.0678558350
.0560760498
-.0606842041
-.0404357910
.0252075195
-.0388641357
.0300140381
-.0623321533
.0934448242
-.0809478760
-.0890045166
.0913391113
.0625305176
-.0840606689
.0464782715
-.0331420898
.0279083252
.0453796387
.0418090820
-.0411529541
-.0529937744
.0354156494
.0347595215
.0296325684
-.0251007080
.0263366699
.0296173096
-.0336608887
-.0305023193
-.0218200684
.0445098877
-.1030731201
-.0506439209
.0902404785
-.0552520752
-.0615997314
.0372314453
.0328826904
-.0310058594
-.0281524658
.0249938965
.0302581787
.0284271240
.0280914307
-.0507965088
-.0491638184
-.0563964844
-.0510711670
-.0485076904
.0576019287
.0540924072
.0540466309
.0363159180
.0425720215
-.0511627197
-.0462799072
-.0371398926
-.0478210449
-.0355682373
.0366821289
.0356597900
.0431976318
-.0384979248
-.0267028809
-.0290527344
.0232849121
-.0178375244
-.0143280029
-.0160522461
-.0171813965
.0153808594
-.0122070313
.0113372803
-.0112915039
.0075683594
.0073547363
-.0068206787
-.0069885254
.0106353760
-.0123596191
-.0138854980
-.0159149170
.0084838867
.0119781494
.0130920410
.0167694092
-.0470886230
-.0555725098
.0603332520
.0566711426
.0338134766
.0397644043
.0458526611
.0531768799
-.0505676270
-.0576171875
.0486297607
-.0429077148
.0503997803
.0510864258
-.0560455322
-.0568237305
.0634765625
-.0665283203
.1007537842
-.0860443115
-.0565795898
.0965118408
-.0970153809
-.0928649902
.1013488770
-.0901794434
-.0810546875
-.0727233887
.0779724121
.1000213623
-.1727142334
.1277160645
.1797637939
-.2168426514
.1511840820
.1176910400
.1189575195
-.1167297363
.1280212402
-.1139984131
-.0661926270
-.0852355957
.0708770752
.0559539795
.0859832764
-.0672149658
-.0603637695
-.0448760986
-.0436248779
-.0597076416
.0554351807
.0423126221
.0489807129
-.0442047119
.0446319580
-.0390625000
.0293273926
-.0202941895
.0324707031
-.0249786377
.0262756348
-.0455780029
-.0556945801
.0424346924
.0498504639
-.0496673584
.0389251709
-.0327301025
.0476226807
.0414123535
-.0442657471
-.0494689941
-.0425109863
.0364074707
.0530395508
.0386352539
.0592651367
-.0483245850
-.0863494873
.0515441895
.0582733154
.0698699951
-.0487060547
-.0421905518
-.0578155518
-.0563964844
-.0862731934
.0554199219
.0457916260
.0518951416
-.0413513184
.0601806641
.0629425049
-.0604095459
-.0549163818
-.0543212891
.0551452637
-.0773925781
-.0568084717
-.0407714844
-.0517425537
.0794067383
-.0446319580
-.0570220947
.0794219971
-.0491638184
-.0614471436
-.0542602539
-.0337066650
.0370330811
.0503692627
.0396118164
-.0581970215
-.0603637695
.0509185791
-.0510406494
-.0445709229
-.0273132324
-.0223083496
-.0303497314
.0275421143
.0256195068
.0227050781
.0204315186
.0258941650
-.0382385254
.0430145264
-.0503234863
.0383148193
-.0674896240
.0606231689
-.0408325195
-.0371551514
-.0284271240
.0380859375
.0314025879
.0328521729
-.0270843506
.0466461182
-.0573120117
-.0668640137
-.0575408936
-.0677642822
-.0416259766
-.0631866455
-.0454406738
.0475463867
-.0320587158
-.0309753418
-.0384063721
.0373382568
.0400543213
.0497741699
-.0716705322
.0565032959
-.0526733398
.0501861572
-.0657348633
-.0582580566
-.0613250732
-.0414428711
-.0450286865
.0558013916
-.0394592285
-.0460205078
-.0597686768
-.0663299561
-.0705566406
-.0739135742
.0764923096
-.0750274658
-.0596008301
-.0847930908
.0500946045
-.0326690674
-.0391998291
.0556488037
-.0541534424
.0576171875
-.0648803711
.0536804199
-.0743255615
-.0540008545
.0713348389
.0711212158
-.0690917969
.0767974854
.0541992188
-.0584869385
.0459747314
.0795593262
-.1000976563
.0885772705
.1034393311
.0756835938
.1101226807
-.0946044922
.0794372559
-.0607604980
-.0557250977
-.0511932373
.0594787598
.0750579834
.0630340576
-.0995025635
.1164550781
-.0820465088
-.1038513184
.0769653320
-.1028747559
.0731048584
-.1139068604
-.1000518799
.0809020996
.0776672363
-.1001892090
.1100006104
-.1320648193
-.1835632324
-.1282958984
.1223754883
-.1257629395
.1346740723
-.1288909912
-.1461181641
-.1525878906
.0792846680
.0990600586
.0747680664
.1110534668
.1097106934
-.1182861328
.1449432373
-.1680908203
.1734619141
-.1244049072
.1797180176
.2059631348
.0922241211
-.0916442871
.1000061035
-.0970916748
.0932464600
.1342620850
-.1393890381
.1195373535
-.1638946533
-.1261291504
.1291046143
.1292419434
.1387176514
.1363525391
-.1117706299
.1294403076
-.1285858154
.1567077637
.2009429932
-.1684875488
-.1517333984
.1491699219
.1227722168
-.1438293457
.1282653809
.1282196045
.1332550049
-.1540374756
-.1440277100
.1422576904
.1331024170
.1122589111
-.1197204590
-.1332244873
.1874694824
-.1079711914
.1306915283
.2413177490
-.1318054199
-.1371002197
-.1291809082
-.1320190430
.1382141113
-.1085968018
-.0930328369
.1031646729
.1094818115
.1073608398
-.1199798584
.1221008301
-.1231384277
-.1436004639
.0877990723
.1058197021
.1119842529
-.1129608154
.1079254150
.1202850342
.1664581299
-.1005706787
-.0748138428
.0810089111
-.0786743164
-.0656433105
.1170043945
-.0689544678
-.0745239258
.0593566895
-.0843200684
.0395965576
.0659332275
.0518188477
-.0515289307
.0938262939
.0990142822
-.0788421631
-.0610961914
.0774383545
.0647430420
.0710754395
.0689239502
.0757598877
-.0793151855
-.0657348633
.0642700195
.0670471191
.0728454590
-.0715942383
.0494232178
-.0513458252
.0577392578
-.0552215576
-.0474700928
-.0559082031
-.0476074219
.0494079590
-.0346527100
.0346221924
.0334930420
.0260620117
-.0451965332
.0441436768
-.0444488525
-.0511322021
-.0473632813
.0410919189
.0343170166
.0526580811
-.0417022705
.0330200195
-.0250396729
-.0241851807
-.0637969971
-.0503997803
.0726013184
-.0707550049
-.0638275146
-.0773773193
.0489044189
.0527801514
-.0598907471
-.0488128662
.0407409668
-.0528106689
-.0503845215
-.0371704102
.0425262451
.0637359619
-.0554809570
-.0668029785
-.0650024414
-.0607604980
-.0482482910
.0489654541
.0491180420
.0530395508
.0571899414
.0511932373
.0459899902
.0430297852
.0610046387
-.0763549805
.0613403320
-.0792846680
-.0725250244
-.0996551514
.0462188721
.0559844971
-.0618133545
.0431213379
.0509338379
-.0557403564
-.0481872559
-.0926361084
-.0728912354
.0891113281
.0717163086
-.0559844971
.0606994629
.0579528809
.0516815186
-.0595245361
-.0529327393
.0524749756
-.0496978760
.0476074219
-.0602416992
-.1009674072
.0752868652
-.0689392090
.0718231201
-.0735626221
.0741577148
.0786285400
.0912933350
-.0707244873
-.0564727783
-.0619659424
-.0637969971
-.0628509521
.1045227051
-.0953369141
.0747222900
.0989227295
.0750885010
-.0850982666
.0623931885
.0685577393
.0603027344
.0616760254
.0662689209
-.0512847900
-.0430603027
-.0784149170
.0974578857
.0673370361
.1141662598
-.0950164795
-.0761871338
-.0832672119
-.0748443604
-.0887756348
-.0882263184
-.0855712891
-.0684204102
.0722045898
-.0826721191
.0856781006
-.0996093750
-.1169586182
.1331329346
.1128540039
.1076660156
-.1275939941
.1187591553
.1204681396
-.1262664795
-.0761871338
-.1391754150
-.1083679199
.1211395264
-.1245574951
-.1480407715
.1180725098
-.1956329346
-.1253509521
-.1221008301
.1113739014
.1162414551
.1405334473
.0903625488
.1073455811
.1046142578
.1113128662
-.1109619141
-.1186828613
.1756439209
-.1272430420
.1306457520
-.1869659424
.1626281738
.1478729248
.1030273438
.0890808105
-.0841064453
.1305389404
-.0793762207
.0871887207
.0746307373
-.1621704102
-.1268005371
.1115722656
.1191406250
-.1013183594
.1016845703
-.1006774902
.0954132080
-.1051177979
.0744781494
-.0994720459
-.0991516113
-.1108703613
.1227722168
-.0855255127
.1165161133
.1599121094
-.1082916260
.1030883789
.1089172363
.1216125488
.0872192383
-.0948638916
.1147766113
.1004486084
-.1153869629
.0934143066
-.1023254395
-.1376800537
.1430511475
.1145629883
-.1695251465
-.1232299805
.1271362305
.1380920410
.1010284424
-.0935363770
-.1003417969
-.0804748535
.0705718994
-.1154632568
.0961914063
.1515655518
.1420440674
.1298522949
-.1159667969
.1189117432
-.1476287842
.1264190674
-.1710815430
.1288146973
-.1315155029
-.1000671387
.2126159668
-.1417388916
-.1451263428
-.1316223145
.1386718750
.1214752197
.1171264648
.1001434326
-.0809631348
-.0999450684
-.0708770752
-.0836181641
-.0484466553
.0723114014
.0715789795
-.0526580811
-.0824584961
-.1217498779
-.1185302734
-.0982513428
.1488494873
-.1119995117
.0930328369
-.0747680664
.0726318359
-.0694885254
.0585937500
.0594329834
.0462646484
.0357360840
-.0411224365
-.0356292725
-.0486907959
-.0369873047
.0341491699
.0275878906
.0190277100
-.0157318115
-.0180816650
.0233154297
-.0590667725
.0780334473
.0834808350
-.1088256836
.0830688477
-.1033782959
.1375427246
-.1278076172
.0990142822
.0996093750
.0998687744
.0852050781
-.0761260986
-.0820159912
.0611724854
.0701141357
-.0528869629
-.0399475098
-.0420837402
.0275573730
-.0288238525
-.0266265869
.0228424072
-.0222473145
.0193481445
.0164184570
.0176391602
-.0229339600
-.0396728516
-.0490875244
.0724792480
.1335754395
-.1126098633
.1381530762
.0972442627
.0948944092
.1266937256
.0900268555
-.1018981934
-.0890808105
.1085205078
.0956878662
-.1005554199
.0867462158
-.1361389160
.0866851807
.0767669678
-.1083984375
.0910186768
.0850524902
-.0830993652
.0708007813
-.0838012695
.0847778320
-.0591430664
-.0569000244
-.0619812012
.0487823486
-.0432434082
-.0291290283
-.0268859863
.0298156738
-.0240325928
.0256652832
.0311584473
.0171813965
.0140380859
-.0131378174
-.0131072998
-.0148010254
.0109405518
.0104675293
.0115051270
.0080108643
.0063323975
-.0046539307
.0052032471
.0038757324
.0037841797
.0037231445
.0034332275
.0018768311
-.0015411377
.0010681152
-.0009765625
.0008697510
.0003509521
-.0001525879
-.0000457764
