.0000305176
.0000457764
.0000305176
.0007629395
-.0031738281
-.0064239502
-.0073394775
-.0101776123
.0102386475
-.0125885010
.0109558105
.0135040283
.0126190186
.0105133057
-.0111236572
.0110015869
-.0081939697
.0110626221
-.0091552734
.0111694336
-.0096435547
.0115356445
-.0081024170
-.0073242188
-.0059661865
-.0054321289
-.0083618164
-.0127716064
-.0148468018
.0084075928
-.0103454590
.0104217529
.0070190430
-.0079345703
-.0076599121
.0149383545
.0204010010
.0123596191
-.0085754395
-.0086212158
.0087585449
-.0088500977
.0084991455
.0130920410
.0162811279
-.0287628174
-.0269622803
-.0308227539
-.0237426758
-.0248260498
.0234222412
.0347442627
.0325012207
.0423126221
-.0264739990
-.0278167725
-.0285949707
-.0326995850
-.0260162354
-.0202484131
-.0146484375
-.0151977539
-.0203552246
-.0173339844
-.0145874023
-.0259704590
-.0218811035
-.0273284912
-.0383148193
-.0257720947
-.0262145996
-.0305480957
-.0382690430
-.0322723389
-.0369567871
-.0281677246
-.0233306885
.0204010010
.0208740234
.0205841064
.0140380859
.0207366943
.0198974609
-.0171203613
-.0146026611
.0193328857
-.0133819580
.0156402588
.0233459473
-.0261077881
.0200195313
-.0237579346
-.0251312256
-.0150451660
-.0173950195
.0157470703
.0110473633
-.0150146484
.0270843506
.0189971924
-.0204772949
.0184631348
.0140380859
-.0137786865
-.0115356445
-.0100860596
-.0146484375
.0129394531
.0190277100
-.0108184814
.0131683350
-.0114440918
.0122528076
.0168304443
.0156707764
.0181579590
.0122375488
-.0094757080
-.0102996826
-.0115814209
-.0117340088
.0158996582
.0125122070
.0143890381
.0100097656
.0115203857
-.0094757080
.0081024170
.0131530762
.0181732178
-.0182189941
-.0208282471
-.0199890137
.0263671875
.0206451416
.0202484131
-.0163879395
.0120849609
.0120697021
-.0154266357
.0133209229
.0244293213
.0119171143
-.0102233887
.0164337158
-.0190887451
.0154418945
-.0131225586
.0115051270
.0095062256
.0114898682
.0140228271
-.0142822266
.0130004883
.0120239258
.0120544434
-.0168914795
.0110321045
-.0079803467
-.0141906738
.0203552246
-.0240478516
.0230712891
.0163421631
.0162048340
.0174713135
.0141143799
.0204162598
-.0160675049
-.0138549805
-.0130767822
-.0134429932
-.0266265869
-.0111999512
-.0185241699
-.0185852051
.0141296387
-.0107116699
.0129394531
-.0098571777
-.0111694336
.0097045898
-.0163726807
.0138702393
-.0106658936
-.0153961182
.0118713379
.0142822266
-.0106964111
.0092468262
-.0115203857
-.0202026367
.0220947266
.0227661133
.0241394043
.0334472656
-.0182647705
.0202484131
-.0169219971
.0131225586
-.0142517090
.0213165283
-.0153045654
.0140228271
-.0136718750
-.0218048096
.0243835449
-.0168762207
.0110626221
-.0116271973
-.0118255615
-.0104217529
.0130615234
-.0216217041
.0219879150
.0188446045
-.0173797607
.0135345459
.0127105713
-.0161895752
-.0094757080
.0159301758
-.0245056152
-.0168609619
.0209655762
.0261535645
.0162811279
.0138092041
.0144348145
.0148162842
-.0152282715
.0161743164
.0092620850
-.0134582520
.0133972168
-.0171661377
.0228576660
-.0194854736
.0168609619
-.0173950195
-.0216064453
.0205230713
-.0153503418
.0181579590
-.0160369873
-.0178527832
-.0150604248
-.0162506104
-.0137939453
.0129394531
-.0121459961
.0152587891
.0255432129
-.0201568604
-.0228424072
.0170288086
.0211334229
.0223236084
-.0183410645
.0209045410
.0189208984
.0152587891
-.0130462646
.0163574219
-.0164337158
-.0170135498
-.0131835938
-.0134277344
.0130920410
-.0084381104
-.0096893311
-.0107574463
.0117034912
-.0091094971
.0074310303
-.0122222900
-.0103454590
-.0081787109
.0110626221
.0095520020
.0059204102
-.0083465576
.0149841309
-.0231628418
-.0165252686
-.0135955811
.0096435547
.0111236572
-.0110168457
.0174560547
.0192565918
.0275268555
-.0198364258
-.0123291016
-.0143890381
.0155792236
-.0219421387
-.0186309814
-.0169372559
.0222015381
-.0189666748
.0113525391
.0174713135
.0163269043
.0197753906
-.0256652832
.0192413330
.0231018066
-.0112152100
.0181732178
.0223083496
-.0129241943
.0196075439
-.0214996338
-.0193176270
-.0183868408
.0158386230
.0149383545
-.0191040039
.0201263428
.0140075684
.0149078369
-.0115509033
-.0128479004
-.0117340088
.0059204102
-.0200500488
.0182189941
.0170898438
.0083770752
.0109100342
-.0101470947
-.0076446533
.0085906982
.0104370117
.0101165771
-.0096893311
.0101165771
-.0073394775
-.0065460205
.0066223145
.0250549316
-.0231781006
-.0214385986
-.0221252441
.0169372559
.0153350830
.0107421875
.0121002197
-.0125427246
-.0116729736
-.0180206299
-.0181427002
.0156707764
.0136718750
.0164947510
.0132141113
.0143127441
-.0125427246
-.0138702393
.0093841553
.0111846924
-.0123596191
-.0169525146
.0172424316
.0146789551
.0158386230
.0104980469
-.0102996826
-.0092926025
-.0131225586
-.0161285400
-.0355072021
-.0243682861
.0303192139
.0312347412
-.0333404541
.0288238525
-.0290222168
.0203399658
.0158843994
.0165405273
-.0140075684
-.0225219727
.0274810791
.0186462402
.0187072754
-.0228881836
.0170593262
-.0151367188
-.0124664307
.0161895752
.0159759521
.0170898438
-.0177917480
-.0198669434
-.0199890137
.0206909180
.0174713135
.0156097412
.0143432617
-.0124359131
.0287017822
.0267639160
.0356445313
.0344390869
.0308227539
-.0346069336
-.0249176025
-.0260314941
.0356750488
.0205383301
-.0175170898
.0177154541
-.0359344482
.0206451416
-.0195770264
-.0323791504
-.0233154297
-.0202484131
-.0146942139
.0172271729
-.0156097412
-.0151519775
-.0167236328
-.0285949707
.0281829834
.0235290527
.0257415771
.0169982910
.0189056396
.0178222656
.0243682861
.0394439697
.0399475098
-.0407867432
.0358886719
.0416107178
-.0343780518
-.0277709961
.0235748291
-.0299987793
.0216827393
.0231018066
.0250244141
-.0346832275
-.0201568604
.0281524658
-.0288085938
-.0289306641
-.0266571045
-.0247344971
.0215148926
-.0211486816
.0221710205
-.0373382568
.0419616699
.0242309570
-.0254516602
-.0297393799
-.0297851563
.0204010010
.0264739990
.0502319336
.0769195557
-.0635070801
.0813446045
.1034698486
-.0834045410
-.1000213623
.1227874756
-.0932769775
.1144866943
.1193847656
.1331481934
.1827087402
-.1305999756
-.1045532227
.0851898193
.1453399658
-.1263122559
-.1573181152
.1163024902
-.1156616211
.1185455322
.1385650635
-.1179199219
.1343078613
.1346130371
.0939788818
.1078186035
.1077270508
.1372375488
-.1723632813
.1317443848
-.1420593262
-.1303405762
.1062774658
.1201477051
.0892333984
-.0756072998
-.0966491699
-.0668182373
.0674133301
.0966644287
-.0835266113
.0688476563
.0577392578
.0773468018
.0850524902
-.0758666992
-.1532287598
-.0731506348
-.0767364502
.0704956055
.0986022949
.1003723145
.1012725830
-.0720977783
-.0877685547
.0769042969
-.0800781250
-.0759277344
-.0805358887
.0957489014
-.0843963623
-.1157684326
-.1165161133
-.0945434570
-.1622619629
.1155548096
-.1319274902
-.1492767334
.1524658203
-.1345520020
-.1684265137
.1312561035
.1387786865
-.1385498047
-.1493530273
-.1193237305
-.1096191406
-.1248474121
-.1461334229
-.1385345459
.1664428711
.1748046875
-.1668243408
-.1128234863
-.1189270020
-.1544036865
.1220550537
-.1066894531
.1190185547
-.1192474365
-.1131134033
.1074523926
.1235351563
.1136627197
-.1289520264
.0881195068
-.1271209717
-.0778198242
-.0824127197
-.0649871826
.0695648193
-.1071777344
.0760345459
.0788116455
-.0905609131
.0626678467
.0778808594
.0833892822
.0623168945
.0858154297
-.0698089600
.0444183350
-.0750732422
.0604400635
-.0726776123
.0766296387
-.0675201416
-.0889587402
.0506286621
.0635070801
-.0456542969
.0678100586
-.0793457031
-.0867004395
-.0881347656
.1066894531
.1027832031
-.1097869873
-.1364898682
.1159667969
.1548767090
-.1287231445
.1340789795
-.1125335693
.1274414063
.1673889160
-.1849212646
.1887359619
-.1230010986
.1325683594
.1382446289
.1703033447
-.1424102783
-.1312561035
-.1212921143
.1195831299
-.1822052002
-.1533203125
.1135711670
.0977325439
.1139221191
-.1003112793
.1146240234
.1254730225
.1242370605
.1448669434
-.1109008789
.1129608154
.1167907715
-.0867462158
-.0816497803
-.0986022949
.1034393311
.1201629639
.0694122314
.0697479248
.0681915283
.0692901611
.0748596191
-.0639495850
-.0764312744
.0773162842
-.0793304443
.0891113281
.0838623047
-.0675201416
-.0750427246
.0871276855
.0498504639
-.0647277832
-.0626983643
-.0487365723
.0766448975
.0616455078
.0838623047
.0816497803
.1232604980
.1594848633
-.1091156006
.1570892334
.1527862549
-.1242370605
.1223907471
.1735076904
-.1292572021
-.1634979248
.1903381348
.1654357910
.1296997070
.1479034424
-.1607971191
-.1459045410
-.1552581787
-.1486206055
.1361389160
-.1504974365
-.1539916992
.1278991699
.1307373047
.1362152100
-.1515502930
-.1276245117
.1260223389
.1218261719
-.1046295166
-.1061859131
-.1150360107
.1243133545
.1016845703
.1005554199
.0857849121
-.0776824951
-.0762329102
.0635528564
.1235656738
-.0597534180
-.0905151367
-.0641326904
-.0714874268
.1013183594
-.0996704102
-.0923461914
.0715179443
-.1059570313
.0808410645
-.0899505615
-.0769500732
-.0854644775
-.1142425537
-.0886688232
.0880126953
.1057586670
.0778045654
-.1022338867
.1135864258
.1200256348
-.1167755127
-.1358337402
-.1907043457
.1406097412
.1756134033
.1486206055
-.1517639160
-.2062377930
-.1870422363
-.1718444824
-.1296844482
-.1706695557
.1453552246
-.1266479492
.1151275635
.1348876953
-.1605834961
-.1264190674
-.1238861084
-.1599578857
-.1128997803
.1168365479
-.1083374023
-.1056213379
-.0971069336
-.0989990234
-.1028747559
-.1050567627
-.0764160156
.1244506836
.1205596924
-.1176452637
.1126251221
.1150817871
-.1023559570
-.1104431152
.1134490967
.1419525146
.1158447266
-.1282348633
.1494293213
-.1126403809
.0994720459
.1173706055
.1590270996
-.1206665039
.1729278564
.1180725098
.1323394775
.1196441650
.1175231934
-.1012725830
.1123352051
.1203918457
.0850524902
-.0831146240
.0941467285
.0794219971
.1063995361
.1106719971
.0953521729
.1132659912
.0989837646
-.0848388672
.1105499268
.1176147461
.0936737061
-.1291503906
-.1004333496
-.0962219238
.0997009277
-.0783843994
-.0959625244
-.1206817627
.0891265869
-.0994110107
-.0942687988
.0955047607
-.0923004150
-.0951995850
-.0956726074
-.0996856689
-.0776672363
-.0874938965
.0759582520
.0780029297
-.0939788818
.0823211670
-.1019287109
-.0955963135
.0818023682
-.0944519043
-.1016845703
-.1020050049
-.1050109863
-.1092681885
.0842285156
.1065368652
.0779418945
.0936889648
.0685119629
.0828552246
.0496673584
-.0673522949
.0764617920
.0658569336
.0885009766
.0722503662
.0942687988
.0583648682
.0538940430
.0529022217
-.0746765137
-.0642852783
.0892486572
.1301879883
.1286621094
-.1108398438
-.1042633057
.1030731201
-.1123046875
-.1001586914
-.1129455566
-.1403656006
.1022033691
.1554870605
.0994567871
-.1076507568
-.1070709229
-.1197662354
.0934143066
.1346130371
-.1230621338
-.1071624756
-.0853881836
-.0862274170
.0877838135
.1536560059
.1047363281
-.1074371338
.1091003418
-.0943908691
.1141052246
.1008453369
-.1125335693
.0888366699
.1040649414
-.1064453125
-.1333618164
-.1207580566
.0904388428
.0838317871
.0771026611
-.0792083740
-.0930786133
-.0939941406
.1430511475
-.1456451416
.0770721436
-.0904235840
.0821533203
-.1062164307
.1362609863
-.0777587891
-.1012725830
-.1054534912
.0976104736
.0839691162
.0744628906
-.1098175049
.1137695313
.1404571533
-.1405029297
-.1485137939
.1583709717
.1262664795
.1109619141
.1244964600
-.0921936035
.1076812744
.1096649170
-.1106567383
-.1352996826
.1501770020
-.1113128662
.1334838867
.1034240723
.0842437744
-.0847930908
-.1041259766
-.0974273682
.0802764893
-.0993652344
.1087799072
-.1133575439
.1038818359
.1342620850
-.0863494873
-.1125030518
-.1123657227
.0936279297
-.1456756592
.1152191162
.1208343506
.1062927246
.1379089355
-.0953979492
-.1163787842
-.1039428711
.0958709717
.1602325439
-.1328277588
-.1649932861
-.1222686768
-.1024017334
.1143798828
.1158905029
-.0930480957
.1368865967
-.1166076660
-.1161499023
.1346130371
-.1558685303
.1405334473
.1551818848
-.1457214355
.1754455566
.1475372314
.1173400879
-.1243133545
.1420898438
-.0842285156
-.1218872070
-.0726318359
-.0715484619
-.0466918945
-.0450439453
-.0487060547
.0413208008
.0474548340
.0471801758
.0403747559
-.0308837891
-.0424499512
.0343170166
.0355072021
.0297393799
-.0293884277
.0262603760
-.0164337158
.0153045654
-.0174560547
.0110473633
-.0113677979
-.0104522705
.0129547119
-.0074920654
-.0089111328
-.0095214844
.0084381104
.0071563721
.0059356689
-.0041198730
-.0049133301
.0050201416
.0036468506
-.0029754639
.0033111572
-.0028381348
.0019531250
.0019989014
.0017852783
-.0022888184
.0010986328
-.0011138916
.0008850098
-.0009613037
.0007781982
-.0008239746
.0007781982
.0007171631
-.0005798340
.0006256104
-.0004272461
-.0003814697
.0002441406
.0001983643
-.0002136230
-.0001983643
.0001068115
