-.0005645752
.0007781982
.0005950928
-.0006866455
-.0007324219
-.0003356934
.0009918213
-.0005493164
.0004425049
.0004882813
.0007171631
.0008239746
-.0010681152
.0008239746
-.0009155273
-.0003204346
.0008697510
.0011596680
-.0009002686
-.0005798340
-.0011138916
-.0009307861
.0011749268
-.0006408691
.0004882813
-.0007781982
-.0005187988
.0005187988
.0007629395
.0007934570
-.0010681152
-.0009155273
.0013122559
-.0016174316
-.0009918213
.0009765625
-.0010375977
-.0007476807
.0013275146
.0009613037
-.0008697510
-.0008239746
-.0004577637
.0008544922
.0003814697
.0009155273
-.0006408691
-.0009613037
-.0008239746
.0012359619
.0018310547
.0019683838
-.0024566650
-.0031738281
.0036010742
-.0029754639
-.0036315918
.0028991699
-.0027008057
-.0007781982
.0014648438
-.0004119873
-.0009918213
.0024261475
-.0024566650
.0031433105
.0032196045
-.0032043457
-.0023498535
.0038146973
.0042877197
-.0018463135
-.0020294189
-.0016021729
.0017547607
.0016174316
.0010070801
-.0012054443
-.0006256104
-.0004272461
-.0009002686
-.0007019043
.0016479492
-.0007934570
.0006256104
.0014495850
-.0018157959
-.0011749268
.0028076172
.0026855469
-.0025177002
-.0020751953
.0020141602
.0020141602
-.0019531250
.0022735596
-.0009460449
-.0007934570
-.0009155273
.0017395020
.0009002686
-.0022430420
-.0021362305
-.0032653809
-.0021057129
.0028839111
-.0027923584
.0028686523
-.0026702881
-.0015716553
-.0028228760
-.0010375977
.0020751953
.0015106201
.0010070801
-.0013580322
-.0014495850
-.0012054443
-.0013580322
.0039825439
.0050811768
-.0062103271
-.0066833496
.0037231445
-.0058593750
-.0059814453
.0049285889
.0053100586
.0024566650
-.0013885498
-.0017852783
-.0009155273
.0015563965
-.0018005371
.0038757324
.0040588379
-.0040130615
.0050048828
-.0052642822
-.0062561035
-.0029754639
.0035095215
.0043029785
.0023651123
-.0016174316
-.0020751953
-.0018310547
.0014953613
.0012207031
-.0010681152
-.0007171631
-.0016174316
.0039825439
-.0036773682
-.0048522949
-.0063018799
.0082702637
.0093994141
.0081787109
-.0043182373
-.0043792725
.0042114258
.0034027100
-.0023498535
-.0011749268
-.0017242432
.0032806396
.0048828125
-.0057373047
.0065155029
.0035400391
-.0034027100
-.0036163330
.0033874512
-.0013732910
-.0014190674
.0021362305
.0013885498
-.0012207031
-.0013427734
-.0014801025
.0011596680
-.0006256104
-.0012054443
.0019989014
.0065307617
.0050354004
-.0074462891
.0090789795
-.0082855225
.0105743408
-.0057830811
.0043029785
-.0027313232
-.0041351318
.0024108887
-.0016021729
.0013122559
.0010833740
-.0014648438
-.0017395020
.0023498535
.0046997070
.0058593750
.0038909912
.0039825439
-.0024719238
-.0034942627
-.0036315918
.0028533936
.0015106201
-.0019073486
-.0012207031
-.0008392334
.0010986328
-.0015258789
.0007476807
-.0011749268
-.0020141602
-.0039062500
.0074768066
.0088653564
.0102844238
-.0092315674
.0089721680
.0082092285
.0204010010
-.0088806152
.0061035156
-.0056152344
-.0041198730
-.0022430420
.0017852783
.0018615723
.0021209717
.0025787354
-.0047912598
.0054016113
-.0085296631
.0092468262
-.0054016113
-.0048522949
-.0067901611
-.0041046143
.0043182373
-.0027923584
-.0024414063
.0018005371
-.0018310547
-.0009613037
.0009002686
.0019378662
.0011444092
-.0007171631
-.0021667480
-.0043029785
.0038146973
.0045318604
-.0050201416
-.0052947998
-.0068054199
.0028991699
-.0019073486
-.0015716553
.0023193359
-.0028991699
-.0021362305
-.0007629395
-.0008697510
.0017547607
.0009765625
-.0014343262
-.0020599365
-.0024414063
-.0016937256
.0020141602
.0018463135
-.0021057129
-.0018615723
.0020904541
.0012512207
-.0008697510
-.0014648438
-.0008087158
.0011596680
-.0009918213
-.0009613037
-.0011444092
-.0016174316
.0028076172
.0036163330
.0044555664
-.0057525635
-.0036773682
-.0027313232
.0033569336
-.0027923584
-.0031585693
-.0017547607
-.0018310547
.0018615723
.0011749268
-.0013275146
.0010070801
.0012969971
-.0006256104
.0009460449
.0019683838
-.0027618408
-.0028381348
-.0024108887
.0026245117
.0016326904
.0020904541
-.0027465820
.0009002686
.0016479492
-.0016784668
-.0013580322
-.0006866455
.0013275146
.0010070801
.0008392334
-.0010681152
.0034484863
.0051422119
-.0083007813
.0086059570
.0072174072
-.0053253174
-.0092163086
.0041961670
.0062408447
-.0030975342
-.0027923584
.0027770996
-.0059051514
-.0022735596
.0018920898
.0017852783
.0014953613
.0011596680
-.0025329590
-.0028839111
.0024108887
-.0044250488
-.0039978027
-.0027465820
-.0033874512
.0017700195
.0013427734
-.0014190674
.0017547607
-.0020141602
-.0025482178
-.0014953613
-.0011138916
.0022735596
-.0021667480
.0039672852
.0070037842
-.0075683594
-.0073394775
.0099182129
-.0093536377
.0159454346
-.0088653564
-.0076141357
-.0048065186
.0015563965
.0025787354
.0014190674
-.0032653809
.0013732910
.0043945313
.0049743652
-.0042114258
-.0065460205
.0047149658
.0089111328
-.0051116943
-.0122070313
-.0028991699
.0056457520
.0052337646
.0038299561
-.0031890869
-.0026245117
-.0014343262
-.0010528564
.0007476807
.0011596680
.0015563965
.0040588379
.0095367432
-.0110931396
.0179138184
.0198669434
-.0237579346
.0106048584
-.0089416504
.0215911865
.0089569092
-.0088806152
-.0060119629
-.0052642822
.0042114258
.0016021729
.0021057129
-.0014495850
.0011138916
-.0040893555
-.0051727295
.0030364990
.0059204102
-.0051574707
.0064239502
-.0063018799
.0050201416
-.0075378418
-.0032043457
.0027313232
.0028839111
.0022277832
-.0011444092
-.0015411377
-.0040283203
-.0041351318
-.0027465820
.0033721924
.0064849854
.0109710693
.0095520020
.0152740479
.0121917725
.0085296631
.0125885010
-.0142974854
-.0113525391
-.0090332031
.0121612549
-.0044708252
-.0012817383
.0026702881
-.0009460449
-.0007781982
-.0007476807
.0017242432
.0014343262
.0022735596
-.0015258789
-.0023498535
-.0029754639
-.0037231445
.0038146973
.0038909912
-.0043029785
.0021209717
-.0020599365
.0013427734
.0016326904
.0021972656
.0012817383
-.0013732910
-.0018768311
-.0013580322
-.0010833740
.0030822754
.0048828125
.0051574707
.0060882568
.0078582764
-.0046691895
-.0039520264
.0042877197
-.0053710938
-.0032501221
.0018005371
-.0025634766
-.0014495850
.0026855469
-.0023803711
.0031127930
.0049133301
.0077667236
.0032501221
.0052185059
-.0047149658
-.0038299561
.0040283203
.0052032471
.0027923584
-.0011291504
-.0029754639
-.0024108887
.0016632080
.0011444092
-.0008850098
.0014038086
.0008850098
-.0030975342
.0056610107
-.0039367676
-.0067443848
.0051879883
-.0067749023
.0052337646
-.0060272217
.0052185059
.0050048828
.0031433105
-.0035552979
.0010681152
-.0016021729
.0015869141
-.0009002686
-.0014038086
.0025329590
.0061492920
-.0048675537
-.0040435791
.0085449219
-.0075073242
.0100402832
-.0055389404
.0046234131
-.0026092529
-.0021667480
.0022125244
-.0014190674
.0008697510
.0010833740
-.0013580322
-.0017089844
-.0021667480
.0039825439
.0055236816
.0037231445
-.0024871826
.0027618408
-.0031585693
-.0035858154
.0027313232
.0015563965
-.0019378662
-.0012817383
.0007781982
.0009460449
-.0015411377
.0006561279
-.0010833740
-.0018310547
-.0036315918
.0073394775
.0082855225
.0095062256
-.0081481934
.0079956055
-.0068054199
.0189971924
-.0083160400
.0055084229
-.0050964355
-.0037689209
-.0020446777
.0017089844
.0019531250
.0018615723
.0036010742
-.0041198730
-.0042724609
-.0060424805
.0084228516
.0047760010
.0060424805
-.0062408447
.0046081543
.0034027100
-.0028839111
-.0022735596
-.0009918213
-.0015106201
.0006256104
.0009155273
.0013122559
.0010833740
.0006866455
-.0016326904
-.0027618408
.0044097900
.0055999756
.0048065186
.0058746338
.0048828125
.0033111572
.0037994385
.0033111572
.0031585693
-.0009002686
-.0025787354
.0013122559
-.0008087158
.0011901855
.0017852783
.0026702881
-.0010223389
-.0016479492
-.0018310547
.0018005371
.0027618408
.0013580322
-.0020294189
.0022735596
-.0010986328
.0009155273
.0010528564
-.0008697510
-.0008850098
.0013732910
.0007476807
-.0018157959
-.0009460449
.0022277832
-.0018310547
-.0034179688
-.0071563721
-.0054779053
-.0031890869
.0043945313
.0033264160
.0035705566
.0036773682
-.0027465820
.0010986328
.0011596680
-.0014343262
-.0016937256
.0009765625
-.0010833740
.0006408691
.0022125244
-.0008239746
-.0023345947
-.0021820068
.0011749268
.0018157959
-.0015563965
.0017852783
.0012969971
.0015563965
-.0011138916
-.0013580322
-.0007476807
-.0006408691
.0013122559
.0019836426
-.0014648438
-.0034637451
.0050659180
-.0060119629
.0053558350
.0042266846
.0045013428
-.0055541992
-.0053405762
.0050201416
.0038604736
-.0027618408
-.0014038086
.0022583008
-.0025939941
.0010528564
.0022583008
.0015869141
.0013885498
.0012359619
-.0025482178
-.0025329590
.0026092529
-.0020599365
.0035400391
.0022125244
-.0020751953
.0031433105
.0018768311
.0009460449
.0010223389
-.0018615723
-.0017089844
-.0018157959
.0013122559
.0017852783
-.0027008057
-.0051879883
.0033264160
-.0074615479
-.0099182129
-.0082855225
-.0096130371
.0137023926
-.0060729980
.0040588379
-.0017395020
.0012969971
.0012512207
.0015106201
-.0033264160
-.0023956299
.0027770996
.0041198730
-.0032958984
-.0079956055
.0059204102
.0046691895
-.0037994385
-.0101470947
-.0032348633
.0047149658
.0044403076
.0028381348
-.0026092529
-.0021820068
-.0012512207
.0008392334
.0010375977
.0012512207
.0012054443
.0035095215
.0081481934
-.0093688965
.0102539063
-.0155029297
-.0196533203
.0096740723
.0088653564
.0172271729
.0075225830
-.0073699951
-.0025482178
-.0042419434
.0035705566
.0013427734
.0017242432
-.0012817383
.0008850098
-.0035247803
-.0043792725
.0026397705
-.0048217773
-.0041351318
.0053863525
-.0051574707
.0041961670
-.0061187744
-.0034484863
.0024261475
.0030822754
-.0022888184
.0010528564
.0012054443
-.0037536621
-.0033721924
-.0025482178
.0029449463
.0042572021
.0064544678
-.0106201172
.0125732422
.0109100342
-.0143585205
-.0226593018
-.0114135742
-.0069885254
-.0099792480
.0117797852
.0030670166
-.0082855225
.0065155029
.0015563965
-.0074005127
-.0061798096
.0124359131
.0062561035
-.0074005127
-.0080718994
-.0061340332
.0035858154
.0064544678
.0042114258
.0044860840
.0036010742
-.0022430420
-.0032348633
-.0041809082
-.0012664795
.0026245117
.0020141602
.0010833740
-.0013732910
.0012359619
-.0012817383
-.0027770996
.0030059814
.0058441162
-.0061340332
.0041351318
-.0067443848
-.0058288574
-.0029907227
-.0037231445
.0031280518
-.0056152344
-.0026092529
.0034179688
-.0024108887
.0012969971
-.0014190674
.0020904541
.0074615479
-.0037689209
-.0086517334
-.0045776367
.0066986084
.0073699951
-.0033264160
-.0051116943
-.0068817139
.0039672852
.0032501221
.0053100586
.0048828125
-.0070648193
.0013427734
-.0022888184
-.0019531250
-.0016937256
-.0010833740
.0012664795
.0020599365
-.0019073486
-.0012512207
-.0010070801
.0011291504
.0028381348
.0017547607
-.0030822754
-.0019073486
.0028381348
.0026245117
.0021209717
-.0026397705
-.0018310547
-.0011444092
-.0006103516
-.0011291504
-.0010223389
.0016021729
.0019226074
-.0012969971
-.0020141602
.0015258789
.0014343262
.0008239746
-.0013122559
-.0013427734
-.0007019043
.0012512207
.0017700195
.0008392334
-.0012359619
-.0009460449
.0010375977
.0006866455
-.0009765625
.0009002686
-.0009613037
-.0010070801
.0018768311
.0016784668
-.0017852783
.0055389404
-.0021057129
.0022735596
-.0032806396
-.0021057129
-.0008850098
-.0013885498
.0020141602
.0016937256
-.0018768311
-.0017547607
.0011138916
.0026092529
.0010986328
.0016784668
.0018005371
-.0012512207
-.0013122559
-.0014038086
.0009613037
.0007934570
.0008239746
.0012817383
-.0008392334
-.0005950928
-.0011901855
-.0008544922
.0009002686
.0017700195
-.0009918213
-.0011138916
-.0020751953
.0013427734
.0018768311
.0021057129
-.0020904541
-.0009460449
.0020599365
.0036010742
-.0052337646
-.0114135742
.0063018799
-.0065765381
.0051116943
.0043487549
.0035858154
-.0039672852
-.0042419434
.0012359619
.0032196045
-.0046386719
.0048828125
-.0041809082
-.0019683838
-.0031585693
-.0028533936
.0044250488
.0045623779
.0031585693
-.0044860840
-.0048370361
-.0026702881
.0045471191
.0042114258
.0019226074
-.0008697510
-.0025482178
-.0015106201
.0013427734
-.0007324219
.0010986328
.0013122559
-.0010223389
-.0011749268
.0010223389
-.0006103516
-.0008850098
-.0008544922
-.0018615723
-.0013122559
.0016937256
.0016479492
.0019683838
-.0017547607
-.0018157959
-.0018310547
.0010681152
.0008544922
.0013275146
-.0012054443
.0006103516
.0007171631
-.0012207031
.0018615723
.0007629395
-.0012512207
-.0011749268
.0006103516
.0015563965
.0007781982
-.0010528564
-.0011444092
-.0005493164
.0009002686
.0014801025
-.0008850098
.0007781982
-.0006866455
-.0009002686
-.0008697510
.0004730225
.0011138916
-.0006561279
-.0007934570
-.0007171631
.0008544922
.0005340576
-.0013427734
.0009307861
-.0008850098
-.0007171631
