.0025482178
-.0040283203
-.0029296875
-.0044097900
-.0027008057
-.0027160645
.0022735596
.0018768311
-.0032196045
-.0087280273
.0018920898
-.0018310547
-.0018157959
-.0022125244
.0023956299
.0030517578
-.0022125244
-.0023803711
.0026245117
.0026550293
.0041809082
.0032043457
-.0033111572
-.0057525635
-.0038299561
.0025939941
.0029296875
.0034942627
.0027465820
-.0039825439
-.0106353760
.0055389404
.0042114258
.0100555420
-.0062713623
.0067443848
-.0075683594
.0113983154
-.0076446533
.0094604492
.0064697266
-.0100250244
.0088500977
-.0097198486
-.0119018555
-.0080261230
-.0058441162
-.0086669922
.0065307617
-.0068054199
.0049896240
-.0045013428
-.0086517334
.0049285889
-.0087890625
.0088958740
-.0069885254
.0072784424
-.0060424805
-.0050048828
-.0043640137
.0047912598
-.0067749023
.0043487549
.0042419434
-.0044860840
-.0040283203
.0053253174
-.0078277588
-.0131988525
.0137481689
.0092773438
.0115661621
.0154418945
.0117187500
-.0042266846
.0070953369
-.0032958984
.0200195313
-.0157012939
-.0170745850
.0050811768
.0048980713
.0075225830
.0098571777
-.0096893311
.0051879883
-.0040740967
-.0060577393
-.0078430176
-.0063476563
.0035247803
.0016632080
.0046691895
-.0044250488
.0115814209
-.0115356445
.0092468262
.0056762695
-.0081787109
-.0057830811
-.0084838867
.0086822510
-.0142822266
.0130004883
.0154724121
.0083770752
-.0103607178
-.0056915283
.0077667236
.0232849121
.0108337402
-.0106353760
.0060119629
-.0077209473
.0083312988
.0046691895
.0078887939
.0635528564
-.0477600098
-.0077209473
-.0049591064
-.0273437500
.0117034912
.0059051514
-.0070495605
-.0058746338
-.0088500977
.0036926270
-.0032348633
.0031127930
-.0041351318
-.0043334961
-.0045166016
-.0049591064
-.0042266846
-.0069274902
-.0093688965
.0063629150
-.0051727295
.0031890869
.0050048828
-.0040588379
.0042266846
-.0055389404
.0048370361
.0040740967
-.0043487549
-.0040130615
-.0027008057
.0014953613
-.0022277832
.0017242432
.0019226074
-.0016021729
.0025024414
.0027770996
.0018310547
.0030364990
-.0035858154
.0015869141
.0017547607
-.0018463135
-.0021362305
.0048980713
.0034942627
-.0060577393
-.0055389404
.0068817139
-.0035858154
-.0065765381
-.0057220459
.0076293945
.0041961670
.0075683594
-.0052642822
-.0059356689
-.0088958740
.0065002441
-.0067596436
.0097808838
.0089874268
-.0060119629
.0048828125
.0047302246
.0022277832
-.0019226074
.0022277832
-.0014801025
-.0012664795
-.0019989014
-.0100097656
.0053558350
-.0020599365
.0023498535
.0010986328
.0050354004
-.0053405762
-.0047454834
-.0022583008
.0039672852
-.0027465820
.0034942627
.0068817139
.0060119629
-.0046234131
-.0052490234
-.0046386719
.0061340332
.0019226074
-.0013732910
.0018157959
-.0015563965
.0028381348
.0015716553
-.0022583008
-.0045013428
-.0014343262
-.0016632080
.0005798340
.0010833740
.0007324219
.0009460449
.0015106201
-.0024108887
.0026397705
-.0015716553
.0017395020
-.0012207031
.0010528564
.0042572021
.0029144287
-.0030364990
-.0049896240
.0074005127
-.0118255615
-.0249023438
.0231323242
.0116577148
-.0057220459
.0022735596
.0019989014
.0016326904
.0014343262
.0009918213
.0012359619
.0013885498
.0013580322
-.0096893311
.0012969971
-.0129699707
.0086364746
.0020599365
.0020141602
-.0012359619
.0011291504
.0017547607
-.0006713867
-.0012359619
.0009155273
.0010833740
-.0008544922
.0006713867
.0008239746
-.0004730225
.0007934570
.0008239746
-.0006256104
.0007629395
-.0005187988
.0008544922
-.0005187988
-.0006713867
.0005798340
.0213623047
.0026092529
-.0014038086
.0008239746
.0004119873
.0017547607
.0016174316
.0009307861
.0007781982
.0006713867
.0005340576
-.0008087158
.0009155273
.0005645752
.0004882813
.0005035400
.0009460449
-.0006103516
-.0006256104
-.0009002686
-.0006713867
-.0004577637
.0014190674
.0010833740
.0007171631
-.0009613037
.0009155273
.0007934570
.0009613037
.0012664795
-.0009918213
.0007934570
.0009307861
.0005340576
-.0008544922
-.0011291504
.0005950928
.0007476807
.0010375977
.0007629395
.0004577637
-.0002593994
.0004119873
.0004730225
-.0003967285
.0006103516
.0003509521
.0004425049
.0005645752
.0013885498
.0007324219
.0006408691
.0003356934
.0005798340
-.0002593994
-.0005798340
.0006408691
.0006103516
-.0053863525
-.0030975342
.0077514648
.0011291504
.0006408691
.0007781982
.0005493164
.0005493164
.0005035400
.0007476807
-.0006561279
.0007171631
-.0006408691
-.0005493164
.0007476807
.0013275146
-.0015563965
.0012969971
.0014343262
-.0022125244
.0023498535
.0032043457
-.0036773682
.0027313232
-.0048065186
.0174560547
.0096435547
-.0058441162
.0045013428
-.0057830811
.0038146973
.0083312988
.0043487549
.0024414063
.0063934326
-.0042724609
.0068664551
-.0051116943
.0038452148
-.0062713623
.0059051514
.0042724609
-.0052795410
-.0041656494
.0066070557
.0065155029
-.0060119629
-.0045166016
-.0065460205
-.0047149658
.0079650879
-.0237579346
.0080261230
-.0244903564
.0187683105
.0076446533
-.0050659180
-.0053100586
-.0052642822
-.0056762695
.0055694580
-.0071563721
.0068817139
.0078430176
-.0103607178
.0081329346
.0057067871
.0054016113
-.1124420166
-.0792694092
-.0393524170
.0216369629
.0088043213
-.0107269287
.0053100586
.0064392090
-.0116729736
.0090789795
-.0145874023
-.0107116699
-.0099487305
.0070037842
.0071563721
.0317077637
-.0103454590
.0124053955
-.0182495117
.0155181885
.0244140625
.0159912109
.0137481689
.0137023926
-.0109710693
.0374603271
-.0391540527
.0231170654
-.0177764893
-.0153503418
.0437316895
-.0361022949
.0273742676
.0213928223
.0400848389
-.0264892578
.0239410400
.0127716064
.0522766113
-.0080413818
.0130462646
.0063629150
.0074005127
.0079040527
.0137176514
-.0438995361
-.0113677979
-.0141296387
-.0270690918
.0252227783
-.0405120850
.0228729248
.0124816895
-.0173645020
.0120544434
-.0269317627
-.0170593262
-.0168304443
-.0160522461
.0269012451
.0198822021
-.0219573975
-.0129699707
.0174255371
-.0155639648
.0432586670
.0339813232
-.0099182129
-.0114288330
.0152740479
-.0127563477
-.0117034912
-.0066375732
.0130157471
-.0122833252
.0149078369
.0125122070
-.0120239258
-.0113525391
-.0097808838
.0110931396
-.0127258301
-.0334777832
-.0171508789
.0115203857
-.0116424561
-.0147094727
.0217742920
-.0186462402
.0189971924
.0246582031
.0155334473
-.0184631348
-.0189208984
-.0172119141
.0259246826
-.0160217285
-.0173187256
-.0184783936
.0167999268
-.0261383057
-.0389709473
.0219116211
.0233612061
.0176239014
-.0274810791
.0209045410
.0277557373
-.0292663574
.0169219971
-.0157775879
.0130157471
-.0138244629
-.0133819580
.0139770508
.0094604492
.0104980469
-.0135955811
-.0161437988
.0162963867
.0187683105
.0304260254
-.0213012695
-.0525054932
-.0345764160
.0179901123
.0288696289
.0661315918
-.0298309326
.0189971924
-.0132751465
.0292205811
.0245361328
-.0097961426
.0152435303
.0154266357
.0201568604
.0133209229
.0338287354
.0122375488
.0101013184
-.0187377930
.0137176514
.0099029541
-.0214843750
.0301513672
-.0830383301
-.0585327148
-.0529174805
.0466461182
.0494537354
.0525970459
.0367736816
.0177154541
-.0255279541
.0178833008
.0470886230
.0190734863
-.0179595947
.0190124512
.0173034668
-.0782318115
-.0227203369
.0249633789
.0217742920
-.0194091797
.0141601563
-.0111541748
.0099792480
-.0052795410
.0054473877
.0245666504
.0283355713
-.0114746094
.0149383545
-.0090484619
.0088043213
.0144500732
.0059814453
-.0191192627
.0196838379
-.0183563232
.0118255615
-.0177459717
-.0133514404
.0228118896
.0085601807
-.0067749023
-.0123138428
-.0111846924
.0092163086
.0063171387
-.0045471191
.0075836182
.0322265625
-.0172576904
.0147705078
.0122222900
.0110321045
.0099945068
.0194091797
.0185241699
.0269622803
.0377807617
.0213165283
-.0406951904
-.0249176025
-.0200805664
-.0127563477
-.0136260986
-.0308380127
.0124969482
.0091094971
.0065307617
.0063934326
-.0056610107
-.0051422119
.0055236816
.0032348633
-.0041809082
.0130004883
.0067596436
-.0038909912
.0057678223
-.0051116943
-.0048675537
-.0044860840
-.0027008057
.0023651123
.0063018799
.0046234131
.0042266846
.0033264160
.0022430420
-.0037841797
.0037994385
.0051269531
-.0030670166
.0033111572
.0022735596
-.0078430176
-.0085144043
.0053558350
.0054168701
-.0017089844
.0046997070
-.0034179688
-.0092163086
.0039520264
.0337219238
.0114593506
.0101013184
-.0091857910
-.0055389404
-.0023345947
.0027465820
.0044555664
.0011291504
.0030364990
.0016784668
.0028839111
.0021514893
.0021514893
.0016784668
.0049896240
.0128784180
.0161132813
-.0046081543
-.0061645508
-.0030059814
.0034484863
.0029144287
-.0024871826
.0015869141
.0037841797
-.0048675537
.0023803711
.0018005371
.0017089844
.0027008057
-.0025787354
.0016937256
.0112609863
-.0146942139
.0048370361
-.0018463135
-.0039367676
.0027008057
.0014953613
.0026702881
-.0026245117
.0027618408
.0102386475
.0075378418
.0039520264
.0047912598
.0027008057
-.0035705566
-.0018615723
-.0019683838
-.0016326904
.0013732910
-.0025634766
-.0014038086
-.0019226074
.0021972656
.0025177002
.0008697510
.0016937256
.0016479492
-.0030059814
-.0018615723
-.0011291504
-.0022125244
.0010223389
.0007476807
-.0015716553
.0015106201
.0016479492
-.0013885498
-.0010681152
-.0013275146
.0009002686
.0005645752
.0011749268
-.0007019043
-.0016479492
.0009918213
-.0017242432
.0106353760
.0027008057
.0040283203
-.0010223389
.0018463135
-.0016174316
-.0016784668
-.0016937256
-.0014953613
-.0088043213
-.0040130615
.0040130615
.0012969971
.0033264160
-.0085906982
.0057525635
-.0030212402
.0030059814
-.0045928955
.0030212402
.0022125244
-.0030822754
-.0021972656
.0033569336
.0036773682
.0020599365
.0019836426
.0014038086
.0032196045
.0018463135
.0009918213
.0016479492
-.0007324219
.0020294189
.0014953613
-.0014343262
.0028991699
.0043182373
.0028228760
.0032653809
-.0029754639
-.0027618408
-.0028991699
-.0036621094
.0006256104
.0017089844
.0024719238
.0013427734
.0051422119
-.0032501221
.0019989014
-.0018005371
.0023040771
.0033416748
-.0023498535
-.0015716553
.0019531250
.0009307861
-.0008392334
-.0009460449
.0015563965
.0011444092
.0017242432
.0010070801
-.0024566650
-.0014801025
-.0019378662
.0051269531
.0047607422
.0055389404
-.0039672852
-.0040893555
-.0030212402
-.0025939941
.0029754639
-.0021820068
.0025177002
.0053253174
-.0037231445
.0036010742
.0017242432
.0017089844
.0010223389
-.0020904541
-.0011596680
.0008544922
.0008850098
.0011444092
-.0014038086
.0026855469
-.0009613037
-.0020446777
-.0011901855
-.0022125244
.0003814697
-.0010223389
.0008087158
-.0039215088
-.0030670166
-.0033416748
-.0023651123
.0034637451
.0014038086
-.0020141602
-.0023651123
-.0035858154
.0010528564
.0017547607
.0014953613
.0006713867
-.0012207031
-.0006713867
-.0008850098
.0009765625
-.0003204346
.0005035400
-.0004882813
-.0003814697
-.0002899170
.0003814697
.0007324219
.0002288818
-.0003967285
-.0008697510
.0005645752
.0011444092
.0008544922
.0006561279
-.0006103516
-.0005798340
.0004272461
.0003814697
.0016784668
.0013885498
-.0023803711
-.0010528564
.0011444092
.0010375977
-.0017547607
.0040893555
.0014648438
.0016021729
-.0041961670
-.0414581299
.0240478516
.0150604248
.0108184814
-.0056152344
.0058288574
-.0055084229
.0024261475
.0037841797
.0019531250
.0023193359
-.0014953613
.0187225342
.0247192383
-.0144042969
-.0095520020
.0156555176
-.0201263428
-.0222473145
-.0155944824
-.0131378174
.0240325928
.0168762207
-.0138244629
-.0298767090
.0169219971
.0195617676
-.0217895508
.0142059326
-.0103759766
.0137939453
.0139617920
.0072631836
.0066223145
.0055847168
-.0028076172
.0090332031
.0016784668
-.0026245117
.0027770996
.0017395020
-.0012207031
-.0030822754
.0024414063
-.0015258789
-.0012207031
.0017547607
-.0012054443
.0008850098
.0008544922
.0009613037
.0005340576
.0014190674
-.0060119629
-.0027160645
.0032958984
.0045776367
-.0025634766
.0029907227
-.0068359375
-.0021057129
-.0047760010
-.0017852783
.0032653809
.0062866211
-.0058898926
.0018920898
-.0028533936
-.0028991699
.0016784668
-.0054473877
-.0088958740
.0045318604
.0094604492
.0095825195
-.0037078857
.0051574707
-.0053863525
-.0027770996
-.0036621094
-.0023193359
.0050506592
.0163726807
.0119018555
.0095672607
.0074462891
.0031738281
-.0095367432
-.0191650391
-.0221557617
.0101318359
.0072631836
-.0106964111
-.0047760010
.0027008057
.0018310547
.0050048828
.0014801025
-.0017395020
.0005187988
-.0010070801
-.0018005371
-.0020141602
-.0006256104
.0005340576
.0008239746
-.0003662109
-.0007934570
.0005645752
.0008087158
.0006561279
.0006713867
-.0005340576
-.0003051758
.0003051758
-.0005035400
.0004425049
-.0004577637
.0005035400
-.0004882813
-.0005035400
.0005187988
.0007324219
-.0004882813
-.0004882813
-.0005340576
-.0003356934
.0003814697
-.0003967285
.0004272461
.0006713867
