-.0022277832
.0018005371
.0024261475
.0010986328
.0014038086
-.0027160645
-.0017395020
.0018157959
.0043182373
-.0013885498
-.0035247803
-.0023498535
.0043182373
.0015258789
-.0015716553
.0030364990
.0025939941
-.0028533936
-.0028228760
.0056610107
.0035247803
-.0028381348
.0025482178
.0030364990
-.0049743652
-.0062713623
-.0037384033
.0058135986
-.0024261475
-.0034484863
.0035400391
.0066528320
.0075836182
-.0037994385
.0076293945
.0095977783
.0090637207
.0177154541
.0115509033
.0119628906
-.0246429443
-.0265808105
-.0534210205
.0438842773
.0515594482
-.0437927246
.0223236084
-.0304260254
.0339355469
.0436248779
-.0319519043
-.0397644043
.0476989746
.0554809570
.0534820557
.0571594238
.0593261719
.0496520996
-.0433044434
.0358581543
-.0358886719
-.0378723145
.0475006104
.0416564941
-.0456085205
-.0494079590
.0358581543
.0284881592
-.0336761475
.0285186768
.0436706543
.0213012695
.0335998535
.0274810791
-.0532226563
.0305633545
-.0318450928
.0417480469
.0318756104
.0456085205
.0376586914
-.0238342285
-.0302429199
.0322418213
-.0337219238
.0355987549
.0376739502
.0438995361
-.0494384766
-.0418243408
.0453796387
.0316467285
-.0252227783
.0210113525
.0413665771
.0240020752
.0206756592
.0251007080
-.0187835693
-.0308685303
-.0188598633
.0360870361
.0417480469
-.0245971680
-.0263977051
.0577239990
.0572967529
-.0400390625
.0358428955
-.0434265137
-.0498352051
.0333404541
-.0377349854
-.0511779785
.0399932861
-.0433349609
-.0217895508
-.0479583740
.0339813232
.0321502686
-.0341949463
-.0481567383
-.0553588867
.0424194336
.0516357422
-.0418701172
-.0283660889
.0680236816
-.0593414307
-.0477294922
.0263977051
-.0394897461
.0339355469
-.0184173584
-.0194244385
-.0215606689
-.0092468262
-.0064544678
-.0226135254
.0185241699
.0097045898
.0102844238
-.0243988037
.0194854736
.0263061523
-.0225830078
.0236053467
-.0266418457
-.0224761963
-.0375823975
.0476379395
-.0420837402
-.0303497314
.0231170654
.0399017334
.0330810547
-.0324859619
-.0269927979
.0322723389
.0335388184
-.0339813232
-.0299377441
.0383605957
.0437469482
-.0162658691
-.0173339844
-.0039062500
.0093841553
.0040283203
-.0087738037
-.0070648193
.0042419434
.0040588379
.0054168701
.0066528320
.0052947998
.0047607422
-.0057067871
-.0103454590
-.0055999756
.0214843750
.0325775146
.0260314941
.0297241211
-.0344238281
.0271606445
-.0246276855
-.0281066895
-.0371704102
-.0391387939
.0401458740
-.0880432129
.0279235840
-.0240783691
-.0306701660
-.0293731689
-.0316925049
.0321960449
.0341949463
-.0435485840
.0195465088
-.0168457031
.0192565918
.0147094727
.0157775879
-.0155944824
.0113525391
.0097045898
-.0095367432
-.0087585449
-.0044860840
-.0066528320
-.0059509277
.0030670166
-.0036926270
.0056304932
.0086212158
-.0101165771
.0128784180
.0175781250
.0186614990
.0140838623
.0146026611
.0117034912
-.0090026855
.0084686279
-.0049133301
-.0015258789
-.0020599365
-.0026855469
-.0026702881
-.0028533936
-.0014801025
.0019989014
.0038146973
.0043029785
-.0019683838
-.0042724609
-.0044860840
-.0036773682
.0026092529
.0038146973
.0043182373
.0026245117
.0046234131
-.0039978027
-.0029602051
-.0032043457
-.0021209717
.0015258789
.0032806396
.0030822754
.0018310547
-.0015869141
-.0020446777
-.0011138916
.0009613037
.0011291504
-.0016479492
-.0030517578
-.0026702881
-.0025787354
.0031890869
.0032958984
-.0017242432
-.0012359619
-.0012664795
-.0007476807
.0007171631
.0005950928
.0007324219
.0003204346
-.0005493164
-.0009613037
-.0009918213
-.0003509521
.0010070801
.0014495850
.0005340576
-.0005340576
-.0012359619
-.0010528564
-.0004730225
.0009155273
.0014648438
.0009918213
-.0008392334
-.0016326904
-.0020294189
-.0010223389
.0009918213
.0021057129
.0019531250
.0013885498
-.0002746582
-.0014495850
-.0019989014
-.0017852783
-.0012359619
.0005035400
.0014953613
.0017089844
.0015258789
.0005645752
-.0010833740
-.0013580322
-.0010528564
-.0006408691
.0006256104
.0008087158
.0007629395
.0004425049
-.0003356934
-.0007781982
-.0005340576
-.0003051758
.0002593994
.0002441406
.0001678467
-.0003051758
-.0003204346
.0004425049
.0004577637
-.0002288818
-.0007171631
-.0007324219
-.0002441406
.0009918213
.0012817383
.0009155273
-.0007934570
-.0010070801
-.0012969971
-.0010986328
-.0008392334
.0012664795
.0016937256
.0013427734
.0005645752
-.0014038086
-.0015563965
-.0010681152
-.0009918213
.0011291504
.0018615723
.0016021729
.0009918213
-.0010681152
-.0012207031
-.0014495850
.0010375977
.0014038086
.0017395020
-.0007324219
-.0028991699
.0041656494
.0021514893
-.0041656494
-.0036468506
-.0016174316
.0030517578
-.0010681152
-.0030822754
.0015258789
.0049743652
.0026092529
-.0035552979
-.0042114258
.0033416748
.0025177002
-.0025177002
-.0045013428
.0042419434
.0021820068
-.0042266846
.0028991699
.0028839111
-.0028076172
.0030975342
.0032348633
.0029907227
-.0020751953
-.0036926270
-.0052795410
.0042877197
-.0039062500
.0055847168
-.0035705566
.0027313232
-.0050506592
-.0106506348
-.0054168701
-.0080261230
.0106964111
-.0063323975
.0082550049
.0116729736
.0265655518
-.0188598633
.0434112549
-.0762786865
.0496063232
.0840911865
.0799407959
.0572052002
-.0532226563
-.0569915771
-.0760498047
-.0481109619
-.0438232422
-.0303955078
-.0375976563
-.0254364014
.0292205811
-.0418853760
.0277252197
.0322418213
.0215454102
-.0248260498
.0357055664
.0438232422
-.0337524414
-.0320434570
-.0417633057
-.0397491455
.0359649658
.0419616699
-.0375976563
-.0377349854
-.0612640381
-.0437927246
-.0378875732
.0357971191
-.0436096191
-.0336608887
.0380706787
.0477294922
-.0879669189
-.0800170898
-.0494384766
.0613861084
-.0592803955
-.0537261963
-.0438690186
-.0417022705
.0401153564
-.0339050293
-.0197296143
.0167236328
.0320892334
.0255279541
-.0125274658
-.0291900635
.0305480957
.0214233398
.0356292725
-.0415802002
.0294799805
.0417785645
.0477600098
.0378112793
-.0453491211
.0685272217
.0613403320
-.0361328125
-.0644378662
-.0800170898
-.0552825928
-.0719451904
.0378265381
.0418853760
.0516510010
.0395660400
-.0380096436
-.0474700928
.0319824219
.0293884277
-.0265197754
-.0336456299
-.0316314697
.0229034424
.0234985352
-.0246276855
.0133819580
-.0047454834
-.0214538574
-.0072631836
.0067596436
.0041198730
-.0022430420
.0205841064
.0253295898
.0357055664
-.0283508301
-.0245819092
-.0512695313
-.0435333252
-.0552520752
.0316467285
.0336303711
-.0222473145
.0299224854
.0276641846
.0313873291
-.0381927490
-.0214996338
-.0134277344
.0096435547
.0139007568
-.0246124268
-.0184020996
.0086517334
.0120697021
.0053253174
-.0024871826
-.0046844482
-.0036621094
-.0061035156
.0034179688
.0067138672
.0071563721
.0057373047
-.0198974609
-.0229949951
.0262145996
.0400085449
.0404052734
.0324401855
-.0374908447
.0611114502
-.0325622559
.0430145264
-.0880126953
-.0301818848
.0458831787
-.0373840332
-.0334014893
.0320587158
.0272369385
-.0200195313
-.0133209229
.0109710693
-.0273742676
.0159301758
.0274047852
.0124053955
.0121612549
.0174865723
.0043334961
-.0063629150
-.0063323975
-.0055694580
-.0040588379
.0046386719
.0105438232
.0167083740
.0139465332
-.0158081055
.0175476074
.0156860352
.0130767822
-.0098876953
.0076904297
-.0075683594
.0034637451
-.0024871826
.0011749268
.0016021729
-.0026397705
-.0022735596
.0010681152
.0019683838
.0011291504
-.0010375977
.0013580322
.0008697510
-.0012359619
-.0014801025
.0007934570
.0007629395
-.0006103516
-.0007476807
.0008087158
.0008087158
-.0003356934
-.0006866455
-.0005340576
.0004730225
-.0010528564
.0007019043
.0008850098
.0012359619
.0004119873
.0006256104
.0007476807
-.0004882813
-.0010375977
-.0005950928
.0007171631
-.0006866455
-.0004882813
-.0003814697
.0005798340
.0007019043
.0010681152
.0009613037
-.0006103516
-.0008697510
-.0008392334
-.0003204346
.0003051758
.0004577637
-.0085601807
.0005493164
.0003509521
-.0004882813
-.0007629395
-.0004119873
.0004425049
.0003356934
-.0002288818
-.0005493164
-.0003662109
.0006866455
.0008697510
.0003356934
-.0004119873
-.0006103516
-.0004272461
.0002899170
.0004272461
.0004425049
.0004577637
.0003509521
.0003814697
.0002899170
-.0002593994
-.0003662109
-.0005493164
-.0006713867
.0006561279
.0006866455
-.0002288818
.0003051758
.0003051758
-.0003509521
-.0005187988
-.0007629395
-.0003051758
.0005340576
.0008239746
.0003051758
-.0003204346
-.0003051758
-.0002899170
-.0003967285
-.0002746582
-.0006256104
.0003967285
-.0003051758
-.0002288818
.0002593994
.0002441406
-.0003051758
-.0003509521
-.0003967285
.0004882813
.0003051758
-.0005493164
-.0003662109
-.0004119873
.0003051758
.0007171631
-.0003509521
.0002746582
.0002593994
-.0003814697
-.0006256104
-.0006408691
-.0005493164
.0001831055
.0004577637
.0004272461
-.0001983643
-.0002593994
-.0005798340
-.0004425049
.0003814697
.0002746582
.0003356934
.0002288818
-.0002899170
.0003967285
.0001983643
.0001831055
-.0002899170
-.0003662109
-.0004425049
-.0001831055
.0008239746
.0004882813
.0002288818
-.0002746582
.0002746582
.0003509521
-.0004272461
-.0005950928
-.0004577637
.0003204346
.0002593994
.0003509521
-.0001831055
.0001983643
.0001983643
.0002593994
-.0002746582
-.0003967285
-.0003967285
.0004730225
.0002899170
.0004882813
.0002593994
-.0003356934
-.0003509521
.0001983643
.0003814697
-.0002136230
-.0003356934
-.0003967285
.0004425049
.0002593994
-.0006408691
.0004577637
.0010375977
.0013275146
-.0016784668
-.0018615723
.0016937256
.0015411377
-.0022125244
-.0025329590
.0025482178
.0012359619
-.0021514893
-.0017089844
.0029754639
.0020599365
-.0026702881
-.0041046143
.0022583008
.0058593750
.0026702881
-.0040283203
-.0031585693
.0048828125
-.0017547607
-.0035705566
.0018920898
.0024871826
-.0032043457
-.0051727295
.0058135986
.0038909912
-.0037536621
-.0035858154
-.0032348633
-.0026092529
.0040893555
.0072326660
-.0130615234
.0090789795
.0086059570
.0108642578
-.0122528076
.0086364746
-.0092773438
.0071258545
-.0066833496
.0109405518
-.0100860596
.0059814453
.0110015869
.0103302002
-.0110473633
-.0204467773
.0207519531
-.0234680176
.0377349854
-.0801544189
-.0954589844
-.0800323486
-.0477294922
-.0596008301
-.1033782959
.0685424805
.0761108398
-.0458068848
.0494537354
-.0535430908
.0377349854
-.0680999756
.0455322266
.0435180664
-.0373992920
-.0639648438
.0457153320
.0533294678
.0416870117
.0435485840
-.0416870117
.0535583496
-.0434875488
.0556488037
-.0838317871
-.0721435547
-.0643615723
.0495758057
.0414428711
-.0379333496
.0398101807
.0256500244
.0099182129
.0227355957
.0215454102
.0433349609
.0548706055
-.0398712158
-.0570983887
.0644683838
-.0641021729
.0643920898
-.0756683350
-.0680694580
.0680236816
-.0399780273
-.0644226074
.0592803955
-.0549163818
.0575256348
.0682678223
-.0480194092
-.0459442139
-.0356445313
-.0273895264
-.0318756104
.0336608887
.0318603516
-.0338592529
-.0175170898
-.0316925049
.0474700928
.0299530029
-.0361022949
-.0332183838
-.0308685303
.0288391113
.0193939209
-.0423736572
-.0257263184
-.0212097168
.0178222656
.0233764648
-.0111389160
.0146789551
-.0207672119
.0125122070
.0309600830
.0144195557
-.0162353516
-.0105438232
-.0042724609
.0079345703
.0074920654
.0065307617
.0049285889
-.0030670166
-.0033874512
-.0059509277
-.0165863037
-.0205383301
-.0290985107
-.0240020752
.0252990723
.0311431885
.0387268066
-.0261993408
-.0320281982
-.0260620117
.0424194336
.0365753174
.0383605957
.1234436035
.0432434082
.0546417236
.0307769775
.0298919678
-.0414581299
.0294189453
-.0308990479
-.0162048340
.0234527588
.0211181641
-.0281829834
.0349884033
.0357208252
-.0102539063
-.0199890137
.0063629150
.0114135742
.0057067871
-.0057830811
.0052185059
-.0045318604
-.0034179688
-.0039672852
.0122985840
.0218353271
.0178222656
.0166931152
.0156250000
-.0086975098
.0028686523
-.0027770996
.0016632080
-.0011596680
-.0015563965
-.0008239746
.0014953613
.0011901855
-.0009765625
.0018005371
.0017700195
-.0019531250
-.0010528564
-.0015869141
-.0017700195
-.0012512207
-.0010681152
.0019836426
.0015563965
-.0015258789
-.0022277832
.0028228760
-.0032958984
-.0011749268
.0016326904
.0015411377
-.0008087158
-.0010070801
.0010070801
-.0010833740
-.0009155273
.0007781982
.0007934570
.0009918213
-.0011596680
.0010223389
.0006408691
-.0008087158
-.0010986328
-.0005950928
.0005950928
.0004119873
-.0004730225
.0007476807
.0005493164
.0004119873
.0003509521
-.0005493164
-.0006866455
-.0005798340
.0003509521
.0004577637
.0004730225
-.0002746582
-.0003204346
-.0003509521
-.0003356934
.0002136230
.0002136230
-.0005187988
.0002746582
.0003204346
.0003509521
.0002746582
-.0004272461
.0002288818
-.0004425049
-.0004882813
-.0002899170
.0005187988
-.0003662109
-.0004272461
.0003814697
.0004425049
-.0005187988
-.0005187988
.0006103516
.0003662109
.0005187988
-.0003051758
-.0005340576
