.0006256104
.0011291504
.0006561279
.0009918213
.0013275146
-.0011749268
.0024719238
-.0045623779
-.0090026855
-.0050201416
.0052947998
.0019989014
-.0016632080
-.0013885498
.0018157959
-.0017089844
.0018463135
.0014801025
.0010375977
-.0008087158
.0012512207
-.0011749268
-.0009765625
-.0014801025
.0020599365
-.0032501221
.0037994385
.0035247803
-.0056915283
-.0072326660
-.0431365967
-.0084075928
.0099792480
-.0042572021
-.0032501221
.0024414063
.0021209717
.0015563965
-.0029754639
.0044097900
.0025787354
.0020751953
-.0019073486
-.0029602051
.0016174316
-.0022735596
-.0015258789
-.0011444092
-.0017547607
.0016784668
.0012359619
-.0012817383
.0016021729
.0015563965
.0008087158
.0011749268
-.0010528564
.0007934570
-.0026855469
-.0016479492
-.0012054443
-.0007019043
.0005187988
-.0009460449
-.0006866455
-.0006561279
-.0007781982
.0007171631
.0008392334
-.0009307861
.0006866455
.0009155273
.0011444092
.0015258789
-.0013275146
-.0035552979
.0111541748
-.0061950684
-.0078735352
.0034332275
-.0053710938
-.0779876709
.0181884766
-.0104980469
-.0088500977
-.0161895752
.0063629150
.0104675293
.0096282959
.0056152344
-.0063018799
.0080108643
.1288604736
-.0189514160
-.0674285889
.0290527344
.0142059326
-.0138854980
-.0069885254
.0061340332
.0071868896
-.0632324219
.0153961182
.0102386475
-.0097045898
-.0464019775
.0489196777
-.0134887695
.0066986084
-.0076904297
.0625152588
-.0130767822
.0090179443
-.0087738037
.0120849609
-.0174865723
-.0207366943
-.0058898926
-.0115814209
.0106964111
.0126647949
-.0143585205
-.0442504883
.0182647705
.0118713379
.0131530762
.0158386230
.0099792480
.0090942383
-.0215759277
-.0088500977
-.0084838867
-.0063171387
-.0070190430
.0056457520
.0026855469
-.0162506104
.0218811035
-.0224304199
.0137481689
-.0088195801
-.0057983398
.0041961670
-.0032806396
-.0026702881
-.0023345947
-.0024261475
.0017089844
.0018157959
-.0146026611
.0129394531
.0159606934
-.0158233643
.0118560791
.0096893311
.0124359131
-.0352020264
.0316009521
-.0213165283
.0183258057
.0257263184
.0312500000
-.0296936035
-.0267486572
.0319366455
-.0293273926
-.0216369629
.0288543701
-.0202789307
-.0171966553
.0134735107
-.0099487305
-.0080261230
.0093383789
-.0123291016
-.0099487305
-.0120849609
.0222167969
-.0079040527
.0171966553
-.0043334961
.0030364990
-.0104522705
.0086059570
.0163574219
-.0292053223
-.0257873535
-.0387268066
-.0241546631
.0225830078
-.0294952393
.0190429688
-.0156707764
-.0277709961
-.0143127441
.0117645264
.1095886230
.0134277344
-.0254058838
-.0216979980
-.0363616943
.0632171631
.0152893066
-.1042480469
.0187377930
-.1275787354
-.0470123291
.0127563477
-.0215759277
.0164031982
.0090789795
-.0120849609
.0128173828
.0213012695
-.0173187256
.0230255127
.0148162842
-.0077209473
.0110473633
.0105590820
.0104827881
.0145111084
.0824890137
.0476684570
-.1388549805
.0110168457
-.0087280273
-.0107421875
-.0179138184
.0120086670
-.0098114014
.0124359131
.0115509033
-.0103912354
.0084381104
-.0115203857
-.0075225830
.0076751709
.0277557373
.0488128662
-.0108489990
-.0056457520
.0047149658
.0031738281
.0039520264
-.0036163330
-.0032958984
.0026550293
-.0613555908
-.0061950684
-.0072937012
.0043334961
.0057983398
.0033569336
-.0054016113
-.0023040771
.0016174316
-.0010986328
-.0009307861
-.0009155273
-.0019226074
.0016021729
-.0019989014
-.0018005371
-.0017242432
.0031585693
.0032958984
.0046844482
-.0039825439
-.0252685547
.0245666504
-.0039520264
-.0132293701
.0167999268
-.0046081543
.0034790039
-.0267028809
-.0053558350
-.0044403076
-.0029754639
.0037841797
.0037841797
.0034790039
-.0149841309
.0040130615
.0030670166
.0042724609
-.0022583008
-.0024719238
.0017852783
-.0016784668
.0015106201
-.0023803711
.0206756592
.0084991455
-.0066528320
-.0143280029
.0155639648
-.0040130615
.0019073486
-.0019836426
.0020904541
-.0023040771
.0016937256
-.0014953613
.0018310547
-.0012969971
-.0012512207
-.0012817383
.0008544922
-.0016632080
-.0009155273
-.0517730713
.0187683105
.0104827881
.0152740479
.0137176514
-.0377960205
.0220489502
.0158538818
-.0296478271
.0262756348
-.0457611084
-.0845031738
.0253601074
-.0333862305
.0341186523
-.0543518066
-.0815582275
-.0816802979
.1081237793
-.0489349365
.0886077881
.0621185303
-.0544128418
-.1017913818
.1228637695
.0610961914
-.0652465820
.1378479004
.1104431152
-.1060638428
.0538787842
.1188659668
.0671997070
.0947570801
.0693969727
-.1271667480
-.1225738525
-.0692596436
.0703277588
.0864257813
.0877380371
-.1142272949
-.0826721191
-.0926513672
.0918884277
-.1192932129
-.1332702637
.0768280029
-.1358489990
-.0578002930
-.0797576904
-.0932922363
.0404205322
-.0485382080
-.0338897705
.0078582764
.0042877197
.0731201172
.0153503418
.0044250488
-.0035095215
-.0037078857
.0049743652
.0023345947
-.0025482178
-.0018005371
-.0018768311
-.0014343262
-.0014190674
.0007171631
.0015716553
.0026702881
-.0044860840
-.0029907227
.0027008057
.0034179688
.0041351318
-.0041503906
.0061950684
.0039367676
-.0028686523
.0025634766
-.0020446777
-.0038299561
.0030364990
.0056610107
.0021209717
.0037841797
.0021514893
.0017547607
.0016479492
-.0016632080
-.0016784668
-.0018463135
-.0022888184
-.0021209717
-.0020599365
.0024414063
-.0020294189
-.0010528564
.0008697510
-.0011291504
.0007934570
.0016632080
.0016326904
.0018310547
.0012664795
.0012664795
.0009918213
.0009460449
-.0008697510
.0010528564
-.0011138916
-.0006103516
-.0005187988
.0007324219
-.0008544922
-.0007934570
.0004272461
.0006713867
-.0008087158
.0009002686
.0031280518
-.0013122559
.0006408691
.0007934570
.0009460449
-.0005340576
-.0005035400
-.0004730225
-.0003814697
-.0003967285
-.0004272461
-.0009002686
-.0005340576
-.0005187988
.0003967285
-.0007781982
.0005950928
.0012512207
.0006408691
-.0005340576
.0004730225
.0003204346
.0022430420
.0039367676
-.0030059814
-.0049743652
.0142669678
-.0022583008
-.0011901855
-.0009155273
-.0010223389
.0010528564
.0012817383
-.0008697510
.0007171631
-.0005340576
.0007019043
.0009918213
.0007629395
.0005798340
-.0005798340
.0005798340
-.0005798340
-.0014190674
.0006256104
-.0036163330
.0018157959
-.0011138916
.0012207031
.0008087158
.0007019043
.0007934570
.0007476807
-.0041809082
-.0036926270
-.0021514893
.0017089844
-.0024261475
-.0019073486
-.0012054443
-.0005340576
-.0005645752
-.0007629395
-.0007324219
.0006103516
.0007629395
.0007171631
.0007629395
.0020904541
.0013580322
.0025329590
-.0050201416
-.0059204102
.0032806396
-.0023193359
-.0020446777
-.0010528564
-.0012969971
-.0011596680
.0009613037
-.0007781982
-.0004730225
.0004730225
.0006408691
.0008392334
.0015716553
-.0006103516
-.0010986328
-.0005798340
-.0004425049
-.0005798340
-.0007171631
-.0008544922
-.0008239746
-.0007934570
.0007629395
.0008087158
.0006713867
.0007629395
.0005493164
.0006256104
.0007781982
.0004730225
.0006256104
.0007324219
-.0005035400
-.0006713867
-.0016937256
-.0007476807
-.0011291504
-.0010528564
-.0009918213
.0012512207
-.0013580322
.0025482178
-.0015716553
-.0022430420
-.0025177002
-.0021514893
.0015716553
.0061492920
-.0023803711
.0020599365
-.0022583008
-.0057678223
.0195007324
-.0036163330
.0020904541
-.0016479492
.0014038086
-.0019836426
.0017395020
-.0010223389
.0018005371
.0011749268
.0022277832
.0016021729
.0043029785
-.0045928955
-.0033721924
-.0410766602
.0169677734
-.0086669922
-.0054016113
.0047454834
.0033264160
.0027008057
.0063018799
.0042266846
.0024566650
-.0013427734
.0026245117
.0015716553
.0016784668
-.0017547607
-.0012969971
.0010223389
-.0008850098
.0009307861
-.0012969971
-.0013580322
-.0011291504
-.0009765625
-.0007781982
.0007324219
.0013275146
.0037384033
.0019531250
.0043487549
-.0019531250
.0018920898
-.0017547607
-.0011749268
.0017852783
-.0014038086
.0012207031
.0217285156
.0033111572
.0440521240
-.0045928955
-.0032043457
-.0014801025
.0021362305
-.0059814453
-.0020446777
.0013732910
.0016326904
-.0023345947
-.0101318359
-.0618743896
.0057983398
-.0032806396
-.0031585693
.0030212402
-.0037841797
-.0025177002
-.0025634766
.0021209717
-.0020751953
.0022583008
.0021514893
.0018920898
-.0017547607
-.0017547607
-.0013122559
-.0011291504
-.0010681152
.0009918213
-.0317535400
-.0026702881
-.0016937256
.0015411377
-.0018920898
-.0016021729
.0014495850
.0016784668
.0012512207
.0017700195
-.0057678223
.0013275146
-.0012817383
.0012054443
-.0017395020
.0014953613
-.0017089844
-.0010986328
-.0011596680
-.0013427734
-.0012207031
.0018920898
-.0018005371
.0015411377
-.0025024414
.0018920898
.0100708008
-.0052795410
-.0027313232
-.0019989014
.0017547607
-.0084991455
-.0036773682
-.0035705566
.0034027100
-.0021209717
-.0031433105
.0552062988
-.0028533936
-.0019378662
.0048370361
.0042114258
.0043029785
.0038452148
.0042572021
.0018157959
-.0007629395
.0028228760
.0200653076
.0079498291
-.0087280273
.0081481934
-.0031890869
.0062866211
-.0423583984
-.1066131592
-.0743103027
.0042266846
.0471038818
-.0439300537
-.1364898682
-.0701599121
.0464782715
.1286468506
-.0636596680
-.0905761719
-.0410766602
.0519561768
.0502777100
-.1354217529
.0302886963
.0368957520
.0523681641
-.0548095703
-.0301208496
.0365753174
-.0425262451
-.0635375977
-.1374053955
.0515899658
-.0241394043
-.0398712158
-.0610809326
.0338439941
-.0378875732
.0347137451
-.0276794434
-.0444335938
.0649261475
.0849151611
-.0520324707
.0444488525
-.0578308105
-.0168609619
.0056915283
-.0056762695
-.0196075439
-.0308990479
-.0062713623
.0033264160
-.0022735596
-.0018157959
.0013275146
-.0009765625
-.0009613037
.0014648438
-.0010986328
-.0017547607
.0017242432
.0014343262
-.0016784668
.0017089844
-.0016326904
.0020751953
.0017395020
.0020904541
-.0018463135
-.0013580322
-.0018157959
.0010375977
.0010681152
-.0008544922
.0006408691
.0013427734
.0016326904
-.0029144287
-.0032043457
.0025177002
-.0027160645
-.0024566650
.0024108887
.0025939941
-.0024566650
-.0023345947
-.0018615723
.0028076172
.0012664795
.0006408691
-.0006408691
.0006866455
-.0006561279
-.0006408691
.0014495850
-.0012359619
.0016174316
.0013427734
.0030059814
.0015106201
-.0019073486
-.0016326904
.0025177002
-.0022583008
.0013732910
-.0009460449
.0009613037
.0013885498
.0006103516
.0005340576
.0006103516
.0005187988
.0006103516
-.0006256104
-.0005187988
.0004577637
.0007781982
-.0009918213
.0007934570
-.0007934570
-.0009002686
.0029754639
-.0031738281
.0030059814
-.0013427734
-.0019073486
.0013580322
-.0014953613
.0019226074
.0016632080
.0017547607
-.0018157959
.0172576904
.0041656494
-.0016937256
-.0024871826
-.0029449463
-.0026550293
-.0325469971
.0037384033
.0015716553
.0013275146
.0015106201
.0017547607
.0023956299
.0031738281
.0027465820
-.0039978027
.0050964355
.0043029785
-.0039367676
-.0027313232
-.0024566650
-.0024719238
.0027465820
.0029907227
.0032196045
-.0030517578
.0024261475
.0029449463
.0029907227
.0028686523
-.0026702881
.0018463135
-.0018310547
.0015716553
-.0015716553
-.0012512207
-.0028839111
-.0022430420
-.0029296875
.0029754639
.0016021729
-.0011138916
.0017089844
.0022735596
.0020141602
.0019989014
.0046081543
.0038909912
-.0049591064
.0052185059
-.0051879883
-.0068817139
-.0071258545
.0074768066
.0053710938
.0050201416
.0048370361
.0037689209
-.0027008057
.0021667480
.0022430420
.0019378662
.0029907227
.0074462891
.0082702637
-.0156402588
-.0143890381
.0063629150
.0041961670
-.0019378662
.0021972656
-.0023803711
-.0031127930
.0018615723
-.0016479492
-.0020904541
.0035095215
-.0031433105
-.0233459473
-.0116119385
-.0036163330
-.0030059814
-.0023193359
-.0016174316
.0018463135
.0012207031
.0048675537
-.0025939941
-.0015869141
.0014648438
.0093383789
-.0046081543
-.0084533691
.0108795166
-.0082702637
.0153808594
-.0188446045
-.0058135986
-.0031890869
-.0636291504
.0085906982
.0026550293
.0074005127
-.0027770996
.0052795410
.0101776123
-.0066528320
.0027160645
.0014648438
.0181427002
.0093841553
.0226593018
-.0069732666
.0056457520
.0039367676
-.0028686523
-.0019683838
.0032806396
-.0026702881
.0019226074
-.0028076172
.0032806396
.0019683838
-.0035247803
.0037536621
.0025024414
.0039825439
-.0041351318
.0043029785
.0031890869
-.0020141602
.0011749268
.0016784668
-.0582733154
-.0283813477
-.0346527100
-.0259552002
.0818023682
.0353240967
.0575103760
-.1251220703
.0702056885
-.0658721924
.0548553467
.0355987549
.0458068848
-.0574951172
-.0341644287
.0321044922
-.0708007813
-.0366516113
-.0298614502
.0305786133
.0349121094
.0531921387
.0801391602
-.0464019775
-.0512390137
.0186004639
-.0136718750
-.0038757324
.0040283203
.0018005371
-.0276641846
.0039978027
.0010528564
-.0012207031
-.0009307861
-.0011291504
.0006408691
-.0006561279
-.0005950928
-.0005493164
.0005493164
.0004425049
.0003967285
.0004577637
.0007629395
-.0003662109
.0005340576
.0023803711
