.0000762939
-.0000915527
-.0000762939
.0000915527
-.0000610352
.0001068115
-.0001068115
.0000915527
-.0001220703
.0001068115
-.0001068115
.0001068115
-.0001068115
-.0008087158
-.0010070801
-.0002593994
.0001373291
.0000915527
.0001220703
-.0000915527
.0001068115
-.0000915527
.0000915527
-.0001068115
.0000915527
-.0001220703
.0000762939
-.0000915527
-.0000762939
.0002288818
.0003662109
.0007324219
.0009613037
.0011444092
-.0009918213
-.0007476807
.0007781982
-.0005950928
.0009460449
.0005493164
-.0008392334
.0006408691
.0011749268
-.0027313232
-.0049438477
.0064086914
-.0051727295
-.0118255615
-.0196075439
.0129241943
-.0188903809
-.0308380127
-.0274047852
-.0290222168
-.0397491455
-.0312042236
-.0501708984
.0384826660
-.0502014160
-.0433807373
-.0420837402
.0494689941
-.0517883301
.0173492432
.0046386719
.0036773682
.0025177002
-.0019073486
-.0016784668
-.0015563965
-.0032653809
.0131072998
.0231170654
.0346984863
-.0483551025
-.0402374268
.0596923828
-.0469360352
-.0538940430
-.0525817871
.0466461182
.0519561768
-.0283203125
.0404815674
-.0187530518
.0117950439
-.0020141602
.0025634766
.0019073486
-.0021972656
-.0010833740
.0016479492
.0029907227
-.0063323975
.0106964111
.0088500977
-.0084075928
.0239410400
.0396881104
.0341796875
.0461883545
-.0502624512
-.0444946289
.0358276367
.0492095947
.0377044678
-.0180358887
.0213317871
-.0102233887
.0035705566
.0019836426
.0013427734
-.0008697510
.0008392334
.0009765625
-.0009765625
-.0007171631
-.0008544922
-.0005645752
.0006408691
.0009613037
.0014648438
.0048065186
.0141448975
.0251922607
.0558166504
.0336914063
-.0446014404
-.0267944336
.0473785400
-.0505523682
-.0261077881
.0311126709
-.0245666504
.0142974854
-.0067291260
-.0042724609
-.0018005371
-.0010223389
-.0010070801
-.0010986328
-.0008850098
-.0010375977
.0006561279
-.0005798340
.0006713867
.0005493164
.0005798340
-.0005798340
.0005340576
.0004730225
.0005340576
.0005645752
-.0005950928
-.0017242432
-.0016937256
-.0055999756
-.0051727295
.0221405029
.0263519287
.0025939941
.0075073242
.0021667480
.0014038086
-.0004577637
-.0004425049
-.0006256104
-.0005493164
-.0004577637
-.0006713867
-.0004272461
.0006561279
.0004882813
.0003204346
.0018920898
.0024566650
.0026092529
-.0014343262
-.0006866455
.0004730225
.0009765625
.0004119873
.0006713867
-.0002441406
-.0002593994
-.0002288818
-.0001831055
-.0001678467
-.0001525879
-.0001525879
-.0001220703
.0001525879
.0001525879
.0001678467
.0001373291
.0001678467
-.0001373291
.0001220703
-.0001678467
.0001068115
-.0001068115
-.0000915527
-.0000915527
-.0001220703
.0001373291
-.0001068115
.0000915527
-.0000915527
.0001220703
-.0001220703
.0001373291
-.0000915527
.0001220703
-.0000915527
.0000915527
.0000915527
-.0000915527
.0009460449
.0020751953
-.0018463135
-.0017852783
-.0087738037
.0159454346
.0320892334
.0092620850
.0088043213
.0032043457
.0014648438
-.0006866455
-.0005645752
-.0005645752
-.0004119873
-.0003662109
-.0008697510
-.0006103516
.0019531250
.0027618408
-.0054931641
-.0092620850
.0072479248
.0126495361
.0169372559
-.0090179443
.0053405762
-.0025939941
-.0012664795
-.0006408691
-.0003967285
-.0005035400
-.0004272461
-.0005035400
-.0004119873
-.0004272461
-.0003356934
-.0002746582
.0002136230
.0002136230
.0002441406
.0005035400
-.0036773682
-.0191345215
-.0077209473
.0160064697
-.0097808838
.0071105957
-.0150909424
.0110931396
.0082855225
.0140686035
.0037994385
.0026397705
.0024261475
-.0010681152
-.0005645752
-.0004882813
-.0003814697
-.0004577637
.0003204346
-.0004272461
-.0002441406
.0002288818
.0003356934
.0002136230
.0002288818
.0006103516
.0014038086
-.0051727295
-.0050354004
-.0103454590
.0029296875
.0054779053
.0087890625
-.0163116455
-.0435180664
.0311584473
.0105133057
.0096130371
.0126495361
.0151977539
.0258026123
.0086822510
.0134124756
-.0091094971
-.0025329590
-.0010375977
.0007476807
-.0006866455
-.0004119873
-.0005340576
-.0004119873
-.0005645752
-.0004119873
-.0003814697
.0004730225
.0003967285
.0002441406
.0002899170
.0002593994
.0003814697
-.0002593994
-.0005798340
-.0019836426
-.0007934570
.0019531250
-.0005187988
.0009765625
.0011596680
-.0015563965
-.0033111572
-.0035858154
-.0059051514
.0075683594
-.0021057129
.0041809082
.0031890869
.0030517578
-.0035858154
-.0011444092
-.0004730225
-.0003051758
.0003204346
-.0003204346
.0002288818
-.0002441406
.0002136230
.0002288818
.0002136230
-.0001068115
.0002593994
-.0004119873
-.0022430420
.0023193359
-.0017547607
.0019073486
-.0016937256
.0016479492
.0010223389
-.0015106201
-.0025024414
.0006713867
.0004425049
.0001068115
-.0001220703
-.0001525879
.0001525879
-.0002288818
-.0003967285
-.0005950928
.0010223389
-.0015563965
.0009613037
-.0010223389
.0006408691
-.0005950928
.0003967285
.0008239746
.0008239746
.0008544922
.0009765625
-.0008697510
-.0001983643
.0001220703
-.0001983643
.0001220703
-.0001220703
.0001068115
-.0000915527
.0002441406
.0007629395
-.0019073486
.0010070801
-.0014648438
-.0012817383
.0006408691
.0009765625
-.0014038086
.0007781982
-.0008239746
.0004425049
-.0001373291
.0002288818
.0002746582
-.0013580322
.0019531250
-.0006103516
-.0005340576
-.0005187988
.0004425049
-.0003509521
.0005950928
-.0002746582
.0007171631
-.0002288818
.0008239746
.0007324219
.0005035400
.0001983643
-.0001525879
.0001068115
-.0001220703
.0001068115
-.0001068115
.0000915527
-.0001068115
.0001220703
-.0001525879
.0001525879
-.0000762939
.0001373291
-.0001373291
-.0002899170
.0012207031
.0003204346
.0001983643
-.0002441406
.0004119873
-.0001983643
.0003662109
.0009918213
.0010070801
-.0005645752
-.0003814697
-.0004272461
.0006256104
-.0003204346
-.0002746582
.0000915527
-.0000915527
.0003509521
-.0003051758
.0001525879
-.0001068115
.0000915527
-.0002136230
.0002441406
-.0002746582
-.0004425049
.0009002686
-.0001831055
.0002593994
-.0002899170
.0001831055
-.0005187988
.0008087158
-.0004577637
.0011901855
-.0003509521
.0010833740
.0014953613
.0018615723
.0004119873
.0001983643
.0002593994
-.0001220703
.0001068115
-.0001525879
.0000915527
-.0001220703
.0000915527
-.0001220703
.0000915527
.0000762939
.0000915527
.0000915527
.0000762939
.0001068115
-.0000915527
.0001068115
-.0001220703
.0001068115
-.0001068115
.0000915527
-.0001068115
.0001220703
.0007781982
-.0018310547
.0011596680
.0006256104
.0019989014
-.0006561279
.0014801025
-.0008392334
-.0015716553
-.0007781982
.0010223389
-.0006408691
-.0007934570
.0011596680
.0006561279
.0010986328
.0008087158
.0012207031
-.0001983643
.0001831055
-.0001983643
.0001373291
-.0001831055
.0001373291
-.0005340576
-.0001373291
-.0001220703
.0001068115
.0001220703
.0001220703
.0001831055
.0001678467
.0005187988
-.0002136230
.0003051758
-.0004119873
.0003509521
-.0004425049
-.0002136230
-.0007019043
.0005340576
-.0002136230
-.0001983643
-.0007629395
-.0006256104
.0013275146
-.0003509521
.0004425049
-.0003814697
.0002288818
-.0001525879
.0001525879
-.0001068115
.0001068115
-.0001068115
.0000762939
.0000915527
-.0000915527
.0001068115
-.0001068115
.0001068115
-.0001068115
.0001068115
-.0001220703
.0000915527
-.0000915527
.0000915527
-.0001068115
-.0000762939
-.0000762939
-.0000762939
.0000915527
-.0000915527
.0000915527
-.0000915527
.0001068115
-.0001068115
.0000915527
-.0000915527
.0000762939
-.0000762939
.0000610352
-.0000762939
-.0000762939
.0000762939
-.0000762939
.0000915527
-.0000762939
.0000915527
-.0001068115
.0001068115
-.0001220703
.0000762939
-.0000915527
-.0000762939
.0000762939
.0000610352
.0000762939
.0000610352
.0000915527
-.0001068115
.0000915527
-.0001068115
.0001220703
-.0000915527
.0001068115
-.0000762939
.0000915527
-.0000762939
-.0000610352
.0000762939
-.0000762939
.0000915527
-.0000915527
.0000915527
-.0000915527
.0000915527
-.0000915527
.0000915527
-.0000915527
.0000762939
-.0000915527
.0000762939
.0000915527
-.0000762939
.0000762939
-.0001220703
.0001220703
-.0000762939
.0001220703
-.0000915527
.0001220703
-.0000915527
.0000762939
-.0000915527
.0000762939
-.0000762939
-.0000915527
.0000762939
-.0001831055
.0006256104
-.0003662109
.0002441406
-.0001220703
.0001373291
-.0001373291
.0001220703
-.0001373291
-.0001068115
-.0001373291
-.0001525879
-.0001068115
-.0001373291
.0000915527
-.0001678467
.0001220703
-.0001220703
.0001373291
-.0001068115
.0001220703
-.0000762939
.0000915527
.0000915527
-.0001373291
.0000915527
-.0000915527
.0001220703
-.0001068115
-.0009307861
-.0067291260
-.0097656250
.0079803467
-.0086975098
.0063171387
.0056304932
.0085906982
.0075225830
-.0268859863
-.0186920166
-.0118560791
-.0224456787
-.0203704834
.0065765381
.0054473877
.0036621094
.0018005371
.0014038086
.0011901855
-.0006408691
-.0010223389
-.0012664795
-.0016784668
-.0017852783
-.0026702881
-.0023956299
-.0050964355
.0043029785
.0060424805
.0322418213
.0212554932
.0162353516
.0113830566
.0167083740
-.0146484375
.0198669434
-.0149841309
-.0161285400
.0134124756
-.0047760010
.0075531006
-.0050354004
-.0028076172
-.0012512207
-.0009155273
-.0008239746
-.0006408691
-.0003509521
.0005035400
.0005035400
.0003509521
.0006103516
.0005340576
.0003967285
-.0004119873
.0002746582
-.0002746582
-.0002746582
-.0002746582
-.0002441406
-.0002288818
-.0002746582
.0003662109
-.0001983643
-.0003051758
-.0002288818
.0002288818
-.0001678467
.0001373291
-.0002136230
.0001678467
-.0002136230
.0001678467
-.0001525879
-.0001831055
.0001831055
-.0001525879
.0001373291
-.0001525879
.0001678467
-.0001525879
.0001220703
-.0001068115
.0001220703
-.0001678467
.0001373291
.0000915527
-.0000762939
.0000915527
-.0000915527
.0001068115
-.0001068115
.0001373291
-.0001220703
.0001068115
.0016326904
-.0093994141
.0334472656
.0386047363
-.0224456787
-.0173339844
.0132598877
.0133514404
.0588836670
-.0227050781
.0137481689
.0218658447
-.0263214111
.0127410889
.0127563477
.0144805908
-.0526428223
-.0934143066
.0478668213
.0242462158
.0294494629
.0256805420
-.0164947510
.0053558350
-.0029602051
.0022125244
.0014038086
.0026092529
-.0015411377
-.0013122559
-.0014801025
-.0011444092
.0006103516
.0008087158
-.0005493164
.0006713867
.0007781982
-.0004425049
-.0006866455
-.0005340576
-.0005035400
-.0006866455
.0006713867
-.0005493164
.0002899170
-.0003356934
.0004119873
-.0003967285
.0003814697
.0003509521
.0003814697
.0002746582
-.0002899170
-.0003051758
-.0003356934
-.0002746582
-.0002746582
.0002288818
.0002593994
.0001373291
.0001831055
-.0001525879
.0001831055
-.0001525879
.0001678467
-.0001373291
.0001983643
-.0001678467
.0001220703
-.0001525879
.0001373291
-.0001220703
-.0001220703
.0000915527
-.0001068115
.0000915527
-.0001068115
.0001068115
-.0001525879
.0001220703
-.0001373291
.0000762939
-.0001068115
-.0001068115
-.0000762939
.0000762939
.0001068115
-.0000762939
.0001983643
-.0001525879
.0001983643
-.0008392334
.0004119873
-.0033569336
.0071868896
-.0152435303
-.0207672119
.0222930908
.0346221924
.0503997803
.0840759277
.1161193848
.1273803711
-.1668853760
.1763610840
.1967926025
-.0759582520
.0613250732
-.0072937012
.0033569336
-.0032348633
.0025634766
.0038452148
-.0021972656
-.0037231445
-.0048828125
-.0028839111
.0019836426
.0020446777
.0021972656
.0019378662
.0010681152
-.0011901855
-.0014495850
.0012359619
.0063629150
.0242004395
.1247558594
.2414703369
.2936859131
.3190917969
.2872009277
.2608489990
.0760498047
.0513000488
.0062408447
.0050659180
-.0049285889
.0078582764
-.0051269531
-.0050964355
-.0064086914
-.0077362061
-.0059204102
-.0049285889
-.0037231445
-.0036621094
-.0042114258
.0021209717
.0028381348
.0023345947
.0016326904
.0030822754
.0022125244
.0021362305
.0017089844
.0036926270
.0417327881
.0178833008
.0041809082
-.0020294189
.0029907227
-.0014801025
-.0021209717
-.0018615723
-.0014953613
-.0008392334
-.0014038086
-.0014495850
-.0013427734
-.0012359619
-.0009765625
.0011596680
-.0009307861
.0006866455
.0009613037
.0234832764
-.0689849854
-.0104522705
.0032653809
.0021972656
.0012207031
.0007019043
.0008392334
-.0009460449
.0006408691
.0005035400
-.0012359619
-.0008850098
-.0005645752
-.0012512207
-.0005340576
.0006866455
-.0005950928
.0006256104
-.0004730225
.0005035400
-.0004272461
.0004272461
.0003814697
.0003356934
.0005187988
.0004425049
-.0010833740
.0009307861
.0003509521
-.0002746582
-.0002746582
-.0002593994
.0002441406
-.0004577637
-.0001831055
-.0002441406
-.0001983643
-.0002593994
.0001831055
-.0001983643
.0001678467
.0001831055
.0001373291
.0001678467
-.0001525879
.0001983643
-.0001220703
.0001525879
-.0001983643
.0001678467
-.0001220703
.0001525879
-.0001068115
.0001373291
-.0000915527
.0000915527
.0001220703
-.0001068115
.0000915527
-.0000915527
.0001220703
-.0001068115
.0001220703
-.0001220703
.0001220703
-.0001373291
.0000915527
-.0001068115
