-.0000457764
.0000305176
-.0000457764
-.0000610352
-.0000457764
-.0000610352
-.0000610352
-.0000457764
.0000457764
-.0000762939
-.0000762939
-.0001220703
.0000915527
-.0001983643
.0002441406
-.0002899170
-.0007934570
.0010375977
-.0011596680
-.0016784668
.0011444092
-.0024414063
-.0091705322
.0080108643
-.0140991211
-.0076141357
.0231323242
-.0137023926
-.0094451904
-.0130920410
.0114440918
.0132751465
-.0206909180
-.0136871338
-.0114593506
-.0109863281
-.0134582520
-.0102691650
.0158386230
-.0044860840
-.0124206543
-.0121612549
.0096435547
.0052795410
-.0100860596
-.0055389404
.0133361816
-.0156707764
.0122833252
.0119018555
.0147705078
.0132293701
.0133972168
.0262603760
-.0152435303
.0234680176
.0174407959
-.0171508789
-.0369873047
.0297698975
.0183563232
-.0201721191
.0285491943
-.0156707764
-.0193939209
.0134582520
-.0179443359
-.0177612305
.0158386230
-.0107421875
-.0136871338
-.0203399658
-.0060424805
.0156402588
.0254364014
.0133209229
-.0243835449
-.0095977783
.0163269043
.0079803467
-.0048370361
.0028686523
-.0024414063
-.0031738281
-.0060424805
.0175170898
.0135192871
.0216522217
.0164184570
-.0219116211
-.0115203857
-.0107269287
-.0054168701
-.0042114258
.0031433105
.0025329590
-.0017242432
-.0015106201
.0010681152
-.0010223389
.0005187988
.0015411377
-.0011901855
-.0030059814
.0102539063
.0201568604
-.0158996582
.0340270996
.0120849609
-.0259246826
.0339660645
-.0296783447
.0361938477
-.0512542725
.0285034180
-.0228729248
.0175628662
.0090484619
-.0101165771
-.0062561035
.0143890381
-.0125427246
-.0097198486
.0251464844
-.0474243164
-.0403442383
-.0538635254
.0556488037
-.0920562744
-.0852966309
-.0804595947
.0883178711
.0834655762
-.1096038818
.1192169189
-.0914611816
.0896759033
-.1183929443
-.0801239014
-.0957336426
.0686492920
.1067199707
-.0682983398
.0554809570
-.0438690186
.0550689697
-.0643768311
-.0484008789
-.0586242676
.0190429688
-.0407714844
-.0182952881
-.0546112061
-.0383300781
-.0426483154
.0631866455
.0488586426
.0337829590
.0283660889
.0323028564
.0339202881
.0311889648
.0361328125
.0411834717
.0319519043
.0364074707
.0331573486
-.0341033936
.0269317627
-.0440826416
.0355682373
-.0326385498
-.0496826172
.0718231201
.0908050537
-.0753631592
-.0598144531
.0769958496
-.1029205322
.0514831543
.0400085449
.0584106445
-.0725097656
-.0735626221
-.0611877441
-.0520782471
.0516510010
.0395202637
-.0241851807
.0350646973
-.0316314697
-.0341644287
.0321960449
.0326538086
.0462188721
.0344696045
.0389099121
.0484771729
.0391540527
.0583801270
-.0809936523
.0467071533
-.0499572754
.0673828125
-.0760345459
.0640258789
-.0632171631
-.0586547852
.0827484131
.0295715332
-.0663604736
.0414428711
.0568389893
-.0628356934
.0452117920
-.0482177734
-.0615844727
-.0552825928
.0683441162
-.1138763428
.0681915283
-.0321350098
.0931701660
-.0620727539
-.0943756104
.0789337158
-.0606994629
-.0800628662
-.0766143799
-.0897064209
.0592498779
.0515747070
-.0667114258
-.0350799561
.0363616943
.0311889648
.0310058594
.0282440186
-.0271301270
.0138854980
.0207519531
-.0114593506
-.0119781494
.0105438232
.0084381104
-.0065917969
.0042419434
-.0059814453
.0037689209
-.0027160645
.0019073486
-.0012817383
.0013580322
-.0013732910
-.0007781982
-.0007171631
-.0007781982
-.0005340576
-.0006103516
-.0006561279
-.0005798340
-.0004272461
-.0004425049
-.0004425049
-.0003967285
-.0005187988
-.0004425049
-.0004577637
-.0003662109
-.0004425049
-.0003204346
-.0002441406
-.0001831055
-.0001678467
-.0002288818
-.0002288818
-.0005035400
.0016632080
.0040588379
-.0057220459
-.0061645508
-.0098876953
-.0185241699
.0160064697
-.0209960938
-.0166778564
.0198364258
-.0459899902
-.0412597656
-.0328369141
-.0472259521
-.0376281738
-.0332336426
-.0503082275
-.0398712158
-.0618743896
.0557403564
.0625610352
.0555267334
.0464324951
-.0438537598
.0468139648
.0282592773
.0295257568
-.0380096436
.0225677490
.0129699707
-.0094146729
.0198364258
-.0107269287
-.0147094727
-.0040588379
-.0155487061
.0110168457
-.0088653564
.0054321289
-.0037536621
-.0039520264
-.0018157959
-.0016937256
.0007476807
-.0016326904
.0010375977
.0013122559
-.0020294189
-.0015106201
.0039215088
.0042572021
.0024719238
-.0040435791
.0105590820
-.0149993896
.0152130127
.0188903809
-.0160064697
.0273895264
.0226745605
-.0226898193
-.0187530518
.0254669189
.0209655762
-.0183868408
.0123901367
-.0103759766
-.0098571777
.0158996582
-.0162963867
-.0135345459
-.0108184814
-.0151977539
-.0074310303
.0113220215
-.0054779053
.0034637451
.0051727295
-.0037231445
-.0033569336
-.0042419434
-.0025177002
-.0029754639
.0035705566
-.0022583008
-.0030975342
-.0034027100
-.0071868896
.0044403076
-.0083770752
.0131835938
-.0132446289
-.0124359131
-.0260314941
-.0418243408
-.0343017578
.0510864258
-.0333404541
.0220489502
-.0330657959
-.0366058350
-.0487518311
.0597534180
-.0319519043
-.0741119385
-.0648345947
.0455780029
.0963134766
-.0480957031
.0625915527
-.0424804688
.0339050293
-.0385894775
.0297241211
.0195922852
.0228576660
-.0219573975
-.0080261230
.0063781738
-.0073547363
-.0092315674
-.0072479248
-.0038299561
-.0043029785
-.0023651123
-.0015258789
-.0015258789
-.0013122559
-.0010375977
-.0008697510
-.0007019043
.0026855469
.0115051270
.0062408447
-.0075683594
-.0054626465
.0088500977
-.0074462891
.0060577393
-.0043487549
-.0036468506
-.0017395020
-.0023193359
.0009613037
-.0007019043
.0009918213
.0005950928
-.0005340576
-.0009155273
-.0007934570
-.0007019043
-.0010375977
.0008087158
.0010681152
-.0007171631
-.0008544922
.0013580322
-.0027770996
-.0019989014
-.0012664795
.0071716309
-.0166625977
-.0227355957
-.0198516846
.0295562744
-.0333251953
-.0323333740
-.0406646729
-.0480499268
.0505371094
-.0638580322
-.0506896973
.0746917725
-.0690155029
.0628967285
.0540313721
-.0440826416
-.0335845947
.0220184326
-.0206146240
.0182800293
.0304107666
.0467529297
-.0574951172
-.0485534668
-.0423889160
-.0342712402
-.0245666504
-.0279541016
-.0503082275
-.0334167480
.0425872803
.0358886719
.0227355957
-.0285949707
.0284881592
.0193176270
.0332489014
.0202941895
.0299072266
-.0272521973
.0196075439
-.0269470215
-.0341796875
-.0307922363
-.0384979248
-.0316772461
-.0317535400
-.0557403564
-.0237579346
-.0535888672
-.0383148193
-.0913848877
-.1036376953
.0926513672
-.0997619629
-.0518798828
.0664367676
-.0384521484
-.0450439453
.0373687744
.0302886963
.0207824707
-.0278167725
.0224456787
-.0217437744
.0155487061
-.0162048340
-.0213775635
.0290069580
.0111846924
.0173034668
-.0193176270
-.0133514404
.0126190186
-.0051269531
-.0062255859
-.0063629150
-.0054473877
.0023040771
-.0022735596
.0021514893
-.0015716553
-.0011138916
-.0010375977
-.0013122559
-.0007934570
-.0010681152
-.0008087158
.0007019043
-.0007629395
-.0005187988
-.0007629395
-.0003662109
-.0002746582
-.0001220703
-.0001525879
-.0001983643
-.0001373291
-.0001678467
.0004882813
.0004882813
.0009155273
-.0009460449
.0016479492
-.0015258789
.0010070801
-.0024261475
-.0028686523
.0034790039
-.0052337646
-.0052185059
-.0024108887
.0054626465
-.0039825439
.0069122314
-.0069427490
.0057983398
-.0043945313
-.0032043457
.0060729980
-.0052795410
-.0035095215
-.0022430420
.0018310547
-.0035095215
-.0021514893
.0013885498
.0010223389
-.0003356934
-.0009765625
.0007019043
-.0005645752
-.0003509521
-.0002288818
.0004119873
-.0024108887
-.0093078613
.0055847168
.0155944824
-.0102081299
-.0144042969
-.0153808594
-.0112762451
.0189971924
.0136413574
.0214385986
-.0348663330
.0234985352
-.0175323486
-.0134735107
.0215301514
-.0279693604
.0480804443
-.0353546143
-.0204620361
-.0386047363
-.0318603516
.0608367920
-.0562286377
.0801239014
.0886383057
-.0566101074
-.0427551270
-.0346832275
.0672760010
-.0414428711
.0349731445
.0426025391
-.0366516113
.0463714600
-.0387115479
.0516052246
.0351257324
.0432739258
.0614929199
.0672760010
-.0421752930
.0354766846
.0293121338
.0421600342
.0559997559
.0428771973
.0414886475
-.0744323730
-.0621643066
-.0354156494
.0755157471
.0569763184
-.0338439941
-.0494384766
-.0521697998
-.0566558838
.0237121582
-.0226135254
-.0198974609
.0235137939
.0386810303
-.0481262207
-.0808105469
-.0492706299
.0756225586
-.0662384033
.0526275635
.0457000732
-.0403594971
-.0352630615
.0410003662
.0335083008
-.0234375000
-.0166473389
-.0166168213
-.0132446289
.0108032227
.0171051025
.0168609619
.0102844238
.0085754395
.0043029785
-.0047302246
-.0062103271
-.0034637451
-.0020599365
.0025634766
-.0022735596
.0014801025
-.0011138916
-.0009460449
-.0010833740
-.0006866455
-.0006408691
-.0007019043
-.0004119873
-.0005645752
.0006103516
-.0004119873
-.0005340576
-.0005187988
.0003509521
-.0003814697
-.0003509521
-.0002593994
-.0002441406
-.0003204346
-.0003204346
-.0002746582
-.0002136230
-.0002136230
-.0002441406
-.0003356934
-.0002746582
-.0001831055
-.0002136230
.0001373291
.0003051758
.0001525879
-.0001373291
.0001831055
-.0000762939
-.0001068115
.0001220703
-.0001068115
-.0000762939
-.0001373291
-.0000762939
.0000915527
.0000762939
.0000762939
.0000915527
-.0000762939
-.0000915527
-.0000915527
-.0000762939
-.0000762939
-.0000915527
-.0000915527
-.0034942627
-.0064392090
-.0041656494
-.0055541992
-.0075531006
-.0086364746
-.0157318115
.0149536133
.0151977539
.0202178955
-.0166473389
.0169372559
-.0261230469
-.0111389160
-.0088958740
.0086975098
.0051269531
.0042114258
-.0021209717
.0016632080
.0011901855
-.0013885498
-.0009613037
-.0010986328
.0011596680
-.0007476807
.0021514893
-.0019531250
-.0042419434
-.0028839111
-.0038452148
-.0061187744
-.0054473877
.0067901611
.0075073242
-.0084228516
.0122985840
-.0126647949
.0168304443
-.0137329102
.0185699463
.0140991211
.0102539063
-.0096435547
.0123291016
.0057525635
-.0052947998
-.0058288574
-.0048370361
.0054321289
.0049896240
.0072174072
-.0037841797
-.0054931641
-.0077056885
-.0052642822
.0048828125
.0042877197
.0062866211
-.0095062256
.0059814453
.0068511963
-.0086212158
-.0171508789
.0154266357
-.0197906494
-.0243225098
-.0245971680
-.0281829834
-.0215759277
-.0229492188
-.0385284424
-.0182647705
-.0371246338
.0453186035
.0414733887
-.0619049072
-.0336151123
-.0246429443
-.0352935791
.0346374512
.0255279541
-.0242004395
-.0460968018
-.0437622070
-.0220794678
-.0332794189
.0231170654
.0404815674
-.0314788818
-.0317077637
.0420074463
.0813293457
.0453033447
.0898895264
.0596313477
-.0417175293
.0566406250
-.0546264648
-.0445709229
.0248870850
-.0234985352
.0166931152
.0086059570
-.0194854736
-.0154113770
.0183105469
-.0166015625
.0162048340
.0096130371
-.0104980469
.0063781738
.0043334961
-.0050659180
-.0056152344
-.0041656494
-.0022277832
.0018005371
-.0011596680
.0014953613
.0007629395
-.0011596680
-.0005798340
-.0005645752
-.0008239746
-.0004425049
-.0005645752
-.0005950928
-.0004119873
-.0005340576
-.0006866455
-.0004730225
-.0004272461
.0015869141
-.0063629150
.0097503662
-.0133361816
.0065460205
-.0170745850
-.0116729736
-.0143890381
.0156097412
-.0130310059
.0116882324
.0119018555
-.0072479248
-.0051727295
-.0033874512
-.0034332275
.0027618408
-.0022125244
-.0011596680
.0011291504
-.0012359619
-.0023193359
.0033416748
.0108489990
-.0116577148
-.0251159668
-.0175781250
-.0245513916
-.0382385254
-.0272369385
-.0422210693
-.0449371338
.0380554199
-.0433959961
-.0531921387
-.0308837891
.0321655273
-.0293273926
.0191497803
-.0124969482
-.0220642090
.0158081055
-.0206909180
.0241088867
.0153656006
.0149688721
-.0153350830
.0169677734
.0257110596
-.0279083252
-.0264739990
-.0239868164
-.0311279297
-.0509185791
-.0527343750
-.0234832764
-.0290527344
-.0392913818
-.0446929932
-.0248107910
-.0238647461
.0310211182
-.0228118896
.0215148926
-.0263366699
-.0253753662
-.0165863037
.0142822266
-.0223236084
-.0206909180
-.0158843994
.0246124268
-.0157928467
.0163879395
.0218811035
-.0294799805
.0301971436
.0395660400
-.0387420654
-.0399932861
-.0434417725
.0368194580
.0156860352
.0177764893
-.0249938965
.0167846680
.0241699219
.0246582031
-.0198211670
.0310058594
.0139312744
-.0125274658
-.0186462402
.0164947510
.0238952637
-.0161895752
-.0447692871
-.0304870605
-.0354461670
.0354461670
.0221862793
-.0332336426
.0374145508
-.0262908936
.0322875977
.0197906494
-.0252227783
-.0136566162
.0267333984
.0219573975
.0185241699
-.0262451172
-.0200347900
-.0114746094
.0137329102
-.0191497803
.0276184082
.0127105713
-.0121459961
-.0242156982
-.0207672119
-.0150146484
.0259704590
-.0323486328
-.0295562744
-.0326690674
.0402069092
.0379638672
-.0386505127
.0288696289
-.0283050537
-.0112915039
-.0248413086
.0246276855
-.0070343018
-.0056304932
-.0123748779
.0154724121
.0066986084
-.0110473633
-.0055236816
-.0044097900
-.0028991699
.0021972656
.0021057129
-.0015258789
-.0014343262
-.0007781982
-.0009918213
-.0009460449
-.0007629395
-.0005645752
-.0005187988
-.0004425049
-.0006103516
-.0003204346
-.0003967285
-.0003662109
-.0002441406
