-.0000305176
.0000305176
.0000305176
-.0000152588
-.0000305176
.0000305176
-.0000305176
-.0000305176
-.0000305176
.0000305176
-.0000305176
-.0001525879
.0003814697
-.0162963867
-.0157318115
-.0166473389
.0094757080
.0109710693
-.0172271729
-.0195770264
-.0271301270
.0199890137
-.0155944824
-.0169372559
-.0280303955
.0217895508
.0064239502
-.0174407959
-.0180816650
.0237274170
-.0190277100
-.0076293945
-.0183258057
-.0236816406
-.0248260498
-.0112152100
-.0127716064
-.0161285400
.0263061523
-.0286712646
-.0054931641
-.0164794922
.0178527832
-.0288085938
.0187377930
-.0044250488
-.0179901123
-.0278015137
-.0293273926
-.0059661865
-.0146789551
-.0191650391
-.0290222168
-.0295867920
-.0056304932
-.0177001953
-.0277404785
-.0296783447
-.0123748779
-.0048522949
-.0167236328
-.0286712646
-.0229187012
.0057983398
-.0142364502
.0246429443
.0194244385
.0229797363
-.0046844482
-.0168609619
-.0258941650
-.0306091309
-.0114440918
-.0050201416
-.0176086426
-.0266265869
-.0248870850
.0067596436
-.0127410889
-.0168762207
-.0172576904
-.0158843994
-.0043182373
.0020446777
-.0007629395
.0014953613
.0012664795
-.0004730225
-.0000610352
.0000762939
.0000610352
-.0000762939
-.0000457764
-.0000305176
-.0000305176
-.0000305176
-.0000305176
-.0000305176
-.0000305176
.0000305176
.0000305176
.0000305176
.0000305176
.0000305176
-.0000305176
-.0000305176
-.0000305176
-.0000305176
-.0000305176
.0000305176
-.0000305176
.0000305176
-.0000152588
-.0000305176
-.0000305176
.0000305176
.0000305176
.0000305176
-.0000305176
.0000305176
.0000305176
.0000305176
.0000305176
-.0000305176
.0000305176
-.0000305176
-.0000305176
-.0000305176
.0000305176
-.0000305176
.0000305176
-.0000305176
-.0000305176
-.0000305176
-.0000305176
.0000305176
-.0000305176
-.0000305176
-.0000305176
-.0000305176
-.0000305176
-.0000305176
.0000305176
-.0000305176
.0000305176
-.0000305176
-.0000305176
-.0000305176
-.0000305176
-.0000305176
-.0000305176
.0000305176
.0000305176
-.0000305176
.0000305176
.0000305176
.0000305176
.0000305176
-.0000305176
-.0000305176
.0000305176
.0000305176
-.0000305176
-.0000305176
.0000305176
-.0000305176
-.0000305176
-.0000305176
-.0000305176
.0000305176
-.0000305176
.0000305176
.0000305176
-.0000305176
-.0000305176
.0000152588
-.0000305176
-.0000305176
.0000305176
-.0000305176
.0000305176
.0000305176
.0000305176
.0000305176
.0000305176
-.0000305176
-.0000305176
.0000305176
-.0000305176
-.0000305176
.0000305176
-.0000305176
-.0000305176
-.0000305176
.0000305176
-.0000305176
.0000305176
.0000305176
.0000305176
-.0000305176
-.0000305176
.0000305176
.0000305176
.0000305176
.0000305176
.0000305176
.0000305176
-.0000305176
.0000305176
.0000305176
-.0000305176
.0000305176
.0000305176
.0000305176
-.0000305176
.0000305176
-.0000305176
-.0000305176
.0000305176
.0000305176
.0000305176
.0000305176
.0000305176
-.0000305176
.0000305176
-.0000305176
-.0000305176
-.0000610352
.0005035400
-.0159912109
-.0165405273
-.0173950195
-.0218048096
.0039672852
-.0166778564
-.0157623291
-.0288543701
-.0205383301
-.0113067627
-.0177001953
-.0262756348
-.0278472900
-.0123748779
-.0145263672
-.0167388916
-.0288543701
-.0221557617
.0062561035
-.0181121826
-.0243988037
-.0278167725
.0216979980
.0105743408
-.0178070068
-.0270385742
.0258636475
-.0077667236
-.0163269043
-.0214691162
-.0218505859
-.0244445801
-.0058441162
-.0180053711
.0214233398
-.0293273926
.0151519775
.0115509033
-.0170440674
-.0275726318
-.0290679932
-.0052185059
-.0152130127
-.0247802734
-.0276794434
-.0246582031
-.0046844482
-.0173492432
-.0270690918
-.0297241211
-.0093078613
-.0090637207
-.0217895508
-.0270843506
-.0228729248
.0065612793
-.0140228271
-.0258941650
-.0305938721
-.0198669434
-.0046691895
.0192871094
.0209808350
.0210723877
.0094299316
-.0054626465
-.0167846680
-.0171203613
-.0161437988
.0056152344
-.0025482178
-.0014038086
.0014801025
.0016937256
-.0004882813
.0001373291
.0000915527
.0000610352
-.0000610352
-.0000610352
.0000610352
-.0000457764
-.0000305176
-.0000305176
-.0000305176
-.0000305176
-.0000305176
.0000305176
.0000305176
.0000305176
.0000305176
-.0000305176
.0000305176
-.0000305176
-.0000305176
-.0000305176
.0000305176
-.0000305176
.0000305176
-.0000305176
-.0000305176
.0000305176
-.0000305176
-.0000305176
-.0000305176
-.0000305176
-.0000305176
.0000305176
.0000305176
.0000305176
-.0000305176
-.0000305176
-.0000305176
.0000305176
-.0000305176
.0000305176
-.0000305176
-.0000305176
-.0000305176
.0000305176
-.0000305176
.0000305176
.0000305176
-.0000305176
-.0000305176
.0000305176
-.0000305176
.0000305176
-.0000305176
-.0000305176
.0000305176
.0000305176
.0000305176
-.0000305176
-.0000305176
.0000305176
-.0000305176
-.0000305176
.0000305176
-.0000305176
.0000305176
-.0000305176
-.0000305176
-.0000305176
.0000305176
.0000305176
-.0000305176
.0000305176
-.0000305176
.0000305176
-.0000305176
.0000305176
.0000305176
.0000305176
-.0000305176
-.0000305176
.0000305176
.0000305176
-.0000305176
-.0000305176
.0000305176
-.0000305176
.0000305176
-.0000305176
-.0000305176
-.0000305176
.0000305176
-.0000305176
-.0000305176
-.0000305176
.0000305176
.0000305176
-.0000305176
-.0000305176
.0000152588
.0000305176
.0000305176
.0000305176
.0000305176
.0000305176
.0000305176
.0000305176
-.0000305176
-.0000305176
-.0000305176
-.0000305176
-.0000305176
.0000305176
-.0000305176
-.0000305176
.0000305176
.0000305176
-.0000305176
-.0000305176
-.0000305176
-.0000305176
-.0000305176
-.0000305176
-.0000305176
.0000305176
.0000305176
-.0000305176
-.0000305176
-.0000305176
.0000305176
-.0000305176
-.0000305176
-.0000305176
-.0000305176
-.0000305176
.0000305176
.0000305176
.0000305176
.0000305176
.0000305176
.0004119873
-.0128326416
-.0162963867
-.0171051025
-.0218200684
-.0041351318
-.0166320801
-.0161132813
-.0243835449
-.0227203369
-.0062713623
-.0169830322
.0216064453
-.0281982422
.0171813965
-.0153961182
-.0182647705
-.0259094238
-.0278320313
.0081481934
-.0164642334
-.0171966553
-.0293121338
-.0221862793
-.0053253174
-.0182952881
-.0251312256
-.0291748047
-.0132141113
-.0128936768
-.0168457031
-.0278320313
-.0287475586
.0050354004
-.0170745850
-.0242614746
.0266418457
-.0304718018
-.0038604736
-.0168762207
-.0243988037
-.0222015381
-.0080413818
-.0151977539
-.0247650146
-.0264282227
-.0301208496
.0060424805
-.0145874023
.0233001709
-.0293121338
-.0209808350
-.0054321289
-.0169982910
-.0269012451
-.0286102295
-.0098571777
.0094604492
.0237274170
-.0288085938
-.0195770264
.0068359375
-.0149078369
-.0284118652
-.0286102295
-.0194854736
.0051879883
-.0167846680
-.0171051025
-.0174102783
.0097198486
-.0041503906
-.0012359619
-.0015563965
-.0010833740
-.0010986328
-.0002136230
.0000762939
.0000610352
.0000305176
-.0000457764
.0001068115
-.0000457764
-.0000457764
-.0000305176
-.0000305176
-.0000305176
-.0000305176
-.0000305176
.0000305176
.0000305176
.0000305176
-.0000305176
.0000305176
-.0000305176
-.0000305176
-.0000305176
.0000305176
-.0000305176
.0000305176
.0000305176
.0000305176
.0000305176
-.0000305176
-.0000305176
-.0000305176
.0000305176
-.0000305176
.0000305176
-.0000305176
.0000305176
.0000305176
-.0000305176
-.0000305176
.0000305176
.0000305176
.0000305176
-.0000305176
-.0000305176
-.0000305176
-.0000305176
.0000305176
-.0000305176
.0000305176
.0000305176
.0000305176
.0000305176
.0000305176
-.0000305176
.0000305176
-.0000305176
.0000305176
.0000305176
-.0000305176
-.0000305176
-.0000305176
-.0000305176
-.0000305176
-.0000305176
.0000305176
-.0000305176
-.0000305176
-.0000305176
.0000305176
.0000305176
-.0000305176
.0000305176
.0000305176
.0000305176
.0000305176
-.0000305176
.0000305176
.0000305176
.0000305176
-.0000305176
-.0000305176
-.0000305176
-.0000305176
-.0000305176
-.0000305176
-.0000305176
-.0000305176
-.0000305176
-.0000305176
-.0000305176
.0000305176
.0000305176
.0000305176
.0000305176
.0000305176
-.0000305176
.0000305176
.0000305176
.0000305176
-.0000305176
.0000305176
.0000152588
-.0000305176
-.0000305176
-.0000305176
-.0000305176
-.0000305176
-.0000305176
-.0000305176
.0000305176
.0000305176
.0000305176
.0000305176
-.0000305176
-.0000305176
.0000305176
-.0000305176
.0000305176
.0000305176
.0000305176
-.0000305176
-.0000305176
.0000305176
-.0000305176
-.0000305176
.0000305176
-.0000305176
.0000305176
-.0000305176
.0000305176
.0000305176
-.0000305176
.0000305176
.0000305176
.0000305176
-.0000305176
.0000305176
-.0000305176
.0000305176
.0000305176
.0000305176
-.0001678467
-.0100708008
-.0160217285
-.0166015625
-.0167236328
.0067443848
-.0138854980
-.0167999268
-.0270233154
.0221862793
-.0111694336
-.0175018311
-.0159149170
-.0282135010
.0202941895
-.0052947998
-.0176391602
.0209655762
.0247497559
-.0125732422
-.0132141113
-.0171661377
-.0264892578
.0277709961
-.0051422119
-.0180358887
-.0154724121
-.0294342041
.0210266113
-.0050354004
-.0181579590
-.0264739990
-.0279235840
-.0064544678
-.0135803223
-.0172576904
-.0292816162
-.0304412842
-.0058746338
-.0177459717
-.0255279541
-.0286712646
.0145416260
-.0041351318
-.0165863037
-.0278930664
.0256042480
.0065765381
-.0150756836
-.0260009766
.0227355957
-.0263366699
-.0048828125
-.0169982910
.0220336914
-.0276031494
-.0117034912
-.0049896240
-.0173645020
-.0279388428
-.0277404785
.0072021484
-.0129852295
-.0264892578
-.0283355713
-.0177764893
.0043945313
-.0166015625
-.0171508789
-.0173797607
-.0179290771
.0034179688
.0020141602
-.0010986328
-.0011749268
-.0011291504
-.0003967285
.0000610352
.0000457764
.0000305176
-.0000457764
.0001068115
.0000305176
-.0000305176
-.0000305176
-.0000305176
-.0000305176
-.0000305176
.0000305176
.0000305176
-.0000305176
.0000305176
.0000305176
-.0000305176
-.0000305176
-.0000305176
-.0000305176
.0000305176
.0000305176
-.0000305176
.0000305176
-.0000305176
-.0000305176
-.0000305176
-.0000305176
-.0000305176
.0000305176
-.0000305176
.0000305176
-.0000305176
.0000305176
.0000305176
-.0000305176
-.0000305176
-.0000305176
.0000305176
.0000305176
.0000305176
.0000305176
.0000305176
.0000305176
.0000305176
-.0000305176
.0000305176
-.0000305176
-.0000305176
-.0000305176
.0000305176
-.0000305176
.0000305176
.0000305176
.0000305176
.0000305176
-.0000305176
-.0000305176
.0000305176
.0000305176
-.0000305176
-.0000305176
.0000305176
.0000305176
.0000305176
-.0000305176
.0000305176
.0000305176
.0000305176
.0000305176
-.0000305176
.0000305176
.0000305176
.0000305176
.0000305176
.0000305176
.0000305176
-.0000305176
-.0000305176
.0000305176
-.0000305176
.0000305176
.0000305176
-.0000305176
.0000305176
-.0000305176
-.0000305176
-.0000305176
-.0000305176
-.0000305176
.0000305176
-.0000305176
.0000305176
-.0000305176
.0000305176
.0000305176
.0000305176
-.0000305176
-.0000305176
.0000305176
.0000305176
.0000305176
.0000305176
-.0000305176
.0000305176
-.0000305176
.0000305176
.0000305176
-.0000305176
-.0000305176
.0000305176
-.0000305176
-.0000305176
.0000305176
.0000305176
.0000305176
.0000305176
-.0000305176
.0000305176
.0000305176
.0000305176
-.0000305176
-.0000305176
-.0000305176
.0000305176
.0000305176
.0000305176
.0000305176
.0000305176
-.0000305176
-.0000305176
-.0000305176
.0000305176
.0000305176
.0000305176
-.0000305176
-.0000305176
.0000305176
-.0000305176
-.0001678467
.0003814697
-.0162963867
-.0157318115
-.0165100098
.0094757080
.0109863281
-.0172271729
-.0196075439
-.0271301270
.0200042725
-.0144500732
-.0169525146
-.0279998779
.0218048096
.0057830811
-.0174407959
-.0180969238
-.0294342041
-.0190277100
-.0092163086
-.0183258057
-.0264892578
-.0273895264
-.0112304688
-.0144805908
-.0161285400
-.0192718506
.0249176025
-.0054626465
-.0175018311
.0194854736
-.0288391113
.0160522461
-.0102386475
-.0167236328
-.0278167725
-.0293121338
-.0059814453
-.0146789551
-.0191802979
-.0290222168
-.0295715332
-.0056304932
-.0176849365
-.0277557373
-.0296783447
.0098114014
.0050811768
-.0163269043
-.0286712646
-.0263366699
.0057830811
-.0142364502
-.0261230469
-.0285186768
-.0192260742
-.0046844482
-.0171661377
.0254211426
-.0233001709
-.0114440918
-.0050048828
-.0236053467
-.0244293213
-.0248870850
.0067749023
-.0127258301
-.0168762207
-.0173492432
-.0209197998
-.0042419434
.0020599365
.0007629395
.0014953613
.0012207031
-.0004730225
.0000610352
.0000762939
.0000457764
-.0000762939
.0000762939
-.0000305176
-.0000457764
-.0000457764
-.0000305176
.0000305176
-.0000305176
.0000305176
.0000305176
-.0000305176
.0000305176
.0000305176
-.0000305176
.0000305176
-.0000305176
-.0000305176
-.0000305176
-.0000305176
-.0000305176
.0000152588
.0000305176
-.0000305176
-.0000305176
.0000305176
.0000305176
.0000305176
-.0000305176
-.0000152588
.0000305176
.0000305176
-.0000305176
.0000305176
.0000305176
-.0000305176
-.0000305176
-.0000305176
-.0000305176
-.0000305176
-.0000305176
-.0000305176
.0000305176
-.0000305176
-.0000305176
-.0000305176
