-.0002593994
.0003814697
.0002136230
-.0003509521
-.0002288818
-.0004577637
-.0002746582
-.0002136230
-.0005798340
-.0002899170
-.0003051758
.0003356934
.0003204346
.0003967285
-.0003967285
.0005950928
.0004272461
-.0004730225
.0037689209
.0044708252
.0051574707
.0055236816
.0048828125
-.0040740967
-.0072021484
.0059661865
.0065002441
-.0059204102
-.0068817139
-.0069122314
-.0057983398
.0072174072
.0070648193
-.0079193115
-.0069885254
.0057830811
.0062408447
.0084228516
.0084075928
.0071411133
-.0060272217
.0056762695
.0080871582
.0055847168
-.0044708252
-.0048828125
-.0084686279
-.0081939697
.0041961670
.0110626221
.0113372803
.0186004639
.0180969238
-.0155334473
-.0162811279
-.0213470459
.0225372314
-.0195770264
.0201568604
.0216674805
-.0195770264
.0137176514
.0135650635
.0113830566
-.0129241943
.0129089355
.0135498047
.0153350830
.0127563477
.0088958740
-.0079650879
.0110015869
.0049896240
-.0042419434
.0045928955
.0045776367
.0061035156
.0062561035
.0086212158
-.0117492676
-.0191802979
-.0123748779
-.0125885010
.0165405273
.0243377686
-.0210113525
.0233001709
-.0197296143
.0185852051
-.0069274902
-.0126647949
.0044555664
-.0018615723
-.0007629395
.0006713867
.0008850098
-.0006561279
.0007476807
.0024871826
-.0025177002
-.0019836426
-.0006561279
-.0004272461
.0003509521
.0005950928
.0005645752
-.0005340576
.0005187988
.0005187988
-.0003814697
.0005187988
-.0006103516
-.0005645752
-.0003356934
-.0004119873
-.0003967285
.0003662109
-.0003662109
.0002441406
.0002746582
.0004882813
.0003509521
.0004119873
.0003204346
.0003051758
.0003509521
.0003509521
.0002593994
-.0004272461
.0003204346
-.0003509521
-.0004119873
-.0077209473
.0086669922
-.0104064941
-.0098571777
.0118255615
-.0099487305
-.0062866211
.0082244873
.0085601807
.0083465576
.0054168701
.0018310547
.0089874268
-.0121765137
.0079498291
-.0071868896
.0048217773
-.0050811768
.0049896240
.0073699951
.0113372803
.0068817139
.0046234131
.0108337402
.0151062012
.0164947510
-.0174407959
-.0198059082
-.0178833008
.0144805908
.0145568848
.0140075684
-.0159759521
.0161590576
-.0167694092
-.0160064697
-.0184326172
-.0173645020
-.0155792236
.0128173828
.0078125000
.0113677979
-.0139007568
-.0149536133
-.0168457031
.0159759521
.0169067383
-.0158538818
-.0162506104
.0155334473
-.0147552490
-.0148468018
.0120391846
-.0201873779
.0190429688
.0194549561
.0202331543
.0212249756
-.0166168213
-.0137481689
-.0090789795
.0090942383
-.0039367676
-.0041809082
.0015716553
.0008392334
-.0006103516
.0005340576
.0060882568
-.0094757080
-.0070800781
.0065765381
.0067596436
.0063629150
.0060577393
.0120544434
-.0139160156
-.0169372559
-.0140991211
-.0181579590
-.0187225342
-.0200653076
-.0202636719
-.0190734863
-.0200347900
-.0180816650
-.0169067383
-.0160522461
-.0155181885
.0083618164
.0115509033
-.0091857910
-.0123748779
.0123596191
-.0065002441
.0065002441
.0090179443
.0095672607
-.0031433105
-.0029754639
-.0016784668
.0013275146
.0009613037
.0013580322
-.0040893555
.0052490234
.0099029541
-.0091705322
-.0084686279
-.0097961426
-.0081024170
.0075225830
-.0065612793
-.0115661621
.0085449219
-.0157775879
.0112152100
-.0154571533
.0108947754
.0113830566
-.0069427490
.0064697266
.0055084229
.0035705566
.0040283203
.0022125244
.0029144287
-.0029602051
.0027008057
.0025177002
.0019531250
.0009002686
.0008544922
-.0014038086
-.0006713867
-.0007171631
-.0014190674
.0019836426
-.0022125244
.0011749268
.0005035400
-.0003967285
.0004425049
-.0003356934
.0003356934
-.0004577637
-.0002746582
-.0002899170
-.0003662109
.0002899170
-.0002899170
.0003662109
-.0003662109
.0003356934
.0003814697
.0003814697
.0003051758
.0002593994
.0002899170
-.0002746582
.0002899170
.0002746582
.0002136230
-.0003051758
.0003967285
-.0003051758
-.0005187988
.0002593994
.0003051758
.0003204346
.0003662109
-.0003509521
.0002136230
-.0005035400
-.0004119873
.0005950928
.0003814697
.0004119873
.0006256104
-.0006561279
.0006561279
.0004425049
.0005340576
-.0003662109
.0006103516
.0004425049
.0003967285
.0002899170
-.0005798340
-.0003814697
-.0003204346
-.0003814697
.0003814697
-.0008392334
.0004425049
.0008544922
.0003509521
-.0004119873
.0005340576
.0002441406
.0003509521
.0002593994
.0002441406
-.0001831055
.0001831055
.0002288818
-.0002746582
.0002746582
-.0002899170
-.0041351318
.0027313232
.0020751953
.0037078857
.0031433105
-.0025787354
-.0016174316
-.0020599365
-.0028686523
-.0050354004
-.0064086914
-.0072021484
-.0068969727
-.0062713623
.0064086914
-.0066223145
-.0064849854
-.0073242188
-.0068817139
.0063629150
-.0071563721
-.0065917969
.0059051514
-.0062561035
-.0049285889
.0065155029
.0050811768
-.0051574707
.0054016113
-.0044097900
-.0058135986
.0086975098
.0048828125
.0048065186
.0076141357
-.0138549805
-.0121307373
-.0143127441
-.0115966797
-.0177612305
.0116424561
.0059509277
.0133056641
-.0093078613
.0140686035
-.0136413574
-.0182495117
-.0154113770
-.0130462646
-.0125274658
.0139312744
.0125732422
-.0087432861
-.0080566406
.0071105957
.0087890625
.0094451904
.0090179443
.0080261230
-.0151367188
.0083770752
-.0146789551
-.0116882324
.0126495361
.0131530762
.0190124512
-.0170898438
.0202789307
-.0188903809
.0175323486
.0131988525
.0049743652
.0028533936
-.0020599365
-.0015411377
-.0008087158
-.0006713867
.0032501221
-.0016479492
.0008392334
.0012969971
-.0006256104
-.0016326904
-.0029144287
-.0048675537
-.0041351318
.0039825439
.0051574707
.0045928955
.0033264160
.0036468506
.0034942627
.0049438477
.0092163086
.0144500732
.0163116455
-.0189208984
-.0169219971
-.0170135498
-.0190277100
-.0183410645
.0139923096
-.0166473389
-.0100097656
.0124359131
-.0116271973
-.0134735107
-.0078887939
-.0117187500
-.0181579590
.0143280029
-.0179290771
.0180358887
-.0161437988
.0160369873
-.0110626221
-.0109863281
-.0056610107
-.0167694092
-.0062561035
.0034637451
-.0086212158
.0034332275
-.0026550293
.0031585693
-.0014648438
-.0014953613
-.0013885498
.0012359619
-.0017852783
-.0016937256
-.0005645752
.0004119873
.0003356934
-.0002899170
.0003814697
.0002136230
.0002593994
.0003204346
.0003051758
-.0002441406
.0002593994
.0003967285
-.0004882813
.0003051758
-.0002593994
-.0003509521
.0004425049
.0003509521
-.0004730225
.0004272461
.0005035400
-.0003204346
.0002899170
.0003662109
.0003051758
-.0002288818
.0003967285
.0004119873
-.0004425049
-.0003967285
.0003967285
-.0005035400
-.0004119873
.0069122314
-.0039367676
-.0098876953
-.0122833252
-.0097503662
.0118255615
.0125122070
.0133056641
-.0184631348
-.0158233643
-.0125885010
-.0088958740
.0064849854
-.0044250488
.0039367676
-.0047607422
-.0039825439
.0023651123
-.0041656494
-.0017089844
-.0022125244
-.0039520264
.0029449463
.0020141602
.0041351318
-.0021057129
-.0014190674
-.0007629395
-.0008392334
-.0003814697
-.0003356934
.0004119873
.0003814697
.0003356934
.0003356934
-.0023193359
.0008087158
.0083923340
-.0134735107
-.0145111084
-.0145263672
-.0130615234
-.0129394531
.0069274902
.0050659180
.0026245117
.0030975342
-.0042877197
.0061340332
-.0076141357
-.0110626221
-.0131683350
.0169067383
.0179443359
.0112762451
-.0104980469
.0161590576
.0145263672
-.0109558105
.0104370117
.0076141357
-.0102996826
.0074310303
.0087738037
-.0085144043
.0097503662
.0088348389
-.0103149414
-.0104675293
-.0110931396
.0070800781
.0038452148
.0013427734
.0012664795
-.0009307861
-.0006408691
-.0007324219
-.0005187988
.0101928711
-.0090484619
.0057678223
-.0050354004
.0056152344
-.0030670166
.0084533691
-.0116119385
.0109863281
.0129089355
.0094604492
.0093078613
.0121307373
.0081024170
.0111541748
-.0123138428
-.0101470947
-.0111999512
.0052490234
.0041351318
-.0024108887
.0053405762
.0070800781
.0063781738
-.0061035156
.0044555664
-.0054016113
-.0048065186
-.0057067871
-.0045471191
-.0047302246
-.0043792725
-.0026855469
.0027160645
-.0016174316
.0025634766
.0031433105
-.0012054443
-.0011138916
-.0008850098
.0014495850
.0010681152
-.0010375977
.0014038086
.0014801025
-.0010833740
-.0006713867
-.0004882813
.0004730225
.0005493164
-.0005187988
-.0003967285
-.0004119873
-.0003356934
.0003509521
-.0003662109
.0002746582
-.0002746582
-.0003662109
-.0002441406
-.0002899170
-.0003051758
-.0002288818
.0003814697
-.0004119873
-.0003356934
-.0003204346
-.0002288818
.0003051758
.0003662109
.0003204346
.0003356934
-.0004425049
.0005798340
.0002746582
-.0003204346
-.0002899170
-.0001831055
-.0001068115
-.0001068115
.0001068115
-.0000915527
.0001068115
.0001220703
.0001220703
.0001220703
-.0001525879
.0000915527
.0001373291
.0000915527
.0001220703
-.0001068115
.0000915527
-.0000915527
-.0259552002
.0291748047
-.0293426514
-.0289611816
.0320892334
-.0330200195
.0325927734
.0326232910
.0341949463
.0335845947
.0276184082
-.0080871582
-.0034179688
.0042114258
-.0024719238
-.0017852783
.0010375977
.0009307861
.0004730225
.0005950928
-.0003967285
-.0031433105
.0359497070
.0283050537
-.0296783447
.0308685303
.0321807861
-.0328216553
.0320281982
.0326538086
.0345001221
.0339813232
.0258026123
.0082702637
.0034942627
-.0041809082
.0019531250
.0015563965
.0012207031
.0009002686
-.0008239746
-.0007171631
-.0003509521
-.0141754150
.0353546143
.0277862549
.0301513672
-.0322570801
.0293426514
-.0325927734
.0329742432
.0326843262
-.0309906006
.0337066650
.0186920166
.0083465576
.0048370361
.0035400391
.0024108887
.0017852783
.0013732910
-.0006408691
-.0006713867
-.0006713867
-.0002899170
.0200958252
-.0288391113
-.0340270996
-.0293426514
-.0329132080
-.0348052979
.0290985107
.0338592529
-.0290985107
.0306243896
.0311584473
.0137329102
.0064544678
.0049285889
.0032958984
.0027160645
.0011291504
.0013732910
.0008544922
-.0005187988
-.0006561279
-.0004119873
-.0238342285
-.0289306641
-.0345611572
-.0304718018
-.0334320068
-.0354919434
.0301208496
.0332489014
-.0290832520
.0303192139
.0325317383
.0143585205
-.0060272217
.0050964355
.0031280518
.0021057129
.0011901855
-.0012969971
.0009613037
.0004730225
.0004272461
-.0004119873
-.0287933350
.0350494385
.0305480957
.0333099365
.0344390869
.0375366211
.0372009277
.0331268311
.0384826660
.0345153809
.0332031250
.0139770508
.0068817139
.0044250488
-.0033416748
.0017089844
-.0015106201
-.0007781982
.0008087158
-.0005187988
-.0004577637
-.0005035400
-.0297698975
.0351257324
.0309906006
.0337066650
.0334625244
.0367889404
.0373687744
.0326232910
.0395050049
.0331420898
.0322265625
-.0107879639
.0065460205
.0048828125
-.0037536621
.0016632080
-.0015106201
-.0009765625
.0009307861
.0004119873
-.0003814697
-.0005035400
.0283050537
.0355682373
.0317230225
.0289764404
.0349121094
-.0350036621
-.0351715088
-.0367431641
-.0315399170
-.0373382568
-.0323944092
.0099029541
.0045928955
.0046234131
.0036468506
.0017395020
.0010223389
.0012359619
-.0005035400
-.0005645752
-.0005493164
-.0005340576
-.0299987793
.0321960449
-.0310363770
-.0312805176
-.0333251953
-.0341644287
-.0359191895
-.0361785889
-.0312652588
-.0370941162
-.0316619873
-.0092010498
.0047760010
.0038299561
.0033874512
.0017700195
.0010070801
.0011444092
.0006103516
-.0005493164
-.0004882813
-.0005035400
-.0291290283
.0319519043
-.0312500000
-.0314636230
.0339202881
-.0339660645
-.0300598145
-.0374450684
.0342254639
.0292053223
-.0325469971
.0074157715
-.0044860840
.0045776367
.0022735596
.0018005371
.0012664795
-.0008087158
-.0006408691
.0006561279
-.0004577637
-.0004119873
.0354766846
-.0298919678
-.0301055908
.0311279297
.0341644287
-.0343322754
.0334320068
.0334014893
.0347290039
.0343475342
.0261383057
.0083160400
.0036315918
-.0043792725
.0022125244
.0017242432
-.0011596680
.0010070801
.0009307861
-.0006561279
-.0004272461
.0129547119
.0357055664
.0279083252
.0296325684
.0313110352
.0288696289
-.0333404541
.0331726074
.0324249268
.0341186523
.0341796875
-.0229492188
.0086059570
-.0033569336
.0042572021
.0020141602
.0017242432
.0011291504
-.0007781982
.0008544922
-.0008544922
-.0003814697
.0140686035
.0363769531
-.0350646973
-.0310211182
-.0337066650
.0287933350
-.0339508057
-.0327606201
.0322418213
.0312652588
.0342712402
.0172271729
.0085144043
.0042419434
-.0030975342
.0026702881
.0014495850
.0013580322
.0007934570
.0007324219
.0005035400
-.0003814697
-.0205841064
-.0286407471
-.0357513428
-.0296783447
-.0337371826
-.0352630615
.0312042236
.0340270996
-.0278778076
.0312194824
.0319061279
.0155181885
.0064544678
-.0040893555
.0030517578
.0027618408
.0014648438
-.0009155273
.0009155273
-.0004425049
.0005493164
-.0005645752
.0254211426
-.0269317627
-.0350952148
-.0294189453
-.0337219238
.0373077393
.0305328369
.0356597900
-.0294952393
.0328063965
.0328216553
.0157470703
.0063781738
.0042572021
-.0034790039
.0015411377
.0011596680
.0010681152
.0007324219
-.0006408691
.0334014893
