-.0000610352
.0000610352
-.0000762939
.0000610352
.0000610352
.0000610352
.0000762939
-.0000610352
-.0000610352
-.0000915527
-.0000762939
-.0000610352
-.0000610352
-.0000610352
.0000610352
-.0000762939
-.0000457764
.0000762939
-.0000457764
.0000762939
-.0000610352
.0000457764
.0000610352
.0000610352
-.0000762939
-.0000762939
.0000610352
.0000610352
.0000610352
-.0000762939
-.0000610352
.0000457764
-.0000610352
.0000457764
.0000610352
.0000610352
-.0000762939
-.0000762939
.0000610352
.0000610352
-.0000610352
-.0000762939
-.0000457764
.0000610352
.0000762939
-.0000610352
-.0000457764
-.0000610352
-.0000457764
.0000457764
-.0000610352
-.0001220703
.0002441406
.0004882813
-.0008087158
-.0010528564
-.0006561279
.0009460449
.0011901855
.0106658936
-.0043792725
-.0023651123
.0016021729
.0016784668
-.0107727051
.0112762451
.0185546875
-.0287017822
.0298461914
.0352020264
.0531158447
-.0435638428
-.0415344238
-.0727081299
.0445556641
-.0389099121
-.0446014404
-.0648345947
.0399017334
.0157012939
.0427703857
.0257110596
-.0646514893
.0119476318
.0414733887
.0500030518
-.0643310547
-.0116271973
-.0369720459
.0464019775
.0411987305
.0150604248
-.0262908936
-.0241394043
.0314178467
-.0133514404
.0288696289
.0280303955
-.0193023682
-.0290374756
-.0334930420
.0210418701
.0306701660
.0417480469
-.0320129395
.0271301270
.0111236572
.0451507568
-.0304718018
-.0488128662
-.0124206543
-.0366516113
.0286254883
-.0211486816
-.0197143555
-.0188293457
.0274658203
.0270233154
-.0163726807
-.0200958252
.0335540771
.0314025879
.0159759521
.0281524658
.0289459229
.0270233154
-.0236053467
-.0305175781
.0255737305
.0394439697
.0278778076
-.0466766357
.0296630859
.0293121338
.0388488770
-.0170440674
-.0108489990
.0138549805
.0479888916
.0450439453
.0201873779
.0217590332
-.0200653076
.0430145264
.0365905762
.0338287354
-.0349426270
-.0222167969
.0150146484
-.0132293701
-.0243225098
.0188598633
.0245208740
.0325622559
.0122070313
.0089111328
-.0086822510
.0081176758
-.0051727295
.0047760010
.0039978027
.0041961670
.0025482178
-.0015869141
-.0030670166
-.0023193359
-.0023651123
-.0021667480
.0034027100
-.0036163330
-.0028228760
-.0024719238
-.0009155273
.0030212402
.0018920898
.0024108887
-.0029754639
-.0017852783
-.0017242432
-.0019226074
.0019531250
-.0026245117
-.0015411377
.0023651123
-.0018005371
-.0027313232
.0032958984
.0057983398
.0061035156
.0075531006
.0073852539
-.0037536621
.0046539307
-.0027008057
-.0028076172
-.0022735596
-.0022125244
-.0025634766
.0014953613
-.0021820068
.0019836426
-.0019073486
-.0018615723
.0020446777
-.0019989014
-.0026550293
.0034942627
.0018920898
.0049896240
-.0033721924
-.0075073242
-.0188293457
-.0180511475
.0167999268
.0243682861
.0186614990
-.0208892822
-.0216369629
-.0267944336
-.0482940674
-.0370025635
.0413970947
.0165405273
.0335235596
.0268707275
.0211791992
-.0499725342
-.0168304443
-.0075378418
.0086822510
.0065612793
-.0086822510
.0082397461
.0088195801
.0127563477
.0068054199
-.0108032227
.0065765381
.0104980469
.0063171387
-.0080871582
-.0101623535
.0147552490
.0094604492
.0093536377
.0114135742
.0070190430
-.0076293945
.0101318359
.0088500977
-.0078277588
-.0093536377
-.0052947998
.0055389404
-.0029754639
.0019989014
.0009918213
-.0013122559
-.0016326904
.0012969971
.0015869141
-.0017089844
-.0019989014
-.0015258789
.0016784668
-.0021514893
-.0017242432
.0015716553
.0011138916
.0012207031
.0015258789
-.0010986328
-.0012817383
.0015869141
.0021057129
-.0013427734
.0012054443
.0010223389
-.0015869141
-.0017242432
-.0009765625
.0012969971
-.0013580322
-.0017700195
.0011138916
-.0014343262
.0015106201
.0032958984
-.0018005371
-.0022583008
-.0015869141
.0025634766
.0019531250
.0023651123
-.0030364990
-.0015106201
-.0024719238
-.0019378662
.0023498535
.0032196045
-.0023498535
-.0026397705
.0032043457
.0029296875
-.0023345947
.0039825439
-.0030822754
-.0025634766
.0035400391
-.0027008057
.0024719238
.0022583008
-.0028991699
.0039825439
-.0040740967
-.0037384033
-.0026245117
.0028076172
.0022277832
.0023345947
.0023956299
-.0036468506
.0032196045
-.0021972656
.0031280518
.0040435791
.0028381348
.0020904541
-.0023803711
-.0031890869
-.0023956299
-.0019989014
.0033264160
.0029449463
.0021514893
-.0029754639
-.0034179688
-.0026855469
.0025634766
-.0031738281
-.0042114258
.0047454834
-.0098876953
.0049591064
.0084075928
.0309753418
.0208129883
.0285644531
.0089111328
.0082092285
-.0054626465
-.0098114014
.0111236572
-.0339050293
-.0141601563
-.0160369873
-.0204162598
-.0140228271
.0141143799
-.0088195801
-.0156860352
-.0140686035
-.0177154541
.0434722900
-.0390319824
-.0494995117
.0290069580
.0442657471
.0459899902
.0585021973
.0541534424
-.0459747314
-.0154266357
-.0155639648
.0046997070
-.0101470947
.0348358154
.0128631592
-.0128173828
-.0192260742
-.0120086670
.0112762451
.0144348145
.0149536133
-.0094604492
-.0116577148
-.0103759766
-.0184326172
-.0146789551
.0135345459
-.0086059570
.0121459961
.0106964111
.0095062256
.0166931152
-.0417480469
-.0682830811
.0623016357
.0699462891
.0315551758
.0424957275
.0501403809
.0474548340
-.0375823975
.0222320557
-.0180206299
.0091705322
.0057525635
.0078582764
.0067291260
.0037689209
.0021972656
.0032196045
-.0017547607
.0034179688
.0034790039
-.0026550293
-.0026855469
.0027008057
-.0023193359
-.0031433105
.0022583008
.0037231445
.0017700195
-.0027465820
-.0018310547
-.0022125244
.0020751953
.0030059814
-.0027770996
-.0026702881
.0026397705
-.0025787354
.0021362305
-.0033264160
.0033416748
.0032043457
.0028686523
-.0022125244
.0023345947
-.0033874512
.0018157959
-.0015716553
.0027770996
.0021820068
.0024566650
-.0015869141
.0017089844
.0025329590
-.0014343262
-.0013427734
.0010528564
-.0026092529
.0015411377
.0017547607
.0017700195
-.0014190674
-.0015716553
-.0015411377
.0014190674
-.0015411377
.0010681152
.0008544922
-.0021209717
.0018157959
-.0012054443
-.0012359619
.0009155273
.0014190674
-.0009307861
.0012054443
.0010528564
-.0009460449
.0016937256
.0018615723
-.0007629395
-.0011901855
.0014495850
.0012969971
-.0009918213
-.0013275146
.0013732910
-.0008087158
-.0009765625
-.0014953613
.0013427734
-.0016326904
.0011138916
.0007934570
.0014190674
-.0016174316
-.0012207031
-.0012054443
.0009307861
.0008850098
.0014801025
.0008850098
.0011138916
.0013732910
-.0010070801
.0011291504
.0014343262
-.0013732910
-.0011444092
.0019683838
-.0016784668
-.0013275146
-.0018005371
.0010681152
.0014801025
.0015106201
.0013427734
-.0018920898
.0017547607
.0018310547
-.0020141602
-.0018157959
-.0037994385
.0024719238
-.0043945313
-.0048522949
.0039672852
.0160827637
-.0039215088
.0028839111
-.0020446777
-.0022430420
-.0026855469
-.0324096680
-.0107421875
-.0072937012
-.0304260254
-.0701904297
-.1015930176
.0968017578
.0134124756
.1518249512
.1410369873
.1010894775
.1298217773
-.2206878662
-.0971984863
-.1248779297
-.1251983643
-.1579437256
-.1167449951
-.1219024658
.0666046143
-.0445251465
-.0939483643
-.0568084717
-.0783233643
.1700744629
.0525817871
.0787963867
.0704193115
-.0603485107
.0624237061
.1508331299
.0820465088
-.2211456299
-.0888671875
-.1612243652
-.0332794189
.0902557373
.0196990967
-.0208740234
.0187988281
.0149688721
.0059509277
.0067749023
-.0061340332
-.0030517578
.0030059814
.0065917969
.0032501221
-.0043640137
.0021667480
.0027923584
-.0022277832
-.0019226074
-.0042724609
-.0029144287
.0031585693
-.0037231445
-.0016174316
-.0042572021
-.0093688965
-.0674438477
.0570526123
.0520629883
-.0457916260
.0453186035
.0300750732
-.0823059082
-.0153503418
-.0280303955
-.0921783447
-.0608520508
.1882476807
.0550842285
-.1871032715
-.0391540527
-.2107086182
-.0766143799
.0589141846
.1052856445
-.0645446777
.0753936768
-.1130676270
.0886383057
-.0693511963
.0801391602
.0747375488
-.0388946533
.0729217529
-.0659027100
.0817718506
-.0471496582
-.0346527100
.0694885254
.0457153320
-.0801391602
-.0479736328
-.0648803711
-.0784912109
-.1302490234
-.1142425537
-.1060028076
-.0265197754
-.0231323242
.0726013184
-.0455017090
.0484924316
-.0313568115
-.0511016846
-.0673370361
-.0266418457
-.0610046387
.0305023193
-.0339050293
.0547637939
.0787658691
.0438537598
.0267333984
.0668945313
.0375366211
-.0484466553
.0256652832
.0572509766
.0587463379
.0339965820
.0568695068
.0209808350
.0211334229
-.0359039307
-.0225830078
-.0600128174
.0122375488
.0200347900
.0525512695
.0500335693
.0263061523
-.0360412598
-.0616912842
-.0416259766
-.0249633789
.0579071045
.0163269043
.0079956055
.0073242188
.0079650879
-.0097198486
.0074920654
.0314636230
-.0171356201
.0084991455
-.0162963867
-.0188293457
.0186767578
-.1274719238
.0381317139
-.0417785645
-.1239471436
-.0671997070
-.0234527588
.1037597656
.0756225586
.0420227051
-.0837249756
-.0198211670
-.0148315430
.0820770264
.0382537842
-.0690612793
-.0352783203
.0297546387
.0738372803
.0177001953
.0362548828
-.0312957764
-.0270843506
-.0406799316
.0476074219
.0311889648
-.0253143311
-.0436096191
.0367889404
-.0269317627
.0701141357
-.0474853516
.0555114746
-.0658874512
-.0364685059
.0845794678
-.0746917725
.0498809814
-.0764007568
-.0467681885
.0511169434
.0471038818
.0670013428
-.0543670654
-.0454864502
-.0775451660
-.0400543213
-.0184020996
-.0118560791
-.0068359375
-.0097808838
-.0092315674
-.0324707031
-.0153045654
-.0058441162
-.0054779053
-.0030059814
-.0018005371
-.0030517578
-.0022735596
-.0024871826
.0014495850
.0038604736
.0023345947
-.0019836426
.0028076172
.0032348633
-.0012969971
.0031127930
-.0016326904
.0026245117
.0013732910
.0020446777
.0008850098
-.0016784668
.0011138916
-.0017395020
.0007934570
.0020751953
.0021209717
-.0016937256
-.0019989014
.0012359619
-.0010375977
.0014495850
.0010070801
-.0013122559
-.0011444092
-.0014648438
.0015258789
-.0011901855
.0024566650
.0019836426
.0021514893
-.0009155273
-.0019226074
.0024108887
.0010681152
.0021362305
-.0013427734
-.0008544922
.0043182373
-.0095672607
.0059051514
-.0035247803
.0014495850
.0018920898
.0023345947
.0202331543
.0180053711
.0144500732
-.0212402344
-.0988616943
-.0407409668
-.0659942627
-.0310516357
.0847473145
.0658264160
-.0503845215
-.1131591797
.1107635498
.1348266602
.0778656006
.0289154053
.0267333984
.0228576660
-.0332336426
.0205993652
.0178985596
.0110778809
.0172119141
-.0107574463
.0152587891
-.0185089111
.0188903809
-.0101928711
-.0069274902
-.0031127930
-.0046386719
-.0024108887
-.0045013428
-.0054321289
-.0045013428
-.0044860840
-.0019989014
.0016479492
-.0015106201
-.0028076172
-.0020904541
.0014038086
-.0046844482
-.0027923584
.0028686523
-.0030670166
-.0030975342
.0034637451
.0023345947
.0019989014
-.0024566650
.0019378662
.0013732910
.0015563965
.0035552979
-.0024719238
-.0027008057
.0022735596
.0021972656
.0012512207
.0024719238
-.0016021729
-.0019683838
.0020904541
-.0024566650
.0023193359
-.0009765625
-.0016479492
-.0017395020
-.0010375977
.0015716553
.0012969971
.0014343262
-.0016021729
-.0017700195
.0019226074
.0022430420
-.0040283203
-.0031890869
.0024261475
-.0010070801
-.0018920898
-.0014801025
.0011291504
.0016632080
-.0017395020
.0020751953
-.0012664795
.0025024414
.0011596680
.0033874512
-.0076446533
-.0382843018
-.0410766602
.0268707275
.0873870850
-.1035614014
-.1284027100
-.1116485596
-.0483703613
.1042633057
-.1288299561
-.0864257813
-.0966796875
-.0595397949
.0910949707
.0786132813
-.0178680420
-.0607452393
.0269470215
.0541534424
-.0309448242
-.0656127930
-.0344085693
.0460357666
.0582122803
.0554504395
-.0458984375
-.0670471191
.0720062256
.0464630127
-.0311279297
.0457916260
.0230865479
.0106964111
.0113220215
.0106658936
.0102996826
.0037231445
-.0063629150
.0282440186
-.0137481689
.0083618164
-.0112915039
.0063171387
.0119781494
.0192413330
.0394439697
-.0364532471
-.0516662598
-.0286407471
.0301055908
.0351715088
.0554351807
.0429077148
-.0470886230
-.0282440186
-.0595855713
-.0244293213
-.0154418945
-.0194549561
-.0084381104
-.0094451904
-.0066375732
.0090942383
-.0175933838
-.0088348389
-.0059356689
-.0064239502
-.0069122314
.0115051270
.0064849854
.0111846924
-.0085449219
-.0082397461
.0069122314
.0061950684
.0060272217
.0070800781
.0073242188
.0090179443
.0073852539
.0062103271
.0066223145
.0089874268
.0063171387
-.0105590820
.0085906982
-.0056457520
.0091247559
.0072631836
.0067443848
-.0071105957
.0075225830
.0051269531
-.0070495605
.0054931641
-.0046844482
.0043182373
-.0043029785
-.0028991699
.0035400391
.0017700195
-.0013885498
.0016479492
-.0010070801
-.0024719238
-.0020904541
-.0021514893
.0024719238
.0008544922
-.0026397705
.0018920898
.0023040771
-.0019073486
-.0017395020
.0025787354
-.0014190674
.0024566650
-.0017089844
.0017395020
.0010681152
.0016937256
-.0011444092
-.0017242432
-.0035705566
-.0019531250
