.0000457764
-.0000457764
.0000457764
.0000457764
-.0000457764
.0000457764
.0000457764
.0000457764
-.0000457764
.0000457764
-.0000457764
.0000457764
-.0000457764
.0000305176
-.0000457764
-.0000305176
.0000457764
-.0000457764
.0000457764
-.0000457764
-.0000457764
-.0000457764
-.0000457764
.0000305176
.0000457764
-.0000457764
.0000457764
.0000305176
-.0000457764
.0000457764
-.0000305176
-.0000457764
-.0000457764
.0000457764
.0000305176
-.0005493164
-.0016479492
.0034179688
.0076446533
-.0090942383
-.0087585449
.0080108643
.0115814209
.0103149414
.0082550049
-.0113830566
-.0285644531
.0193786621
-.0200347900
-.0101776123
.0242614746
-.0338745117
.0269622803
.0147857666
-.0287628174
.0443115234
-.0372009277
-.0471191406
.0535583496
.0304565430
.0487670898
-.0538177490
-.0377349854
-.0536346436
.0616912842
-.0602722168
-.0492401123
-.0587921143
-.0573425293
.0571441650
-.0361938477
-.0534057617
-.0556335449
.0580139160
.1203002930
.0455169678
.0883178711
.0515747070
-.0442504883
.0460815430
.0424804688
.0617523193
-.0822296143
-.0702514648
.1032714844
-.0562744141
-.0552673340
-.0781097412
.0600738525
-.0467376709
.0807495117
-.0757141113
.0818939209
-.0862731934
-.0420532227
-.0653839111
-.0628204346
.0932769775
.0471038818
-.0710449219
-.0510864258
-.0779724121
-.0702056885
.0407104492
-.0759582520
-.0797576904
-.0710906982
.0841217041
.1110534668
.0462493896
.0624237061
.1128692627
.0752563477
.0874481201
-.0877227783
.0886993408
.0681762695
-.0413970947
.0647430420
-.0788269043
.0792694092
.0568237305
-.0504455566
.0653991699
.0507659912
.0928192139
-.0496826172
-.1236877441
.0763092041
.0766906738
.0782470703
-.0602722168
-.0543060303
-.0961914063
.0496063232
-.0905456543
-.0511474609
.0645141602
.0725555420
.0714721680
-.0899047852
.0671997070
.0668640137
-.0445098877
.0848236084
-.0994720459
-.0490112305
.0923156738
.0822753906
-.0827484131
.0845031738
.0454559326
-.0797729492
-.1271362305
.0781250000
.0923767090
-.1068420410
-.1002044678
.0661468506
.0760650635
.0859832764
.0967254639
.0737915039
-.0695190430
-.0941772461
-.0892791748
-.0869598389
-.0554809570
.1143341064
-.0726318359
-.0846405029
-.0843200684
.0494537354
-.0729980469
-.0791015625
.0701141357
-.0710601807
-.0622253418
.1132965088
.0970153809
.0620422363
-.0642242432
.0713348389
-.1137084961
-.0686492920
-.0725708008
.0921783447
.0898742676
-.0569610596
.0609436035
.0605773926
-.0561676025
.0534973145
.0921936035
-.0957946777
.0835723877
.1147613525
.0789794922
-.0985412598
-.0466308594
.0859375000
.0499725342
-.0494537354
-.0695800781
-.0908660889
.0480346680
-.0932464600
-.0825500488
.1210174561
.0965270996
-.0847015381
-.0726318359
.1207885742
.0660858154
.0583038330
.0814208984
-.0667724609
-.1023712158
-.0827178955
-.0959930420
.0695190430
.0525817871
-.0629882813
.0574340820
-.0837097168
.0720977783
-.0661926270
-.1086578369
.1080322266
-.0617828369
-.0873565674
-.0808105469
.0799407959
-.0620269775
-.0773773193
.1221160889
-.0903930664
-.0744781494
-.0457611084
.0559387207
-.0664062500
.0369873047
.0665588379
-.0603332520
.0975189209
.1017608643
.0454711914
.0524139404
.0866699219
.0626983643
-.0451812744
.0782928467
-.0540008545
.0941467285
.0546722412
.0788421631
-.1098785400
-.0547790527
.0753173828
-.0675811768
-.0419311523
.0702362061
-.0382690430
.0641784668
-.0390472412
.0615692139
.1050415039
-.1202239990
-.0626068115
.1034851074
-.1059417725
.0740509033
.0588378906
-.0819549561
.0778808594
-.0609283447
.0435333252
.0874481201
.0614318848
-.0569458008
.0640411377
.0551757813
.0744018555
.0729064941
.0692749023
-.1033325195
.0827484131
.0883789063
-.1388397217
-.0526580811
.0751037598
.0559234619
.0791168213
-.0830230713
-.0587005615
.0808715820
.0742797852
-.0615692139
-.0704803467
.0619049072
-.0559387207
-.1166992188
.1277313232
.0732879639
-.0915985107
-.0524902344
.0444793701
-.0735015869
.0620269775
-.0700683594
.0812377930
.1271057129
-.0864410400
.1062622070
-.1013793945
.0892028809
.0838775635
-.0482788086
-.0925903320
-.0753936768
.0453491211
.1212615967
-.0901031494
.0634613037
.1024017334
-.0832672119
.1025238037
.0769348145
-.1135864258
.0610351563
-.1104278564
-.0597686768
.0555877686
-.0885162354
.0502624512
-.0677642822
-.0580749512
-.0763092041
-.0728912354
.0857086182
-.0838165283
.0509185791
-.0635528564
-.1084899902
-.0875549316
.0696105957
-.0861206055
-.0467376709
.0612182617
.0835418701
.0450134277
-.0678710938
.0789184570
.0671386719
-.0790252686
-.0519256592
.0752258301
.0462036133
-.0689239502
-.0872955322
.0707244873
.0856170654
.0590515137
-.0800170898
-.0813446045
.0596008301
.0795288086
-.1103820801
-.0397491455
.0521850586
-.0599975586
.0698394775
.0848083496
.1015167236
.0653839111
-.0652923584
-.0736541748
-.0730285645
.1034698486
.0553436279
-.0819396973
.0578155518
.0671386719
-.0437011719
-.0409545898
.0902862549
-.0616607666
-.0812835693
-.0467681885
.0791168213
-.0542602539
-.0736083984
.1101837158
.1086730957
-.0754852295
.0605468750
-.0595703125
.0625915527
.0976104736
.0724334717
.0745849609
-.0666656494
-.0800628662
.0762939453
-.0967407227
-.0459594727
.1235809326
-.1017303467
.1056976318
-.0462341309
-.0880126953
-.0493164063
-.0800628662
.0786132813
.0798492432
.0370788574
.1096801758
-.0810699463
-.0830688477
-.1065979004
.0775909424
-.0891876221
.0914916992
.0788726807
.0682830811
-.0902709961
-.0800628662
.0500488281
-.0852050781
.0752105713
.0624389648
.0876770020
.0814056396
-.1244201660
-.0600128174
.0908050537
-.0825347900
.0927734375
.0779418945
-.0799407959
.0975799561
-.0695800781
.0668945313
-.0942993164
.0594329834
.0535736084
-.0954132080
.0776672363
.0710449219
-.0941467285
.0712432861
-.0629119873
-.0718688965
.0572967529
-.0667266846
-.0929718018
.1516265869
.0469360352
.0509338379
-.0790710449
.0862426758
.0631256104
-.0820007324
-.0438232422
.1290130615
-.0778503418
-.0535278320
-.0749511719
-.1262969971
.0770721436
-.1162567139
.0646972656
-.0603027344
.0993499756
.0755310059
.0520477295
.0830993652
.0737304688
-.0475158691
.0794067383
-.0920410156
-.0879058838
.0933532715
.0764465332
.1314849854
.0976104736
.0773468018
-.0789184570
-.0903930664
.0485992432
.0661468506
-.0578918457
-.0514221191
.0869140625
-.1036071777
-.0632324219
-.0903625488
-.0413970947
-.0716857910
-.1008605957
.0738372803
.1196594238
-.0497131348
.0585174561
-.0835418701
.0603942871
.0912322998
-.0726776123
-.0664520264
-.0515594482
.0688323975
.0580596924
-.0717163086
-.0665130615
.0723419189
-.1016998291
-.0592041016
-.0742797852
-.1134033203
.1106719971
-.1046142578
.0605621338
.1108703613
-.0682373047
-.0500793457
-.0794525146
-.0902099609
-.1044158936
-.0963592529
-.0651245117
.1104125977
-.0758209229
.0975799561
-.0619812012
-.0703125000
.1401824951
.0560150146
.0844573975
-.0576934814
-.0699920654
-.0669097900
.1155242920
.0744323730
-.0418548584
-.0533447266
-.0928192139
-.0733184814
-.0477752686
-.0736083984
-.0677947998
.1000518799
.0726165771
-.0590209961
.1192932129
-.0563812256
-.0947265625
.0823059082
-.1027984619
-.0549163818
-.0727233887
.0674133301
-.0671386719
.0811920166
.0425872803
-.0635833740
.0625305176
-.1194763184
.0577697754
.0430908203
.0765686035
-.1044921875
-.0760040283
-.0578460693
.0440826416
.0490722656
-.0563201904
-.0729522705
.0848083496
-.0874023438
.0768585205
.0415344238
-.0926818848
-.0429229736
-.0409698486
-.0710906982
.1012573242
.0652160645
.1205596924
.0934600830
-.0788726807
.0841522217
.0631561279
-.0469512939
-.0794830322
.0911560059
.0597229004
.0733642578
-.0613555908
-.0456695557
.0536499023
-.0738220215
.1045074463
-.0808868408
.0579223633
.0684051514
.1012878418
-.0582275391
.1087341309
.0827636719
.0814056396
-.0571289063
-.0754241943
.1004333496
-.0831298828
-.0901794434
.0723724365
.0915985107
-.0673217773
-.1376800537
.0635833740
.1118469238
-.0595703125
.0953063965
-.0877990723
-.0438842773
.0744171143
-.0815429688
-.0782775879
-.0607604980
-.0487518311
-.1004638672
-.0926361084
.0841674805
.0597686768
.0515747070
.0849609375
-.0810089111
-.0750122070
.0781250000
-.0453796387
-.0468597412
.0786743164
-.1058044434
.0564727783
.1049346924
-.0513458252
.0723266602
-.0616149902
.0868988037
-.1048736572
-.0858306885
.0737915039
.0986785889
-.1041717529
.0578002930
-.0921173096
.0849151611
.0615997314
.0776519775
-.0567779541
-.0596160889
.0713653564
.0645446777
-.0811157227
.0473785400
-.0508880615
.0588684082
.0554504395
-.0978546143
.0707702637
.0995635986
.0580444336
-.0478515625
.1000366211
-.0857543945
.0624237061
.0412139893
.0704650879
.0686950684
.0671997070
.0636138916
-.0381164551
-.0843048096
.0594482422
.0728912354
-.0779876709
-.0691375732
.0609588623
.0758819580
.0779724121
.0838928223
.0790252686
.0719909668
.0701293945
.1071014404
-.0887145996
-.0987548828
-.0694732666
-.0501403809
.0992279053
-.0783843994
.0568847656
.0316314697
.0565643311
.0482177734
.1101226807
.0773010254
-.0596466064
.0664367676
.0398864746
.0789184570
-.0931549072
.1358032227
-.0718688965
-.0513610840
.0756225586
-.0980682373
-.0399627686
.0518951416
.1150360107
-.0634307861
.0697174072
-.1209106445
.0958099365
-.0531158447
.0655670166
-.0894165039
.0423126221
.0834350586
.0576934814
.1017761230
.0646820068
-.0528106689
.0791778564
-.0661468506
.0683593750
.0931396484
-.0508880615
-.0753631592
.0625305176
-.0926666260
.0543975830
-.0814208984
-.0668334961
.0526123047
.0667877197
-.0691833496
.0496978760
.0901184082
-.0818176270
-.0934448242
.0784301758
.0692443848
-.0670623779
-.0563201904
-.0544738770
-.0848541260
.0960693359
.0637512207
.0737762451
.1100616455
-.0798950195
.0737762451
-.1184692383
-.0578613281
.1090240479
-.0750579834
-.0792083740
.0518798828
-.0608520508
.0472259521
-.0485992432
-.0708618164
.1034088135
.1143951416
.0456237793
-.0531158447
.0789794922
.0493316650
.0555419922
-.0590820313
.0900573730
-.0800933838
.0761566162
-.0527954102
.0576629639
.0865325928
-.0862731934
.0590820313
-.0679626465
-.0806274414
.0805206299
.0451354980
-.0709228516
-.0722808838
-.0894927979
-.1106414795
-.0811767578
.0894165039
-.0472869873
-.0739440918
.0618133545
-.0821990967
-.0378112793
-.0776519775
-.0695953369
.1191101074
.0975494385
-.0864868164
.0616760254
.0592498779
-.0559234619
-.1047821045
.0702819824
.0614166260
.0864868164
-.0662078857
-.0740203857
.0599670410
.0814208984
-.0690002441
-.0971221924
.0755615234
.1233520508
-.0816802979
.1011199951
.0659942627
.0980072021
.0968170166
.0473632813
-.1024780273
-.0627136230
-.0818786621
.0744934082
.0633544922
-.0405883789
.0529022217
-.0964202881
-.0841522217
-.0563964844
-.0825805664
.0818939209
-.0906219482
-.0653381348
-.0653076172
-.0798797607
.0790863037
-.0870361328
-.1141967773
.0684356689
.0572662354
.0686492920
.0863647461
-.0722503662
.0312957764
-.0532226563
.0719299316
-.0608367920
-.0539093018
.0567016602
.0857696533
-.0561218262
-.0885314941
.0859832764
.0461578369
.0812835693
-.0797576904
.0964050293
.0558471680
-.0377349854
.0739440918
.0697021484
-.0769195557
.0944366455
.0664367676
.0783233643
-.0893859863
-.0652465820
-.0406646729
-.1028137207
-.1109161377
.0639953613
-.0668029785
-.0941925049
.1041870117
.0680084229
.0697021484
-.0535583496
.0640258789
.0872039795
-.0554199219
.0535278320
.0554962158
-.0740966797
.0969238281
.0692291260
.0826110840
.0891265869
-.0591735840
.1052856445
.0773010254
-.0577697754
.0903625488
-.0554351807
.0861358643
-.0662536621
-.0695343018
-.0918426514
-.1028900146
-.0878295898
.0667266846
-.1047515869
.0610809326
.0878753662
.0525970459
-.0788574219
-.0601348877
-.0677490234
.0701599121
-.0808715820
.0711059570
.1175384521
.0655822754
.0976257324
-.0624389648
.0677795410
.0913543701
-.0653839111
-.0704498291
-.1072845459
.0576477051
.0489349365
-.0773162842
.0558471680
.0645294189
.0743103027
.0842742920
-.1004180908
-.0724487305
.0458374023
.0496368408
-.0841064453
.0485534668
.0647735596
-.0503234863
-.0721130371
.0634307861
.0311431885
-.0705108643
-.0856018066
.0742797852
-.0288696289
.0667572021
-.0395507813
.0558929443
.0530853271
.0533905029
-.0450286865
.0462799072
-.0267028809
.0426330566
.0313568115
.0511627197
.0456085205
.0304107666
.0370788574
-.0597991943
.0437011719
.0374145508
.0341949463
.0317840576
-.0238494873
.0283966064
-.0310363770
-.0220336914
.0408782959
.0279083252
-.0224304199
-.0279693604
.0270996094
-.0134735107
-.0170898438
-.0265350342
-.0212402344
.0299835205
-.0187072754
.0140228271
-.0117187500
.0154418945
-.0103912354
-.0119171143
.0133972168
.0095367432
-.0084381104
.0097808838
-.0112915039
.0036010742
.0046691895
-.0052642822
.0051727295
-.0062866211
-.0041809082
.0011749268
-.0009155273
