-.0000152588
-.0000152588
.0000152588
-.0000152588
.0000152588
.0000152588
.0323333740
-.0915985107
.0782928467
.0834960938
.0749053955
.0746612549
.0947418213
-.1029357910
.1072540283
.1289978027
.1283874512
.1366882324
.1240844727
.0888519287
-.0836944580
.0913696289
.0842590332
-.0715332031
.1001281738
.1043853760
.1090087891
.1181182861
.1257019043
.1013946533
.1056365967
-.1156921387
-.1293640137
-.1299438477
.1562957764
.1424713135
.1437225342
-.1879425049
.2028045654
.2131042480
.2107696533
.2174377441
.1982727051
.1705322266
.1762542725
.1945343018
.1906433105
.1763916016
-.1183319092
.1188201904
.1132812500
.1023254395
-.0892333984
.0697326660
.0998535156
-.1120910645
-.1131439209
-.1052703857
-.1296539307
.1097564697
.1141204834
.1066284180
.1165618896
.1225585938
.1200103760
.1198272705
.1367645264
.1411743164
-.1402587891
-.1162414551
.0857086182
-.0781250000
-.0787963867
-.0835113525
-.0913238525
-.0763092041
-.0686950684
-.0796966553
-.0841979980
-.1020202637
-.1002349854
-.1047210693
.0788421631
-.0910186768
-.1003112793
.0932159424
.0983886719
.1006164551
.0990447998
.0984802246
.0953369141
.0992279053
-.0912780762
.1033477783
.1008605957
.0979461670
.0929870605
.1079254150
-.0915222168
.0855255127
.0930328369
-.0858459473
-.0783386230
.0772094727
.0739440918
-.0809631348
-.0793914795
-.0703430176
-.0668945313
.0639190674
.0717773438
.0784912109
.0902557373
.0998229980
.0995941162
.1052246094
.0942840576
.1004943848
-.0968627930
.0903778076
.0934143066
.0959014893
.1042633057
-.1045532227
.1002502441
.0920104980
-.0814056396
.0745697021
.0663604736
.0640716553
.0830688477
-.0825653076
-.0803985596
-.0769958496
.0869598389
-.0995330811
-.0909271240
.0891265869
.0910186768
.0868072510
.0906372070
.0879058838
.0959167480
.0941467285
.0931549072
.0992736816
.1072998047
.1040649414
.1053924561
.1133728027
.1147613525
.1180725098
.1154174805
.1237640381
.1223144531
.1179656982
.1198730469
.1269073486
.1352844238
.1411132813
.1429901123
.1471710205
.1454925537
.1409301758
.1517944336
.1545562744
.1472625732
.1356964111
.1318359375
.1287841797
.1280517578
.1335754395
.1251678467
.1150970459
.1190032959
.1266326904
.1254577637
.1190948486
.1179199219
.1168060303
.1120758057
.1188049316
.1210021973
.1262664795
.1316528320
.1260223389
.1298065186
.1315765381
.1258850098
.1291961670
.1303710938
.1322174072
.1401367188
.1405944824
.1467437744
.1391754150
.1411590576
.1362304688
.1304473877
.1327972412
.1308288574
.1339569092
.1356201172
.1334228516
.1291656494
.1379394531
.1410064697
.1394805908
.1394653320
.1365051270
.1276855469
.1221923828
.1202087402
.1240844727
.1224517822
.1252441406
.1241455078
.1225433350
.1201934814
.1171417236
.1149597168
.1178741455
.1185302734
.1175384521
.1174926758
.1157531738
.1181793213
.1283416748
.1347656250
.1299438477
.1303405762
.1199188232
.1288909912
.1308441162
.1167907715
.1129608154
.1173858643
.1157836914
.1176605225
.1315155029
.1292266846
.1351928711
.1289672852
.1277618408
.1249237061
.1158294678
.1090545654
.1054687500
.0894165039
.0911712646
.0925140381
.0992736816
.0999450684
.0895385742
.0912322998
.0888366699
.0901184082
.0911865234
.0836029053
.0963439941
.0953521729
.0763397217
.0829467773
.0850677490
.0776367188
.0868072510
.0970153809
.1024475098
.1066284180
.1030273438
.0961303711
.0926361084
.0766601563
.0665588379
.0657196045
.0734863281
.0813446045
.0733184814
.0665588379
.0580291748
-.0802459717
-.0828247070
-.0910797119
-.0997161865
-.1028289795
.0960845947
-.0861511230
.0976409912
.0947570801
.0896606445
.0901794434
.0944976807
.0893096924
-.0932617188
.0962829590
.0977325439
.0954589844
.0862426758
.0833740234
.0832366943
.0839233398
.0778656006
.0761260986
.0805664063
.0755462646
.0690307617
.0727386475
.0692443848
.0641021729
.0546875000
-.0544586182
.0575256348
.0544281006
.0466308594
.0401458740
.0491638184
.0509185791
.0507049561
.0510711670
.0527801514
.0484161377
.0463867188
-.0385742188
-.0379943848
-.0521850586
-.0410766602
-.0372009277
-.0414276123
.0505218506
.0459289551
.0483093262
.0598449707
.0498352051
.0541076660
-.0591735840
.0535278320
.0522308350
.0534057617
.0491180420
.0592346191
.0606536865
.0725860596
.0829467773
.0796661377
.0855712891
.0843048096
.0831909180
.0781707764
.0796356201
.0799407959
.0719299316
-.0652008057
.0593109131
.0567779541
.0513000488
.0536956787
.0547790527
.0673522949
.0674591064
.0769805908
-.0658416748
-.0631103516
.0674133301
.0674285889
-.0616149902
.0623168945
-.0596771240
.0617675781
-.0649261475
-.0589141846
-.0663604736
-.0674133301
-.0722808838
.0719299316
-.0699462891
-.0672149658
-.0692291260
-.0702514648
-.0699005127
-.0709686279
-.0688781738
-.0599517822
.0532073975
.0591583252
-.0562591553
-.0543365479
.0599365234
.0530395508
.0547332764
.0553436279
-.0578918457
.0600433350
.0598754883
.0713348389
.0776214600
.0789184570
.0766754150
.0846557617
.0764465332
.0754394531
.0762329102
.0779418945
.0792083740
.0799713135
.0802459717
.0872192383
.0941314697
.1052551270
-.1129302979
.1223449707
.1174621582
.1214599609
.1268768311
.1266326904
.1271362305
.1207427979
.1242523193
.1306304932
.1231842041
.1196441650
.1192626953
.1176605225
-.1138458252
-.1137390137
.1181640625
.1231536865
.1161193848
.1141662598
.1123657227
.1103668213
.1156005859
.1103057861
.1183166504
.1211700439
.1263275146
.1262359619
.1356811523
.1372375488
.1393737793
.1428680420
.1418304443
-.1373291016
.1365509033
-.1263885498
-.1167449951
-.1103668213
-.1090850830
-.1053466797
-.1162414551
-.1165466309
-.1151428223
-.1198120117
-.1183776855
.1219329834
.1168670654
.1153106689
-.1080780029
-.1029052734
-.0978546143
-.0975952148
-.0988159180
-.0935363770
-.0909881592
-.0881805420
-.0801239014
-.0729675293
-.0814208984
-.0775451660
-.0812377930
-.0911712646
-.0898132324
-.0881805420
-.0854187012
-.0863647461
-.0861816406
-.0867614746
-.0899810791
-.0865631104
-.0844879150
-.0886993408
-.0843658447
-.0775451660
-.0779418945
-.0798797607
-.0695343018
-.0694732666
-.0765380859
-.0893249512
-.1018524170
.1026458740
-.0922546387
-.1194763184
-.1389770508
.1215820313
.1284790039
.1300964355
.1102600098
-.1016693115
-.1300964355
-.1252441406
-.1137542725
-.0759735107
.0715179443
.0628662109
.0611877441
-.0571594238
.0554656982
-.0609588623
-.0676422119
-.0706329346
-.0617218018
-.0684661865
-.0639038086
-.0646972656
-.0626983643
.0655670166
.0686492920
.0726470947
.0608215332
-.0708923340
.0800781250
.0904846191
-.0822906494
-.0648193359
.0505523682
.0484924316
.0416412354
.0471343994
-.0486907959
.0546112061
-.0438842773
-.0310058594
-.0411834717
-.0464477539
-.0514984131
-.0538330078
.0545501709
.0480194092
-.0458374023
-.0599212646
-.0667419434
-.0647888184
-.0694427490
.0796051025
.0875091553
.0751953125
.0853424072
.0791473389
.0828399658
.0906066895
-.0829925537
.0846405029
.0817871094
-.0890197754
.0776367188
.0806884766
.0865173340
.0811614990
-.0756378174
-.0714721680
.0704498291
.0703735352
.0570983887
.0496826172
.0635375977
.0771026611
.0855865479
.0956878662
.0978088379
.0964813232
.0952453613
.0889434814
.0932922363
.0956115723
.0951995850
.0989837646
.0882263184
.0904388428
.0793762207
.0691986084
.0623931885
-.0694885254
.0830230713
-.0831451416
-.0787811279
-.0895538330
-.0896453857
-.1031036377
-.0792694092
-.0857086182
.0891876221
-.0845031738
.0844116211
.0904846191
.0965728760
.0923767090
.0926971436
.0989227295
.0965423584
.1040649414
.1112060547
.1142272949
.1173095703
.1195983887
.1155700684
.1183319092
.1180114746
.1227264404
.1291809082
.1396179199
.1422576904
.1427612305
.1408996582
.1506042480
.1557312012
.1587982178
.1479492188
.1351165771
.1246337891
.1216735840
.1265563965
.1288909912
.1281585693
.1222381592
.1281585693
.1316680908
.1199188232
.1181488037
.1190948486
.1277923584
.1342773438
.1466217041
.1377258301
.1308135986
.1269378662
.1264495850
.1399841309
.1408691406
.1398925781
.1381225586
.1462554932
.1419677734
.1371765137
.1380767822
.1302642822
.1357269287
.1388397217
.1288146973
.1302337646
.1320495605
.1328887939
.1300964355
.1263580322
.1204223633
.1132659912
.1115875244
.1079864502
.1078186035
.1150054932
.1171569824
.1183471680
.1177673340
.1175384521
.1210937500
.1238098145
.1268005371
.1255035400
.1261138916
.1282806396
.1335601807
.1355133057
.1351776123
.1334381104
.1267242432
.1119232178
.0994567871
.0959167480
.1196594238
.1395874023
.1425628662
.1216735840
.1248626709
.1401824951
.1185913086
.1138916016
.1263275146
.1124725342
.1227111816
.1248016357
.1363983154
.1386871338
.1340942383
.1297912598
.1270904541
.1118774414
.1080169678
.0970764160
.0804290771
.0894012451
.0865020752
.0839233398
.0787811279
.0814666748
.0833892822
.0725250244
-.0863647461
.0764923096
.0930328369
.0964202881
.0770416260
.0869750977
.0939331055
.0939636230
.0876159668
.0931701660
.0948486328
.0997772217
.1000366211
.0929107666
.0912170410
.0812683105
.0729980469
.0659484863
.0701904297
.0714416504
.0687255859
.0561218262
.0536651611
-.0831298828
-.0858917236
.0886230469
.0969390869
.1037902832
.0963592529
.0821838379
.0925750732
.0807647705
.0798492432
.0892791748
.0806732178
.0861358643
.0864715576
.0899200439
.0962371826
.0797882080
.0801696777
.0819091797
.0720977783
.0777587891
.0766296387
.0807037354
.0775299072
.0768585205
.0770263672
-.0707855225
-.0668182373
-.0699005127
-.0564880371
-.0500030518
-.0506286621
.0480651855
-.0466003418
.0453643799
.0509490967
-.0523834229
.0496215820
.0465850830
-.0551452637
-.0559539795
-.0482330322
-.0534057617
-.0635070801
-.0445404053
.0333404541
.0400543213
.0448455811
.0472869873
-.0386810303
.0517578125
-.0443420410
.0492706299
.0531158447
.0470733643
.0467987061
.0511322021
.0467529297
.0480041504
.0508270264
.0617370605
.0790405273
.0841217041
.0804901123
.0827484131
.0813751221
.0740203857
.0751190186
.0813446045
-.0732574463
.0720520020
.0675811768
.0574340820
.0588226318
.0525360107
.0544586182
.0522613525
.0599365234
.0683898926
-.0652618408
.0629730225
-.0609741211
-.0657501221
-.0631408691
-.0613555908
.0559234619
-.0557098389
-.0543975830
-.0535888672
-.0540161133
-.0571746826
-.0568237305
-.0566406250
-.0575256348
-.0589294434
-.0616302490
-.0569305420
-.0550537109
-.0542297363
-.0545043945
-.0565185547
-.0547485352
-.0412139893
-.0404663086
-.0414428711
-.0407409668
-.0399169922
-.0370788574
.0352630615
.0350494385
.0379638672
-.0380096436
-.0401763916
-.0392608643
-.0413970947
-.0456390381
.0496978760
.0510253906
.0548858643
-.0533752441
.0542144775
.0507965088
-.0529479980
-.0544281006
-.0493316650
-.0507965088
.0521545410
-.0566406250
-.0578308105
.0684661865
.0737152100
.0770721436
.0714111328
.0725708008
.0774841309
.0767211914
.0727844238
.0735015869
.0791015625
.0762634277
.0686950684
.0712127686
-.0695037842
.0677642822
.0664367676
.0671234131
.0660095215
.0646972656
.0665435791
.0617218018
.0596008301
.0629425049
.0605621338
.0661926270
.0674285889
.0663146973
.0712280273
.0735015869
.0718841553
.0734252930
.0715026855
.0676879883
.0639343262
-.0619812012
-.0573425293
.0551452637
.0537109375
-.0554809570
-.0547027588
-.0573272705
-.0549774170
-.0561370850
-.0551147461
-.0569915771
-.0548706055
-.0485076904
-.0468750000
-.0450134277
-.0440521240
-.0422973633
-.0396118164
-.0377197266
-.0371093750
-.0335998535
-.0321197510
.0309143066
-.0307006836
.0311279297
-.0319213867
.0325775146
-.0326385498
-.0309600830
-.0309448242
-.0301818848
-.0298461914
-.0307617188
-.0310974121
-.0299835205
-.0275726318
-.0260009766
-.0245819092
-.0244445801
-.0222473145
-.0218505859
-.0192718506
-.0194244385
-.0190124512
-.0191650391
-.0201721191
.0211791992
.0222320557
.0258636475
.0263519287
.0234680176
.0288238525
-.0326690674
.0316162109
.0314483643
.0304260254
.0260620117
.0226287842
.0270690918
.0259094238
-.0210113525
.0155487061
.0148773193
.0138092041
.0122985840
.0105285645
-.0085449219
-.0115356445
.0136718750
.0119171143
-.0113525391
-.0109710693
.0105438232
.0108947754
-.0101470947
.0100555420
.0105590820
.0089263916
.0083160400
.0101013184
.0103454590
.0102844238
.0092773438
-.0075531006
.0054168701
.0057067871
.0043792725
.0039520264
-.0043487549
.0043029785
.0041503906
-.0030364990
-.0039978027
-.0036163330
-.0034637451
-.0035095215
-.0034637451
.0030670166
.0025939941
-.0027465820
-.0032348633
.0028228760
.0025634766
.0025634766
.0021362305
.0018005371
.0013427734
-.0010070801
.0005798340
.0001220703
