.0000305176
-.0000305176
-.0000305176
-.0000305176
.0000305176
.0000305176
-.0000305176
-.0000305176
.0000305176
-.0001983643
-.0002593994
.0004730225
-.0008087158
-.0014495850
.0016784668
.0010528564
-.0010375977
.0012512207
-.0017395020
-.0014801025
.0014038086
-.0019836426
.0027770996
-.0030822754
-.0048980713
.0035400391
.0051574707
.0034027100
-.0059356689
-.0048980713
.0046234131
.0040893555
.0030517578
.0042572021
-.0054473877
.0049591064
-.0046386719
-.0053558350
.0055999756
.0034332275
.0042266846
.0035400391
-.0046081543
.0057678223
.0050811768
-.0076751709
.0054168701
.0056915283
-.0047302246
-.0062255859
.0075073242
.0115509033
-.0102539063
-.0094299316
.0100555420
.0065307617
.0112609863
-.0056304932
-.0059814453
-.0106048584
-.0078430176
-.0078125000
.0100097656
.0132904053
.0105133057
.0080413818
.0106201172
.0088500977
-.0060424805
.0088958740
.0101623535
-.0078887939
-.0097351074
.0092315674
.0123748779
-.0126953125
.0107879639
.0166625977
.0191345215
-.0155944824
.0114746094
.0100097656
-.0140838623
-.0084075928
-.0136871338
.0170288086
-.0086364746
.0141754150
-.0140991211
-.0135192871
-.0143280029
.0134277344
-.0129852295
.0140533447
.0118865967
-.0121765137
.0092468262
-.0113372803
-.0089111328
.0092163086
.0129394531
.0085296631
-.0109252930
-.0137023926
.0121307373
.0129547119
.0088043213
.0136413574
-.0193176270
-.0168914795
-.0095977783
.0112152100
-.0137023926
.0090942383
.0067291260
-.0083465576
.0124816895
-.0101470947
-.0130767822
-.0088958740
-.0145721436
.0139007568
-.0140838623
.0095520020
.0172119141
.0198974609
.0107574463
-.0162353516
-.0099334717
-.0173797607
-.0177154541
-.0140228271
.0189361572
-.0172119141
.0126953125
-.0083312988
.0162506104
-.0142211914
.0143280029
-.0205383301
-.0092315674
.0178985596
.0153198242
-.0152587891
.0144805908
.0113677979
.0195465088
.0209197998
.0097503662
.0175628662
.0088958740
.0163574219
-.0233764648
.0196838379
-.0234832764
-.0072021484
.0256958008
.0164337158
-.0114288330
.0174865723
-.0140533447
.0103454590
-.0182189941
-.0152893066
-.0153961182
-.0108337402
-.0151824951
.0136260986
.0187530518
.0108489990
-.0211639404
-.0202636719
.0113830566
-.0216064453
-.0225372314
-.0170440674
-.0138549805
.0143127441
-.0236206055
-.0186614990
-.0183105469
-.0148773193
-.0220336914
-.0177764893
.0205535889
.0121002197
-.0216674805
.0205688477
-.0236968994
-.0221099854
-.0241851807
.0342559814
-.0307464600
-.0290832520
-.0236663818
-.0222930908
-.0286712646
-.0237884521
.0182342529
-.0236511230
-.0200958252
-.0171356201
-.0252838135
-.0217895508
-.0151519775
-.0151062012
-.0108489990
.0105438232
-.0139312744
.0195465088
.0208129883
-.0243225098
-.0212249756
.0160980225
.0160064697
.0268859863
.0367889404
.0347900391
.0280761719
.0272827148
-.0350952148
-.0284271240
-.0289764404
.0232086182
.0148468018
.0235748291
.0211791992
.0254364014
.0233306885
-.0227355957
.0279083252
.0294647217
-.0333709717
-.0419158936
-.0369873047
-.0401153564
-.0294647217
.0286102295
-.0253601074
-.0228881836
-.0196533203
-.0119018555
.0161437988
.0109863281
.0139923096
.0212402344
.0168914795
.0123596191
.0188140869
.0133209229
.0230407715
.0227050781
.0186157227
.0162353516
.0155944824
-.0146789551
.0193023682
.0103149414
-.0184936523
.0197296143
-.0171966553
.0161590576
.0140686035
-.0218200684
-.0162658691
-.0287322998
-.0257415771
-.0213470459
-.0244750977
-.0255584717
-.0236358643
-.0276794434
-.0170288086
-.0265350342
-.0347900391
-.0529327393
-.0352630615
-.0169372559
-.0374603271
-.0442352295
-.0397033691
-.0278472900
-.0333251953
-.0360412598
-.0433502197
-.0409851074
-.0373229980
-.0437164307
.0318756104
.0465393066
-.0381927490
-.0321807861
.0284881592
-.0365142822
.0341491699
-.0281066895
-.0454101563
.0403289795
.0270690918
-.0285339355
-.0267028809
-.0377349854
-.0330352783
-.0296325684
-.0351562500
.0290222168
-.0354309082
-.0357360840
-.0365295410
.0295257568
-.0243530273
-.0252380371
-.0307464600
.0400848389
.0453643799
.0426483154
.0479583740
-.0478820801
.0463867188
.0392761230
-.0422668457
-.0498199463
.0530700684
-.0407409668
.0545349121
-.0475921631
.0671386719
.0511932373
.0515441895
-.0500335693
-.0577697754
-.0562133789
-.0531463623
.0430145264
.0410766602
.0573883057
.0398559570
-.0444793701
-.0509338379
-.0656738281
.0628967285
-.0784454346
-.0761566162
.0681304932
-.0679779053
-.0887756348
-.0766906738
.0670166016
-.0776367188
-.0757446289
-.0689544678
.0531158447
-.0455932617
-.0543518066
-.0583953857
.0458068848
-.0574340820
-.0572204590
-.0576782227
.0681152344
.0704345703
.0785369873
.0780639648
.0664215088
.0665283203
.0606079102
.0613403320
.0666961670
-.0569610596
.0593566895
.0497741699
.0586547852
-.0563354492
-.0524291992
.0492858887
-.0619506836
.0553283691
.0670928955
.0627899170
.0576782227
.0707702637
.0714111328
.0806732178
.0916290283
.0943145752
.0786437988
.0754394531
.0760803223
.0752258301
.0747222900
.0761413574
.0694580078
.0630645752
.0660247803
.0793914795
.0805969238
.0701293945
.0765075684
.0743408203
.0808868408
.0785369873
.0845184326
.0895538330
.0863189697
.0879516602
.0843048096
.0869903564
.0875244141
.0832214355
.0952453613
.0942535400
.1015014648
.0985412598
.0857696533
.0864868164
.1021575928
.1084136963
.1059417725
.1074676514
.1055145264
.0981903076
.1042175293
.0917358398
.0955352783
.0927124023
.0771484375
.0713348389
.0802307129
.0786590576
.1031951904
.0879974365
.0959320068
.1059417725
-.0863037109
-.0909118652
-.0861053467
.0774536133
.0887908936
.0987701416
.0880889893
.1003570557
.1068878174
.1063995361
.0991363525
.1041259766
.0995178223
-.1067810059
.1076202393
.1049957275
.0997619629
-.1035003662
-.1150054932
-.1016387939
-.0983886719
-.1098022461
-.1241912842
-.1199035645
-.1168670654
-.1383972168
-.1191711426
-.1400756836
-.1105804443
-.1085662842
-.1182098389
-.1238250732
-.1265563965
-.1357727051
-.1400909424
-.1413421631
-.1265106201
-.1203918457
-.1139068604
-.0904388428
-.0994720459
-.1031646729
-.1004180908
-.0986785889
-.0889892578
-.0798645020
-.0854187012
-.0919189453
-.1239776611
-.0974578857
-.1126708984
-.1126556396
-.0921936035
-.0847930908
-.0805053711
-.0802917480
-.0874633789
-.0976257324
-.1023712158
-.0724334717
-.0803527832
-.0832366943
-.0809783936
-.0929412842
-.0734558105
-.0733947754
-.0908660889
-.0917510986
-.0918884277
-.0828094482
-.0577697754
-.0591888428
-.0377197266
-.0476226807
.0472717285
-.0536041260
-.0724487305
-.0691528320
-.0939025879
-.0797729492
-.0680084229
-.0744171143
-.0395355225
-.0543670654
.0438842773
.0632019043
-.0705261230
-.0687408447
-.0627899170
-.0545501709
-.0393371582
.0383300781
.0436248779
-.0623321533
-.0711822510
-.0535888672
-.0583190918
-.0502624512
-.0376281738
-.0466156006
-.0441894531
-.0753784180
-.0492858887
-.0660400391
-.0574798584
-.0632781982
-.0504913330
-.0610046387
-.0665130615
-.0752868652
-.0755310059
.0674896240
.0757904053
-.0722351074
-.0633697510
-.0783996582
.0910186768
.0981903076
-.0951690674
-.0880126953
-.0577545166
-.0950012207
-.0982360840
.0930786133
-.1067199707
-.0554962158
-.0452880859
-.0919494629
.0875396729
.0955047607
-.0882415771
-.0834960938
-.0785369873
-.0776672363
-.0747528076
-.1076965332
-.1480407715
-.1191253662
-.0712127686
-.0899200439
-.0979461670
-.1104125977
-.1046600342
-.1279144287
-.1293334961
-.1416778564
-.1519317627
-.1493988037
.1418457031
.1463165283
.1442108154
.1878051758
.1925201416
.2146606445
.2086944580
-.2217254639
-.1725921631
-.1395416260
.1467590332
.1929016113
-.2144470215
-.2543945313
-.2818298340
-.2952880859
-.2967987061
-.2717895508
-.2777099609
-.3427276611
-.3948669434
-.4227905273
-.4903259277
-.4536743164
-.3496704102
-.3233947754
-.3678131104
-.3790740967
-.4018859863
-.3645935059
-.3550262451
-.3500976563
-.4010162354
-.3854064941
-.3295898438
-.2005462646
-.1778717041
-.2784118652
-.2427673340
.2671813965
.3292236328
-.3551177979
.3452453613
-.4950866699
-.5000000000
-.5000000000
-.5000000000
-.5000000000
-.5000000000
-.5000000000
-.5000000000
-.4774780273
-.4776916504
.4999847412
-.5000000000
-.5000000000
-.5000000000
-.5000000000
-.5000000000
-.5000000000
-.5000000000
-.5000000000
-.5000000000
-.5000000000
-.5000000000
-.5000000000
.4247589111
.3503417969
.2836608887
.2869262695
-.2634735107
-.2917175293
-.3066101074
-.2686157227
-.1922607422
.1562652588
.1138153076
.1261596680
-.1293640137
-.1579589844
-.1482086182
-.1692352295
.1331634521
-.1452941895
.1358642578
.0906677246
.0837097168
.0563201904
-.0809326172
-.0585479736
.0616912842
-.0871582031
.0638275146
-.0998077393
-.0809783936
.0710296631
-.0977325439
.0823822021
.0730133057
-.0750427246
.1012573242
.0740814209
.0598297119
-.0703582764
.0701141357
-.0523071289
.0550231934
-.0514984131
.0457305908
-.0477600098
.0339660645
.0325622559
-.0421447754
.0441284180
.0436706543
.0210266113
.0214233398
.0211639404
.0276336670
-.0293884277
-.0249786377
.0202636719
-.0188140869
-.0160064697
.0219573975
.0212249756
.0186462402
-.0146942139
.0121765137
-.0211791992
-.0197296143
.0233917236
-.0186767578
-.0209808350
-.0156250000
.0174865723
-.0203094482
-.0241851807
-.0238342285
-.0256042480
-.0250091553
.0216217041
.0185394287
-.0248565674
-.0308990479
-.0332946777
-.0285949707
.0323944092
-.0234680176
.0357971191
-.0347747803
-.0303497314
.0240173340
.0226287842
-.0226135254
-.0229034424
.0205841064
-.0249633789
-.0262603760
-.0253448486
-.0253448486
.0206756592
.0127105713
.0097656250
.0100402832
.0097503662
.0093994141
-.0115356445
-.0111694336
-.0117645264
.0141601563
-.0130615234
-.0112152100
.0093536377
.0114440918
-.0122528076
.0062866211
-.0087280273
-.0087280273
-.0069427490
.0075683594
-.0045471191
-.0100555420
-.0109710693
.0092010498
.0122680664
-.0130157471
-.0193786621
.0148010254
-.0186004639
-.0241088867
-.0257415771
.0209197998
-.0223693848
.0230560303
-.0200958252
.0245056152
.0272369385
.0251007080
-.0220184326
-.0193481445
-.0258178711
-.0187530518
.0232238770
.0202636719
-.0255279541
.0176849365
.0151977539
.0115356445
.0142822266
-.0125732422
-.0120239258
-.0186920166
-.0145416260
.0202789307
-.0221557617
-.0215454102
.0212707520
.0228729248
.0247344971
.0213165283
.0199432373
-.0193786621
-.0186462402
-.0152740479
-.0137481689
-.0173339844
-.0172424316
-.0134429932
.0110778809
.0113067627
.0120239258
.0106658936
-.0135803223
.0164337158
-.0216827393
-.0285186768
-.0270538330
-.0277709961
.0260314941
.0234985352
-.0285491943
-.0264892578
.0275878906
-.0262451172
.0271148682
-.0319519043
.0303497314
.0296936035
.0305480957
-.0333557129
.0307006836
.0307159424
-.0295104980
.0307006836
.0311737061
.0321044922
.0318756104
-.0277404785
.0326690674
-.0310668945
-.0305786133
.0281524658
.0284271240
.0211639404
-.0242919922
.0265960693
.0265045166
-.0225830078
-.0197448730
.0142211914
-.0153808594
.0178375244
-.0187530518
-.0216674805
.0193481445
-.0163421631
-.0206756592
-.0180053711
-.0216064453
-.0186004639
-.0226593018
-.0203857422
-.0197448730
-.0182189941
-.0190277100
.0169525146
-.0151977539
-.0150909424
-.0117340088
.0097961426
-.0099487305
-.0089416504
-.0124816895
-.0103454590
.0145416260
-.0169830322
.0119934082
-.0112762451
.0125885010
-.0120697021
-.0139007568
-.0084991455
.0111541748
.0097045898
-.0107116699
-.0121459961
-.0143280029
-.0145568848
-.0138244629
-.0136413574
-.0132446289
.0150604248
.0139160156
-.0135192871
-.0106353760
-.0099182129
-.0090789795
.0104522705
-.0102539063
-.0112152100
-.0120086670
.0109252930
.0124359131
-.0130767822
-.0156402588
-.0113525391
-.0106201172
.0108032227
.0089111328
-.0100555420
-.0106201172
-.0077209473
-.0117492676
-.0115966797
-.0124969482
-.0143280029
-.0124816895
-.0117034912
-.0120086670
-.0092163086
.0101776123
.0082855225
.0075073242
.0066375732
.0060729980
-.0066680908
-.0065307617
-.0072784424
-.0073089600
-.0081787109
.0080566406
.0056457520
.0064544678
-.0079650879
-.0059051514
.0058288574
.0051574707
.0071563721
-.0078277588
-.0055999756
-.0101470947
-.0086517334
-.0095672607
-.0097656250
.0094604492
-.0090332031
-.0075378418
-.0083312988
.0087432861
.0060882568
-.0059509277
-.0056762695
-.0053100586
.0066528320
-.0057373047
-.0088806152
.0073547363
-.0060577393
.0074462891
.0065307617
-.0072326660
-.0067901611
-.0048370361
-.0046539307
.0051574707
.0064239502
.0066375732
-.0071105957
.0077819824
.0082702637
-.0059356689
.0051116943
-.0045928955
-.0030517578
.0048065186
-.0044860840
.0041503906
-.0041809082
-.0054626465
.0051116943
-.0047149658
-.0043182373
-.0047760010
-.0057830811
.0049743652
.0051422119
-.0044708252
.0046691895
-.0053405762
-.0045776367
-.0038146973
-.0034027100
-.0030212402
-.0026550293
-.0027008057
-.0045623779
.0035400391
.0023803711
.0037536621
