.0000152588
.0000152588
.0000152588
-.0000152588
-.0000152588
-.0000152588
-.0000152588
-.0000152588
.0000152588
-.0000152588
-.0000915527
-.0001831055
-.0000762939
.0001983643
.0001525879
.0001831055
.0001525879
.0002136230
.0002136230
.0000915527
.0000610352
.0001678467
-.0574951172
-.0350494385
-.0097656250
.0119476318
-.0158233643
-.0139007568
.0157775879
-.0102996826
-.0079040527
-.0123443604
.0220947266
.0135040283
-.0082092285
-.0087280273
.0064239502
-.0115509033
-.0095672607
-.0091552734
-.0087432861
-.0172119141
-.0061645508
.0192565918
-.0090179443
-.0111541748
-.0069427490
-.0056915283
.0093231201
.0051574707
.0056457520
.0096435547
.0136718750
.0122528076
-.0073699951
.0049591064
.0054779053
.0070343018
.0110473633
.0089416504
-.0073852539
-.0071105957
.0097503662
-.0046997070
-.0045776367
-.0083770752
-.0039215088
-.0026702881
.0023956299
-.0131072998
.0122222900
-.0081939697
-.0069885254
.0053253174
.0036621094
.0054931641
-.0070037842
-.0043640137
.0032043457
.0029602051
.0040740967
-.0076904297
.0057373047
-.0029602051
.0083312988
.0063171387
.0022888184
.0071868896
-.0026550293
-.0023040771
-.0023651123
.0036468506
.0027160645
.0051879883
.0036926270
.0035705566
.0032501221
-.0020904541
-.0025482178
-.0020751953
.0043640137
.0046234131
-.0035552979
-.0057067871
.0050811768
.0025024414
.0026550293
-.0057678223
.0042114258
.0037078857
-.0031127930
.0030975342
.0052185059
.0009765625
-.0035705566
.0015411377
.0032958984
.0037841797
-.0037384033
-.0020599365
-.0036926270
-.0015258789
.0033569336
-.0026092529
.0032501221
.0031280518
.0018005371
.0019989014
-.0021514893
.0023193359
.0019836426
-.0021972656
-.0163726807
.2142181396
-.0496063232
.0760040283
.0256042480
-.0507354736
.0499572754
-.1335601807
.1658630371
.0475006104
.0923767090
-.0437316895
-.0804290771
.0638122559
.0776672363
.0481262207
-.0413360596
.0321502686
-.0270843506
-.0568542480
-.0443725586
.0448760986
.0306854248
-.0279998779
.0374298096
.0274963379
-.0451965332
-.0177764893
-.0258941650
.0241699219
.0211181641
.0387573242
-.0264587402
-.0278778076
.0626831055
-.0289764404
.0157775879
-.0271606445
.0181732178
-.0223693848
.0332489014
.0227966309
.0178222656
.0200805664
.0180511475
-.0076141357
.0299682617
-.0187377930
-.0151977539
-.0216674805
-.0251464844
-.0197906494
-.0195770264
.0214538574
.0149536133
.0154113770
.0223388672
.0162963867
-.0168151855
-.0099639893
-.0163116455
-.0105285645
-.0219879150
-.0178680420
-.0193176270
-.0122985840
.0150756836
-.0133361816
-.0111389160
-.0204467773
-.0118408203
.0088958740
-.0202026367
.0194854736
.0104675293
-.0082397461
-.0109100342
.0058898926
.0176239014
.0082092285
.0141754150
.0073852539
.0107574463
-.0050964355
-.0052337646
.0076141357
.0061645508
.0090332031
-.0055236816
.0136566162
-.0125274658
.0090942383
.0064849854
.0060424805
-.0131225586
-.0089721680
-.0060424805
-.0068969727
.0060424805
-.0071258545
-.0061798096
.0086669922
-.0104370117
-.0041046143
.0093994141
.0068359375
.0076751709
-.0095825195
.0074310303
.0031280518
-.0059814453
-.0057220459
.0053710938
.0046691895
.0050506592
-.0065155029
-.0049896240
.0053253174
-.0040740967
.0072326660
-.0045166016
-.0046081543
-.0055389404
-.0019683838
-.0051422119
.0104370117
-.0073242188
.0027618408
.0189666748
.0043487549
.0059204102
-.0037841797
-.0037536621
-.0038757324
-.0103454590
.0064544678
.0139312744
.0057220459
-.0048217773
.0071411133
-.0046844482
-.0201263428
-.0051879883
-.0100708008
.0077819824
-.0047760010
-.0037841797
-.0039215088
-.0034179688
.0049285889
-.0096130371
-.0059356689
-.0041656494
.0036010742
.0046386719
-.0051269531
.0042114258
-.0045776367
-.0059661865
.0031280518
-.0032501221
-.0041809082
-.0029602051
.0064392090
-.0035095215
-.0030059814
.0032196045
.0038757324
.0038452148
-.0047760010
.0028228760
.0022125244
-.0024108887
.0056762695
-.0035705566
-.0042877197
-.0027770996
.0027160645
-.0031433105
.0017089844
.0025482178
-.0027465820
.0050354004
-.0029907227
.0027160645
.0023803711
-.0018615723
-.0028076172
-.0016632080
-.0023040771
-.0016479492
-.0019378662
.0027008057
.0019683838
-.0017852783
.0027465820
-.0012817383
-.0036163330
.0040893555
-.0013427734
.0025482178
-.0033264160
-.0016937256
.0009613037
-.0012512207
.0011138916
-.0028076172
-.0015563965
.0029602051
.0007171631
-.0037231445
.0031127930
-.0019836426
-.0013122559
.0025329590
-.0012512207
.0010528564
-.0017395020
-.0010986328
-.0011749268
-.0016937256
.0008087158
.0009460449
-.0027008057
-.0012512207
.0009918213
.0006713867
-.0007019043
-.0009765625
.0010833740
.0013732910
.0006408691
-.0004730225
.0010528564
-.0007019043
-.0008392334
-.0014038086
.0010528564
-.0023956299
.0016021729
-.0008087158
-.0012817383
.0016174316
-.0011291504
.0007629395
.0018463135
.0010375977
.0013275146
-.0012969971
.0010375977
-.0012969971
.0010070801
.0017089844
.0006103516
.0016784668
-.0023956299
-.0010833740
.0005187988
.0009155273
.0008239746
-.0006866455
-.0011749268
.0009307861
-.0004425049
.0002288818
-.0005187988
.0007019043
.0008239746
-.0006408691
.0012359619
-.0007629395
-.0005340576
.0003356934
-.0007629395
.0007019043
-.0004730225
-.0008392334
.0011444092
-.0004425049
.0008544922
.0007629395
.0007324219
-.0007324219
-.0009002686
.0004119873
-.0004272461
.0012207031
-.0004577637
-.0002746582
-.0003204346
.0006713867
-.0005187988
-.0004119873
-.0003814697
-.0005493164
-.0003356934
-.0004425049
.0007324219
-.0003662109
.0002288818
.0004882813
-.0003814697
.0005493164
.0005187988
.0005798340
.0006103516
-.0005187988
-.0004730225
-.0005035400
.0003967285
-.0002441406
-.0005340576
.0004119873
.0002593994
-.0003204346
-.0003662109
-.0006103516
-.0003051758
-.0003967285
.0008087158
.0002288818
-.0002746582
-.0002288818
-.0002899170
.0006713867
-.0003509521
.0003509521
-.0002288818
-.0002899170
.0003509521
.0004272461
-.0001831055
.0002746582
-.0006103516
-.0002593994
.0009613037
-.0003509521
.0006256104
-.0005035400
.0003051758
-.0002288818
.0001678467
.0003662109
.0001831055
.0003204346
-.0001831055
.0004119873
-.0232086182
.0056304932
.0021362305
.0018768311
-.0014953613
-.0016632080
-.0017089844
-.0143127441
.0030670166
-.0097656250
.0024871826
-.0012054443
.0024719238
.0014801025
-.0018463135
.0019073486
-.0017395020
.0010223389
.0009460449
.0031127930
.0018005371
-.0025024414
-.0015258789
-.0016632080
.0009765625
.0018463135
.0021667480
.0068511963
.0009307861
-.0033264160
-.0031127930
-.0017089844
.0012512207
-.0018768311
.0018920898
-.0015258789
-.0016021729
.0052642822
-.0015106201
.0052032471
-.0030822754
-.0010375977
.0026245117
.0012512207
.0021667480
-.0020141602
.0012664795
-.0009155273
.0015106201
.0014953613
-.0033721924
.0010986328
-.0009002686
.0012359619
.0018005371
-.0017700195
.0023651123
-.0011291504
.0016479492
.0011444092
-.0012969971
-.0011138916
-.0012207031
-.0013122559
.0004425049
-.0019073486
.0014190674
.0011444092
-.0016479492
.0014801025
-.0008239746
.0004730225
-.0009765625
.0007019043
.0013580322
-.0003662109
-.0011901855
-.0008239746
.0007476807
.0006713867
-.0006408691
.0005035400
-.0009460449
.0006866455
.0005798340
-.0008087158
.0013732910
-.0011444092
.0005645752
-.0009155273
-.0005950928
.0006561279
-.0008239746
-.0005035400
.0005645752
.0005493164
.0005798340
-.0006256104
-.0003967285
.0012969971
.0007019043
.0006408691
-.0008697510
.0003356934
-.0005035400
.0005035400
.0004577637
-.0011291504
-.0008239746
.0004119873
.0009002686
.0007171631
-.0003509521
-.0005493164
.0003356934
-.0003204346
.0002593994
-.0003051758
-.0004730225
.0007476807
.0004272461
-.0003356934
-.0003814697
.0004730225
-.0004730225
.0002441406
.0002899170
.0006256104
-.0004730225
.0002593994
.0007781982
-.0006256104
-.0003662109
-.0006256104
-.0003509521
.0003509521
-.0003051758
.0002441406
-.0003662109
-.0001983643
-.0004119873
.0005340576
-.0002746582
-.0002441406
.0003051758
-.0003051758
.0003814697
.0002746582
-.0002899170
.0003509521
.0002441406
.0004119873
.0001983643
-.0002441406
-.0003814697
.0003204346
.0004882813
.0003051758
.0002136230
.0005798340
.0002899170
-.0002441406
.0002441406
.0001373291
.0008239746
-.0005645752
.0001831055
.0003356934
-.0003356934
-.0020294189
-.0016479492
-.0015869141
-.0014038086
.0037384033
-.0012207031
-.0009002686
-.0094757080
-.0085144043
-.0033569336
-.0062713623
-.0109100342
-.0049743652
-.0050811768
-.0084381104
-.0045776367
-.0021362305
-.0038146973
-.0046234131
-.0030975342
-.0015106201
.0025787354
.0025634766
-.0030670166
-.0047149658
.0021820068
.0039062500
-.0035247803
.0014648438
-.0011901855
-.0022277832
.0019226074
.0016479492
.0023803711
-.0014801025
.0007019043
-.0021057129
.0010375977
.0054779053
-.0013427734
-.0026092529
.0015869141
.0011596680
.0026702881
-.0045013428
.0062713623
.0020904541
.0020294189
-.0029602051
.0019378662
-.0070495605
.0035552979
-.0020599365
-.0027770996
-.0018463135
-.0010986328
-.0020141602
.0015716553
.0014038086
.0016937256
-.0032196045
.0014190674
-.0023193359
-.0009918213
.0025939941
-.0025482178
.0010986328
.0020904541
.0010070801
.0033264160
.0011596680
.0009765625
.0009002686
.0008392334
-.0006713867
-.0025939941
-.0011444092
-.0010986328
-.0016937256
-.0014648438
-.0018920898
.0018463135
-.0012664795
.0015258789
-.0011291504
-.0012817383
.0012054443
.0018768311
-.0006561279
-.0008392334
-.0012207031
-.0007934570
.0005645752
.0019531250
-.0009613037
.0012207031
-.0009002686
.0009918213
.0013580322
.0008850098
-.0007019043
-.0003814697
-.0007324219
-.0012817383
.0012359619
.0011138916
.0008850098
-.0009307861
-.0010223389
-.0005035400
-.0008544922
.0009155273
.0011596680
.0002593994
.0004577637
-.0009765625
.0009765625
.0005493164
.0006866455
-.0004425049
-.0005645752
.0017395020
.0012359619
.0107116699
-.0014953613
-.0010681152
.0009002686
-.0035858154
.0012664795
-.0005035400
-.0039062500
-.0006561279
-.0022583008
-.0015411377
-.0019836426
-.0008850098
-.0007781982
.0005187988
.0006408691
.0008392334
-.0010528564
-.0014801025
.0012054443
.0010681152
.0007324219
-.0008850098
-.0007934570
-.0008239746
-.0007629395
.0009155273
-.0006713867
-.0007934570
-.0006713867
.0010375977
.0012664795
.0004119873
.0005798340
.0008850098
-.0007934570
-.0004882813
-.0007171631
.0006256104
.0006713867
.0006713867
-.0006256104
-.0012054443
-.0005340576
.0009765625
.0010070801
.0007324219
.0002593994
-.0004730225
.0020446777
.0010833740
.0011749268
.0007781982
-.0004425049
.0006866455
.0007934570
.0011444092
.0010070801
-.0005035400
-.0013885498
-.0004577637
.0009002686
.0006561279
.0006408691
-.0005187988
-.0006866455
-.0008087158
.0008850098
-.0007324219
-.0005798340
.0004272461
.0004425049
.0004272461
.0004425049
.0008239746
.0004730225
.0004272461
-.0004882813
.0006256104
-.0006408691
.0005493164
.0002746582
.0003967285
-.0003051758
-.0003204346
-.0006256104
-.0005798340
-.0002593994
-.0005340576
-.0007476807
-.0004730225
.0004119873
-.0004730225
-.0002899170
.0001220703
-.0003051758
-.0003356934
.0006561279
.0003509521
.0006866455
.0005493164
.0002441406
-.0007781982
-.0003204346
-.0005035400
-.0008392334
-.0006408691
-.0007476807
.0004119873
.0002746582
.0002593994
-.0002899170
.0006408691
.0006103516
.0002441406
.0006256104
.0002593994
.0003814697
.0003051758
-.0005340576
-.0004730225
-.0006713867
-.0002136230
-.0004272461
-.0002746582
-.0001831055
-.0002288818
-.0003814697
.0001831055
.0002593994
.0003356934
.0004577637
.0002746582
.0006103516
.0005798340
.0003509521
.0001983643
.0004425049
.0003662109
-.0001831055
.0003204346
.0001068115
.0003051758
-.0003204346
-.0003204346
-.0003356934
-.0002441406
-.0002899170
-.0002441406
-.0002288818
-.0001983643
-.0000762939
-.0001831055
.0001373291
.0004272461
.0001983643
-.0005493164
-.0003509521
.0001678467
.0003051758
.0004119873
.0002746582
-.0001220703
.0004425049
.0001525879
-.0003967285
-.0003204346
-.0001678467
-.0001983643
-.0001525879
.0005035400
.0003662109
-.0001220703
.0003356934
-.0001373291
-.0000610352
.0001525879
-.0002136230
-.0000762939
.0002593994
.0001525879
.0002593994
.0005798340
.0002441406
.0002136230
.0001831055
.0003662109
.0001525879
.0002136230
.0001831055
-.0002136230
-.0002593994
.0000762939
-.0001525879
-.0001525879
.0001220703
-.0003356934
-.0004577637
-.0001831055
.0001525879
-.0001525879
.0002136230
-.0003356934
-.0003814697
-.0002136230
.0002288818
-.0002441406
-.0002288818
-.0001525879
-.0003356934
-.0001220703
-.0001373291
-.0002136230
.0002136230
.0003662109
.0003204346
-.0000762939
-.0001525879
.0001373291
.0003509521
.0002288818
-.0001525879
-.0001068115
.0001068115
-.0000610352
-.0000762939
-.0001525879
-.0003204346
-.0002441406
-.0001983643
.0003356934
.0001068115
.0001068115
.0001831055
-.0000610352
.0005035400
