-.0000305176
.0000305176
-.0000305176
.0000305176
-.0000305176
.0000305176
-.0000305176
-.0000305176
.0000305176
-.0000305176
.0000305176
-.0000305176
-.0000305176
-.0000305176
.0000305176
-.0000305176
-.0000305176
.0000305176
-.0000305176
.0000152588
.0000305176
.0000305176
.0000305176
.0000305176
-.0000305176
-.0014495850
.0069122314
-.0086059570
.0088348389
-.0167999268
-.0185699463
-.0201263428
-.0191650391
-.0179595947
.0190429688
-.0230712891
.0204772949
-.0223236084
.0273895264
-.0097351074
.0049591064
.0049591064
-.0027465820
.0016021729
.0015563965
.0019226074
.0020294189
-.0027770996
-.0023040771
-.0010986328
.0009307861
.0030059814
.0020294189
-.0014038086
-.0022430420
-.0019531250
-.0011444092
-.0008544922
.0009613037
.0014801025
.0027008057
-.0014038086
-.0014495850
-.0007476807
-.0014190674
.0009460449
-.0010070801
.0009613037
.0011444092
.0011444092
.0004730225
.0008392334
-.0007324219
-.0012512207
-.0011444092
-.0013275146
.0007019043
.0013732910
-.0016174316
.0009613037
.0017089844
.0011596680
.0014038086
.0007476807
-.0015563965
-.0012969971
-.0012969971
-.0007781982
.0012054443
.0018005371
.0008239746
.0008697510
-.0008697510
-.0015411377
-.0015716553
-.0015106201
.0016632080
.0019989014
.0014648438
.0008697510
-.0071563721
-.0028839111
.0017089844
.0017089844
.0038299561
-.0056304932
-.0009002686
.0065460205
-.0021209717
-.0037689209
.0017089844
-.0021514893
.0007781982
.0010528564
-.0009460449
-.0014495850
.0012054443
-.0018157959
.0033569336
.0043487549
-.0019989014
.0101623535
.0035400391
-.0049591064
.0025939941
.0012054443
.0058746338
.0026245117
-.0021820068
-.0017547607
.0012207031
-.0011596680
-.0015411377
.0017395020
-.0017242432
-.0027770996
.0049591064
-.0053558350
.0017089844
.0165252686
-.0061187744
.0180358887
-.0046081543
-.0027313232
.0034942627
.0017242432
.0065307617
.0016174316
-.0063476563
-.0026702881
.0153808594
-.0022430420
-.0033721924
.0020904541
.0021209717
-.0124969482
.0019378662
-.0025177002
-.0054779053
.0106964111
-.0028381348
-.0021972656
.0025177002
.0010681152
.0021057129
.0016021729
.0126953125
.0144195557
-.0046691895
-.0452575684
.0065307617
.0025939941
-.0025939941
.0070037842
.0167083740
-.0038757324
-.0046539307
-.0015563965
-.0015869141
.0017700195
.0037078857
-.0061798096
-.0054779053
.0031433105
-.0028533936
.0024414063
-.0164794922
-.0024414063
.0037841797
.0074005127
-.0020904541
.0048065186
-.0065307617
-.0024871826
.0013580322
-.0018920898
-.0057830811
.0026855469
-.0016784668
.0017089844
.0032806396
-.0040435791
-.0055236816
-.0019073486
-.0066833496
-.0031890869
.0056304932
.0083465576
-.0254821777
.0051727295
-.0022430420
.0093841553
.0031127930
-.0016784668
.0036315918
-.0032196045
.0102233887
.0025787354
.0034790039
-.0050354004
.0018463135
.0103912354
-.0038757324
.0030517578
.0018463135
.0015411377
.0024108887
.0013275146
.0018920898
-.0043640137
-.0022583008
-.0053100586
.0050964355
-.0040130615
-.0030212402
.0028381348
.0038146973
-.0017395020
.0013885498
-.0019378662
-.0028991699
.0013275146
.0016326904
-.0021820068
.0019683838
-.0029907227
-.0020751953
.0023498535
-.0017242432
-.0023040771
.0027008057
.0015106201
-.0048370361
-.0032653809
-.0026092529
-.0023651123
-.0021514893
-.0011901855
-.0025024414
.0014801025
-.0031433105
.0025634766
-.0020446777
-.0029296875
-.0019073486
-.0031433105
-.0021972656
-.0033721924
.0021362305
.0013122559
-.0023803711
.0021972656
.0043792725
.0046539307
-.0020904541
.0032958984
-.0033416748
-.0042419434
.0024566650
-.0033569336
.0080718994
-.0043640137
-.0034790039
-.0025329590
.0016784668
.0022125244
.0019836426
.0080261230
-.0061950684
-.0057373047
-.0031738281
-.0034179688
.0033416748
.0039367676
-.0030212402
.0041656494
-.0036315918
.0021667480
.0044555664
-.0030212402
-.0038909912
.0026550293
-.0027618408
.0045776367
-.0046691895
-.0052185059
.0030517578
.0063323975
-.0027618408
.0054779053
-.0031738281
-.0027008057
.0016326904
.0074005127
-.0090484619
.0030212402
.0025329590
.0106658936
.0063629150
-.0028533936
-.0034942627
.0032196045
.0036926270
.0015563965
.0082702637
-.0077362061
.0033416748
.0198974609
.0036163330
-.0099029541
-.0017852783
-.0034637451
-.0126647949
.0039672852
-.0026245117
.0034790039
.0019378662
.0049896240
-.0031127930
-.0034637451
-.0045318604
-.0054626465
.0019836426
-.0023345947
-.0060424805
.0033874512
-.0051727295
-.0030975342
.0058746338
-.0059204102
-.0025787354
.0031585693
.0063171387
.0062713623
.0051879883
-.0056457520
.0076751709
-.0032958984
.0024261475
.0022583008
.0051574707
-.0033874512
.0023651123
-.0041046143
.0037536621
-.0054016113
.0056152344
.0028228760
-.0019226074
-.0060729980
.0085296631
.0022125244
-.0048828125
-.0027923584
.0031585693
-.0038146973
.0021972656
.0048828125
-.0027923584
.0033874512
.0030822754
-.0032806396
-.0035552979
.0028533936
.0123748779
-.0069122314
.0035705566
.0075073242
.0059509277
.0036926270
-.0036773682
-.0028686523
.0028686523
-.0033111572
.0034637451
.0071258545
-.0069885254
.0031890869
.0106353760
.0042114258
-.0037841797
.0019226074
-.0087280273
.0031280518
-.0027313232
-.0040740967
-.0041503906
.0026245117
.0032501221
-.0029754639
-.0032958984
-.0064392090
.0034942627
-.0055389404
-.0028686523
.0027008057
-.0035095215
.0026092529
.0041198730
.0081634521
-.0050659180
.0059051514
-.0046386719
-.0032043457
.0032348633
-.0031890869
.0064239502
.0093536377
-.0050811768
-.0025634766
.0058898926
.0034179688
-.0035552979
-.0032196045
-.0021972656
.0033874512
.0032501221
-.0043945313
.0068664551
-.0031433105
-.0052490234
.0030670166
-.0025787354
-.0014038086
-.0026702881
-.0024566650
-.0030670166
-.0051574707
.0025939941
.0038299561
.0103454590
.0041809082
.0037841797
-.0023498535
-.0023040771
-.0088195801
-.0031280518
-.0067443848
-.0042572021
.0057678223
.0021972656
.0063934326
.0045776367
-.0042572021
.0039672852
.0024871826
.0044708252
.0026550293
.0035095215
-.0049591064
-.0037689209
-.0058288574
.0044250488
.0085296631
-.0035552979
-.0036926270
.0041046143
.0032348633
.0025787354
-.0039520264
-.0038604736
.0030212402
-.0033264160
-.0062561035
.0040435791
-.0059356689
.0051727295
.0020751953
-.0025939941
-.0042114258
-.0046539307
-.0014495850
.0015258789
.0021820068
-.0018463135
.0016021729
.0029144287
-.0040283203
.0045776367
-.0029754639
.0036315918
.0036010742
.0017852783
.0019989014
-.0027770996
-.0023956299
-.0027770996
.0025177002
-.0036621094
-.0038146973
.0023193359
.0022583008
.0026702881
-.0017242432
-.0019073486
.0017242432
-.0027160645
.0021514893
-.0020446777
.0021820068
-.0023345947
-.0020141602
.0063018799
-.0034179688
.0038604736
.0025482178
-.0021667480
.0024261475
-.0041046143
-.0021514893
.0036163330
-.0020446777
.0023651123
.0028991699
-.0021820068
.0017089844
.0167388916
-.0067596436
-.0035552979
.0051879883
-.0036926270
.0031585693
-.0022583008
-.0029449463
.0016784668
.0012054443
.0034027100
.0023193359
.0048217773
.0034027100
-.0027770996
.0025634766
-.0020294189
.0159301758
-.0034179688
.0051116943
.0021514893
.0578613281
-.0155181885
.0053100586
.0027923584
-.0033874512
-.0027923584
-.0028686523
.0021057129
-.0012359619
.0061340332
-.0039215088
.0032348633
.0015411377
.0012512207
-.0018157959
-.0048828125
.0030975342
.0042419434
-.0017089844
-.0023956299
.0022888184
.0038757324
.0030975342
.0045928955
-.0022430420
.0035705566
-.0069732666
.0044250488
.0034790039
-.0029907227
.0019989014
.0027770996
-.0021209717
-.0026245117
.0027618408
.0037231445
-.0019836426
-.0036315918
-.0018920898
.0019683838
.0022430420
.0029602051
.0036163330
.0025787354
-.0025024414
-.0014038086
.0021972656
-.0015411377
.0024261475
.0056457520
.0013732910
-.0021514893
-.0014953613
-.0014343262
.0024261475
-.0030517578
-.0023498535
.0018005371
-.0018310547
-.0020904541
.0036926270
.0018005371
-.0027770996
.0015411377
-.0018005371
-.0017089844
.0021514893
-.0022125244
.0023193359
.0015563965
-.0019226074
-.0038452148
-.0019683838
.0016784668
-.0015258789
.0018615723
-.0021057129
-.0016937256
.0052490234
-.0024108887
.0018463135
-.0015869141
.0055541992
-.0015258789
-.0022430420
-.0022430420
-.0022583008
.0016937256
-.0015563965
.0022277832
.0038757324
.0019073486
-.0034027100
-.0025482178
-.0033569336
-.0023193359
.0034179688
-.0025787354
-.0037231445
.0027313232
.0010528564
.0020904541
.0036315918
-.0084228516
.0032958984
-.0024261475
.0020751953
.0022583008
.0025482178
-.0012359619
-.0016937256
-.0016784668
.0011444092
-.0010223389
.0029907227
.0016632080
-.0034484863
.0017089844
.0031738281
.0030212402
.0022277832
-.0107269287
-.0049285889
-.0020599365
-.0024566650
.0011596680
-.0020599365
-.0017242432
-.0026702881
.0019378662
.0088806152
.0037841797
-.0021514893
-.0041046143
.0026397705
.0020294189
-.0029449463
.0087890625
.0022277832
.0016784668
.0024566650
-.0022125244
-.0024261475
.0011901855
.0007781982
-.0016479492
-.0013427734
.0013732910
-.0014801025
-.0023651123
-.0011596680
.0013885498
.0011596680
-.0013427734
.0015258789
.0009765625
.0022430420
-.0025177002
-.0024261475
-.0010681152
-.0017852783
.0018157959
.0019073486
.0027465820
.0008850098
-.0044708252
-.0032501221
.0027923584
-.0011749268
.0023498535
-.0016326904
-.0027923584
-.0019378662
-.0016632080
.0019836426
.0016632080
.0013580322
-.0011901855
.0017547607
-.0014953613
-.0013580322
.0022125244
.0023956299
.0021209717
-.0015716553
.0011138916
.0132751465
.0021514893
.0024108887
.0025024414
.0028228760
-.0027923584
.0021209717
.0011901855
-.0051116943
-.0018310547
.0016479492
-.0034179688
.0012817383
.0016784668
.0016174316
-.0016784668
.0031127930
-.0018615723
.0029449463
.0014343262
-.0010375977
-.0010986328
.0053253174
.0012359619
.0012817383
.0014343262
.0011444092
.0055084229
-.0023803711
.0013732910
.0007934570
.0011138916
-.0027008057
.0018920898
.0161132813
-.0031280518
-.0037078857
-.0029754639
.0032348633
-.0052947998
.0037231445
.0020751953
.0019531250
-.0017395020
-.0012969971
.0014953613
.0022888184
.0011596680
-.0017089844
-.0014648438
-.0014190674
.0010528564
.0036926270
.0015411377
-.0011596680
.0023956299
-.0016021729
-.0010375977
.0012207031
.0010528564
-.0018615723
-.0015411377
-.0007476807
.0009460449
-.0012969971
.0010223389
.0014190674
.0010070801
-.0012969971
-.0015716553
-.0010528564
.0007781982
.0009613037
.0013427734
.0008544922
.0016326904
-.0013275146
.0009002686
.0009002686
-.0010223389
-.0012512207
-.0013885498
.0009002686
.0014801025
-.0038146973
.0011901855
.0023040771
.0010681152
-.0009765625
-.0018005371
-.0013885498
-.0009155273
.0017395020
.0017395020
-.0019683838
.0036621094
-.0010375977
.0012054443
.0012207031
.0018615723
-.0019226074
-.0018920898
.0013275146
.0006866455
.0013580322
.0010833740
.0019226074
.0022430420
-.0014038086
-.0024719238
-.0013885498
-.0016784668
.0015869141
.0016937256
.0009765625
.0014343262
-.0011138916
-.0018615723
-.0011596680
-.0010986328
-.0013732910
.0019989014
.0012359619
.0016784668
-.0007934570
-.0018768311
-.0009460449
-.0017395020
.0009765625
-.0010070801
-.0009460449
-.0011901855
-.0008697510
.0012207031
.0013122559
.0014801025
-.0012054443
-.0018157959
-.0013122559
-.0012054443
.0011901855
.0010223389
-.0010070801
-.0009307861
.0010223389
-.0008544922
.0012969971
.0010986328
.0009765625
.0013580322
-.0010223389
-.0017395020
-.0013885498
.0011901855
-.0008697510
-.0008544922
.0007629395
-.0008087158
.0011291504
.0010833740
-.0014190674
.0007781982
-.0009155273
-.0013580322
.0008087158
.0011138916
.0017395020
-.0008544922
-.0011749268
-.0014190674
-.0016326904
-.0007781982
.0018768311
.0013885498
.0015716553
.0009002686
-.0011596680
-.0016326904
.0008544922
.0011596680
-.0007324219
-.0010070801
.0009918213
-.0010833740
.0009307861
.0007171631
.0006713867
-.0010528564
-.0011138916
-.0008850098
-.0008544922
.0006561279
.0010223389
.0009460449
.0007781982
-.0006866455
-.0008239746
-.0007781982
-.0007934570
.0007171631
-.0008544922
-.0012664795
.0011749268
.0014801025
-.0009460449
-.0008850098
-.0011901855
-.0011901855
-.0009765625
-.0008697510
.0006561279
.0012969971
.0007934570
.0005950928
-.0008239746
.0005035400
-.0003967285
-.0004577637
-.0009307861
-.0005950928
-.0009613037
.0005798340
.0009613037
.0011901855
.0005798340
-.0006103516
-.0007629395
-.0005340576
-.0005340576
.0006866455
.0005187988
.0005493164
.0008239746
-.0006408691
-.0006561279
.0006866455
-.0005645752
.0006256104
-.0004577637
-.0004882813
.0003814697
.0004577637
-.0005645752
.0003662109
.0005340576
-.0004882813
-.0005493164
.0004272461
-.0003662109
.0004272461
.0005187988
.0003509521
-.0004882813
-.0003356934
-.0005340576
.0005035400
-.0004119873
-.0004119873
.0003509521
.0005035400
