-.0000457764
-.0000610352
-.0000610352
-.0000457764
-.0000457764
.0000457764
.0000457764
-.0000457764
-.0000610352
-.0000457764
.0000457764
.0000457764
-.0000457764
.0000457764
.0000610352
-.0000457764
-.0000457764
.0000457764
.0000762939
-.0000610352
-.0000457764
-.0000610352
-.0000610352
-.0000457764
-.0000610352
-.0000457764
.0000457764
-.0000457764
.0000610352
.0001068115
.0006103516
-.0011596680
-.0015716553
.0020141602
-.0022277832
-.0022735596
-.0026550293
.0034332275
-.0033111572
.0029907227
-.0047302246
-.0054016113
.0048675537
.0064086914
-.0067901611
-.0066680908
.0070800781
.0077667236
-.0070800781
.0079956055
-.0087585449
-.0087890625
-.0095977783
.0133819580
-.0091247559
.0071105957
.0131530762
-.0090332031
.0077362061
.0115814209
.0130004883
-.0112762451
.0108184814
-.0099639893
-.0120086670
.0103607178
-.0123901367
.0090484619
.0125579834
.0106048584
-.0139160156
-.0169525146
-.0162048340
.0182952881
.0159454346
-.0104980469
.0163726807
.0138702393
.0095672607
-.0136566162
-.0150909424
.0167388916
.0147399902
-.0185089111
.0156860352
-.0201873779
.0152435303
-.0209503174
-.0185089111
-.0202941895
.0185699463
.0214538574
.0200958252
-.0269470215
-.0162963867
-.0202178955
.0198822021
-.0190734863
-.0250701904
-.0193786621
.0296020508
.0161743164
-.0207366943
.0219573975
.0202026367
-.0210571289
.0271301270
.0361480713
-.0261383057
.0291900635
-.0289611816
.0402374268
-.0261535645
.0289459229
-.0232543945
-.0287170410
.0235137939
.0309753418
-.0194702148
-.0262451172
-.0225219727
.0257110596
-.0338287354
.0195617676
.0234527588
.0211486816
-.0292663574
.0288848877
.0242767334
.0418548584
.0207061768
-.0265197754
-.0222778320
-.0241546631
-.0212249756
.0273132324
.0237731934
.0232086182
.0215606689
-.0253601074
.0253753662
.0225982666
-.0261688232
.0253295898
.0262756348
.0294799805
.0284118652
.0227661133
.0172271729
-.0316009521
-.0250549316
-.0237426758
.0277404785
.0285034180
-.0200042725
.0371856689
-.0296325684
-.0245208740
.0223236084
-.0330810547
-.0368957520
.0334167480
-.0298004150
.0260162354
.0395507813
.0360717773
-.0487823486
.0380401611
.0402374268
.0486907959
-.0317077637
.0442657471
.0298767090
.0365142822
.0404205322
-.0413360596
.0355834961
-.0627746582
-.0338134766
-.0444488525
-.0316314697
.0384368896
-.0444488525
.0393218994
.0473327637
.0370635986
-.0956420898
.2596435547
.2406158447
.1124114990
.3468322754
.3123321533
.2472534180
.2410278320
.2406768799
.2440032959
.2515411377
.2480621338
.2585906982
.2530059814
.2495269775
.2256317139
.2465209961
.2504577637
.2555389404
.2615966797
.3639831543
.3052215576
.2899932861
.2676544189
.2607269287
.2530517578
.2466430664
.2483367920
.2430877686
.2480010986
.2133941650
.2469177246
.2431640625
.2426452637
-.2514190674
.2686309814
.2571411133
.2659912109
.2493438721
.2184295654
.2118072510
.1860961914
.2223663330
-.1832427979
.2086639404
-.1440582275
.1582641602
.1846008301
-.1297760010
.1282196045
-.1051788330
-.0912017822
-.0974273682
-.1602325439
.0801849365
.0730438232
.1188354492
-.1154022217
.2456054688
.2144775391
.2502746582
.2926330566
.2948760986
.3041381836
.2888793945
.2847595215
.3026428223
.2904663086
.2946777344
.2607269287
.2583312988
.2535400391
.2565917969
.2422637939
.2441406250
.2574310303
.2481842041
.2544097900
.2611694336
.2581329346
.2486419678
.2437133789
-.1854705811
.2389526367
.2366485596
.1882476807
-.1961059570
.1715087891
.1737670898
-.1781463623
-.1476593018
-.1864624023
.1204986572
.0949249268
-.1186828613
-.1359100342
.1033935547
-.1635742188
-.1286773682
.0777893066
-.0917053223
-.0877532959
.0798645020
.0867919922
-.0715789795
-.0565643311
-.0819396973
-.0972595215
-.0859832764
.0667724609
.0612487793
-.0815734863
-.0886535645
-.0579223633
.0395660400
-.0622711182
.0520935059
-.0426177979
.0534057617
-.0553741455
-.0669555664
.0388336182
-.0455627441
-.0379638672
-.0554656982
-.0494537354
.0376281738
-.0242004395
-.0459136963
.0503845215
-.0319824219
.0315093994
-.0259399414
-.0513153076
.0317382813
-.0473480225
-.0305938721
-.0308990479
.0459289551
-.0297088623
-.0398254395
.0330963135
.0390472412
-.0278930664
-.0336914063
.0484313965
-.0257263184
-.0289306641
-.0338134766
-.0353240967
-.0486297607
.0360717773
-.0312805176
.0281677246
-.0246734619
.0341949463
-.0255126953
.0259399414
-.0473175049
.0377807617
.0287322998
-.0388641357
-.0260925293
.0324707031
-.0238952637
-.0367736816
-.0310211182
.0296325684
.0331878662
-.0375213623
.0380249023
-.0294494629
.0420532227
-.0376129150
-.0559387207
.0322570801
.0371246338
.0320892334
.0369262695
.0307006836
-.0373992920
-.0281829834
-.0453948975
-.0363922119
.0300750732
.0399780273
-.0397338867
-.0394592285
-.0328979492
.0358276367
.0423278809
-.0506134033
.0343627930
-.0359344482
.0412750244
-.0355682373
.0343627930
-.0411529541
-.0409851074
-.0300903320
.0442810059
.0250396729
.0257720947
.0289001465
-.0393676758
.0394897461
-.0346221924
-.0310974121
-.0280914307
.0277404785
.0350341797
-.0334167480
.0288238525
-.0305786133
.0349273682
.0297698975
-.0247802734
-.0318298340
.0240783691
.0276336670
.0275115967
-.0326995850
.0283050537
.0282745361
-.0205535889
-.0511474609
.0232696533
.0389099121
-.0321044922
-.0281219482
.0232238770
-.0231933594
-.0233764648
-.0213470459
.0300140381
-.0399627686
.0361022949
.0256042480
-.0270538330
.0280303955
-.0406494141
.0162048340
.0354766846
.0320129395
.0259857178
.0305480957
-.0337677002
.0314941406
-.0283355713
.0400238037
-.0366821289
.0327606201
-.0557098389
.0343780518
-.0364837646
.0330963135
-.0354919434
.0504150391
-.0438537598
-.0384979248
.0319671631
.0352783203
-.0352478027
.0363616943
-.0390167236
.0495758057
.0407562256
.0405426025
-.0384979248
.0314941406
.0302124023
.0366058350
.0354919434
-.0267639160
.0388183594
.0373840332
-.0461425781
-.0586700439
.0352935791
.0325775146
.0387115479
.0393676758
-.0367736816
-.0265502930
.0437927246
.0276794434
.0471954346
.0387725830
.0455474854
-.0462188721
.0302124023
.0281219482
-.0310058594
.0382995605
.0331726074
.0425567627
.0387573242
-.0475769043
.0533599854
-.0350341797
.0422058105
.0398864746
-.0364685059
.0342712402
-.0487670898
.0364990234
.0480651855
.0508117676
.0666351318
.0574493408
.0402526855
-.0397186279
-.0326080322
-.0486755371
.0360260010
.0501098633
-.0497436523
.0430450439
.0460510254
-.0465850830
.0636138916
-.0564575195
.0454406738
-.0509185791
.0382537842
.0610809326
-.0489044189
.0342102051
.0509490967
-.0325012207
.0430450439
.0385742188
-.0343170166
-.0521240234
.0546264648
.0535430908
.0356140137
.0498962402
-.0389709473
-.0464019775
-.0413055420
.0287170410
-.0391693115
-.0355224609
-.0442657471
.0523834229
-.0448150635
.0435943604
.0373535156
-.0294036865
.0396575928
-.0339202881
.0354156494
.0386810303
-.0326385498
.0289306641
.0302886963
.0349731445
.0407409668
-.0339965820
.0235900879
-.0464324951
.0374450684
.0299072266
-.0299224854
.0412597656
.0408630371
.0368804932
.0279388428
.0374908447
-.0470275879
-.0349731445
.0391082764
.0397033691
-.0459594727
-.0367584229
-.0378265381
-.0401153564
.0371093750
-.0409698486
-.0346374512
-.0342559814
-.0411376953
-.0492248535
-.0478820801
-.1091003418
.1555328369
-.2895660400
-.2543640137
.4860687256
.3904113770
.4348144531
.3693695068
.3654632568
.3698272705
.3656616211
.3693542480
.3680877686
.3708953857
.3735656738
.3033905029
.3596496582
.3870391846
.3131256104
-.2932739258
-.4350585938
.4702911377
.4633026123
.3677215576
.3933715820
.3667602539
.3775939941
.3734588623
.3845367432
.3601837158
.3664703369
.3631591797
.3520812988
.3639526367
.4720001221
.4111022949
.3741455078
-.3776550293
.3993988037
-.3128204346
.2653808594
-.2880096436
.3326110840
.3202514648
.2451629639
.2176055908
.2123565674
.2138366699
.1709442139
.1794281006
.2139739990
.2631988525
-.1972351074
-.1640777588
.1924438477
-.1818695068
.1660461426
-.1742248535
.3496551514
.3509216309
.3493347168
.4084472656
.4020233154
.4456634521
.4251556396
.4198913574
.4506683350
.3942718506
.3759155273
.3901672363
.4173583984
.3863830566
.3876495361
.3732452393
.3589172363
.3748474121
.3673553467
.3718566895
.3943786621
.4006347656
.3731994629
.3832092285
-.2806091309
.3507995605
.3176879883
.3556671143
.2700042725
.3140563965
.2831726074
.2968139648
.2327270508
.1805877686
-.1894073486
.2437591553
-.1532897949
-.1867218018
-.2538299561
-.1723785400
-.1327056885
.1632843018
-.2032928467
.1190490723
-.1080474854
.1326751709
-.1730651855
-.1532440186
.0793304443
.1086578369
.1142120361
.0807952881
.1181640625
-.0960998535
.1071624756
-.0852661133
.0788574219
-.0633087158
-.0711517334
.0968475342
.0825042725
.0749511719
-.0619659424
-.0523529053
.0732269287
-.0857238770
.0821990967
.0669403076
-.0626068115
-.0847015381
-.0618743896
.1020812988
-.0639495850
-.0528106689
-.0539855957
-.0689239502
-.0906524658
.0827178955
.0605468750
-.0934906006
.0700225830
-.0559539795
-.0669097900
.0700988770
-.0860595703
-.0677642822
.0649414063
-.0784606934
-.0551147461
.0580444336
-.0509033203
-.0599975586
.0598602295
.0592956543
-.0679626465
-.0919494629
-.0727386475
.0747528076
.0700683594
.0772247314
-.0723876953
-.0510101318
-.0815582275
-.0671234131
-.0690460205
-.0903930664
-.0738067627
-.1367034912
-.1208953857
.1288757324
.0895080566
-.1394500732
-.1544494629
.1152801514
-.0924072266
.1171264648
-.1202087402
.0967254639
.1214752197
.0999145508
-.1600341797
.1240234375
-.1360626221
.1374816895
.1683654785
.1230468750
-.1134948730
-.0911560059
-.1151428223
-.1191558838
.1272583008
-.1038970947
.1119842529
.1268920898
-.1321563721
-.0970153809
.1086883545
.1074523926
-.1290283203
-.0976562500
.1060028076
-.1042327881
.1179809570
.1175537109
-.1123809814
-.1061401367
.1113128662
.1067047119
-.1145935059
.1021728516
-.0958557129
-.1281585693
.0843505859
-.0860748291
-.0875854492
.0716857910
-.1100006104
-.0812988281
-.1342468262
-.0818176270
-.0600128174
.0643768311
-.0813903809
.0713500977
-.0725860596
-.0551757813
-.0740356445
.0612030029
.0750122070
-.0568237305
-.0693969727
.0717773438
.0537414551
-.0654449463
.0532531738
-.0919952393
-.0530700684
.0712585449
-.0492553711
.0484313965
-.0482177734
-.0628356934
-.0481414795
.0448303223
-.0605163574
-.0406799316
.0590972900
.0440368652
-.0392456055
-.0593566895
.0441284180
-.0455017090
.0456085205
.0373535156
.0417633057
-.0352325439
.0345306396
-.0502777100
.0623474121
-.0447998047
.0374908447
-.0477600098
.0401763916
.0510253906
-.0358886719
-.0402069092
.0381317139
.0494079590
.0415039063
-.0485839844
.0256347656
-.0317535400
-.0381317139
-.0635681152
.0387420654
.0409240723
-.0401306152
-.0338592529
.0374145508
-.0425109863
-.0426635742
.0548706055
.0628356934
.0383758545
-.0379028320
.0408935547
-.0305786133
-.0373077393
-.0299224854
.0477142334
-.0486602783
-.0515289307
-.0452423096
.0486297607
-.0391235352
-.0423431396
-.0513153076
-.0491027832
-.0537414551
-.0475463867
.0630187988
-.0398254395
-.0550842285
-.0345916748
.0433197021
-.0342712402
.0399780273
-.0317993164
.0523529053
.0402069092
.0355987549
-.0535278320
.0378723145
.0435943604
-.0423583984
.0409545898
-.0372467041
-.0490722656
.0380401611
-.0491485596
.0364074707
.0354156494
.0456542969
.0365447998
.0596313477
-.0508880615
.0303344727
.0287475586
.0509796143
-.0353240967
-.0363922119
-.0296630859
.0384979248
.0240631104
.0270843506
-.0420227051
.0421447754
.0375671387
.0526275635
.0362701416
.0356292725
.0253448486
-.0284118652
.0350494385
.0351104736
.0321197510
-.0308074951
.0242309570
.0264739990
.0348052979
-.0325012207
-.0272369385
-.0230102539
.0311889648
-.0325927734
-.0258331299
-.0202026367
.0290985107
.0205993652
-.0204620361
.0253906250
-.0283508301
-.0218200684
.0194091797
.0379791260
.0248565674
.0196075439
.0195770264
.0137786865
.0206451416
-.0164337158
-.0234222412
-.0200653076
-.0189361572
.0162048340
.0178070068
.0210113525
-.0213928223
-.0147552490
.0167846680
-.0135040283
.0195312500
-.0146179199
-.0139312744
.0144195557
-.0135192871
.0168457031
.0132293701
.0115051270
.0128784180
.0113830566
-.0139007568
.0201263428
.0129547119
-.0151977539
-.0127258301
-.0147857666
.0129241943
.0116729736
-.0076904297
-.0099029541
-.0096435547
-.0105743408
.0104217529
-.0073089600
-.0116882324
.0079498291
-.0092620850
.0076599121
.0077667236
.0080108643
-.0073394775
-.0057525635
.0070343018
-.0054473877
-.0059051514
.0061798096
-.0064086914
.0056457520
.0050964355
.0028228760
.0039978027
.0032348633
.0029296875
-.0020751953
.0018463135
.0023956299
.0020446777
-.0017395020
-.0014953613
.0009002686
.0008850098
-.0001983643
.0240631104
