.0000305176
.0000305176
.0000305176
.0000305176
-.0000305176
-.0000305176
.0000305176
.0000305176
.0000305176
.0001831055
-.0009460449
-.0022735596
.0059356689
.0092926025
-.0221557617
-.0187072754
.0121154785
.0076446533
-.0129699707
-.0115814209
.0195159912
-.0187530518
.0157623291
.0133361816
-.0121765137
.0147552490
.0151824951
.0129394531
.0201568604
.0216674805
.0190277100
.0245666504
-.0174407959
-.0156402588
.0195312500
.0253753662
.0298461914
.0236816406
-.0181579590
.0284271240
.0216522217
-.1183013916
.0419006348
-.0421752930
-.0412902832
.0110168457
-.0186004639
.0171661377
.0230407715
.0223388672
.0144195557
.0215148926
.0155639648
.0221252441
.0102386475
-.0143585205
-.0158538818
.0202484131
-.0238647461
-.0100555420
.0128479004
.0110473633
-.0196685791
-.0157623291
-.0188140869
-.0190887451
-.0171813965
-.0113983154
-.0188751221
.0156402588
.1147460938
.0377502441
-.0292205811
-.0222778320
-.0231323242
-.0228271484
.0191955566
-.0182189941
.0208740234
.0220642090
.0234985352
-.0213928223
-.0204010010
-.0190734863
.0202789307
-.0196380615
-.0237884521
-.0210113525
.0240325928
.0185089111
.0244903564
-.0204162598
-.0174407959
.0208587646
.0206451416
.0204772949
.0171356201
.0206604004
.0176544189
.0207519531
.0151214600
.0155487061
.0150299072
.0170135498
.0168914795
.0202941895
.0211639404
.0202484131
.0187072754
.0201568604
-.0177154541
.0220947266
.0201721191
.0209503174
.0201110840
.0230407715
.0215911865
.0233154297
-.0214385986
-.0217895508
.0204010010
-.0231628418
.0259552002
.0253448486
.0241699219
.0226135254
.0241699219
.0205078125
-.0186309814
-.0189208984
-.0226135254
.0203094482
.0209045410
.0193786621
.0232238770
.0193786621
.0233001709
.0226745605
.0172882080
.0170745850
.0220794678
.0207519531
.0240783691
-.0180053711
.0211334229
-.0189666748
-.0212860107
.0155487061
-.0220336914
.0217285156
.0205383301
.0221099854
-.0131225586
.0931854248
-.0164031982
-.0123901367
.0126495361
-.0106048584
.0112457275
-.0176849365
-.0109863281
-.0173492432
-.0130920410
-.0120239258
-.0111083984
-.0084533691
-.0124511719
-.0134735107
-.0110321045
.0166473389
.0179901123
.0157928467
.0170745850
.0167541504
.0164794922
.0150756836
.0169219971
-.0134277344
.0162048340
.0188903809
.0102844238
.0144805908
.0166015625
.0173645020
.0151824951
.0165710449
.0155487061
-.0173645020
-.0151214600
.0178375244
-.0158233643
.0170898438
-.0145568848
.0155487061
.0045623779
-.1089630127
-.0416412354
.0249176025
.0197753906
.0211791992
.0194091797
.0178527832
.0194244385
-.0166931152
-.0144500732
.0166931152
.0149230957
.0180969238
.0183105469
-.0176696777
.0160369873
.0194702148
.0145111084
.0156250000
-.0174865723
.0167999268
.0162963867
.0195922852
-.0148010254
.0192413330
.0217132568
.0188598633
-.0185394287
.0191955566
.0171356201
.0171508789
-.0173034668
-.0187072754
.0160827637
.0183868408
-.0185394287
-.0178222656
-.0191192627
.0184783936
.0161895752
.0181884766
-.0198669434
-.0173492432
-.0174255371
-.0190277100
-.0174255371
-.0175018311
-.0217285156
.0233154297
.0197296143
.0269165039
.0164337158
-.0127716064
-.0126342773
-.0117340088
-.0212860107
-.0205993652
-.0211944580
.0206146240
-.0183410645
-.0187683105
-.0098419189
.0136108398
-.0162048340
-.0154876709
-.0151519775
.0181884766
.0203399658
.0184173584
.0231628418
.0234985352
.0182952881
.0172729492
.0194549561
-.0201263428
-.0173950195
.0249938965
.0184173584
.0226440430
.0175323486
.0177764893
.0212097168
-.0553741455
.0265350342
-.0114898682
.0180816650
.0134887695
.0112762451
.0155792236
.0137176514
.0100555420
.0182800293
.0092468262
.0110321045
-.0093688965
-.0093078613
-.0111236572
-.0101318359
-.0091705322
-.0106048584
-.0105895996
.0136871338
.0117340088
.0107879639
.0104675293
.0104522705
.0079498291
-.0073852539
.0101623535
.0092468262
-.0087280273
.0096588135
.0084686279
.0117340088
.0115051270
.0108795166
.0112304688
.0138854980
.0104522705
-.0095977783
-.0098419189
-.0096130371
.0116119385
.0036773682
.0463867188
.0819396973
-.0271148682
.0150909424
.0082397461
-.0095214844
-.0175933838
.0215148926
-.0994262695
-.0247955322
-.0167388916
-.0159454346
-.0110015869
.0099487305
-.0097198486
-.0270080566
-.0124969482
.0086822510
-.0066223145
.0040130615
.0113525391
.0117645264
.0072937012
-.0183868408
-.0376892090
.0433349609
.0267944336
-.0958862305
-.0280609131
-.0178222656
-.0158233643
-.0131072998
-.0072174072
-.0085296631
-.0156860352
.0151519775
.0123291016
.0276489258
.0164489746
-.0125122070
.0141143799
-.0178680420
-.1755218506
.0391693115
.0211639404
.0268249512
-.0113372803
-.0168914795
-.0303039551
-.0322570801
-.0362548828
.0221862793
-.0125274658
.0226135254
.0135345459
-.0069580078
.0102996826
.0192108154
-.0164031982
.0290069580
.0299835205
-.0122222900
-.0068511963
.0065460205
-.0058593750
.0103302002
.0272064209
-.0230255127
-.0174865723
-.0099182129
.0082550049
-.0027923584
.0018463135
.0018157959
-.0013427734
-.0011444092
-.0009613037
.0010070801
-.0006256104
.0005035400
.0007781982
-.0005187988
.0006408691
-.0017395020
-.0150756836
-.0137481689
-.0140991211
-.0190277100
-.0153198242
.0134582520
.0142364502
-.0142059326
-.0140838623
.0282135010
.0207061768
.0139312744
-.0108795166
-.0184020996
-.0133056641
.0186157227
.0145721436
.0117492676
.0113830566
.0129241943
.0177001953
.0203857422
.0245971680
-.0246429443
.0207366943
.0140533447
.0174407959
.0186004639
.0239715576
-.0265197754
.0135498047
.0079040527
.0140228271
-.0083770752
-.0234527588
-.0142364502
.0078125000
-.0056457520
-.0047760010
.0065612793
-.0089263916
.0087127686
-.0089111328
-.0162658691
-.0167999268
-.0197906494
-.0159301758
.0149536133
.0146331787
.0174407959
.0154876709
.0194091797
.0190124512
.0193023682
-.0153503418
.0192108154
.0119171143
.0158843994
-.0191345215
.0245208740
.0148620605
.0178222656
.0356903076
-.0213928223
.0239562988
.0157165527
.0144653320
-.0134429932
-.0144500732
.0151214600
.0102691650
.0118560791
.0166778564
-.0155639648
-.0182495117
.0235900879
.0200347900
-.0263977051
.0225830078
.0343933105
.0431365967
.0265655518
-.0121307373
.0243988037
.0266571045
.0170745850
-.0190429688
.0142974854
.0093231201
.0185241699
-.0119781494
.0182189941
.0215759277
-.0108642578
.0155487061
-.0115509033
.0202636719
-.0230102539
.0217895508
-.0321655273
-.0204010010
.0146942139
.0196838379
.0177917480
.0208129883
.0200805664
.0166625977
-.0196685791
.0176696777
-.0184783936
-.0225830078
-.0121917725
-.0209960938
-.0194702148
-.0172729492
.0138092041
.0166473389
.0166015625
.0213623047
.0215454102
.0173034668
.0171051025
-.0186004639
.0154113770
.0177612305
.0168304443
.0180816650
-.0189208984
-.0164184570
-.0137329102
.0176239014
-.0129699707
-.0118865967
-.0112609863
-.0073699951
.0139312744
.0115356445
.0137786865
-.0109405518
-.0092773438
.0105590820
-.0125274658
-.0151519775
.0119018555
.0134277344
.0129699707
.0106048584
-.0135650635
.0183258057
-.0211486816
.0199737549
-.0187225342
.0238800049
.0260620117
-.0247802734
.0112457275
-.0280303955
-.0151977539
.0075378418
-.0101623535
-.0100708008
-.0085296631
-.0088043213
.0107574463
-.0131835938
-.0148925781
.0101165771
-.0106353760
.0123443604
-.0126495361
-.0152130127
-.0169372559
-.0149230957
-.0186920166
-.0165557861
-.0129394531
.0128631592
.0116119385
.0167541504
.0153045654
.0169982910
.0187835693
.0187835693
.0159606934
.0172271729
-.0106811523
.0150756836
.0128784180
.0226898193
-.0236053467
.0264282227
-.0341644287
-.0265197754
.0204162598
.0239562988
-.0171356201
-.0165557861
.0178527832
.0198822021
.0189361572
.0174713135
.0265502930
-.0228881836
-.0187377930
.0144042969
.0183410645
.0143890381
.0139160156
.0155639648
.0132141113
.0181121826
.0209960938
.0168151855
.0167694092
-.0178985596
.0170898438
.0185394287
.0169677734
-.0184936523
.0165252686
.0139617920
.0186920166
.0161895752
-.0119323730
-.0133209229
-.0115661621
-.0066070557
.0132446289
.0109405518
.0108947754
-.0110473633
.0102691650
-.0101776123
-.0160980225
.0182647705
.0138549805
.0090332031
.0111541748
.0094451904
-.0099487305
.0221862793
-.0245513916
.0236206055
.0235443115
.0171508789
.0249176025
-.0102539063
.0120086670
.0110931396
-.0121459961
.0084533691
-.0151672363
-.0110931396
-.0145416260
-.0162200928
-.0110778809
-.0135040283
-.0137786865
-.0123138428
-.0124206543
-.0140380859
-.0075988770
-.0076599121
-.0100250244
-.0101470947
-.0167999268
-.0178527832
.0130767822
-.0183868408
-.0163879395
-.0160522461
.0145568848
.0132141113
.0153198242
.0165100098
.0149688721
.0170440674
.0159454346
.0186462402
.0153808594
.0105438232
-.0158386230
.0161895752
-.0168914795
.0202331543
.0194549561
.0276947021
.0194549561
.0158996582
.0236358643
-.0145721436
.0224609375
-.0205841064
.0131835938
.0155181885
.0158996582
.0146026611
.0133972168
.0211334229
.0172424316
.0198822021
.0168457031
.0169372559
.0147247314
.0163269043
-.0171661377
-.0187683105
-.0167694092
-.0169982910
.0163726807
-.0150604248
-.0140533447
-.0125274658
-.0104370117
-.0077514648
.0117340088
.0121612549
-.0101470947
.0116729736
-.0143432617
-.0131835938
.0124206543
.0150451660
.0128784180
.0118103027
.0162353516
.0214691162
-.0127716064
.0166625977
-.0225830078
.0185241699
-.0198822021
.0249023438
-.0150756836
-.0211334229
-.0089111328
-.0095520020
-.0133666992
-.0149383545
-.0135192871
-.0125274658
-.0134429932
-.0139923096
-.0124816895
-.0127868652
-.0123443604
-.0150299072
-.0152740479
-.0122680664
.0070648193
-.0121459961
-.0160522461
-.0173645020
-.0132751465
-.0160217285
-.0180053711
-.0163116455
.0136871338
.0140228271
.0163421631
.0164642334
.0164947510
.0189819336
.0168457031
.0204162598
.0146484375
.0112304688
.0156250000
.0169677734
.0228118896
.0242309570
.0235748291
.0277252197
.0162200928
.0144500732
.0245361328
-.0159912109
-.0140075684
.0255126953
.0239410400
-.0102539063
.0161743164
.0151977539
.0162506104
.0216827393
.0184173584
.0197143555
.0178833008
.0198059082
.0151672363
.0162811279
.0143432617
.0158691406
.0173645020
-.0169067383
-.0143585205
.0127868652
.0128784180
-.0119323730
-.0112457275
-.0113830566
-.0090332031
.0130310059
-.0238189697
-.0206909180
.0227661133
-.0153198242
.0178985596
.0235748291
.0194854736
-.0184631348
-.0173034668
.0208282471
.0234222412
-.0229644775
.0186920166
.0198822021
-.0176239014
.0170745850
.0067901611
.0090179443
.0086364746
-.0090179443
.0089416504
-.0118713379
-.0146636963
.0134735107
-.0157012939
.0139923096
-.0170440674
-.0180969238
.0148010254
.0194549561
.0198211670
.0142822266
-.0190277100
.0175476074
-.0185546875
.0169525146
-.0213623047
-.0165710449
.0182342529
.0197753906
.0189971924
.0190124512
.0267333984
.0195617676
.0211029053
.0209350586
.0214080811
.0255737305
.0236206055
.0223999023
-.0279541016
-.0195770264
.0148773193
.0191955566
.0138854980
.0140991211
.0163574219
.0205688477
.0198364258
-.0226135254
.0293426514
.0158081055
-.0225372314
-.0285186768
.0203552246
.0216674805
-.0183410645
.0250549316
.0152282715
.0197448730
-.0177307129
-.0168609619
.0158386230
.0124206543
.0161895752
-.0223846436
-.0248260498
-.0241394043
-.0308685303
.0195159912
-.0162353516
.0094451904
.0166778564
-.0400695801
-.0472259521
-.0327148438
.0215759277
.0278472900
.0265960693
.0522613525
.0352630615
-.0241241455
.0452117920
-.0282897949
-.0105590820
.0149230957
.0107116699
.0219726563
.0177612305
.0255584717
.0243072510
.0244445801
.0232849121
.0206146240
.0232086182
.0249786377
.0258331299
.0264282227
.0208587646
.0249938965
-.0221252441
-.0185241699
.0233764648
.0193023682
.0169677734
.0258026123
.0203857422
.0230102539
.0244293213
.0228271484
.0172576904
.0248107910
.0164642334
.0210571289
.0211486816
.0196838379
.0209350586
.0205230713
.0189819336
-.0228271484
.0216369629
.0222320557
.0208129883
.0275268555
.0231628418
.0218048096
.0245208740
.0241851807
.0241394043
.0231018066
.0204467773
.0198059082
.0186004639
.0225830078
.0197906494
.0179138184
.0211334229
.0207977295
.0183715820
.0197753906
.0183410645
.0189514160
.0212860107
.0231018066
.0224761963
.0223846436
-.0221252441
.0180969238
.0218963623
.0252380371
.0171813965
.0227661133
.0194091797
.0121002197
-.0052642822
.0040588379
.0033721924
.0014038086
.0015716553
-.0017852783
-.0017700195
.0020294189
-.0008544922
.0007781982
.0008697510
-.0006713867
-.0007171631
-.0006103516
.0004272461
.0005950928
.0003814697
-.0006103516
.0004272461
-.0004425049
.0002593994
.0001525879
.0000762939
.0000305176
.0000305176
-.0000305176
-.0000305176
.0000305176
.0000305176
.0000305176
-.0000305176
-.0074157715
