-.0025024414
.0030364990
.0043640137
-.0026245117
.0038909912
-.0055389404
.0051879883
-.0019989014
.0019836426
-.0024719238
.1235656738
-.0756988525
-.0174713135
-.0155792236
-.0711517334
-.0569610596
.1089935303
.0673980713
-.0470123291
.0428924561
-.0800781250
-.0631713867
.0691833496
.0397338867
-.0630645752
.0640716553
-.0591125488
-.0413513184
-.0498809814
.0435943604
.0373535156
.0503997803
.0477600098
-.0343475342
.0397491455
.0431671143
-.0315246582
.0274658203
.0461578369
.0407409668
-.0507507324
-.1273803711
-.0735778809
.1156158447
.1273040771
.1360778809
.1463775635
.1076965332
.0965423584
.0932006836
-.0898742676
.1064300537
-.0813751221
.0966339111
-.0985717773
-.1207733154
-.0781555176
-.0867309570
-.0930175781
-.1004486084
.1124572754
-.0979461670
-.1133575439
.0702362061
.0798645020
-.0460662842
.0698089600
-.0740966797
-.0527038574
.0760803223
.0756072998
.0684509277
.0780792236
.0630645752
.0712890625
-.0940399170
.0633392334
-.0562744141
.0782165527
-.0623626709
-.0737457275
.0720977783
-.0375518799
.0543060303
-.0443725586
.0580139160
.0486602783
.0805206299
.0581207275
.0534973145
.0485839844
-.0603637695
.0701141357
-.0397644043
.0390167236
.0664367676
.0549621582
.0350341797
.0484161377
.0397033691
.0515747070
-.0410766602
.0354461670
-.0472869873
-.0173797607
.0530548096
-.0546569824
-.0228881836
-.0478973389
.0235137939
.0486297607
-.0464172363
-.0431823730
.0447692871
-.0530242920
.0345916748
.0452728271
.0266113281
.0387573242
-.0359649658
.0323944092
.0362701416
.0248413086
.0378417969
-.0386810303
.0267333984
-.0417785645
-.0309295654
.0232391357
-.0331115723
-.0375213623
-.0186920166
.0255279541
.0279693604
.0189208984
.0389556885
.0216674805
.0278930664
-.0320587158
.0237121582
-.0211029053
-.0230560303
.0196685791
-.0276336670
-.0206298828
.0252838135
.0188293457
-.0234985352
-.0248107910
.0181579590
.0268859863
.0268554688
-.0266418457
.0144500732
-.0220947266
.0298919678
.0201263428
-.0190582275
.0247802734
-.0134582520
.0183563232
-.0282745361
-.0182189941
-.0158081055
.0122222900
.0147705078
.0181884766
-.0167388916
-.0178070068
-.0120086670
.0156860352
.0195007324
-.0141754150
-.0126953125
-.0145721436
-.0121307373
.0132141113
-.0112457275
-.0091094971
.0155181885
.0185241699
-.0144653320
.0111236572
-.0162200928
.0154571533
-.0091094971
.0115051270
-.0090026855
.0085601807
.0121307373
-.0219726563
.0212860107
-.0318298340
-.0325622559
-.0223388672
.0324859619
-.0327606201
.0295867920
-.0187225342
-.0139007568
.0208129883
.0218963623
.0271148682
-.0205383301
.0206451416
.0192718506
.0278930664
.0178833008
-.0263671875
-.0130157471
.0189666748
.0126953125
.0213012695
-.0163269043
-.0103759766
-.0231018066
-.0187225342
.0117187500
.0291595459
-.0101470947
-.0103759766
-.0163269043
.0191345215
-.0134429932
-.0098419189
-.0152130127
.0125885010
-.0140838623
.0181274414
-.0170135498
-.0104064941
.0198669434
.0152435303
-.0162506104
-.0130920410
-.0101470947
.0116882324
-.0106964111
.0122833252
.0093688965
-.0107879639
.0146331787
-.0152435303
.0181732178
-.0160827637
-.0065460205
.0119018555
.0106964111
-.0086669922
.0125427246
-.0127716064
.0066223145
-.0067291260
.0080718994
-.0080413818
-.0080413818
-.0074768066
.0092620850
.0073242188
.0080108643
-.0043334961
-.0112457275
.0109863281
-.0081939697
.0078735352
.0080261230
.0091094971
.0058898926
-.0065612793
.0144195557
-.0090637207
-.0113677979
.0066680908
.0117187500
.0077209473
-.0127868652
-.0117340088
.0079498291
.0088653564
.0111694336
-.0100097656
-.0123748779
.0102996826
-.0080871582
.0094604492
-.0081481934
.0073242188
.0051574707
-.0074615479
.0073547363
.0054168701
-.0066833496
.0048217773
-.0042572021
.0051269531
.0080871582
-.0088043213
.0070037842
-.0056304932
.0071258545
.0056762695
-.0088348389
.0353240967
.0377960205
.0262451172
-.0752258301
.0525054932
.0219116211
-.0212402344
.0525054932
.0306701660
-.0551452637
-.0383453369
-.0351257324
-.0326843262
.0377197266
-.0424346924
-.0221557617
-.0198669434
.0203552246
-.0227813721
.0229492188
-.0286560059
.0335540771
.0356292725
.0333404541
-.0368347168
.0239562988
.0245819092
-.0157470703
-.0241546631
.0167388916
.0150451660
.0327758789
-.0239257813
-.0156860352
.0229034424
.0197906494
-.0145263672
.0261688232
.0233001709
.0168762207
-.0180053711
.0109252930
-.0145721436
.0174255371
-.0191955566
-.0103149414
.0178527832
.0106353760
.0149841309
-.0158691406
.0138702393
-.0116577148
.0166168213
-.0148010254
-.0181121826
.0111389160
.0165710449
-.0091247559
.0189971924
.0128326416
-.0125122070
.0133361816
-.0108032227
.0086212158
.0114288330
-.0090484619
.0110473633
-.0232391357
.0090942383
-.0085754395
.0095672607
-.0078125000
-.0119476318
.0123901367
.0091094971
.0060272217
-.0075073242
.0652313232
.0701904297
.0655975342
.0775756836
.1111297607
-.0603485107
.1000366211
-.0919952393
-.0917816162
.0782775879
-.0642547607
-.0639801025
.0653686523
-.0726470947
.0986022949
-.0897216797
-.0670623779
.0692901611
-.0756378174
.0692443848
-.0724945068
-.0668640137
-.0868682861
.0728607178
-.0614624023
.0592956543
.0757446289
-.0572662354
-.0599212646
-.0357055664
.0346984863
.0276336670
-.0522460938
-.0350189209
-.0292510986
-.0372467041
-.0316619873
-.0433807373
-.0469360352
.0377807617
-.0418853760
.0437774658
.0588073730
-.0361022949
-.0365753174
.0302886963
-.0524902344
-.0421752930
-.0273437500
.0452728271
.0417327881
-.0399932861
.0273590088
-.0546722412
.0327911377
-.0298614502
.0191497803
.0405273438
-.0303039551
-.0296936035
.0412750244
.0191040039
.0245361328
-.0431671143
.0283050537
-.0300292969
-.0271301270
-.0219726563
-.0434722900
.0360565186
.0185089111
-.0375671387
.0381317139
.0192108154
.0290222168
.0312042236
-.0343933105
-.0388336182
.0346374512
-.0247955322
.0343017578
-.0232696533
-.0231475830
-.0363922119
-.0152282715
.0279693604
-.0222473145
.0187835693
.0197296143
-.0240631104
.0128631592
-.0148925781
-.0308685303
.0221252441
-.0271301270
.0336456299
-.0176696777
.0266723633
.0252227783
-.0229797363
-.0181121826
.0168609619
-.0149536133
-.0207061768
-.0192871094
.0174407959
.0155792236
.0179595947
.0151824951
.0124359131
.0171813965
.0144958496
-.0153961182
-.0155029297
.0191345215
-.0171661377
.0097961426
-.0062866211
.0239257813
-.0197448730
-.0205383301
.0185699463
.0833587646
-.1110687256
.0289001465
.0471343994
.0564880371
.0831146240
-.0846862793
.0955047607
-.0595245361
.0759429932
-.0694580078
-.0943298340
-.0892639160
.0516204834
-.0458068848
-.0269622803
.0625152588
-.0344390869
.0470275879
-.0415191650
-.0575408936
.0381469727
.0744018555
.0608062744
.0478973389
.0262451172
.0446777344
.0413970947
-.0350341797
-.0494689941
.0343780518
.0484161377
-.0347595215
.0364685059
.0508728027
-.0225524902
.0532073975
.0389862061
.0293579102
.0348358154
.0348358154
-.0301818848
.0310821533
-.0762786865
-.0362396240
-.0298156738
-.0234527588
-.0156860352
.0248565674
-.0262451172
.0403137207
-.0303497314
.0334930420
.0334472656
-.0214385986
.0140991211
.0226287842
.0307312012
-.0357055664
-.0292205811
-.0345306396
.0335693359
-.0925750732
.0347900391
-.0800781250
-.0972290039
.0647888184
-.1027069092
.0684814453
.0772247314
.0570678711
-.1018524170
-.0718841553
-.0807037354
.0822296143
.0470886230
-.0811614990
-.0748596191
-.0590820313
.0612640381
.0825500488
-.0453948975
.0617218018
.0774993896
-.0539398193
.0739898682
-.0565338135
.0413360596
-.0373687744
-.0515747070
.0384368896
-.0593109131
-.0459289551
.0490875244
.0402526855
-.0461120605
.0396881104
-.0496978760
-.0223236084
.0363006592
-.0471801758
-.0393524170
.0640106201
.0366973877
-.0468444824
.0331268311
-.0334014893
.0380096436
.0367279053
.0389556885
-.0432739258
.0391235352
-.0229949951
.0251007080
.0478057861
.0578613281
-.0250396729
.0382232666
-.0396728516
-.0347747803
.0299377441
.0324859619
-.0311279297
-.0330963135
-.0254669189
.0130310059
-.0280303955
-.0172271729
-.0281524658
.0340423584
-.0485992432
.0305023193
-.0223388672
-.0240783691
-.0235443115
-.0323181152
-.0511932373
-.0441284180
-.0273895264
-.0323181152
.0339508057
-.0336761475
.0433349609
-.0308685303
-.0560607910
.0394287109
.0191955566
.0270385742
-.0397949219
.0330505371
-.0214691162
.0312957764
-.0296936035
-.0339660645
-.0301208496
-.0294494629
-.0378112793
-.0301361084
-.0202331543
.0306854248
-.0307617188
.0249786377
.0225677490
-.0323181152
.0187835693
-.0369720459
.0228118896
-.0258789063
.0228271484
.0204315186
-.0185546875
.0122070313
.0159454346
.0160522461
-.0154266357
-.0173492432
.0183105469
.0125885010
.0216217041
.0196685791
.0156250000
-.0129547119
.0256500244
-.0158996582
.0167236328
-.0168914795
.0126037598
-.0200347900
.0136108398
.0153808594
-.0134429932
-.0195159912
-.0157012939
.0142517090
.0157623291
-.0148773193
.0121459961
-.0100555420
-.0183715820
.0137329102
-.0155487061
.0123596191
-.0117492676
.0082855225
.0113830566
.0127563477
-.0111999512
.0073699951
.0151977539
.0161590576
-.0122070313
.0089111328
-.0139923096
.0118713379
.0084991455
-.0082855225
-.0138092041
.0090942383
-.0110168457
.0121002197
-.0124206543
-.0073394775
.0084533691
-.0080718994
-.0088653564
-.0111389160
.0081024170
.0099487305
-.0092620850
.0072631836
-.0060729980
.0068359375
.0110015869
-.0054168701
.0092010498
-.0092773438
-.1651458740
.0683898926
.1005859375
.0638427734
.1008605957
.1298217773
.0709381104
-.1062622070
-.0907287598
-.0972747803
-.0763854980
.1187133789
.0980682373
.1180572510
.0750122070
-.1044921875
.0960388184
-.0926208496
.0594635010
.0984954834
.0705871582
.0691070557
-.0798339844
.1052246094
.0900115967
.0570678711
.0500640869
-.0496520996
-.0492248535
-.0548248291
-.0670776367
-.0679931641
.0878753662
-.0891876221
.0413665771
.0812988281
.0746002197
-.0740203857
-.0972290039
-.0956878662
-.0748138428
.0821380615
.1233520508
.1314239502
-.1112823486
.1127319336
-.1005249023
.1080169678
.0628814697
.0920715332
.0710449219
.0780792236
.0722503662
.0599060059
-.0704040527
.0848846436
.0655212402
-.0480651855
.0879669189
.0883178711
.0690612793
-.0791168213
.0577545166
.0775299072
.0617065430
.0695495605
-.0794372559
.0614471436
.0528564453
.0611114502
-.0408935547
.0678863525
-.0522003174
-.0708160400
.0644226074
.0741119385
-.0439758301
-.0718078613
-.0610504150
-.0431060791
.0686340332
-.0431060791
-.0423889160
.0483245850
.0383148193
.0452575684
-.0602874756
.0401458740
.0372314453
-.0656738281
-.0338592529
.0437622070
-.0341644287
.0354156494
-.0406188965
-.0275421143
-.0399322510
.0306854248
-.0267791748
-.0509490967
-.0342407227
.0255432129
.0361633301
.0353698730
-.0339965820
-.0458374023
.0286560059
-.0270538330
.0273284912
-.0501098633
.0259399414
.0293426514
-.0377349854
-.0235595703
-.0355682373
-.0292968750
-.0395202637
.0252838135
-.0388793945
-.0242309570
.0380401611
-.0289306641
.0339202881
-.0310363770
-.0284271240
-.0183715820
-.0213317871
.0316162109
.0323638916
-.0227050781
.0192260742
-.0219116211
.0184326172
-.0282135010
-.0315246582
.0255584717
-.0254974365
.0192108154
.0167388916
-.0278015137
-.0217590332
.0202026367
-.0187225342
-.0180358887
.0201873779
-.0166778564
.0132446289
.0211029053
.0179290771
.0125427246
.0211486816
.0145874023
.0198211670
.0244293213
-.0128479004
-.0107421875
-.0187530518
.0223388672
-.0103454590
-.0129699707
.0138854980
-.0167999268
-.0139160156
-.0180358887
-.0190734863
.0123443604
.0202789307
-.0227050781
.0217132568
-.0121002197
.0227203369
.0130157471
.0085449219
-.0144958496
.0094146729
-.0215148926
-.0180358887
-.0137176514
.0106658936
-.0107727051
-.0238494873
-.0129699707
-.0140991211
.0115661621
-.0080261230
.0173034668
-.0091857910
-.0073547363
-.0112762451
.0163574219
.0200195313
-.0091400146
-.0166778564
.0146636963
-.0080413818
.0119934082
-.0111694336
-.0136108398
-.0106658936
-.0152893066
.0143737793
-.0105590820
-.0148468018
.0084381104
-.0133819580
.0102996826
-.0108947754
-.0100402832
.0121154785
.0064544678
.0127410889
-.0055694580
-.0079193115
-.0076751709
.0106201172
-.0037078857
.0088653564
-.0069122314
.0082702637
-.0065307617
.0033111572
.0057373047
-.0066070557
.0056915283
.0051727295
.0046997070
-.0055084229
-.0035858154
-.0055084229
.0054473877
-.0037078857
-.0039825439
.0040588379
-.0057678223
.0026092529
.0022888184
-.0037841797
-.0049438477
.0036315918
-.0037689209
.0030517578
.0033111572
-.0032348633
.0028991699
.0013580322
.0025329590
-.0017242432
.0010223389
-.0011901855
.0019073486
-.0017700195
.0019073486
-.0014648438
-.0011291504
-.0011901855
.0009307861
-.0004272461
-.0006256104
.0011749268
-.0008544922
.0006561279
-.0007629395
-.0007324219
-.0005950928
.0007171631
.0002441406
.0002288818
-.0000915527
