.0000762939
-.0000610352
.0000762939
-.0000762939
-.0000610352
.0000610352
-.0000915527
.0000762939
-.0000610352
.0000610352
-.0000915527
.0000762939
-.0000610352
.0000610352
-.0000610352
-.0000610352
.0000762939
.0000915527
.0000915527
-.0000762939
.0000762939
.0000610352
.0000610352
-.0000915527
.0000762939
.0000762939
-.0000610352
.0000762939
.0000762939
-.0000762939
.0000762939
-.0000610352
-.0000915527
-.0000762939
-.0000762939
.0000610352
-.0000610352
.0000610352
-.0000762939
-.0000762939
.0000762939
.0000610352
-.0000762939
-.0000762939
-.0000610352
.0000610352
.0000762939
.0000762939
.0000610352
.0000762939
-.0000762939
.0000610352
-.0000915527
.0000762939
.0000762939
-.0000610352
-.0000610352
.0000762939
.0000915527
-.0000762939
.0001068115
-.0006256104
-.0007934570
-.0005950928
-.0010833740
.0007629395
-.0010681152
.0008850098
.0009918213
-.0010833740
-.0024719238
.0043182373
-.0036621094
.0028381348
.0044860840
.0042114258
-.0054779053
-.0071563721
-.0079650879
.0099029541
-.0087127686
-.0158691406
.0135803223
.0098876953
-.0126037598
.0121459961
.0154724121
-.0184783936
-.0189971924
.0235443115
.0208587646
-.0176544189
.0222625732
.0287780762
-.0214080811
-.0196380615
.0234985352
.0279541016
.0277252197
-.0341339111
.0313110352
.0364532471
.0341033936
.0564270020
.0472564697
.0709075928
.0517883301
.0678558350
-.0539703369
-.0888824463
.0745239258
-.0790100098
.0529022217
-.0892639160
-.0934448242
.0833282471
.0717010498
.0671081543
.0592803955
.0865631104
-.1055297852
-.1130218506
.0483245850
-.0419921875
-.0340423584
.0232086182
.0188140869
.0214080811
.0222320557
.0153656006
-.0214691162
.0309143066
.0141143799
-.0106353760
-.0140380859
.0083618164
.0086975098
.0106964111
-.0136871338
-.0146942139
.0074462891
.0088500977
.0080718994
-.0104217529
.0157775879
-.0094146729
.0072937012
-.0053863525
.0081481934
.0048370361
.0091247559
-.0054168701
-.0046844482
.0058593750
.0040893555
.0053100586
.0140075684
.0083312988
.0055847168
-.0044097900
.0050506592
.0024414063
.0051727295
.0051574707
.0049133301
.0213165283
-.0030364990
-.0040130615
-.0068359375
-.0071868896
.0057220459
-.0058135986
-.0146179199
.0084228516
-.0093841553
-.0050201416
.0079803467
-.0059051514
-.0048370361
.0060729980
.0093994141
.0048522949
.0042114258
-.0066833496
.0051727295
.0042266846
-.0062561035
.0059814453
-.0064849854
-.0054626465
-.0044708252
-.0053405762
-.0051422119
.0056610107
-.0043029785
.0061187744
.0041503906
-.0052185059
.0032043457
-.0029602051
.0051422119
-.0059051514
.0061340332
-.0062408447
-.0135192871
.0095214844
.0054321289
-.0056152344
-.0083312988
.0078277588
-.0087738037
-.0057525635
-.0049896240
-.0048370361
-.0058746338
-.0054931641
-.0053405762
.0083312988
-.0069580078
-.0054779053
.0095520020
.0073089600
-.0038452148
.0053253174
-.0060119629
.0098571777
.0036315918
-.0036773682
.0054931641
.0050048828
.0044708252
.0039367676
.0063629150
.0050811768
.0021972656
-.0042877197
.0048065186
.0060882568
-.0043945313
.0042724609
.0031585693
.0029144287
-.0034332275
.0033721924
-.0078430176
-.0065460205
-.0081176758
-.0107727051
-.0095367432
.0146179199
.0115509033
.0084686279
.0103912354
-.0158691406
.0190582275
-.0325927734
-.0222015381
.0291595459
.0272521973
.0262908936
.0352630615
.0308227539
.0367889404
-.0365447998
.0409240723
.0617218018
-.0534973145
.0339813232
-.0400085449
-.0500183105
.0451354980
-.0822906494
.0646362305
-.0633392334
-.0718231201
.0728302002
.0753784180
-.0657501221
.0734405518
.0765838623
-.0738983154
.0612030029
.0484924316
.0576324463
-.0605010986
-.0454254150
-.0755157471
.0615539551
-.0523223877
-.0492248535
.0494232178
-.0304870605
-.0393981934
.0249938965
-.0316162109
.0291290283
-.0219573975
.0269622803
.0183410645
.0223236084
.0092620850
-.0095977783
.0122833252
-.0171966553
-.0142364502
.0121459961
-.0135345459
-.0101470947
-.0102691650
.0102844238
-.0122680664
.0182647705
-.0133209229
.0166168213
-.0149993896
-.0166168213
.0151977539
-.0137481689
.0115051270
.0093688965
.0160369873
-.0111083984
.0119781494
-.0069885254
-.0047302246
.0066528320
.0102844238
.0046081543
.0071868896
-.0108184814
.0121154785
-.0092620850
.0086059570
.0061798096
-.0061950684
-.0098266602
.0104980469
.0130767822
-.0056152344
-.0078582764
-.0068664551
.0108642578
-.0176849365
.0093688965
-.0088043213
.0055541992
-.0068817139
-.0101013184
-.0056304932
.0085906982
-.0085906982
.0077667236
.0081176758
.0075683594
-.0056915283
-.0050048828
.0039520264
-.0071563721
.0057373047
-.0047607422
-.0054168701
-.0052185059
-.0034027100
.0046844482
-.0046997070
.0042419434
.0086669922
-.0065917969
-.0044403076
.0034942627
-.0051574707
.0092315674
-.0030822754
.0034484863
.0031585693
-.0073699951
-.0059051514
.0045318604
.0041046143
-.0029296875
.0026092529
.0029754639
.0044860840
-.0039520264
.0031890869
-.0055236816
.0038604736
.0052490234
.0043792725
.0056610107
.0092773438
.0059967041
.0058593750
-.0081634521
.0053558350
-.0082855225
.0075073242
-.0079498291
.0080718994
.0111999512
.0097656250
-.0092010498
-.0180053711
-.0090026855
-.0189819336
-.0202484131
.0252380371
.0243988037
-.0228576660
-.0209197998
.0265350342
-.0209350586
.0241546631
.0346679688
.0260772705
-.0282287598
.0466918945
.0480651855
-.0400390625
.0437469482
.0812225342
.0863037109
-.0494232178
-.0629577637
.0863952637
-.0816650391
.0603179932
-.0868377686
-.0570220947
-.0687103271
.0977630615
.0703887939
-.0582885742
.0413360596
-.0468139648
.0281677246
-.0366210938
-.0281219482
.0357208252
-.0278472900
.0233917236
-.0114288330
.0132904053
.0101165771
-.0163726807
.0180511475
-.0173187256
-.0160980225
-.0123443604
.0178680420
-.0211791992
-.0213165283
.0295715332
.0124359131
.0151367188
-.0140991211
.0155181885
.0145874023
.0179901123
.0179443359
-.0124206543
-.0094604492
-.0144653320
.0233917236
-.0193939209
.0177764893
-.0206604004
-.0107421875
.0138854980
.0134887695
-.0290679932
-.0156555176
.0145111084
.0084228516
.0120086670
.0113220215
-.0160827637
.0133819580
.0115966797
-.0201110840
-.0145263672
.0101470947
-.0116271973
.0148925781
-.0136108398
-.0171508789
-.0110168457
.0301818848
-.0096435547
.0107421875
.0095214844
.0096435547
.0077362061
.0081481934
.0080718994
.0062103271
-.0087432861
-.0066528320
.0062103271
-.0060882568
-.0075225830
.0059509277
-.0040893555
.0040740967
-.0052642822
.0035247803
.0047454834
.0057830811
.0057830811
.0048522949
-.0042114258
.0045471191
-.0046234131
-.0059661865
-.0040740967
.0033111572
.0083770752
-.0033416748
-.0053863525
-.0057830811
-.0054168701
-.0051269531
-.0044097900
-.0026550293
.0079650879
-.0041809082
.0039520264
-.0037231445
-.0047607422
-.0050201416
-.0064544678
.0044555664
.0061340332
-.0065612793
-.0103454590
-.0058135986
-.0125427246
-.0054016113
-.0068054199
.0062561035
-.0107269287
-.0072174072
.0056457520
-.0074157715
.0066223145
.0056457520
-.0082092285
.0078125000
-.0064544678
.0053100586
-.0079498291
.0062255859
-.0065612793
-.0083618164
-.0086517334
.0115814209
.0065002441
.0108032227
.0065917969
.0102996826
.0125122070
.0166473389
.0088043213
-.0366973877
.0099182129
.0075073242
-.0159606934
-.0129394531
-.0125274658
-.0137634277
.0147094727
.0103912354
.0086975098
.0139007568
.0140991211
.0144500732
.0134582520
-.0133666992
.0244140625
.0269012451
.0238494873
.0202331543
.0247650146
.0182342529
-.0260772705
-.0214538574
-.0173797607
-.0271148682
-.0330810547
.0380096436
.0355224609
-.0249328613
.0229949951
-.0325622559
-.0216827393
-.0229644775
-.0247650146
-.0218811035
-.0238647461
-.0191345215
-.0228118896
.0169067383
.0110931396
-.0103149414
-.0120697021
.0135192871
-.0107574463
-.0074920654
.0075378418
.0107116699
.0139160156
.0120849609
.0092315674
.0075683594
-.0110321045
-.0069427490
-.0075836182
-.0068206787
-.0068206787
.0044403076
-.0056762695
.0087432861
-.0086975098
.0265350342
-.0047454834
-.0126800537
.0043029785
-.0043945313
-.0033416748
-.0067138672
.0062103271
-.0076751709
.0062408447
-.0050964355
.0045928955
-.0075378418
.0042877197
.0093841553
-.0046234131
-.0070037842
-.0045318604
.0095825195
.0053863525
-.0055236816
-.0072021484
.0114440918
-.0074768066
-.0081939697
.0051879883
.0045166016
.0056915283
.0054168701
-.0053558350
-.0046691895
.0060424805
.0055541992
-.0057830811
-.0063629150
.0035247803
.0034942627
.0035095215
-.0031280518
-.0026550293
-.0014190674
-.0018310547
-.0017852783
-.0019531250
.0023956299
-.0019989014
.0022430420
.0021667480
.0024414063
-.0026702881
-.0027313232
.0016632080
-.0024566650
.0026092529
.0020904541
-.0009918213
-.0019989014
-.0026550293
-.0020751953
-.0040588379
-.0020446777
.0019989014
.0032653809
-.0017547607
-.0031127930
-.0037536621
-.0030364990
.0039978027
-.0030670166
.0019073486
-.0015411377
-.0031433105
-.0024414063
-.0030975342
.0025177002
-.0014343262
.0018463135
-.0021972656
.0015869141
-.0017852783
-.0009613037
-.0015563965
-.0012207031
-.0010070801
-.0014495850
.0007171631
-.0011444092
.0008087158
-.0009918213
-.0012359619
-.0008850098
-.0013580322
-.0005645752
.0025024414
-.0051879883
-.0028381348
-.0034790039
-.0068206787
-.0207366943
.0124053955
.0156097412
-.0130310059
.0103912354
.0114135742
.0149078369
-.0160980225
.0127563477
.0154876709
-.0215301514
.0162048340
-.0267028809
.0218963623
.0315093994
-.0261230469
.0341033936
.0453643799
.0231781006
.0197601318
.0404357910
.0323791504
.0225524902
-.0265655518
.0248870850
-.0337524414
.0205993652
.0525512695
-.0287170410
.0312042236
-.0217437744
.0285797119
.0239257813
-.0271453857
-.0216064453
-.0409393311
-.0247802734
.0277404785
-.0405578613
.0248413086
-.0323486328
.0333862305
-.0311737061
.0270538330
.0274810791
-.0243072510
.0117645264
-.0261993408
-.0296936035
-.0220794678
.0192718506
.0173645020
-.0083465576
-.0120391846
.0072326660
-.0092010498
.0096588135
-.0092010498
.0070800781
-.0090789795
-.0093231201
-.0090789795
-.0052947998
-.0046997070
.0049591064
.0057983398
-.0039367676
-.0043792725
.0051116943
.0048980713
-.0033416748
.0038146973
-.0068511963
-.0053253174
.0029449463
-.0028228760
.0038146973
-.0024719238
-.0035400391
-.0047607422
-.0033874512
.0027313232
-.0029602051
.0032043457
-.0031280518
-.0026550293
.0034332275
-.0029144287
.0037841797
-.0025024414
-.0027160645
-.0031280518
-.0032958984
.0033874512
.0027008057
.0030059814
.0027160645
.0029144287
-.0032348633
.0030670166
.0031433105
.0040435791
.0081481934
.0047912598
.0038146973
.0029296875
.0030822754
.0033569336
-.0030670166
.0041656494
.0043792725
-.0046997070
.0046539307
-.0065155029
-.0084838867
-.0099334717
-.0062103271
.0128479004
.0125885010
.0057525635
.0074920654
.0048675537
.0084838867
-.0103912354
-.0045166016
-.0041351318
-.0098114014
.0074005127
-.0095977783
-.0082244873
.0115966797
.0074920654
-.0106811523
-.0084381104
-.0123901367
.0101928711
-.0154876709
.0207061768
.0172576904
.0201416016
-.0268249512
.0235900879
.0162811279
-.0168151855
-.0220336914
.0196838379
-.0243225098
-.0294952393
.0188751221
.0335845947
-.0203399658
.0290374756
.0249633789
-.0175323486
-.0267028809
.0227966309
-.0177001953
.0154266357
.0181732178
-.0090484619
-.0097045898
-.0161590576
-.0128631592
.0146484375
.0107574463
.0116882324
-.0160217285
-.0109252930
.0128479004
.0097961426
.0082397461
-.0068359375
.0090026855
-.0119323730
.0171051025
-.0121002197
.0154571533
.0122528076
-.0109252930
-.0154113770
-.0136108398
-.0134124756
.0088653564
-.0080108643
.0087890625
.0064697266
.0069580078
.0057067871
-.0076904297
.0082397461
.0051116943
.0037841797
.0047149658
.0045471191
.0035858154
-.0034790039
-.0046386719
.0053863525
.0048370361
-.0044555664
.0027618408
-.0032196045
.0059051514
.0038299561
-.0028839111
-.0042724609
.0030212402
-.0039215088
.0044708252
-.0027008057
.0037841797
-.0041046143
.0047149658
.0045776367
.0049438477
-.0065917969
.0039978027
.0063781738
.0043640137
.0047912598
-.0048217773
.0043334961
.0047607422
.0053558350
.0039825439
-.0055389404
-.0072784424
.0056610107
.0061492920
.0035858154
.0046997070
-.0038452148
-.0055694580
.0039367676
.0052185059
-.0037994385
.0053253174
.0053558350
-.0039672852
-.0060424805
.0037231445
.0031585693
.0046539307
-.0036315918
.0049743652
.0035095215
.0049591064
-.0033874512
-.0038452148
.0027770996
-.0050659180
.0030822754
.0030212402
.0029296875
.0044403076
.0024414063
.0035095215
-.0031280518
.0022583008
.0031738281
.0024414063
.0019836426
-.0023040771
.0019989014
.0024719238
.0017089844
.0020599365
.0025939941
-.0049133301
.0016632080
-.0031280518
.0018310547
-.0016784668
.0017089844
-.0028533936
-.0031738281
.0021820068
-.0028533936
-.0017700195
.0021667480
-.0018920898
.0020446777
-.0020141602
-.0015106201
