.0001068115
.0000915527
.0000915527
.0000762939
.0000915527
.0001220703
-.0001220703
.0000915527
.0000915527
-.0000915527
.0000762939
.0001068115
.0001068115
-.0000762939
.0000915527
.0001068115
.0001068115
-.0000915527
.0000762939
-.0001068115
.0001068115
.0001068115
.0001220703
-.0012817383
.0070190430
.0312957764
-.0207366943
-.0128784180
.0176086426
-.0447540283
-.0350189209
-.0414886475
-.0446777344
-.0331268311
.0363616943
.0408020020
-.0198974609
-.0509643555
.0474243164
-.0413208008
-.0299987793
.0511627197
-.0513000488
.0464935303
-.0482788086
.0259704590
-.0345764160
-.0640869141
.0443725586
-.0368041992
.0570068359
.0373535156
-.0603790283
-.0481262207
.0327301025
-.0337371826
.0244293213
.0577850342
-.0420379639
-.0269622803
.0375518799
.0273895264
-.0578613281
-.0254669189
-.0370941162
.0342712402
-.0216674805
-.0443878174
-.0397186279
-.0358886719
.0389862061
.0233917236
.0327148438
-.0701751709
-.0369567871
-.0366058350
.0389556885
-.0337371826
-.0683288574
-.0321502686
-.0330047607
-.0366058350
-.0303039551
.0577545166
-.0263671875
-.0322570801
.0353546143
.0291137695
-.0753326416
-.0406341553
-.0349426270
-.0414276123
.0217437744
.0312042236
-.0694122314
-.0452117920
-.0396575928
-.0424194336
-.0334472656
-.0789337158
-.0328063965
-.0377044678
-.0443115234
-.0410614014
-.0767211914
-.0324707031
-.0307159424
-.0381317139
-.0374145508
.0668487549
-.0304412842
-.0352325439
-.0345764160
.0249176025
-.0724029541
-.0711975098
-.0374450684
-.0359649658
-.0251770020
.0484619141
-.0742797852
-.0362091064
-.0306243896
.0317993164
-.0387115479
-.0764770508
.0379638672
-.0386810303
-.0347900391
-.0328674316
-.0788726807
-.0298767090
-.0322265625
-.0356445313
-.0357513428
-.0702056885
-.0284729004
-.0345001221
.0353088379
-.0354614258
-.0701751709
.0275421143
-.0348052979
-.0347442627
-.0252380371
.0828094482
.0520477295
-.0375366211
-.0397491455
-.0208740234
-.0621795654
.0795288086
.0327148438
-.0327301025
.0167083740
.0428619385
-.0806427002
-.0387115479
-.0346984863
.0217742920
.0346832275
.0691375732
-.0333557129
-.0299377441
.0279388428
.0352783203
.0659332275
-.0303039551
-.0320129395
-.0328979492
-.0177764893
-.0587005615
.0251312256
-.0350494385
-.0386810303
-.0298309326
.0628814697
.0225219727
-.0379333496
-.0317840576
-.0334014893
.0554046631
.0207977295
-.0328369141
-.0314178467
.0275573730
.0490875244
-.0170440674
-.0304565430
-.0180511475
.0262756348
.0471191406
-.0189361572
-.0265197754
-.0230255127
.0229339600
-.0468750000
-.0216827393
.0250854492
-.0313415527
.0233306885
.0348815918
-.0364685059
-.0257873535
-.0306396484
-.0222625732
-.0328369141
-.0312500000
.0270385742
-.0379333496
-.0390472412
.0270690918
.0505676270
.0243988037
-.0426788330
-.0368041992
.0376129150
-.0446319580
-.0245819092
-.0153198242
-.0267333984
.0173034668
-.0322265625
.0177459717
-.0169830322
.0249023438
-.0199584961
.0362701416
-.0184478760
-.0154876709
-.0243835449
-.0261077881
.0391693115
-.0224456787
-.0139465332
-.0244445801
-.0242309570
-.0300292969
-.0237426758
.0140075684
-.0250854492
.0206146240
-.0334777832
-.0214385986
.0162506104
-.0208435059
.0153656006
.0400085449
-.0204467773
-.0210418701
-.0225219727
.0172424316
-.0402984619
.0181732178
-.0222015381
-.0258941650
.0195617676
.0401763916
.0207977295
-.0196533203
-.0286560059
.0197296143
-.0591735840
-.0186920166
.0267639160
-.0525054932
-.0417938232
-.0783081055
-.1191101074
.0435485840
-.0680999756
.0663604736
-.0435028076
.0376434326
.0526123047
-.0356445313
.0356445313
-.1063079834
-.0419616699
.0223999023
.0262451172
-.0573883057
.1723632813
-.0332031250
-.0900421143
-.0568695068
.1114959717
-.0272369385
-.0285949707
-.0408935547
.0526885986
-.0415649414
-.0483398438
.0494689941
.0331726074
.1350250244
-.0377502441
.0729980469
-.0448760986
-.0346984863
.1473236084
.0281982422
.0751953125
.1152496338
.0979766846
.0279388428
-.0935058594
-.0817871094
-.0208587646
.0169067383
.0576019287
-.0808868408
-.0334930420
.0284271240
.0525970459
.0767517090
.0695648193
-.0303955078
.0888214111
.0317230225
-.0654754639
-.0495758057
.0254821777
.0351409912
.0352172852
-.1458129883
-.1178741455
.0535278320
.0254211426
-.1610260010
-.1307067871
-.0531768799
.1387481689
.1128082275
.0248870850
-.0996246338
-.0368957520
-.0349273682
-.0293121338
.0636596680
.0441589355
.0513458252
-.0410156250
-.0542755127
.1208801270
-.0330200195
-.0339813232
.0687713623
.0527648926
-.0243530273
-.0215148926
-.0267639160
.0323028564
-.0358581543
.0242767334
-.0264434814
-.0282440186
-.0359649658
.0225067139
-.0259399414
-.0252685547
-.0198211670
-.0263366699
.0244293213
-.0239257813
-.0244598389
.0329132080
-.0314941406
.0173187256
-.0291900635
-.0302124023
.0201110840
-.0313262939
.0184936523
.0360717773
.0239715576
-.0227966309
-.0340881348
-.0290985107
-.0234832764
.0253295898
.0464324951
.0167236328
.0312347412
-.0227508545
.0200805664
-.0272674561
.0117645264
.0280609131
-.0184020996
-.0366058350
-.0224456787
.0584106445
-.0207977295
-.0202178955
-.0640563965
.0232086182
.0256805420
-.0158996582
-.0209503174
.0159606934
.0282745361
-.0227355957
-.0268554688
-.0191345215
-.0192108154
-.0164642334
-.0265808105
-.0861968994
-.0139465332
.0176696777
.0250396729
.0250244141
.0148620605
-.0202331543
-.0259704590
-.0386199951
-.0089721680
.0329895020
-.0164947510
-.0310821533
.0210571289
-.0209503174
.0136413574
-.0154418945
-.0208282471
-.0851745605
.0238037109
.0250091553
-.0217132568
.0286712646
-.0306549072
-.0146484375
-.0544738770
-.0369720459
.0195007324
.0177917480
.0282135010
-.0168762207
.0500793457
-.0177154541
.0405426025
.0306854248
.0441284180
.0191192627
.0715637207
-.0200653076
.0404357910
-.0195617676
-.0635375977
.0916748047
.0567474365
.0594329834
-.0286712646
.0417633057
-.0443420410
.0287170410
-.0477752686
-.0411376953
-.0468139648
.0152435303
.0529785156
.0727844238
-.0358581543
.0236053467
-.0147705078
-.0530242920
-.0172729492
-.0214996338
-.0551757813
.0315856934
.0241699219
.0452423096
-.0130310059
.0313568115
-.0446319580
-.0227813721
.0243682861
-.0193328857
.0205230713
-.0249023438
.0166931152
.0284423828
-.0228271484
-.0300445557
.0162200928
-.0318603516
.0307159424
.0186309814
.0293731689
-.0191040039
-.0261993408
.0260620117
-.0307922363
-.0157318115
-.0343322754
.0154571533
.0270233154
.0212554932
.0424194336
.0340423584
.0160217285
-.0366516113
.0188293457
-.0392456055
.0275878906
-.0357513428
.0175628662
.0373382568
.0193023682
.0186767578
.0131835938
-.0361175537
.0182037354
.0214080811
.0327606201
-.0382995605
-.0264587402
.0289764404
-.0272979736
.0162811279
-.0322875977
-.0206451416
-.0187377930
-.0218505859
-.0382995605
.0213012695
.0359802246
-.0293884277
-.0337219238
.0153045654
.0296783447
.0334167480
.0997924805
.0181274414
-.0538482666
.0254516602
.1222991943
.0373687744
.0283050537
-.0512390137
.0475463867
.0506744385
-.0729217529
.0359954834
.0265655518
.0399627686
.0566101074
-.0634460449
.0170288086
.0466766357
-.0422668457
.0245666504
-.0360260010
-.0138092041
.0370941162
-.0495452881
-.0240020752
-.0155944824
-.0131225586
-.0656433105
-.0272369385
-.0184173584
.0741271973
.0449981689
.0188293457
-.0476837158
.0295257568
.0345306396
.0242919922
-.0209045410
.0121154785
-.0242004395
-.0174102783
-.0255889893
.0124053955
-.0209655762
.0128936768
-.0168609619
-.0193176270
-.0321197510
-.0249328613
-.0199584961
.0137786865
-.0232238770
-.0225524902
-.0171051025
.0133209229
-.0173950195
.0259399414
-.0609741211
.0224151611
-.0209350586
.0297241211
-.0152893066
-.0144500732
-.0130615234
.0451507568
.0121612549
.0224151611
-.0158233643
-.0492095947
-.0176696777
.0310516357
.0144958496
-.0227813721
-.0410156250
.0196838379
.0245819092
.0267486572
-.0398559570
.0190277100
.0214385986
.0154876709
-.0466461182
-.1038970947
.0327148438
-.0325927734
-.0351104736
.0394592285
.0130920410
-.0420837402
-.0728454590
-.0447845459
-.0202636719
.0218811035
-.0155334473
.0175018311
.0479125977
.0349426270
-.0141754150
.0144653320
.0177612305
.0138244629
.0151214600
-.0412139893
.0500640869
-.0180664063
.0168609619
-.0307159424
-.0279693604
-.0248565674
-.0310668945
-.0222778320
.0263366699
-.0359344482
-.0424499512
.0296936035
.0576477051
.0173492432
.0233459473
-.0755310059
-.0507354736
-.0430755615
.0539093018
-.0232543945
-.0334014893
-.0469207764
.0313415527
.0214233398
.0174255371
-.0539855957
-.0489044189
-.0300292969
-.0625915527
-.0767059326
.0199127197
.0234985352
-.0186462402
.0166625977
-.0218048096
-.0159606934
.0170288086
-.0248107910
.0202789307
.0125885010
.0149230957
-.0230560303
.0135498047
-.0227813721
-.0162811279
.0162353516
-.0181732178
.0204010010
.0216827393
-.0304260254
-.0296325684
.0461730957
-.0135345459
.0132751465
.0137023926
-.0266113281
-.0138244629
-.0309295654
.0164947510
.0332946777
-.0155944824
.0210266113
-.0242462158
.0413360596
-.0289764404
.0222930908
.0484313965
.0332489014
-.0484161377
.0569305420
.0361022949
.0642089844
-.0293731689
.0320129395
.0561828613
-.0456085205
.0292358398
-.0206146240
.0321502686
.0599060059
.0213470459
-.0450286865
.0130920410
-.0367279053
-.0408172607
-.0249938965
.0534362793
-.0261535645
.0173034668
.0206909180
-.0386199951
.0607910156
.0272064209
.0368347168
-.0202789307
-.0506286621
-.0341186523
.0187683105
-.0380401611
.0466308594
.0245971680
-.0378265381
.0553588867
.0221099854
-.0315551758
.0206909180
.0143432617
-.0265960693
.0203399658
-.0166168213
-.0170745850
-.0175628662
-.0230102539
-.0189666748
-.0237884521
-.0242462158
.0245819092
-.0149536133
-.0345458984
-.0200500488
.0167083740
.0247344971
-.0200653076
-.0289611816
.0184173584
-.0215759277
-.0364532471
-.0161132813
-.0271453857
-.0165252686
.0267944336
.0198211670
-.0249938965
-.0258026123
-.0206146240
-.0224456787
-.0298156738
.0248260498
-.0460662842
.0228576660
.0414886475
.0352783203
-.0678100586
.0471038818
-.0318145752
-.0308380127
-.0497589111
.0340576172
.0929565430
-.0645904541
.0316162109
-.0451354980
-.0466156006
.0423583984
-.0187377930
.0303497314
-.0254058838
.0202026367
.0230255127
.0212554932
.0270690918
-.0165252686
.0246124268
-.0271453857
.0229339600
.0247344971
-.0346984863
.0294799805
.0160827637
-.0284729004
.0218963623
-.0234527588
.0167694092
.0288543701
.0183410645
-.0182342529
.0264739990
.0112304688
-.0309906006
-.0164031982
.0280609131
-.0124664307
-.0469970703
-.0213012695
-.0196838379
-.0285034180
-.0576019287
.0175323486
-.0208129883
.0322875977
.0354156494
-.0254058838
.0196533203
-.0308227539
-.0196075439
-.0262756348
.0221557617
-.0162506104
.0294647217
.0152435303
-.0282745361
.0160064697
.0212402344
-.0399475098
.0206909180
-.0213165283
-.0278930664
-.0239868164
.0176696777
.0237121582
-.0139617920
.0293884277
.0171966553
-.0215759277
.0202331543
.0232238770
-.0200958252
-.0225372314
.0148773193
-.0350036621
.0246276855
-.0575866699
.0129089355
.0413513184
-.0278015137
-.0645446777
-.0249633789
.1086578369
.0733642578
-.0664520264
-.0321044922
.0909271240
-.0339202881
.0432891846
-.0174560547
-.0352172852
.1091003418
.0211791992
.0453948975
-.0311431885
.0230102539
-.0276947021
.0302429199
-.0176544189
-.0234375000
.0149841309
.0236816406
-.0187225342
-.0174255371
.0146026611
-.0314025879
.0266876221
-.0170288086
-.0165100098
.0180664063
-.0302581787
-.0246124268
-.0186614990
-.0164489746
-.0221710205
-.0220642090
-.0174560547
-.0175323486
-.0218963623
.0175476074
.0204925537
.0167541504
.0127258301
.0601501465
-.0241241455
.0238189697
.0358581543
-.0191497803
-.0201110840
-.0301818848
.0251159668
.0204010010
-.0143890381
-.0202941895
.0265808105
-.0240783691
.0200500488
-.0357208252
-.0189208984
-.0166168213
-.0283508301
.0169219971
-.0161590576
-.0196838379
-.0407104492
.0136413574
.0169219971
.0119323730
-.0172424316
.0517272949
-.0206756592
.0233612061
-.0138702393
.0222167969
.0211486816
.0166015625
.0123291016
.0124969482
.0288238525
.0378265381
-.0192565918
-.0167388916
-.0146331787
-.0324401855
.0370635986
.0166320801
.0152740479
.0115356445
-.0219421387
.0295104980
-.0736846924
.0172882080
.0333862305
-.0583496094
-.0234832764
-.0207214355
-.0278167725
-.0240783691
-.0227050781
-.0566864014
-.0350646973
-.0118408203
.0227508545
.0449371338
-.0330505371
-.0149383545
.0233917236
.0373992920
-.0223693848
.0673065186
-.0333251953
-.0278167725
.0560455322
.0178985596
-.0214080811
.0359497070
-.0120086670
.0651702881
-.0233764648
-.0198974609
.0174255371
.0152130127
.0092010498
-.0107727051
-.0199737549
-.0138092041
-.0219116211
.0278930664
-.0084075928
-.0113983154
.0165100098
-.0113220215
.0038757324
-.0050659180
-.0065917969
-.0078735352
-.0047454834
-.0046691895
.0028686523
.0036010742
-.0018463135
.0012969971
.0008087158
-.0002746582
