.0014495850
-.0073089600
-.0090942383
.0124053955
-.0225524902
.0335998535
-.0300445557
.0415039063
-.0522155762
.0594024658
-.0513153076
.0505981445
-.0676422119
-.0679931641
.0417938232
-.0497589111
.0682525635
-.0725555420
.0705718994
-.0979919434
.1031646729
.0572814941
.1364898682
-.1476440430
.1001434326
.1362762451
-.1672058105
.1616973877
.1405944824
-.0746917725
-.1188201904
-.1583404541
.1998138428
.1470184326
-.1083374023
-.1649932861
.1620178223
-.0838775635
-.1567535400
-.1407012939
.2660675049
-.2658538818
.2049865723
-.2084045410
.1240844727
-.1989593506
-.2048187256
.2789154053
-.2180328369
.2895660400
-.2606964111
.3318023682
.1991577148
-.1722259521
.3337860107
-.3422393799
-.3478698730
.3169555664
.3457031250
-.2108154297
-.3222503662
.1372833252
-.3457946777
-.2717132568
.3432006836
-.3279876709
.2823181152
.3118743896
.3085632324
.2780303955
-.3484954834
-.2450256348
-.2931518555
.3394470215
.2897033691
-.3058776855
-.2386322021
.3371734619
-.2105560303
.3509521484
.2567138672
.2094879150
-.1769714355
-.3000488281
.3359985352
-.3361511230
.3463439941
-.3487396240
-.2728424072
.2773590088
-.3195953369
.3436889648
-.3540954590
.3500061035
.2350463867
.3074645996
-.1787109375
.2808380127
.2727966309
-.2310333252
.2476043701
-.3511810303
-.2852478027
-.3489074707
.3474273682
-.3475799561
.2901763916
.2859039307
-.2960510254
.3467407227
-.2543945313
.2796783447
-.2774658203
.2437133789
-.2645416260
.2243652344
-.3457183838
.3560638428
-.3359832764
.2923889160
.3008728027
-.3504333496
.3201904297
-.2326202393
.3512725830
-.3456878662
.2330780029
-.2724304199
-.1634368896
-.3211059570
.3465118408
.2751007080
-.3394012451
.2432098389
-.3466186523
.3620605469
-.2638702393
.3377532959
-.3530426025
.1880187988
-.2391052246
-.3224792480
-.3378295898
-.3127136230
.3454589844
-.3312988281
.2558288574
-.2841339111
-.3511657715
.2506866455
-.3088836670
-.2314910889
.2361602783
-.3457946777
-.2972564697
.2855987549
-.2804718018
.3047332764
-.2572479248
.3537139893
-.3298645020
-.3240966797
-.3118896484
.3129272461
.3202667236
-.3064270020
-.3330688477
.2880859375
-.1458282471
-.2832641602
-.2933807373
.2614898682
.3442077637
-.2930145264
-.3084869385
.3302001953
-.3401336670
.2450561523
-.2960357666
-.2341766357
-.3243560791
.3331604004
-.3357086182
.2297821045
.2514038086
-.2116394043
-.3066711426
-.2736358643
.3522949219
.3475036621
-.2473144531
-.2777557373
.3259124756
-.3418731689
.3458709717
-.3326416016
.3467407227
-.2720489502
-.2765960693
.2543945313
-.3194580078
.3457946777
-.3437194824
-.2686462402
.2963256836
.3135681152
.3293457031
.2304840088
-.2846832275
.3520660400
-.3276977539
-.2250823975
.3540039063
-.2261810303
.2043151855
-.2298126221
-.1857757568
-.2744750977
-.2587585449
-.2157135010
-.2885894775
.2531890869
-.2267456055
-.1997375488
-.2372741699
.3464660645
.2902069092
-.2671661377
.3439788818
.2571716309
-.1809844971
.3459014893
-.3442077637
-.1696014404
.3419952393
-.3247833252
.3373413086
-.3442993164
-.2674865723
.3049163818
-.3268127441
.2718200684
-.2795867920
.2830352783
-.2559356689
-.1963348389
.2786407471
.3133239746
-.2724914551
.3529052734
.3344116211
-.2542572021
-.2620391846
.2944335938
-.1550140381
-.3285827637
-.3358459473
.3377990723
-.3432159424
-.2499694824
.2242736816
.3164825439
.3217773438
.2577667236
.2696838379
-.3509826660
.2979583740
-.3452148438
-.2704162598
-.3499908447
-.3005981445
.1719818115
-.3372497559
-.1893768311
.3316192627
-.2728576660
.3006286621
-.3161926270
-.2897644043
.3171386719
-.3103332520
.2919464111
-.3445434570
.3551177979
.3512878418
-.3099822998
.2426757813
-.3529663086
.3435211182
-.3493652344
.3468170166
-.3088378906
-.2555236816
.3448944092
-.3148651123
-.3614807129
-.3117523193
.3318481445
.3315429688
.3535919189
-.3462371826
.2879028320
-.3013305664
.3196716309
.3084106445
-.3413696289
.3545837402
-.3447570801
-.2329864502
.2253875732
.3526306152
.3542785645
.2854003906
-.3521270752
-.2992553711
.3209075928
-.2539825439
.3316802979
-.3509826660
.3520660400
-.3510589600
.3535614014
-.3429260254
.3545989990
.3501586914
-.3498077393
.3169250488
-.3119049072
.3341064453
-.3052673340
.1801147461
-.3478240967
.2763061523
-.3519134521
.3609619141
.3321228027
.3509521484
.3114929199
-.3432312012
.3496246338
.3350524902
.2898864746
-.3346710205
.1558074951
.3056182861
.3385162354
-.3280792236
.3453979492
.3022155762
-.3299102783
.3475646973
.3497924805
.3194580078
-.3437957764
.3528442383
.3329467773
-.2939300537
.3111419678
-.3081512451
-.2841339111
.3457031250
-.3477783203
.3489532471
.3134613037
.3476867676
-.3223266602
.2475585938
.2106170654
-.3455047607
.3526611328
.3248291016
-.3454895020
-.2736816406
.3536834717
.3322296143
-.3476409912
.2070770264
.3503265381
.3547058105
-.3169708252
-.3588104248
-.3504943848
.3558197021
.3517303467
.3539428711
.2762451172
-.3530578613
.3525848389
-.3298950195
-.3529968262
-.3524169922
-.2894134521
.3483581543
.2816467285
-.3539276123
-.3526458740
-.3507690430
.3369750977
-.3558502197
.3010253906
-.3494873047
-.3546905518
-.3222045898
.3585357666
-.3554992676
.3583831787
.3224334717
.3611602783
.3533935547
.2803039551
-.3523254395
-.3545227051
.3380889893
-.3490753174
.3612518311
-.3591613770
-.3362121582
.3516998291
.3551635742
-.3487548828
-.3507537842
-.3404693604
-.3593139648
.3590240479
.3506011963
-.3556213379
-.3590240479
-.3468170166
-.3259735107
.3430786133
-.3413543701
.3520965576
-.3413238525
.3437957764
-.3101348877
.3547973633
.3574371338
-.3285980225
-.3460693359
.3527526855
-.3609161377
-.3500671387
.3553619385
.3537750244
-.3513488770
.3529357910
.3544311523
.3566741943
-.3518066406
-.3533325195
-.3522644043
.3494873047
-.3515625000
.3516845703
.3500976563
.3626861572
.3084869385
-.3545379639
.3556060791
.3554382324
.3496246338
.2532958984
.3560028076
-.3223876953
-.3559112549
.3566436768
.3566894531
.3528442383
-.3514099121
.3056793213
.3441619873
.3652648926
.3504333496
-.3582305908
.3592529297
-.3578796387
-.3461914063
.3513031006
-.3233642578
-.3421478271
.3499603271
-.3412170410
.3630523682
.3525848389
-.3526000977
-.3587036133
-.3458709717
-.3641052246
.3557891846
-.3379211426
.3541870117
.3516387939
-.3507843018
-.3596954346
-.3585205078
-.3431549072
.3511047363
-.3600158691
.3585052490
.3584594727
-.3530426025
.3607482910
.3584594727
-.3567810059
-.3455810547
-.3537445068
-.3439025879
-.3638153076
.3566894531
.3516998291
-.3610229492
-.3593444824
.3604278564
.3539581299
.3582000732
.3614196777
.3542327881
.3544311523
.3147277832
-.3512725830
.3519287109
-.3484039307
.3545227051
-.3528747559
.3635559082
-.3615264893
-.3481903076
.3507232666
-.3532714844
-.3142852783
-.3556060791
.3542938232
-.3560638428
.3587646484
.3499908447
-.3481445313
.3555908203
-.3450469971
-.3344116211
.3522033691
-.3534851074
.3574829102
.3501739502
-.3590545654
-.2760467529
.3611602783
.3517150879
-.3488922119
.3525543213
.3491516113
-.3573608398
.3529968262
.3590240479
-.3226623535
-.3254699707
-.3113403320
.3432159424
-.3483734131
.3557739258
-.3288879395
-.3481140137
.3555145264
-.3635101318
-.3472900391
.3444976807
.2551269531
-.3095092773
.3446807861
-.3468933105
.3525085449
-.3530120850
.3539733887
.3152923584
-.3390808105
.3483886719
-.3520202637
.3524475098
-.3517608643
.3500671387
-.3081359863
-.3414916992
.3519744873
-.3547973633
-.3024291992
.3484649658
-.3320312500
.3193359375
-.3470458984
.3573760986
.3010253906
-.3075408936
-.3551940918
-.3464202881
.3398284912
-.3541870117
.3661193848
.3484649658
.3292541504
.3460998535
.3577423096
.3537292480
.3350524902
-.3293762207
.3512268066
.3046264648
-.3098144531
.3366546631
-.3374023438
-.3291778564
-.3409271240
.2941284180
.3388366699
.3523864746
.3502197266
-.3536682129
.3398742676
.3377380371
-.3482360840
.3505554199
.3358612061
.3564147949
-.3506774902
-.2305145264
.3370513916
-.3433990479
-.2596282959
.3083190918
-.3442382813
.3469696045
-.3481140137
.3249206543
-.3551483154
.3619079590
.3390655518
-.3471527100
.3551788330
.2922210693
-.2993164063
.3289184570
-.3432312012
.2751159668
-.3559570313
-.3155364990
-.3511657715
-.3461456299
.3499145508
-.3524322510
-.3220214844
.3409423828
-.3469696045
.3587799072
.3250122070
-.3200531006
.3162078857
.3444976807
.3502044678
.2831115723
-.3451385498
.3544616699
-.3446655273
.3492126465
-.3088226318
-.2945404053
.3324127197
-.3466644287
-.2406158447
.3249053955
-.3433380127
.3434906006
-.3482818604
.3608703613
.3088531494
-.3492126465
.3513183594
-.3549957275
-.3063201904
.3235931396
-.3384704590
.3463287354
-.3542175293
-.3018188477
.3471069336
-.3501892090
.3479919434
-.3535919189
-.2985992432
.3246917725
-.3473358154
.3561859131
.3496856689
-.3300628662
.3496551514
-.3513031006
.3537902832
.3170776367
-.3255310059
.2921142578
-.3094635010
.2906646729
-.2729034424
.3294219971
.3141021729
-.2138214111
-.3518676758
.3498382568
-.3562622070
-.3101959229
.2787170410
-.3227844238
.3438110352
-.2681884766
-.3237609863
-.3587493896
-.3286743164
.3597106934
-.3339080811
-.2987213135
.3471984863
-.3504638672
-.3359832764
.3424530029
-.3510589600
-.3374023438
.2214965820
-.2331695557
.2088317871
.2154388428
-.2411499023
-.3573150635
.3572235107
.3585815430
-.2053680420
.3442840576
.3082733154
-.2687072754
-.3374481201
.3315124512
-.3457946777
-.3070983887
.2805786133
-.2638397217
-.2319183350
-.3477172852
-.3397827148
-.3627777100
.3377990723
.3590393066
.3467254639
-.3489837646
.2296295166
.3252716064
.3575134277
-.3027343750
-.3521270752
.3545227051
-.2631225586
-.3542175293
.3324737549
.2240142822
.3575439453
.3448791504
-.2691802979
-.3394317627
.3557128906
.2540435791
.3159790039
-.3374786377
.3412475586
-.2974853516
-.2798614502
.3406677246
.1889801025
.2706604004
-.2991333008
.3412017822
-.3465576172
.3480377197
-.2972259521
-.3382110596
.3453216553
-.3460693359
.2501831055
-.3452758789
.2910003662
.3455810547
.2360229492
-.2864685059
-.2662658691
-.3581237793
-.2822723389
.2607269287
.2999877930
-.3005828857
.3449096680
-.3506774902
-.3083648682
.3514404297
-.3107452393
.3410186768
-.3184509277
.3520202637
-.3557128906
.1904602051
-.3386230469
-.2760467529
-.3396301270
-.1779632568
.3341674805
.3102111816
-.3464202881
-.2515716553
-.2253723145
-.2760314941
-.3189392090
-.1957397461
-.3285980225
.3501281738
.3121337891
-.2236480713
.3293304443
-.2163391113
-.3242950439
-.2527313232
-.1360168457
.2376251221
-.2746582031
.3398132324
.2124176025
-.2227020264
.1925506592
-.2348022461
.2310333252
-.2440795898
.2058258057
.2288208008
-.3111877441
.3280029297
-.3404541016
.3044738770
.2552947998
.2674865723
.2631225586
-.3148193359
.2457885742
-.3456115723
-.2462463379
-.2876892090
-.1797943115
.3173065186
-.2855072021
.2361755371
-.3526306152
.2429046631
.3505401611
-.2009124756
-.2578125000
-.1617279053
.2100830078
.2190093994
.3007965088
-.2587890625
.2502136230
-.2908172607
.3516235352
-.1826171875
-.1917114258
.2266082764
.2305908203
.2965545654
.1736602783
.3202819824
.3506011963
.3206481934
-.3467102051
.3011016846
-.3463439941
.2969207764
.3315277100
-.2226715088
.2706298828
.2278594971
-.1713714600
-.0702209473
-.3460083008
.1746368408
-.2467498779
.2007141113
.1404724121
.1494903564
.2250366211
.1914825439
-.1605377197
-.1824951172
.3488922119
.2371520996
.3442382813
-.2436828613
.1478118896
.2532806396
.3405151367
-.2580108643
.3409118652
.2598571777
.2392730713
-.3224182129
-.2342224121
.2832183838
.2958831787
-.2920989990
.3127746582
.3107299805
-.3159637451
.2062377930
-.2601013184
.2500762939
.3001861572
-.2380371094
.2012481689
-.2062377930
.2665557861
-.3202056885
.3370056152
.1191864014
-.2524719238
-.2703399658
.2212066650
-.1357269287
-.2289123535
.2774658203
-.3319549561
.2574920654
-.3243713379
.3302917480
-.2191619873
.3507537842
-.3517608643
-.2066497803
-.1182403564
.3120574951
-.1784057617
-.2224578857
.2453765869
.1825866699
.2353820801
.1227722168
-.2303466797
-.3038177490
.3537750244
.2194366455
-.1273193359
-.2410736084
.3381805420
-.3497314453
.1426544189
-.2960052490
-.1719055176
-.2182922363
-.2071075439
.2445526123
-.2901458740
.2026519775
-.0880279541
.2427062988
-.2611999512
.1626281738
-.2519683838
-.0695495605
.0697326660
.1351623535
-.1018981934
.0903625488
-.1607360840
-.0477142334
.1412963867
-.2132263184
.2050476074
-.1610412598
.0549468994
-.0687561035
-.1071166992
.0966339111
-.1528930664
-.1056976318
.1010437012
-.0813446045
.0596313477
-.0726928711
.0601959229
.0716094971
-.0726623535
.0303344727
-.0303802490
-.0123443604
.0253753662
-.0211639404
.0259094238
-.0326690674
.0302276611
-.0222625732
.0079040527
-.0025024414
