.0056762695
.0056915283
.0056915283
.0056762695
.0056762695
.0056915283
.0056915283
.0056915283
.0056762695
.0056915283
.0056762695
.0056915283
.0056915283
.0056762695
.0056762695
.0056915283
.0056762695
.0056915283
.0056915283
.0056915283
.0056915283
.0056915283
.0056915283
.0056915283
.0056915283
.0056915283
.0056762695
.0056915283
.0056762695
.0056915283
.0056915283
.0056762695
.0056915283
.0056762695
.0056915283
.0056915283
.0056915283
.0056915283
.0060119629
.0070800781
.0074157715
.0066528320
.0048675537
.2012939453
-.1225891113
-.1228485107
-.2294921875
.1621551514
.3154754639
.1423034668
-.2490081787
-.2349548340
-.2897338867
-.2082977295
.1187744141
.1306304932
.1582183838
.1412506104
.0929260254
.0681610107
-.0468139648
-.0526580811
-.0584869385
-.0782470703
-.0773620605
-.0718231201
-.3154907227
.1581726074
-.2061614990
-.2417602539
.3154754639
-.3154907227
.1203918457
.3106842041
.1578674316
-.2517547607
.1951904297
-.3154907227
-.1199340820
-.2040405273
-.3154907227
.3154907227
-.3154754639
-.3154754639
.3154754639
-.3154754639
.3154754639
-.3154907227
.3154754639
.3154602051
.3103485107
-.3046722412
.3154754639
-.2063598633
-.1959991455
-.0820312500
-.2010650635
-.1141510010
-.2628784180
.2022399902
.1718444824
-.2686309814
.3154754639
-.2296295166
.3154754639
-.3154907227
.3154754639
-.3154907227
.3154754639
-.2429809570
-.2289276123
-.2472381592
.3154754639
-.3154907227
.2238616943
-.0922546387
.1587219238
-.3154907227
-.1950225830
.2329101563
.2305450439
-.3154907227
.1642761230
.2958679199
-.2654571533
.2420349121
.2606811523
-.1782379150
-.1914978027
.2208709717
.2137451172
-.1650085449
-.2047424316
-.2045135498
.2952728271
.1596984863
-.1831359863
.3004760742
.2770996094
.3074035645
.3154754639
.3154754639
-.3154907227
-.2772521973
.3154754639
.2004852295
-.3154907227
.3043975830
-.1803588867
.2695007324
.1519775391
-.1385955811
-.1096191406
.1518402100
.1236114502
.0680847168
-.1050109863
.0741729736
-.1662445068
-.1968688965
.1302337646
-.1227722168
-.0585784912
.1200408936
-.1728363037
.1044006348
.1000061035
.0844116211
-.1584930420
.1602478027
-.1597900391
.1219482422
-.0706024170
-.1446228027
.1504211426
-.1059875488
.1284179688
-.0627441406
.0741882324
-.1241302490
.0935058594
-.0633544922
-.0718231201
-.0827484131
.1533813477
.0624694824
.1095275879
.1208801270
-.1203460693
-.0657806396
-.0829925537
.0553131104
-.1022491455
.1253356934
.1057586670
.1102905273
-.0877380371
-.0816955566
-.0793609619
-.1287994385
.1383514404
-.1593933105
-.0727691650
-.1475830078
.1450805664
-.0736541748
-.0895996094
.2518005371
.2210540771
-.0808410645
-.1166534424
.1399383545
-.0857086182
.0583038330
-.0838317871
-.0597991943
.0583343506
.0305938721
-.0429229736
-.0436706543
.0918273926
-.0486297607
.0804748535
.0891876221
-.0450744629
-.0496978760
.0968017578
-.0885314941
.0989379883
.0724334717
-.0565643311
.0463409424
-.0496063232
-.0961761475
-.0712280273
-.0624237061
-.0472106934
.0868072510
-.0723876953
.0627899170
.0781402588
-.0566864014
-.0695495605
.0315856934
-.0646972656
.0816040039
.0612030029
.0441741943
.0483093262
-.0441741943
-.0410919189
-.0432739258
.0470275879
.0636596680
-.0888366699
.0659790039
.0655517578
-.1050567627
-.0677947998
.0371398926
.0698394775
.0423583984
.0478057861
.0574798584
.0649566650
.0328521729
-.0411682129
.0553436279
.0462646484
-.0496520996
.0893249512
-.0684661865
-.0744018555
-.0589599609
.0453338623
.0385589600
-.0883026123
.0334320068
.1031341553
.0626525879
-.0718078613
-.1228027344
.0600280762
.0733184814
-.0791473389
-.0624389648
-.0436248779
-.0685729980
-.0805664063
.0638275146
.0585479736
-.0793304443
-.0825653076
-.0796203613
-.0768280029
.0635375977
-.0504302979
-.0371398926
.0510406494
-.0514984131
-.0585784912
-.0779418945
.0444946289
.0601501465
.0549774170
-.0491790771
.0428466797
-.0369720459
-.0420837402
.0393981934
.0733337402
-.0634155273
-.0576019287
-.0576629639
.0378112793
.0577239990
.0323181152
-.0685729980
-.1067047119
.0330200195
.0535125732
-.0328369141
-.0325622559
-.0149383545
.0330047607
-.0517120361
-.0339355469
-.0314636230
.0368804932
-.0240936279
-.0338134766
-.0211791992
.0314941406
.0295104980
-.0455017090
.0289154053
.0371856689
-.0328674316
-.0444183350
-.0320129395
-.0178070068
-.0414276123
.0435791016
.0193939209
-.0343017578
-.0458374023
-.0460815430
-.0238342285
.0246582031
-.0561981201
.0346527100
-.0238800049
.0254058838
.0324707031
-.0191650391
-.0342254639
-.0453948975
-.0398101807
.0366363525
.0312652588
-.0285186768
-.0256652832
.0296936035
-.0322723389
-.0331115723
.0380554199
.0353546143
-.0287017822
-.0567474365
.0265808105
.0483093262
.0437316895
-.0323791504
-.0391998291
-.0451965332
.0264892578
-.0336608887
.0636901855
.0610656738
.0315246582
-.0456390381
-.0361938477
.0501861572
-.0346374512
-.0332641602
-.0504913330
-.0342712402
-.0266876221
.0286712646
-.0367126465
-.0464324951
.0397186279
-.0560760498
-.0375823975
.0421600342
-.0312347412
-.0487976074
.0355072021
-.0347747803
.0349273682
-.0320892334
-.0308990479
-.0763397217
-.0951385498
-.0636444092
-.0644531250
-.0934906006
.0582580566
-.0393524170
-.0456695557
-.0679931641
-.0501708984
.0361022949
.0325317383
-.0234375000
-.0346832275
.0402526855
-.0484619141
.0249938965
.0207672119
.0341491699
-.0283508301
.0453643799
.0289916992
.0320129395
.0253295898
-.0504302979
.0250701904
-.0625305176
-.0573272705
.0732421875
-.0428771973
-.0885772705
.0412445068
.0427551270
-.0398406982
-.0296630859
-.0337219238
-.0376129150
.0555419922
-.0229644775
.0436706543
-.0799560547
.0923919678
.0379486084
.0571746826
.0617828369
-.1122894287
.0857849121
-.0354156494
-.0377655029
-.0634613037
-.0194549561
-.0610656738
-.0310363770
.0358276367
-.0293579102
.0336151123
-.0355072021
.0385589600
.0614624023
-.0589447021
-.0261993408
.0231170654
-.0248260498
.0239562988
.0333862305
.0265960693
-.0263671875
-.0355224609
.0317687988
-.0287628174
-.0301055908
-.0534515381
-.0213317871
-.0383148193
.0198822021
-.0279235840
-.0412292480
-.0315399170
.0308532715
.0419616699
-.0184173584
-.0459899902
.0468139648
.0301513672
.0203552246
.0254211426
.0472412109
-.0430908203
-.0284118652
-.0267944336
-.0282287598
-.0203094482
.0419006348
-.0517883301
-.0276031494
.0181427002
-.0344543457
.0308074951
.0334320068
-.0287017822
.0454864502
-.0277709961
-.0297851563
.0326385498
-.0539398193
.0350952148
-.0433502197
.0188446045
-.0172729492
-.0160217285
-.0117034912
-.0157470703
.0424041748
-.0333251953
.0254821777
-.0339508057
.0290679932
-.0189361572
.0349884033
.0242919922
-.0286407471
.0337524414
-.0304412842
-.0277862549
.0172271729
.0172271729
-.0347137451
-.0205535889
-.0182800293
-.0252532959
.0245361328
-.0163116455
.0142211914
.0151519775
.0136566162
-.0217590332
.0253601074
-.0253143311
.0181884766
.0138702393
-.0188446045
-.0142669678
.0181579590
-.0088500977
.0218658447
-.0266265869
-.0149230957
-.0226593018
.0270538330
-.0158233643
-.0102386475
-.0158538818
.0258789063
.0197448730
.0198364258
.0241394043
-.0091705322
-.0228576660
-.0240936279
.0213470459
.0127410889
-.0148925781
-.0075531006
.0194549561
.0120544434
-.0133361816
.0215606689
-.0181427002
.0211944580
.0200347900
.0130157471
.0144653320
-.0191802979
.0105285645
-.0113830566
-.0122070313
.0191650391
-.0122070313
.0177764893
-.0135650635
-.0070648193
.0194244385
-.0136413574
.0182800293
.0144500732
-.0180358887
.0146026611
.0143585205
-.0152740479
.0141601563
-.0198059082
.0153503418
-.0134277344
.0098419189
-.0066070557
.0138397217
-.0177307129
.0139465332
.0205230713
-.0140838623
.0114593506
.0179443359
-.0178833008
.0114593506
-.0095062256
-.0185089111
.0171813965
-.0051422119
.0065765381
-.0099334717
.0118103027
-.0152130127
.0162811279
-.0126953125
-.0147705078
.0100708008
.0099792480
-.0044708252
.0077972412
-.0070953369
.0098266602
-.0085601807
.0098114014
-.0140380859
.0150451660
-.0145111084
.0116119385
.0068054199
.0047607422
.0163421631
-.0131378174
-.0110321045
.0211029053
.0147857666
.0220794678
-.0148315430
-.0136260986
-.0130004883
.0150756836
-.0119628906
.0106048584
-.0092773438
-.0091705322
.0156250000
-.0155792236
.0051727295
.0085449219
-.0070495605
-.0111999512
.0118865967
-.0077819824
-.0132598877
.0110473633
-.0061645508
-.0078125000
.0083618164
.0056152344
.0115509033
.0073852539
.0086212158
-.0107269287
-.0114898682
.0044250488
.0034484863
.0102996826
-.0106201172
.0074310303
.0114593506
-.0087432861
.0100402832
-.0090179443
-.0093231201
.0067291260
.0059509277
-.0163726807
.0097045898
-.0119781494
.0115814209
-.0105590820
.0166473389
.0080413818
-.0164489746
-.0071258545
.0143737793
-.0063781738
-.0143280029
.0081939697
-.0133972168
.0055541992
.0084686279
-.0120849609
-.0127258301
.0128326416
-.0088043213
.0074615479
-.0070495605
-.0111999512
-.0071868896
.0111236572
.0070037842
.0069122314
-.0110931396
-.0096893311
.0053100586
.0060577393
.0130310059
.0063934326
-.0064086914
-.0070190430
-.0133056641
.0058441162
.0140228271
-.0069732666
-.0095825195
.0069885254
-.0095367432
.0082855225
-.0119171143
.0113525391
-.0067749023
-.0105895996
.0064544678
-.0086212158
-.0066070557
.0079345703
-.0053710938
-.0106353760
-.0063476563
.0057830811
-.0091552734
.0127105713
-.0071258545
-.0076293945
.0070953369
.0020446777
.0054931641
.0060729980
-.0046081543
.0072937012
-.0076141357
.0062408447
-.0054626465
-.0131835938
.0082855225
.0088043213
-.0087738037
.0065307617
-.0078582764
.0049133301
.0054321289
.0059661865
.0073242188
-.0100708008
-.0046691895
.0085601807
-.0066986084
-.0059356689
-.0032196045
-.0056152344
-.0080108643
.0050048828
-.0043487549
.0056610107
-.0063171387
.0034484863
.0015106201
.0110168457
-.0057678223
-.0051422119
-.0066986084
.0052032471
.0043792725
.0049591064
-.0067138672
-.0061035156
.0063171387
.0032653809
-.0063781738
-.0059509277
-.0094909668
.0065460205
-.0061492920
-.0032196045
-.0056915283
-.0040283203
.0038299561
.0047302246
-.0041656494
-.0037231445
-.0045318604
.0049743652
.0023040771
.0030975342
-.0049896240
-.0054779053
.0042572021
.0035247803
-.0018768311
-.0029602051
-.0037994385
.0035400391
-.0036315918
.0046081543
.0017852783
-.0019836426
-.0021667480
.0029754639
.0018005371
-.0028533936
.0040588379
.0024566650
.0026855469
-.0032501221
.0026397705
-.0038909912
.0025939941
.0020446777
.0041656494
.0016479492
-.0028076172
-.0029296875
-.0013732910
.0034027100
-.0035247803
-.0043792725
.0015563965
.0034637451
-.0036773682
.0041961670
-.0034790039
-.0023040771
.0021972656
-.0029144287
.0043182373
.0016784668
-.0021514893
-.0020446777
.0017700195
-.0039520264
.0019836426
.0022430420
-.0018463135
-.0015716553
-.0016937256
.0025634766
-.0037841797
-.0027465820
.0027923584
.0017395020
-.0021362305
-.0013732910
.0033569336
-.0034484863
.0010528564
.0031585693
-.0027923584
-.0018005371
-.0022888184
.0018310547
.0028228760
-.0016937256
-.0035400391
.0031890869
-.0014953613
.0020294189
-.0018615723
-.0033264160
-.0030670166
.0038452148
-.0015411377
-.0028686523
-.0033416748
.0027770996
-.0036468506
.0036010742
.0016326904
-.0031280518
-.0020904541
.0018310547
-.0020751953
.0034637451
-.0030364990
.0014343262
.0020751953
.0012054443
.0016937256
.0021209717
-.0021667480
-.0011444092
-.0022888184
-.0014953613
.0026092529
-.0015411377
.0025482178
.0007934570
.0022583008
.0006256104
-.0025634766
-.0016632080
.0023803711
-.0014343262
.0019683838
-.0014038086
.0007476807
-.0016021729
.0012969971
.0011138916
.0010223389
.0017242432
-.0019226074
.0018463135
-.0025787354
-.0015106201
.0009765625
.0013732910
.0009002686
.0022277832
-.0013427734
-.0009002686
-.0008850098
.0006713867
.0012512207
.0008544922
-.0012664795
.0011291504
-.0014343262
.0007781982
.0009460449
-.0019378662
-.0005340576
-.0007324219
.0017089844
.0010375977
-.0009002686
-.0022125244
.0019378662
-.0010223389
.0006866455
.0011444092
-.0015258789
.0010833740
.0007629395
-.0010681152
-.0007629395
.0012664795
-.0012969971
-.0011444092
.0009307861
.0006866455
-.0008850098
-.0004119873
.0007171631
.0006866455
-.0011749268
-.0009460449
.0009002686
-.0005645752
.0009765625
-.0005645752
-.0009918213
.0006561279
-.0005493164
-.0006408691
.0009765625
-.0005340576
.0008392334
-.0011444092
.0012512207
-.0014038086
-.0012969971
-.0008392334
.0011291504
-.0005645752
.0004730225
-.0005340576
-.0009307861
.0004425049
-.0006408691
.0007781982
-.0003356934
-.0004119873
.0004425049
-.0005340576
.0004882813
.0005187988
-.0002746582
.0007934570
-.0007019043
.0005187988
-.0007781982
.0005340576
.0008697510
-.0004119873
-.0006561279
-.0003967285
-.0005493164
-.0004882813
.0004425049
.0001373291
