.0016479492
.0016937256
.1857452393
-.1821289063
.1620178223
-.1741333008
.1543579102
.1482849121
.1047515869
.1290283203
.1323547363
-.0863647461
-.0518493652
.0437316895
.1810760498
-.1537170410
-.1546325684
.1472167969
.1464233398
-.1361846924
-.0785064697
.0462341309
-.0678863525
-.0703277588
-.0588684082
-.0570983887
-.0420532227
-.1786956787
-.1715545654
.1836090088
.1294097900
.1515960693
.1314239502
.1408538818
-.1201934814
.1188354492
-.1049194336
.1727142334
-.1301574707
-.1011962891
.1782989502
-.1706390381
.1063232422
-.0921020508
.0698547363
.0522766113
-.0452880859
-.0296173096
-.0455322266
-.1757049561
-.1748046875
.1559448242
.1452026367
.1614379883
.1480102539
.0808258057
.0680999756
-.0580444336
.0510406494
-.0447845459
.0425109863
-.0415802002
.1703491211
-.1842346191
-.1574859619
.1705017090
.1490478516
.1337738037
.1187896729
.1179962158
.1149749756
.1264953613
.1185150146
.0929565430
.0867004395
.0633544922
.0601501465
.0522003174
.0327301025
.0360717773
.0379638672
-.0354156494
.0306701660
.0387573242
.1788482666
.1576690674
.1414642334
.1286163330
.1067047119
.1225280762
-.0705566406
-.0604095459
.0668182373
.0654449463
.1815643311
.1703033447
.1889343262
.1475372314
.1625213623
.1283416748
-.1424407959
.1293487549
.1334838867
.1454467773
-.1582489014
-.1298980713
-.1440124512
-.0585327148
-.0645294189
.0561981201
.0652160645
-.1904754639
.1732482910
.1597595215
.1643371582
.1532745361
.0994873047
.1032257080
.1286315918
.0697631836
-.1775054932
.1885986328
-.1560821533
-.1381835938
.1729888916
.1690673828
.1347961426
.1310272217
.1753845215
-.1582641602
.1627502441
-.1537933350
.1473846436
.1088256836
.1707000732
-.1402435303
-.1271209717
-.1807861328
-.1605682373
.1662445068
-.1680450439
-.1084747314
.1671295166
.1588592529
-.1446838379
.1564788818
-.1450042725
-.1708526611
.1564941406
-.1518707275
.1488952637
.1787872314
-.1499176025
-.1388702393
-.1497955322
-.1551055908
.1547546387
.1604766846
.1629638672
.1368255615
-.1561431885
.1273345947
-.1341857910
.1274414063
-.1522521973
-.1264953613
.1053771973
-.1513671875
.1112670898
-.1287994385
.1104583740
.0928955078
.0856018066
.1806182861
.0953979492
.1409606934
.1369476318
.1090545654
-.1269989014
-.0987701416
-.0853424072
.1835479736
.1491241455
-.1451110840
.1683349609
-.1476745605
-.1177978516
.1042175293
.0495758057
.0408172607
-.1230926514
.1772918701
-.1601409912
.0884552002
.0647277832
-.0780181885
.0644836426
-.0863189697
-.0385589600
.1769714355
-.1644744873
.1680603027
-.1693420410
.1441345215
-.1030883789
.1493988037
.1142578125
.1190185547
-.1548919678
-.1821289063
-.1725158691
-.1621246338
-.1576232910
-.1442871094
.1481170654
.1478424072
.1264190674
.1756134033
.1706085205
.1338958740
-.1062622070
.1152191162
-.1049804688
-.0579223633
.0486450195
.0684356689
.1741485596
.1790466309
.1464233398
.1701660156
.1600341797
.0785369873
.0444030762
-.0482788086
-.0661926270
.1696929932
.1706695557
.1279449463
.1183319092
.1409912109
.1009826660
.0824584961
.0579528809
.0616912842
.1714935303
-.1360015869
-.1590576172
.1764678955
.1494445801
.1319427490
-.1257476807
-.1284179688
.1536712646
.1484069824
-.1396942139
-.1498870850
.1493682861
.1329498291
-.1537170410
-.1524658203
-.1321258545
.1372070313
-.1648864746
-.0598144531
-.0908660889
-.0612030029
.0596771240
-.1497802734
.1502685547
-.1229248047
.1586761475
.1571044922
.1192169189
.1088256836
-.1099243164
-.1026153564
.0954589844
.0650787354
.1436004639
.1799163818
.1496124268
-.1712646484
.1046600342
.1352691650
-.1312408447
-.1680450439
-.1320495605
.1390228271
.1081848145
.1404266357
.1555633545
.1319580078
.1239166260
.1841583252
.1037750244
-.1129302979
-.1230926514
.1130676270
-.1534729004
-.1837921143
.1278533936
-.1348266602
-.1375885010
-.1055755615
-.0549163818
-.1781768799
.1720886230
.1622467041
.1342926025
-.1083526611
-.1312561035
-.1190185547
-.0792999268
-.1384735107
.1603851318
-.1519470215
-.1339721680
-.1392059326
-.0900268555
.1128997803
-.1329498291
.0790100098
.1785888672
.1825866699
-.1710205078
-.1408081055
.0945281982
-.1300048828
.1234130859
.1178436279
-.0638885498
.1268005371
-.1381072998
.1627655029
.1544342041
-.1288604736
-.1339416504
.1269378662
.1136627197
.0731201172
.1738739014
.1725158691
-.1583862305
-.1242370605
-.1232147217
.1299743652
.1428985596
.1494903564
.1162261963
-.1746063232
.1861724854
.1649322510
.1358642578
-.0461883545
.0967254639
-.0905914307
.0553588867
.1771697998
-.1828613281
-.1710052490
.1297607422
.1430358887
-.0845031738
-.1125335693
.0995483398
.0646362305
-.1634521484
-.1665191650
.1236877441
-.1370849609
.1019134521
.1275177002
.1134948730
-.1066284180
-.0798187256
-.1785430908
-.1589660645
-.1229095459
-.1665496826
.1349029541
-.1244354248
.1150970459
.1567993164
-.0936431885
-.1753234863
.1813507080
-.1520996094
-.1380615234
.1336364746
.1387634277
.1324462891
-.0866699219
.1651000977
.1717834473
.1663208008
.1704711914
.1720886230
.1544494629
.1770782471
-.1461334229
-.1389007568
-.1331481934
-.1850128174
.1330108643
-.1494903564
.1367340088
.1645660400
-.1170501709
.1316070557
-.1676635742
.1765136719
.1769866943
-.1517791748
-.1406097412
.1666717529
.1762542725
.1573181152
.1427307129
.1665496826
-.1811065674
.1683044434
.1665954590
.1366424561
-.1445770264
-.1585388184
-.1362457275
.1676177979
-.1813507080
-.1584320068
.1647491455
.1555328369
.1580505371
.1632385254
.1659851074
.1180267334
-.1753234863
.1503906250
.1714172363
-.1530151367
.1656036377
.1644287109
.1693878174
.1625976563
.1915283203
.1813201904
-.1825408936
-.1737365723
-.1644134521
-.1511230469
-.1304931641
.1436309814
.1412353516
.1591186523
.1591491699
.1689605713
.1665496826
-.1563873291
.1546325684
.1546173096
.1537017822
.1680908203
-.1833038330
-.1779632568
.1677398682
-.1638946533
.1795196533
-.1476745605
.1655578613
.1334075928
.1515197754
-.1760864258
.1784210205
-.1509704590
-.1670532227
.1455993652
.1436767578
-.1271667480
-.1203308105
-.1258850098
-.1970977783
-.1731567383
-.1641998291
.1724548340
-.1385192871
.1872863770
.1552276611
-.1528778076
-.1728820801
.1795959473
-.1631469727
-.1372070313
-.1603546143
.1402282715
.1426849365
.1723327637
-.1372985840
-.1824951172
.1502838135
-.1646728516
-.1518859863
.1612548828
-.1431274414
-.1487426758
-.1464691162
.1217193604
.1818389893
-.1473846436
-.1502227783
-.1221923828
.1343231201
-.1678619385
-.1691894531
-.1439208984
.1362152100
-.1851196289
-.1753845215
.1813201904
.1606750488
.1558532715
-.1444396973
-.0980987549
-.1037139893
-.1518249512
.1766967773
-.1753692627
.1577606201
.1504516602
-.1559143066
-.1400299072
-.1375427246
-.1437683105
.1822052002
-.1737213135
-.1523284912
-.1471405029
-.1653289795
-.1328430176
-.1287994385
-.1293182373
-.1722869873
.1723937988
.1647644043
.1576080322
.1659698486
.1597137451
.1745605469
.1413879395
-.1432495117
-.1766815186
.1790161133
.1773529053
.1755065918
-.1856689453
.1736450195
.1692810059
.1684875488
-.1386871338
-.1897277832
.1534118652
.1782379150
.1462554932
-.1588134766
.1506500244
.1261749268
-.1580657959
.1662902832
-.1752929688
.1533355713
-.1629943848
.1538085938
-.1652526855
.1289978027
-.1399230957
-.1313018799
-.1788635254
.1678619385
.1692199707
.1700286865
.1644592285
-.1617126465
.1672363281
.1427154541
.1582794189
-.1807556152
-.1768646240
.1664123535
.1767120361
-.1565704346
.1588745117
.1287384033
.1248626709
-.1390380859
-.1824645996
-.1524047852
.1523590088
-.1253509521
.1148223877
.1658020020
.1232452393
.1149597168
.1828460693
.1470947266
.1411895752
.1487274170
.1500701904
.1345977783
-.1218261719
.1310272217
-.0892944336
-.1802673340
-.1791534424
-.1597137451
-.1622314453
-.1558227539
-.1582489014
-.1402435303
.1238708496
-.1246948242
.1790008545
-.1892395020
-.1617736816
-.1416015625
-.1315765381
-.1491851807
.1339569092
-.1203155518
-.0788421631
-.1775512695
-.1204833984
-.1574249268
-.1352081299
-.1184234619
-.1513824463
.1282806396
-.0821685791
.1564331055
.1850738525
.1787261963
.1733856201
.1608428955
.1535491943
.1470336914
.1255798340
.0997924805
.1064605713
-.1746215820
.0852813721
-.0982818604
-.0809326172
-.0725402832
.0910339355
.0910034180
.0607452393
.1839904785
-.1947021484
.1790771484
.1348419189
.1622161865
.1348571777
.0934753418
.0943298340
-.0789337158
-.1879577637
.1738433838
.1500854492
-.1413421631
-.1028137207
.0960693359
.0938720703
.0707397461
.1027984619
.1692810059
.1821441650
-.1355895996
.1382293701
.1067657471
.1108093262
.1324768066
.1319427490
-.1098632813
.1796417236
.1320648193
-.1236419678
.1005706787
-.0763549805
.1149139404
.1236114502
.1129150391
.1734771729
-.1725463867
-.1537017822
.1488647461
.1263732910
.1270141602
-.1187744141
.1405181885
.1401367188
-.1843414307
.1672821045
-.1482543945
-.1452484131
-.1297912598
.1664733887
-.1449127197
-.1271057129
.1643218994
-.1785430908
.1654663086
.1499328613
.1483917236
.1563110352
.1747741699
.1780700684
.1595764160
.1675109863
.1715545654
-.1552429199
-.1505889893
.1540832520
.1657867432
.1238708496
-.1009216309
.1074523926
.1791839600
-.1727142334
.1619415283
.1554870605
.1529083252
.1456604004
.1431121826
-.1361236572
.1124877930
-.1533203125
-.1768493652
-.1839904785
.1135101318
-.1181793213
.1273498535
.1607208252
-.1209716797
-.1469726563
-.1725769043
.1704101563
.1538085938
.1328735352
.1135253906
-.1564178467
.1224822998
-.0756988525
.1469116211
-.1805877686
-.1530456543
-.1416931152
.0978088379
.1705474854
-.1318359375
.1288757324
-.1544189453
.1834564209
.1755218506
-.1720123291
.1328735352
-.1262054443
.1417541504
.1326904297
.1195373535
-.1516876221
.1654052734
.1782684326
.1408843994
-.1009979248
.0570220947
-.1221771240
.1162567139
-.0567016602
.1692199707
-.1855010986
-.1852569580
-.1651916504
-.0951690674
-.1397552490
.1565093994
.1613159180
.1402130127
.1419067383
-.1581878662
.1676177979
.0785980225
.1211242676
.1030273438
-.1388244629
-.1241912842
-.1128540039
-.1539001465
.1658935547
.1525268555
-.1072235107
-.1273956299
-.0961761475
-.0853576660
-.0911254883
.0600128174
-.1586914063
.1784973145
-.1774139404
-.1548461914
-.1459808350
-.1004943848
.0766296387
.0808258057
.1181793213
-.1548156738
-.1941680908
.1722412109
-.1695251465
-.1614990234
.1163177490
.1078338623
.0720825195
.0805206299
-.1433868408
-.1728363037
.1693115234
-.1740112305
-.1317901611
.1583099365
-.1311340332
-.1454772949
.1314392090
-.1765899658
.1622772217
.1548461914
-.1356964111
-.1613311768
.1615447998
-.1761016846
.1562194824
-.1375274658
.0916748047
-.0822906494
.0774841309
-.0576171875
.0568695068
-.0488586426
-.0552062988
-.0500335693
.0317687988
-.1578369141
.1511688232
-.1644134521
-.1919555664
.1790771484
.1533050537
.1538848877
-.1096954346
-.1579284668
-.1251373291
-.1519622803
-.1207275391
-.1879730225
-.1660461426
-.1422271729
-.1164703369
-.0813293457
-.0905914307
.1664581299
-.1468963623
.1546325684
.1043853760
.1251525879
-.1619873047
.1487731934
-.0725402832
-.1496429443
.1208038330
-.1220703125
-.1409149170
.1157379150
-.1274261475
.0777435303
.1767730713
-.1697082520
.1139373779
-.1610412598
.1511993408
-.1437835693
.1007690430
-.0531311035
.1032409668
.1016235352
.1364288330
-.1345672607
-.1189575195
.1154174805
.0780487061
-.1770782471
-.1601715088
.1133422852
-.1556854248
.1390533447
.1606445313
-.1273651123
.0898895264
-.1261138916
-.0956878662
-.1103973389
-.0967254639
.0402984619
-.0735778809
.0969696045
-.1661682129
.1695251465
-.1465606689
.1433105469
.1648864746
.1482238770
-.1174163818
.1038665771
-.0653228760
-.0624542236
.0427093506
.0417022705
.0242156982
.0204620361
.0135040283
.0165405273
-.0153350830
.0120086670
-.1795806885
-.1651458740
-.1665954590
-.1752014160
-.1727294922
.1604003906
-.1372680664
-.1631927490
.1268005371
.1248321533
.1219024658
-.1193542480
-.0957641602
.0975646973
.1155242920
.0951690674
-.0833129883
-.0809173584
.0678253174
.0689697266
.0741271973
.0742340088
.0515289307
-.0564727783
.0467987061
.0369110107
.0486297607
-.0427246094
-.0331573486
-.0293579102
-.0281829834
.0261840820
-.0219116211
.0174713135
-.0157165527
-.0148925781
.0117797852
-.0108184814
-.0102996826
-.0113220215
-.0098876953
-.0106201172
-.0087280273
-.0065612793
.0067291260
-.0057373047
-.0041198730
.0031433105
-.0030212402
.0025939941
.0020904541
-.0014648438
-.0014648438
-.0009460449
-.0006103516
-.0001831055
.0000610352
-.0000457764
.0000610352
-.0000457764
-.0000457764
.0000457764
.0000457764
-.0000457764
-.0000457764
-.0000457764
-.0000457764
.0000457764
.0000457764
.0000457764
-.0000457764
-.0000457764
-.0000457764
-.1273651123
