-.0049896240
-.0071563721
-.0043945313
-.0057983398
.0071868896
.0040435791
-.0068511963
-.0065460205
-.0053710938
.0058288574
-.0054779053
-.0056610107
.0111541748
.0077667236
.0155029297
.0101318359
-.0115356445
.0125579834
-.0102691650
-.0115966797
-.0116729736
-.0115356445
-.0082855225
-.0118713379
.0141906738
.0108489990
.0096130371
.0173950195
.0139007568
-.0170898438
-.0170898438
-.0196685791
.0249481201
.0206451416
-.0157165527
.0220031738
.0263214111
.0297393799
-.0376129150
-.0258026123
-.0269470215
-.0458221436
.0406341553
.0286254883
.0331878662
.0501251221
.0346527100
-.0452270508
-.0385437012
-.0436096191
-.0363311768
-.0781555176
.0596466064
-.0455780029
.0665588379
.0607147217
-.0599670410
-.0361022949
-.0794525146
.0610198975
.0476074219
-.0531463623
-.0449523926
.0562438965
-.0591430664
-.0659027100
-.0487365723
.0551605225
-.0781555176
.0877075195
.1032867432
.0602264404
-.0863037109
-.0783386230
-.0715484619
-.0749359131
-.0876770020
.0955657959
-.0808563232
.1098327637
.0758972168
.1555786133
.0846557617
.0966796875
-.0956268311
-.0633392334
-.0954284668
.1318511963
.1128997803
-.0963439941
.1557769775
.1400451660
.1171875000
-.1357574463
.1218109131
-.1032867432
-.1312561035
-.0629272461
-.1063690186
-.1791381836
.1306610107
-.0818176270
.1835327148
.1435241699
.0975036621
.1675720215
.2094268799
.1137237549
.1648101807
.1921081543
-.1582946777
-.0873107910
.1481323242
-.0789794922
.1545410156
.1949310303
.1464233398
.1361541748
.1604614258
.1245880127
-.1467895508
-.2014465332
-.1858978271
.1067810059
.1428833008
-.1172180176
.1276397705
.1657104492
-.1517944336
.1541442871
.1194763184
-.1118621826
-.1232604980
.1934356689
.1206054688
.1102752686
-.1393432617
-.1297149658
-.1227264404
-.1897735596
.1389617920
-.1128997803
.1252136230
.1444244385
.0935211182
.2008819580
-.0754699707
-.1409606934
.1178894043
.1795806885
-.0864868164
-.1261291504
-.1027221680
-.1041564941
.0644989014
.1211853027
.0940246582
-.1774597168
-.1249389648
-.0835571289
-.1080169678
.1153564453
.1286315918
.1672973633
-.0983123779
.0684204102
.0787048340
-.0738372803
.1097717285
-.1113433838
-.0833587646
.0664672852
-.1258850098
.1662597656
-.0994567871
-.0976257324
-.1392517090
.0964050293
.0822296143
.0688171387
-.0701599121
-.0701293945
.0935974121
-.1009674072
-.0949859619
-.0618133545
.1066284180
.1009826660
-.0974121094
-.1213226318
-.0668945313
.0962829590
-.1224060059
.0987854004
-.0667266846
.0770111084
.0876464844
.0721893311
.0926666260
-.1033630371
.0731201172
.0854339600
-.0687561035
-.0904235840
-.0472259521
-.1231231689
.0722503662
-.0839691162
-.0678710938
-.0593566895
.1205291748
.0822753906
-.1204223633
.0515136719
.1356964111
-.0926666260
.0879669189
-.0758056641
.0655364990
-.0728149414
.0720214844
.0708465576
-.1169586182
.0804443359
.0784149170
-.0877685547
.0942535400
-.0812683105
-.0612182617
.0926971436
.0789794922
-.0903930664
.0846405029
-.0686950684
.0554046631
-.0627899170
.0749359131
.0966796875
.0816192627
.1498413086
-.0741271973
-.1307830811
-.1507263184
-.1018524170
.1147460938
.1098480225
-.1444702148
-.1280822754
.0807189941
-.1022796631
-.0669403076
-.1017913818
.1156005859
.0932617188
-.0998229980
-.1259918213
.1004638672
-.0958557129
-.0967864990
-.1109619141
.0960540771
.1368560791
.1143188477
-.1339874268
-.1354522705
.1239624023
-.0987548828
.1089172363
-.0916290283
.0949249268
.1108245850
.1389007568
-.1364898682
.1357116699
.1708679199
.1728363037
.1349639893
.1125335693
-.1585540771
-.1874542236
-.1361389160
.1492309570
-.1545715332
.1608123779
.1906433105
-.1914672852
.1689605713
.1301727295
.1582336426
.1676788330
.2011260986
-.1889343262
-.2033691406
.1937713623
.1107482910
-.1519927979
.2572784424
.2505035400
-.1654968262
.2268371582
-.1757507324
-.1761932373
-.2289123535
.1698150635
-.1878356934
.2475585938
.3163299561
.2882690430
-.2254180908
-.1979064941
-.1957550049
.2146606445
.1230316162
-.1510467529
.2093963623
-.1809539795
.2230987549
-.2339324951
.2195739746
-.2074127197
-.2252349854
-.1339569092
.2539062500
-.1154174805
.1974945068
.2169036865
-.0927429199
.1733703613
-.1516723633
-.1235656738
-.1142120361
.1725921631
-.1188507080
-.1188812256
-.1309509277
.1469421387
.1350555420
-.1265869141
.1563720703
-.1374053955
.1522064209
-.1453247070
-.1263732910
.1220703125
-.1159515381
-.0924987793
.1363830566
-.1909484863
.1247558594
-.0829925537
-.1312866211
.2082672119
.1608276367
-.1576843262
-.1548004150
.1250152588
.1112365723
.1028747559
.1422119141
-.1735992432
-.1323394775
-.0644836426
-.1682281494
-.0998992920
.1092834473
-.1443176270
.1137084961
.1152648926
-.1393280029
.1794738770
-.1675567627
.1219635010
.2469329834
-.1195220947
-.2096099854
-.2378387451
.1303863525
-.1867675781
-.1648559570
.1547851563
.2140502930
.0805358887
.1555480957
-.2993927002
.2919769287
-.2384948730
.3012847900
.2004699707
.1972808838
.2596893311
-.2435150146
-.3539733887
-.3460388184
.3097991943
.2247161865
-.2223968506
-.3539733887
-.2680816650
-.2716064453
-.2529144287
.2822875977
-.3539886475
.3020324707
.2854003906
.3539733887
-.2756195068
-.3232727051
-.3539886475
-.3419799805
-.3247070313
.2043457031
.2238006592
-.3024291992
.2870788574
.3539733887
.3539581299
-.2659149170
.3408508301
.2678680420
-.3539886475
.2740936279
.3539733887
-.2586975098
.2864990234
.3492736816
-.2171325684
-.3539733887
-.2817230225
-.2411651611
.2953948975
.3227996826
-.3539886475
.2774963379
.2422485352
-.2309417725
.3199005127
.2537841797
.2683868408
.3065490723
-.2682037354
.2194671631
.2808990479
-.3539581299
-.3539733887
.2467346191
.2802734375
.1660308838
.1698760986
.2543792725
-.2613220215
.2828063965
-.3114166260
-.2133636475
.2149810791
.3539581299
-.2502899170
-.2779998779
-.1672515869
-.2831573486
-.2934265137
-.1761627197
-.1584625244
-.2028961182
-.1909179688
.2312774658
.1676635742
-.1744842529
.1936798096
-.2083740234
.2062988281
.2169952393
-.1755065918
-.1930999756
.1659851074
-.1267089844
-.1929168701
-.2056274414
-.2798614502
-.2062683105
-.2211151123
.2265014648
.1646881104
-.2164459229
-.2775573730
.2584838867
-.2264099121
-.1740570068
.2983856201
-.1911621094
-.1878356934
.1792755127
-.1841583252
-.1665496826
.2173919678
.1934356689
-.1773834229
-.2002716064
-.1824188232
-.2267456055
.3089447021
.2451324463
-.3201599121
-.2800292969
.1957092285
-.1542968750
.1812286377
-.1338500977
.1781158447
-.1417083740
.1756286621
-.2231750488
-.1376037598
-.2542724609
-.1498413086
.2205963135
-.1390991211
-.1189880371
-.1510620117
-.1531982422
-.1713409424
.1696472168
.1430053711
-.1678924561
-.2193756104
-.1128845215
.1219024658
.0980072021
-.1397247314
.1721496582
.1280212402
.1734771729
-.1288604736
.1579895020
-.1289520264
-.1093750000
-.1069793701
-.1412506104
.1898651123
.1368408203
-.1532287598
-.1551818848
.1153564453
-.0726776123
-.0910186768
.0577545166
-.0764160156
.0822296143
.0889739990
-.1512298584
-.1369476318
-.1519317627
-.0970764160
-.1223449707
.1299743652
.1000061035
-.1095428467
.0980072021
.0964050293
-.1078948975
-.1047668457
.1064147949
-.1004333496
-.1070098877
.0766601563
-.0973663330
.0690612793
.0895385742
-.0976715088
-.0750885010
.1273345947
-.0645294189
.0622100830
-.0843963623
.0671386719
.0881347656
.0775146484
-.0747070313
-.0985260010
-.0572204590
-.1347808838
.0794372559
.0774993896
.0777130127
.0606536865
.0915374756
-.1120758057
-.0874481201
-.1031646729
.1155395508
-.1568145752
.0786895752
-.0950927734
.1134338379
-.1098480225
-.1087188721
-.0653686523
.0938720703
.0768890381
-.1026916504
-.0766754150
-.0922698975
-.1220550537
-.1008453369
-.0710906982
-.1027374268
-.0907745361
.0909118652
.0964813232
.0974884033
-.1053924561
-.1111907959
.1123504639
.0899810791
-.1305999756
.1071929932
.0873107910
-.0591583252
.1511230469
.1011199951
-.0899810791
.0576477051
-.1443176270
.0914459229
.1165924072
.1395874023
-.1067047119
.1205596924
-.1143035889
-.0988006592
.0595245361
.0470733643
.0865478516
.1000213623
.1104736328
.1328887939
.1314697266
-.0708465576
.1000671387
-.0569915771
-.1040496826
.0713195801
.1090698242
-.1097259521
-.1558685303
.1141815186
-.0885314941
-.1125946045
.1555175781
-.0781555176
.1093292236
.0926055908
-.0647125244
.1365509033
.1033477783
-.0856781006
-.1201477051
.0513305664
.0809631348
-.1223297119
.1072082520
.0704803467
-.1084899902
.0507812500
-.0848693848
-.0636138916
.0849151611
-.0977783203
.1034088135
-.0564727783
-.1035003662
-.0901489258
-.0630645752
.1273803711
.0745086670
-.0630798340
.0924224854
-.0807495117
-.0902862549
-.0977783203
-.0721740723
-.0725097656
-.0685272217
.0609130859
.0742340088
.0865020752
.0617675781
.0749053955
.0810241699
-.0669860840
-.0792999268
.0662841797
.0825805664
-.1179504395
-.0927581787
.0973663330
-.0655822754
-.0528259277
.0779876709
-.0948638916
.0666656494
.1040802002
-.1084747314
.0624084473
.0756683350
-.0836181641
.0803985596
-.0550842285
.1052551270
.0480499268
-.1083526611
-.0795593262
.0848846436
-.0560760498
-.0854644775
.0694427490
-.0585174561
-.0566253662
.0701446533
-.0412292480
.0591735840
-.0619659424
-.0817108154
.0586700439
.0763092041
-.0638580322
.0393981934
.0562744141
-.0755157471
.0928497314
-.0494689941
.0446319580
.0558166504
.0635070801
.0489044189
.0871124268
.0879211426
.0554199219
.0419158936
.0621643066
-.0365600586
-.0536651611
-.0557556152
-.0802154541
.0429382324
.0572814941
.0776672363
-.1149444580
.0570220947
-.0358734131
-.0453643799
.0641632080
-.0751953125
-.0674743652
-.0712432861
-.0907287598
.0620727539
.0483245850
-.0479583740
.0518951416
-.0462799072
-.0684356689
.0604095459
.0780792236
-.0683288574
-.0334320068
-.0517425537
.0811614990
-.0590515137
.0608367920
.0612487793
.0637969971
-.0655059814
-.0504150391
-.0428466797
-.0672149658
.0802459717
.0725860596
.0661468506
-.0613708496
.0666961670
.0593109131
.0516052246
.0487365723
.0383758545
-.0685882568
.0618133545
-.0412750244
-.0372924805
-.0498657227
.0438842773
.0521850586
-.0627899170
.0822601318
.0447998047
.0580902100
-.0532836914
.0662536621
.0594024658
-.0949707031
.0393524170
-.0533599854
-.0581817627
.0816497803
-.0552825928
.1154632568
.0547180176
.0716247559
-.0641326904
-.0445404053
-.0604858398
.0344085693
-.0536041260
.0718688965
.0958251953
.0639190674
-.0746307373
-.0631103516
.0569458008
.0543060303
.0996704102
-.0812683105
-.0377349854
.0711975098
-.0543212891
-.0562744141
-.0501098633
.0902862549
.0560760498
.1070556641
.0927429199
.0494537354
.0920410156
.1000518799
-.0664978027
.0454254150
-.0565948486
.0608673096
-.0997924805
-.0650939941
.0675201416
.0850677490
-.1130828857
-.1077880859
.0833740234
-.0631408691
-.1075744629
.0816802979
-.0761413574
-.0919342041
.0780944824
.1005554199
-.0617523193
-.0760498047
-.0510101318
.0623626709
.0966796875
.0625457764
-.0690155029
.0552673340
.0463409424
.1077575684
-.0700073242
.0535125732
.0701446533
-.0400390625
.0785827637
.0675354004
-.0517730713
.0875244141
-.0502319336
-.0695800781
-.0488281250
.0775451660
-.0447082520
-.0684967041
-.0641021729
-.0997314453
-.0585327148
.0847625732
.0585784912
-.0606842041
-.0652465820
-.0595550537
.0639343262
-.0575714111
.0616607666
.0673522949
-.0541076660
.0775756836
.0481109619
.0665435791
-.0581970215
.0345916748
.0423583984
-.0772552490
.0462646484
.0413208008
.0831451416
.0738220215
.0484771729
-.0519714355
.0880584717
.1191711426
.0716552734
.0789794922
-.0723724365
-.0503082275
.0530853271
.0345306396
.0573120117
-.0496215820
-.0468902588
-.0472259521
.0521240234
.0380096436
-.0543975830
.0608367920
.1061859131
-.0684967041
.0599670410
-.0411071777
.0532836914
-.0572662354
-.0663146973
.0428771973
-.0681915283
-.0483245850
.0643920898
.0729980469
-.0506896973
-.0742034912
.0999145508
-.0690002441
-.0418853760
.0790710449
.0513153076
-.0493774414
-.0825958252
-.0714721680
-.0712280273
.0577087402
.0717926025
-.0616760254
-.0628204346
.0434570313
-.0497741699
.0740356445
.0649108887
-.0551452637
-.0538635254
-.0657196045
.0786743164
.0495605469
-.0663146973
.0354309082
.0777435303
-.0593566895
.0663604736
.0474243164
-.0538940430
-.0784912109
.0653839111
.0620117188
-.0444183350
.0603637695
-.0839843750
.0332183838
.0568542480
.0496520996
.0506286621
-.0481414795
.0819396973
.0436553955
.0537567139
-.0449066162
.0449523926
.0531768799
-.0297241211
-.0546112061
-.0423278809
.0380096436
-.0400238037
-.0401000977
.0458221436
.0644378662
.0391235352
.0388946533
.0391387939
-.0209197998
-.0327911377
.0141296387
-.0235137939
.0181121826
.0224609375
.0080108643
.0141143799
.0091094971
-.0077514648
.0070190430
.0040588379
.0028991699
-.0004119873
