.0021362305
-.0017242432
.0009918213
.0013732910
.0012512207
.0015869141
.0015563965
-.0013122559
-.0021820068
-.0023498535
-.0035247803
.0024719238
.0028839111
-.0015411377
.0024414063
-.0016632080
-.0010681152
-.0017395020
-.0029907227
-.0023345947
-.0026855469
.0025787354
-.0025482178
-.0034027100
-.0028381348
.0021667480
.0025787354
-.0032501221
.0027160645
.0030670166
-.0040283203
-.0033111572
-.0029754639
.0029144287
.0038604736
-.0024871826
-.0026245117
.0032348633
-.0045318604
.0026702881
.0034027100
-.0034942627
-.0035095215
-.0047302246
.0040283203
-.0033874512
-.0042572021
-.0046844482
-.0054779053
.0037689209
-.0070800781
-.0046691895
-.0041961670
-.0041198730
-.0055847168
.0045166016
.0020904541
-.0031127930
-.0045318604
.0044860840
-.0035247803
.0051269531
.0047454834
-.0037689209
.0044250488
-.0038146973
-.0037231445
.0057830811
.0037841797
-.0041656494
-.0047149658
.0040588379
.0042724609
-.0057983398
-.0065460205
-.0049591064
-.0034484863
.0046386719
.0041503906
.0041198730
-.0046539307
-.0062713623
-.0049285889
.0058288574
.0054321289
.0048370361
-.0080413818
-.0075073242
.0063934326
.0061950684
.0048065186
.0041046143
-.0065460205
.0036926270
-.0049896240
-.0050048828
-.0032958984
.0063018799
.0050354004
-.0049438477
.0039062500
.0039367676
-.0041961670
.0046997070
-.0058746338
-.0045776367
-.0056304932
.0063323975
.0050811768
.0059509277
-.0045318604
-.0067596436
.0054321289
.0053100586
-.0064544678
.0090484619
-.0070648193
-.0128936768
.0059204102
.0093688965
.0091247559
-.0088043213
-.0061798096
.0081939697
-.0099945068
-.0087585449
-.0046691895
-.0050201416
-.0061645508
-.0058441162
-.0049591064
.0065765381
.0058746338
.0098571777
.0088195801
-.0072021484
-.0105285645
-.0090942383
-.0077056885
.0071411133
.0059051514
.0050811768
.0068511963
-.0062561035
.0081787109
-.0063629150
.0081329346
.0069732666
.0084228516
.0041656494
-.0067291260
-.0062866211
-.0066528320
-.0090026855
.0073394775
.0052337646
.0067138672
.0057373047
-.0084381104
.0052947998
.0065307617
-.0055236816
-.0059967041
-.0074310303
-.0073699951
-.0070190430
.0063171387
-.0053253174
.0061645508
.0072021484
-.0073699951
-.0054626465
-.0066375732
-.0062713623
.0050354004
-.0058593750
-.0061645508
.0056457520
.0056457520
-.0070037842
-.0073242188
.0096435547
-.0134429932
-.0142364502
.0179901123
.0158081055
.0175781250
-.0194244385
.0202484131
-.0284881592
.0240173340
.0299530029
.0287780762
.0210418701
.0312957764
-.0243377686
-.0250244141
-.0188140869
-.0161132813
.0140991211
.0196533203
.0155487061
.0170440674
.0109710693
-.0111694336
-.0143127441
.0107421875
.0076751709
-.0056610107
.0057983398
-.0048370361
-.0053100586
.0061798096
-.0045013428
-.0075073242
.0081787109
.0163269043
.0234527588
.0226898193
.0176391602
-.0216217041
.0233764648
-.0241241455
.0182342529
-.0188598633
.0323791504
.0379333496
-.0250396729
-.0172729492
-.0166168213
.0176391602
.0286102295
.0113067627
.0139617920
.0085754395
-.0079956055
.0081634521
.0179748535
.0204315186
.0194091797
.0238800049
-.0161590576
.0155334473
.0222930908
.0203857422
-.0205688477
.0188446045
.0278320313
-.0249481201
.0160064697
.0240631104
.0205078125
-.0206604004
-.0207214355
-.0243988037
.0190734863
.0317382813
-.0276947021
-.0278625488
.0241241455
.0247955322
.0297851563
-.0213012695
.0269317627
-.0251007080
.0228424072
.0147399902
.0216979980
.0177307129
-.0147094727
.0134124756
.0271453857
.0342254639
.0249481201
.0287933350
.0224456787
-.0220642090
.0242004395
.0169525146
.0251007080
.0270385742
.0186920166
-.0248413086
.0673065186
.0448760986
.0404205322
-.0584106445
.0375976563
.0359344482
-.0426788330
.0392761230
-.0587615967
-.0544128418
.0625610352
-.0840454102
-.0866394043
.0595550537
.0327606201
.0419006348
.0386810303
-.0266265869
.0263824463
.0302124023
-.0192108154
.0151519775
.0151824951
.0112457275
.0124969482
-.0150146484
-.0191345215
-.0330352783
-.0821533203
-.0625152588
.1017456055
-.1732482910
-.1972503662
.1880035400
-.1989593506
-.2104644775
.1881561279
-.1910247803
-.2027740479
-.1943359375
-.1969299316
.1354675293
.0846710205
.1536407471
.1358642578
.1145935059
.1416015625
-.1087188721
.1731567383
.1812591553
.1680603027
-.1936340332
-.1823425293
.1987762451
.2127838135
-.2011871338
.1913146973
-.2132873535
-.1412811279
.1806030273
.1903076172
-.1852264404
-.1949768066
-.1995544434
-.2144622803
-.2106018066
.2292938232
.1777038574
-.2045898438
-.1835937500
-.1802673340
.1915435791
-.1923217773
-.1970214844
.1782684326
-.1799621582
.1947479248
-.1646118164
.1186523438
-.1639404297
-.1699829102
-.1333770752
.1333465576
.1456146240
-.1316375732
.0967102051
.0876464844
.1474761963
.0758361816
.1006774902
.0973510742
-.1375274658
-.0960540771
.0804138184
.1222686768
.0984802246
-.1066284180
-.1095275879
.0583648682
-.0858459473
-.0596618652
-.0611877441
.0548248291
-.0683288574
-.0572662354
-.0637207031
-.1134490967
.1379089355
-.1457061768
-.1062774658
.0946044922
.1485290527
.1029052734
.1256256104
-.1278991699
-.0739593506
.0988159180
.0968475342
.0940399170
-.0834197998
-.0711975098
.0745697021
-.1124267578
-.1533355713
-.1128234863
-.1623992920
.1243896484
-.1277008057
-.1284484863
-.1261596680
-.1342773438
-.1415405273
-.1383514404
-.1256866455
-.1238555908
-.1237182617
-.1141052246
-.1091766357
-.1202392578
-.1236572266
-.1218109131
-.1255645752
.1181793213
-.1185150146
.1193695068
.1208648682
.1240234375
-.1177215576
-.1245880127
.1230926514
-.1271820068
-.1271820068
-.1261749268
.1240386963
.1261138916
.1306457520
.1260986328
.1159057617
.1145172119
.1205902100
.1188812256
.1107635498
-.1163024902
.1164855957
.1126556396
.1062927246
.1089019775
.1100921631
.1071014404
.1065521240
.1109466553
.1083831787
.1094207764
.1071624756
.1068878174
.1059875488
.0984039307
.0927581787
.0902709961
.0988922119
.0992889404
.0938568115
.0936126709
.0851745605
.0832977295
.0795288086
.0841674805
.0758514404
.0786895752
.0758514404
.0663146973
.0592193604
-.0581054688
-.0565948486
.0456695557
-.0424041748
-.0482025146
-.0625152588
.0572052002
.0606994629
-.0531616211
-.0470581055
.0414123535
-.0380706787
.0529327393
.0593414307
-.0577087402
.0502777100
-.0452575684
-.0482635498
.0484008789
.0441436768
.0419158936
.0327911377
.0368041992
.0340881348
-.0265808105
-.0399475098
-.0332031250
.0433044434
.0377197266
.0362701416
.0318145752
.0323181152
.0411834717
.0403900146
-.0335540771
.0321960449
.0297698975
.0377349854
.0380706787
.0356140137
.0444641113
-.0418853760
.0440368652
-.0475158691
-.0535888672
.0514984131
.0534057617
.0462493896
.0504455566
.0504455566
.0513763428
.0465698242
.0528106689
.0552978516
.0560150146
.0515594482
.0535430908
.0579986572
.0677947998
.0595703125
.0576934814
.0427093506
.0443115234
.0388946533
.0248413086
-.0325164795
.0141296387
.0092468262
-.0057983398
-.0079345703
.0078582764
-.0088348389
.0056762695
-.0066680908
.0036773682
.0069885254
-.0095062256
-.0078582764
-.0077667236
-.0052642822
.0066528320
-.0063781738
-.0046539307
.0064239502
-.0046386719
-.0032043457
-.0056762695
-.0042724609
.0039825439
-.0035247803
-.0058898926
-.0081787109
-.0032806396
.0048980713
.0050506592
.0064849854
.0058898926
.0042877197
.0069732666
.0052947998
-.0055847168
-.0038604736
.0046844482
.0045776367
-.0051727295
-.0083007813
-.0042419434
.0050811768
.0039672852
.0046844482
.0066680908
-.0046997070
.0049743652
-.0062255859
.0039825439
-.0052490234
.0100097656
-.0056762695
-.0071411133
-.0062255859
-.0093078613
.0083160400
-.0067138672
.0077972412
-.0062255859
.0059051514
-.0077514648
-.0067901611
-.0056457520
.0063323975
-.0033874512
-.0026702881
-.0044555664
-.0033416748
.0032196045
-.0043182373
.0031585693
-.0032043457
.0042572021
-.0053863525
.0044708252
-.0036163330
.0053405762
-.0073547363
.0040740967
.0045623779
.0050506592
-.0069274902
-.0053863525
.0061340332
.0077514648
-.0065612793
-.0073089600
.0081024170
-.0091857910
.0056304932
-.0050811768
.0096130371
-.0063171387
.0072174072
.0073852539
-.0055084229
-.0059661865
-.0098571777
.0062561035
.0041046143
.0072326660
-.0051116943
-.0055694580
-.0064392090
-.0079956055
-.0062561035
.0060424805
-.0056152344
.0065460205
-.0061187744
.0062866211
.0051727295
-.0043487549
-.0080261230
.0066986084
.0092926025
.0094299316
.0102691650
-.0070953369
.0081176758
-.0070953369
.0062255859
-.0099487305
-.0091857910
.0060729980
-.0049591064
.0052795410
.0046386719
.0045471191
.0066223145
.0070800781
-.0059661865
-.0044860840
.0063629150
.0048980713
-.0049896240
.0049285889
-.0067596436
.0069580078
.0096740723
-.0050048828
.0082092285
-.0077972412
.0074920654
-.0071868896
-.0067901611
-.0091400146
-.0094451904
-.0060119629
-.0067291260
-.0104370117
-.0102539063
-.0054626465
.0065460205
-.0053405762
-.0064086914
.0048065186
-.0063171387
.0058135986
-.0033569336
.0050659180
-.0043487549
.0063476563
-.0054473877
-.0044708252
.0067443848
-.0049285889
.0091400146
.0130767822
-.0114288330
.0155181885
.0075988770
-.0166473389
.0093383789
-.0104064941
.0119628906
-.0137786865
-.0134277344
.0130920410
.0102691650
-.0073547363
.0100402832
.0137023926
-.0124053955
.0144195557
.0150451660
-.0194549561
-.0119171143
-.0101165771
-.0153808594
.0178833008
.0094146729
.0104827881
-.0092620850
.0121917725
-.0101623535
.0124053955
.0078887939
-.0088653564
.0068664551
-.0069122314
-.0060577393
-.0095367432
-.0105743408
-.0216064453
.0112609863
.0081329346
-.0146026611
.0170593262
-.0162048340
-.0113220215
-.0239715576
-.0152435303
-.0181732178
-.0221557617
.0195465088
.0312652588
.0368041992
.0179748535
.0243377686
.0165710449
-.0217132568
-.0184173584
-.0208892822
-.0225067139
-.0243988037
.0212707520
.0161132813
.0262908936
.0227508545
.0233459473
.0262756348
.0217437744
.0221252441
.0204010010
-.0310363770
.0226745605
.0319519043
-.0234375000
.0242156982
.0204010010
-.0214538574
-.0285644531
.0237579346
-.0288543701
.0243682861
.0205230713
.0220489502
-.0217285156
-.0225372314
.0209045410
.0260772705
.0123596191
-.0154113770
.0236053467
-.0237579346
-.0228424072
.0173339844
.0244293213
.0197143555
-.0190887451
.0166931152
-.0203247070
.0185546875
.0148773193
.0220794678
.0213775635
.0193023682
.0170593262
.0145111084
-.0221099854
.0211944580
.0163726807
.0184478760
.0180664063
-.0175323486
-.0161743164
.0135345459
.0148925781
-.0113525391
-.0148620605
-.0161437988
-.0183258057
.0223541260
.0228424072
-.0207519531
.0211791992
-.0172424316
.0151519775
.0238494873
.0224914551
-.0236816406
.0164031982
-.0184173584
.0173339844
.0255737305
.0269012451
.0222473145
.0181427002
.0165863037
.0277709961
.0233764648
.0222473145
-.0181579590
.0254821777
.0213317871
-.0203247070
.0229339600
.0265502930
.0187072754
.0199737549
-.0213012695
-.0208282471
-.0252685547
.0196075439
-.0212860107
-.0148773193
.0162506104
-.0143280029
-.0158233643
.0175628662
.0195617676
.0115661621
.0148620605
.0124969482
.0214080811
.0190277100
.0137939453
.0131072998
-.0114593506
-.0127716064
.0121765137
.0103149414
-.0110626221
.0134277344
-.0120239258
-.0123901367
-.0154113770
-.0133361816
.0117797852
.0118865967
-.0129089355
-.0108947754
-.0159301758
.0114746094
.0155029297
-.0131225586
.0130920410
-.0159606934
.0112457275
.0125122070
.0177764893
-.0140686035
-.0145111084
.0170440674
.0115051270
-.0162200928
.0117645264
.0146789551
-.0107727051
.0111541748
-.0116882324
-.0090789795
-.0110931396
.0106506348
-.0096740723
.0086517334
-.0098266602
-.0086822510
.0071716309
-.0081634521
-.0094146729
.0062866211
.0118255615
-.0127105713
.0086822510
.0074157715
.0090942383
-.0064086914
.0057220459
.0100250244
.0078125000
.0066070557
-.0089569092
.0092163086
.0086364746
.0080108643
.0075073242
-.0053710938
.0092620850
-.0070190430
.0069427490
-.0074005127
-.0088806152
-.0058746338
.0092620850
-.0090942383
.0071105957
-.0100097656
-.0065612793
-.0090179443
-.0056610107
-.0055541992
-.0038299561
-.0061187744
-.0056610107
.0043487549
.0046539307
-.0037078857
.0017700195
-.0029754639
.0039367676
-.0034027100
-.0035400391
-.0032043457
.0024108887
-.0032196045
-.0045623779
.0036315918
-.0028686523
-.0019989014
-.0023345947
.0024566650
.0016784668
-.0018768311
-.0025329590
-.0030975342
-.0017242432
-.0016784668
-.0023040771
.0026702881
.0017700195
-.0020446777
-.0017242432
-.0022735596
.0018615723
.0016937256
.0017395020
.0012817383
-.0010375977
.0010070801
-.0012207031
-.0009918213
.0009002686
.0008544922
.0008697510
-.0010681152
-.0008544922
-.0005187988
.0006408691
-.0006103516
.0003814697
.0002899170
-.0002288818
-.0001678467
.0001525879
-.0002136230
.0001220703
-.0000915527
.0000305176
