-.0000305176
.0000305176
.0000305176
-.0000305176
-.0000305176
-.0000305176
-.0000305176
-.0000305176
.0000305176
.0000457764
-.0000305176
-.0000305176
.0000457764
.0000305176
-.0000305176
-.0000305176
-.0000305176
.0000305176
.0000305176
.0000305176
.0000610352
.0000915527
.0001373291
-.0001678467
-.0001525879
-.0010070801
-.0016021729
-.0072326660
.0140075684
-.0303497314
-.0227661133
.0543670654
.0200958252
-.0092926025
.0057678223
.0042114258
-.0025634766
.0018615723
-.0022430420
-.0012817383
.0014953613
.0017547607
-.0017700195
-.0048522949
-.0017700195
-.0199127197
.0054321289
.0045471191
.0026702881
-.0043792725
.0032806396
.0037231445
.0034484863
-.0031127930
-.0023956299
-.0081787109
-.0029296875
-.0037078857
.0021667480
-.0033111572
-.0017547607
-.0032653809
-.0030212402
.0032043457
-.0030212402
-.0030517578
-.0349273682
.0075378418
.0051422119
.0036926270
.0020599365
.0012054443
-.0011444092
.0011596680
-.0005950928
-.0003509521
-.0004882813
-.0005645752
.0005187988
-.0002593994
.0002593994
-.0001220703
.0003814697
-.0002441406
.0001220703
-.0002441406
.0001831055
.0001678467
.0001678467
-.0001831055
.0001525879
-.0001983643
-.0001678467
.0001373291
-.0001678467
-.0001220703
.0001068115
-.0001220703
-.0002288818
.0002136230
-.0002136230
.0001525879
-.0001373291
-.0000915527
-.0001525879
.0001525879
-.0001678467
.0001220703
.0000915527
.0001373291
-.0001831055
.0001220703
-.0005187988
-.0010375977
.0006713867
-.0007171631
-.0002441406
.0005035400
-.0006866455
.0012664795
.0042877197
.0022888184
.0079040527
.0035705566
-.0060577393
-.0111236572
.0032348633
.0023345947
-.0024261475
.0025024414
-.0030059814
-.0026397705
-.0024719238
.0036773682
.0084228516
-.0052642822
.0057678223
-.0135803223
.0117340088
-.0119323730
.0219268799
-.0201263428
.0221405029
.0188598633
.0424346924
-.0171661377
-.0044403076
.0033721924
-.0017547607
-.0013427734
.0016021729
.0019836426
.0048065186
.0031890869
.0012512207
.0037994385
-.0019226074
-.0041351318
-.0018768311
-.0171813965
-.0129547119
-.0059967041
-.0056457520
-.0044708252
-.0042114258
-.0050048828
-.0029602051
.0074005127
-.0025634766
-.0040588379
-.0040130615
-.0022277832
.0027770996
.0028381348
.0040435791
.0034179688
.0031738281
-.0050354004
-.0026245117
.0014190674
-.0041046143
.0033264160
-.0033111572
-.0034332275
.0057983398
-.0027008057
-.0050964355
.0031433105
.0038757324
.0024108887
.0028076172
-.0028076172
.0052795410
-.0028381348
.0035705566
-.0032043457
.0031127930
-.0037384033
-.0014495850
.0036315918
-.0052947998
.0029449463
.0036621094
.0019836426
.0031280518
.0056610107
-.0030212402
.0037384033
-.0025634766
-.0065765381
.0048828125
-.0093841553
.0037689209
-.0034637451
-.0028991699
-.0038299561
-.0026245117
-.0010681152
-.0039520264
-.0023651123
-.0022735596
.0024108887
-.0020599365
.0022735596
-.0050354004
.0052642822
-.0027923584
-.0056915283
-.0047302246
-.0021514893
-.0441589355
.0123901367
.0051269531
.0037689209
.0018920898
.0011749268
-.0010986328
.0009613037
-.0007019043
-.0007629395
.0004882813
-.0007476807
.0005950928
-.0002593994
.0001678467
-.0001678467
.0001373291
-.0001678467
.0001983643
-.0001831055
.0002746582
-.0001831055
.0002746582
-.0002593994
.0001678467
-.0002288818
.0000915527
-.0002441406
.0007019043
-.0064086914
.0026397705
-.0018920898
.0006103516
-.0006256104
.0006713867
-.0003509521
-.0003204346
-.0002899170
.0003051758
.0006713867
.0004730225
-.0003509521
-.0106964111
.0027008057
.0018310547
-.0010223389
-.0052947998
-.0024719238
-.0052947998
-.0114440918
-.0045928955
.0058593750
-.0055389404
-.0042419434
.0058746338
.0051422119
-.0089263916
.0047454834
.0045013428
.0081787109
-.0066070557
-.0078887939
.0037536621
-.0072021484
.0081481934
.0099029541
-.0085144043
.0150451660
-.0095214844
-.0069732666
.0061035156
-.0069732666
.0039215088
-.0035552979
.0046234131
.0051422119
-.0043487549
.0038146973
.0051879883
-.0068969727
-.0086822510
-.0107574463
.0145263672
.0246429443
-.0380249023
-.0202636719
-.0335388184
-.0186462402
-.0321197510
.0079498291
-.0030059814
.0029754639
.0018157959
.0025787354
-.0071716309
-.0030670166
.0052795410
.0039215088
-.0234985352
.0122833252
.0051574707
-.0045166016
-.0025634766
.0037078857
-.0034484863
-.0055694580
.0036315918
.0036468506
-.0042419434
-.0057983398
-.0028076172
.0075836182
-.0045318604
-.0030212402
.0030670166
.0037536621
.0029296875
.0028228760
-.0032653809
.0029602051
.0042419434
.0045471191
-.0050048828
-.0029449463
.0050354004
-.0064849854
-.0034027100
.0041198730
.0046844482
-.0030822754
.0061798096
-.0053863525
-.0037689209
.0041503906
.0028381348
.0040893555
-.0025024414
-.0042572021
-.0023803711
.0029144287
.0035400391
-.0044250488
-.0019683838
-.0051727295
-.0034179688
.0043640137
-.0043945313
.0030517578
-.0028686523
-.0027008057
.0030975342
.0023651123
-.0024871826
-.0032043457
.0021667480
-.0022735596
.0030975342
.0023193359
.0021972656
-.0033569336
-.0047760010
-.0024719238
.0057220459
-.0039672852
-.0032958984
-.0027923584
.0049743652
.0022888184
-.0018310547
.0029144287
-.0020599365
.0026702881
.0037384033
.0033264160
-.0023345947
.0038757324
.0027923584
.0015869141
-.0029754639
.0027618408
.0032653809
.0050048828
-.0049743652
.0025634766
-.0022277832
.0026550293
-.0017395020
-.0025939941
-.0038604736
.0015563965
.0032806396
-.0043640137
.0039672852
-.0019226074
-.0039367676
-.0019378662
-.0019683838
-.0024566650
-.0030517578
-.0025939941
.0047454834
-.0040893555
-.0023803711
.0023956299
.0048217773
-.0026245117
.0034332275
-.0046386719
-.0028839111
-.0028686523
.0057830811
.0026092529
-.0024566650
-.0073699951
.0024871826
.0022735596
.0050506592
-.0041198730
.0020904541
.0057525635
-.0024108887
.0028839111
-.0030670166
-.0032043457
-.0013122559
-.0059814453
.0047454834
-.0037384033
.0019073486
.0047302246
-.0024719238
.0027923584
-.0034790039
-.0027160645
.0370635986
.0132446289
-.0046997070
.0056457520
.0040893555
-.0014953613
-.0015106201
-.0009613037
.0006408691
.0007476807
-.0003662109
-.0008087158
.0007629395
.0003662109
-.0001831055
-.0001831055
.0001678467
.0003356934
.0001525879
-.0001220703
.0001983643
.0001983643
-.0002441406
-.0001831055
-.0001068115
-.0002136230
.0001678467
-.0001525879
-.0001678467
.0001373291
-.0001220703
-.0001831055
.0002136230
.0001678467
.0001068115
.0001983643
.0001831055
-.0001678467
.0003204346
.0072784424
-.0020141602
.0009155273
-.0005340576
-.0004882813
.0004577637
.0005493164
-.0001678467
.0003967285
-.0002746582
-.0002136230
.0003509521
-.0002441406
-.0002746582
-.0001983643
-.0002593994
.0006103516
.0068817139
.0034332275
.0044250488
-.0088348389
.0090026855
-.0101470947
-.0198516846
-.0171508789
-.0269012451
.0211791992
-.0081634521
-.0036315918
-.0032043457
-.0033264160
.0101623535
.0067901611
.0021057129
-.0018920898
-.0031890869
.0124969482
.0078735352
-.0059509277
.0063323975
-.0028228760
.0016326904
.0020751953
-.0021667480
-.0017700195
-.0039672852
-.0037231445
.0024414063
-.0015716553
-.0045471191
.0034790039
.0056762695
-.0023193359
-.0017700195
-.0020751953
-.0034027100
-.0022888184
-.0078430176
.0042572021
.0023956299
-.0017242432
-.0019836426
.0036468506
.0037536621
.0033569336
-.0024566650
-.0016326904
-.0034484863
.0023803711
.0022277832
-.0294494629
.0192108154
.0065307617
.0030975342
-.0036010742
-.0010681152
.0014495850
-.0012512207
.0006866455
.0006561279
.0005493164
-.0008239746
-.0005950928
.0002899170
.0002899170
.0002746582
-.0002136230
-.0001831055
-.0001525879
.0001831055
-.0001983643
.0001831055
-.0001220703
.0000762939
-.0001068115
-.0000915527
.0001068115
-.0001525879
.0001220703
-.0001220703
-.0001983643
-.0001373291
-.0001068115
-.0001373291
.0001983643
-.0001831055
-.0001678467
-.0001220703
-.0001068115
-.0002441406
-.0001525879
-.0001220703
.0005950928
-.0054321289
-.0019073486
.0013427734
-.0009307861
.0007324219
-.0003204346
.0004425049
.0003204346
-.0001983643
-.0003204346
-.0002441406
.0002746582
.0004425049
.0016174316
.0007934570
.0005340576
-.0005187988
.0008392334
.0096893311
.0034179688
.0068664551
.0072479248
.0084228516
-.0062255859
.0063934326
.0079498291
-.0098419189
-.0093536377
-.0146636963
-.0210113525
-.0359649658
.0220794678
-.0290222168
.0107574463
-.0058441162
.0027618408
-.0014801025
-.0023040771
-.0021209717
.0030670166
-.0036773682
.0027465820
.0023193359
-.0023498535
.0022277832
.0109710693
.0056762695
-.0035247803
-.0032043457
-.0021514893
.0036468506
-.0019378662
.0034179688
-.0025177002
.0034484863
-.0014801025
.0041198730
-.0025024414
-.0032958984
.0023803711
-.0022888184
.0026397705
-.0030822754
.0025024414
.0023956299
-.0019683838
-.0035552979
.0030059814
-.0015411377
.0031738281
.0025329590
-.0020294189
.0039062500
-.0033721924
-.0018310547
.0059204102
.0026702881
-.0046081543
-.0010375977
.0024719238
-.0018157959
-.0028228760
.0069580078
-.0035095215
.0018920898
.0031585693
-.0021209717
.0022125244
.0040435791
-.0013427734
-.0021972656
-.0051879883
.0031738281
.0017089844
.0039367676
.0021209717
.0027618408
-.0017242432
.0016174316
-.0013427734
.0037689209
.0035095215
-.0018005371
.0291900635
-.0147552490
.0052490234
.0037994385
.0055694580
-.0014495850
-.0012664795
-.0010681152
-.0006713867
.0007324219
-.0003662109
-.0006408691
-.0006713867
.0004577637
.0003509521
.0002746582
.0002136230
.0003204346
-.0002746582
-.0003967285
-.0002441406
.0001983643
-.0003051758
-.0003356934
-.0002136230
.0007934570
.0069427490
.0028686523
-.0017852783
-.0012969971
-.0008392334
.0007019043
.0004272461
-.0003967285
-.0006256104
.0004425049
.0003509521
.0005187988
-.0003204346
.0029907227
-.0022430420
-.0030517578
-.0042877197
-.0069274902
.0056304932
-.0037536621
.0023345947
.0018157959
-.0032806396
-.0025177002
-.0031433105
-.0043029785
-.0203094482
.0056304932
-.0054168701
-.0045318604
.0093231201
-.0119476318
-.0084838867
-.0132141113
.0292205811
.0252075195
.0181884766
.0271911621
.0122528076
-.0034942627
-.0036926270
-.0016479492
-.0018157959
.0023345947
.0053710938
.0045471191
-.0046386719
.0021667480
-.0021057129
.0261535645
.0100097656
-.0033874512
-.0026702881
.0099182129
.0049133301
.0024871826
.0025939941
.0047454834
.0016937256
.0017547607
.0043182373
.0022888184
-.0020599365
.0039520264
.0028533936
-.0033874512
.0092773438
.0035400391
-.0037384033
.0041198730
-.0026855469
.0020294189
-.0032958984
.0036926270
.0026397705
-.0022277832
.0050048828
-.0014038086
-.0022888184
-.0032348633
-.0018005371
-.0025634766
-.0053405762
-.0030059814
.0034637451
.0063476563
.0030822754
.0038299561
.0021820068
-.0035858154
-.0029296875
-.0083618164
-.0045318604
.0039672852
.0031127930
-.0030822754
.0027923584
.0025177002
.0037384033
.0014038086
.0023193359
-.0053710938
-.0029144287
-.0021820068
-.0054016113
.0032348633
.0039062500
.0048370361
.0037384033
-.0027923584
.0037536621
-.0024566650
-.0023956299
.0027008057
-.0030364990
.0022583008
-.0053405762
.0038299561
.0038452148
.0023651123
-.0259704590
-.0122222900
-.0061187744
.0029754639
-.0024261475
-.0013275146
.0010223389
-.0011901855
.0006408691
.0006713867
-.0004730225
-.0007629395
-.0004882813
.0003204346
.0002593994
-.0002746582
.0002441406
-.0002288818
.0002136230
-.0002441406
-.0001678467
-.0001525879
-.0001983643
-.0002288818
-.0001525879
-.0002136230
.0001983643
-.0001220703
-.0001678467
.0001373291
.0001983643
.0000915527
-.0001525879
-.0001373291
.0001068115
-.0001220703
.0001831055
.0001525879
.0000915527
-.0001068115
-.0002136230
-.0002288818
.0002136230
.0002441406
.0001373291
-.0023651123
.0005798340
-.0004882813
-.0002746582
-.0003662109
.0002441406
.0002593994
-.0003051758
-.0001831055
-.0001678467
-.0001068115
-.0001373291
.0001831055
.0001983643
-.0002593994
-.0001983643
.0002441406
-.0001831055
.0002288818
-.0002136230
.0009613037
-.0092773438
.0046997070
-.0190734863
.0219421387
-.0310211182
.0383453369
-.0125732422
.0054473877
.0033721924
-.0018005371
.0025177002
.0196685791
-.0056152344
-.0030364990
-.0042572021
-.0021362305
.0192413330
-.0042419434
-.0035247803
.0024414063
-.0023040771
.0055236816
-.0025787354
.0023040771
-.0032348633
.0035095215
.0024719238
.0046234131
-.0055236816
-.0027770996
-.0022277832
-.0018005371
.0025634766
.0049896240
.0038757324
-.0029754639
.0018768311
-.0037841797
.0350189209
.0098571777
-.0045318604
.0039520264
-.0022125244
.0007629395
-.0010681152
.0006408691
-.0007019043
-.0004730225
-.0006713867
-.0006561279
.0005493164
.0004577637
-.0003356934
-.0002136230
-.0003204346
.0002288818
-.0002441406
.0002136230
-.0001525879
.0001678467
.0003204346
-.0002746582
-.0001373291
.0001678467
-.0002593994
-.0001831055
-.0001525879
.0001220703
-.0001831055
.0001983643
.0001525879
.0001068115
