-.0000610352
.0000457764
.0000610352
.0000610352
.0000762939
.0000610352
-.0000610352
.0000457764
-.0000457764
-.0000610352
-.0000610352
-.0000457764
-.0000610352
.0000610352
.0000610352
.0000610352
-.0000762939
.0001525879
.0002441406
.0003967285
.0003356934
-.0003051758
.0005798340
.0006256104
.0003356934
.0003662109
-.0053405762
.0036773682
.0032043457
-.0033569336
.0033569336
.0032043457
-.0030364990
.0034942627
-.0024414063
-.0023956299
-.0022888184
-.0019226074
-.0019226074
-.0076751709
-.0035552979
-.0057525635
-.0078277588
.0044708252
-.0062408447
-.0086517334
-.0116729736
-.0135650635
.0168457031
.0418395996
.0247192383
.0131988525
-.0093994141
-.0127563477
.0105438232
.0175476074
-.0144500732
-.0136260986
-.0066986084
.0047302246
-.0038909912
.0043640137
-.0029602051
-.0069580078
-.0100555420
-.0069274902
-.0101318359
-.0081024170
-.0083312988
.0039672852
.0045318604
-.0046691895
-.0041503906
-.0027465820
-.0007476807
-.0010528564
-.0017089844
.0015563965
.0006561279
-.0006256104
-.0007324219
-.0004577637
.0003967285
-.0020294189
-.0007476807
-.0005798340
.0088043213
.0021820068
.0033569336
.0010681152
.0010986328
-.0007934570
.0012359619
.0007171631
.0007171631
.0009460449
.0009002686
.0004577637
.0004425049
-.0004730225
.0004119873
.0005187988
.0003051758
-.0003662109
.0004577637
-.0003662109
-.0005340576
.0005493164
-.0005493164
.0032043457
.0101013184
.0095672607
.0070190430
.0072326660
-.0166931152
.0285339355
.0289306641
.0167236328
.0277557373
-.0165863037
-.0360870361
.0179901123
-.0311279297
.0207977295
-.0428924561
-.0370941162
-.0191192627
.0225677490
.0158691406
-.0112762451
-.0123901367
.0122833252
-.0115661621
.0072937012
-.0247497559
-.0132446289
.0093994141
.0102539063
.0071563721
.0049896240
.0035858154
.0022430420
.0026397705
-.0228576660
.0104827881
-.0050506592
-.0024566650
-.0036468506
-.0040435791
-.0040283203
-.0048522949
-.0034790039
.0038604736
.0030517578
-.0031738281
.0020751953
.0011596680
.0006256104
-.0006713867
-.0006103516
.0007781982
.0005035400
-.0037841797
.0003051758
.0004577637
.0004882813
.0004425049
.0003814697
.0003356934
-.0004730225
-.0005187988
.0002593994
-.0004425049
.0003204346
.0005187988
-.0004882813
.0004577637
-.0004119873
.0005035400
.0004425049
.0004577637
.0003051758
.0003509521
.0005340576
.0003967285
.0003967285
.0003814697
.0006103516
.0004577637
.0005493164
.0004119873
.0004425049
-.0004882813
.0004119873
.0004882813
.0003814697
.0005950928
-.0005035400
.0003814697
.0005798340
.0005798340
.0003814697
.0003509521
-.0004577637
-.0005035400
.0003814697
.0004577637
-.0004119873
.0004577637
-.0003051758
.0003509521
.0003814697
.0003662109
.0006103516
.0003509521
.0003967285
.0005035400
.0003356934
.0004119873
.0003662109
.0003509521
.0003814697
.0003814697
.0004577637
-.0101776123
-.0068817139
-.0052032471
-.0077667236
.0060729980
-.0051422119
-.0089569092
-.0055847168
.0068054199
-.0061187744
-.0071563721
-.0728302002
-.0160369873
-.0326385498
-.0449523926
-.0150299072
-.0319671631
.0198516846
-.0276031494
-.0782012939
-.0295410156
-.0104980469
-.0137329102
.0075378418
-.0082702637
.0043029785
.0052032471
-.0088806152
-.0077819824
.0085449219
.0100402832
-.0071563721
-.0129089355
.0110626221
-.0148468018
-.0101165771
-.0116577148
.0099029541
.0138549805
-.0128173828
-.0137634277
-.0117340088
-.0126190186
.0125732422
-.0158233643
.0068817139
-.0110321045
.0174102783
-.0086517334
.0120391846
.0166473389
.0160827637
.0196380615
.0089416504
-.0043487549
-.0124969482
.0202178955
.0110778809
.0063323975
-.0056152344
-.0036468506
.0231170654
-.0166473389
-.0109558105
-.0097351074
.0192718506
.0256042480
-.0164184570
.0056304932
.0106506348
.0138397217
-.0189666748
-.0809173584
.0383148193
-.0420227051
.1500854492
-.1272125244
.0862426758
-.0950012207
-.0389709473
-.0598449707
.0422363281
.0389251709
-.0189819336
.0175476074
.0918426514
.0307922363
-.0167999268
-.0110473633
-.1571807861
-.0406036377
.0079956055
.0953063965
-.1313018799
-.0649871826
.0314636230
.0919342041
-.0956268311
.0453186035
.0350646973
-.0503540039
.0129699707
-.0058746338
-.0029907227
-.0019531250
.0022277832
.0015411377
.0011291504
-.0007324219
-.0007781982
.0006713867
.0006256104
.0006713867
-.0003814697
-.0004730225
.0003814697
-.0003662109
.0004577637
.0003967285
.0005035400
-.0002899170
.0005493164
-.0004882813
.0007781982
-.0009918213
.0005798340
.0005798340
-.0004119873
.0003509521
.0004119873
.0003051758
.0004425049
-.0004119873
-.0003509521
.0005798340
.0002746582
.0002899170
.0004119873
-.0005798340
.0005798340
.0004272461
.0004577637
.0010528564
.0011596680
-.0006561279
.0040740967
-.0097045898
-.0046386719
-.0043334961
.0031738281
.0024871826
.0036773682
.0014343262
.0023193359
.0025329590
.0033874512
.0035247803
.0050811768
-.0045776367
-.0039672852
.0037994385
.0064239502
.0081024170
.0168151855
.0168304443
.0088043213
.0089721680
-.0030059814
.0058135986
-.0100250244
.0286560059
.0159759521
.0229187012
-.0178833008
-.0363464355
-.0059051514
.0307922363
-.0143737793
.0067749023
.0072479248
-.0044403076
-.0053253174
.0045166016
.0038146973
.0189666748
.0081787109
-.0101928711
-.0053405762
.0064544678
-.0046234131
-.0082855225
-.0025939941
.0012512207
.0007476807
.0005340576
.0004577637
-.0005035400
-.0030975342
-.0073089600
-.0096282959
-.0083923340
-.0129699707
.0101013184
.0151672363
.0171051025
.0148162842
.0341339111
-.0088958740
.0219421387
.0162353516
-.0309906006
-.0178222656
.0218658447
.0176391602
.0229949951
-.0149688721
.0195465088
.0086059570
-.0064849854
-.0120697021
.0070800781
.0111389160
-.0164642334
-.0065765381
-.0048217773
.0026702881
-.0068359375
.0093536377
-.0066375732
.0068969727
.0093078613
.0097961426
-.0059509277
.0059967041
.0031280518
.0032348633
-.0022735596
.0076751709
.0056152344
-.0018157959
-.0008544922
-.0005493164
-.0024871826
-.0073547363
-.0182037354
-.0270080566
.0207977295
.0361175537
-.0252227783
-.0147399902
.0144195557
.0357666016
.0346984863
.0339660645
.0320129395
.0249023438
-.0478668213
.0515594482
-.0277404785
.0222473145
.0195312500
-.0253906250
-.0343170166
-.0308685303
-.0229034424
-.0144958496
.0148315430
-.0328521729
-.0072326660
-.0203094482
.0267028809
.0494232178
-.0093078613
.0580291748
.0520935059
.0657501221
-.0120544434
-.0167083740
-.0655822754
.0341033936
-.0214385986
-.0161590576
-.0811462402
.0807647705
.0340270996
.0438385010
-.1051788330
.0798339844
-.0314941406
.0728912354
.0504150391
.0087127686
.0192565918
-.0273132324
-.0078430176
.0044097900
-.0027618408
.0017242432
-.0015563965
-.0011444092
.0006713867
.0012207031
.0006713867
-.0004577637
.0004730225
-.0014953613
.0298004150
-.0175323486
.0065307617
.0222473145
-.0218048096
.0221710205
-.0297546387
-.0292816162
-.0251312256
-.0328063965
-.0288848877
-.0236206055
.0122833252
-.0090026855
-.0136566162
.0171051025
.0070037842
.0092315674
.0146942139
-.0148010254
.0117950439
.0219268799
.0097351074
-.0252990723
-.0181732178
-.0241394043
.0194549561
.0317535400
.0176849365
.0165863037
-.0134735107
.0164642334
.0158081055
.0220794678
-.0216827393
.0116882324
.0129394531
.0195007324
.0147552490
.0213775635
-.0199127197
-.0158691406
-.0056304932
.0094146729
.0156402588
.0051574707
-.0141906738
-.0218200684
-.0148010254
.0174560547
.0252990723
.0095520020
.0177764893
.0281982422
-.0059051514
-.0187225342
.0209960938
-.0109710693
-.0213165283
.0068664551
-.0180206299
.0100860596
-.0305175781
-.0452423096
-.0161743164
.0120697021
.0440673828
.0284118652
.0225067139
-.0398712158
.0368041992
.0135650635
-.0090789795
-.0084228516
-.0047760010
-.0116271973
.0021362305
.0034332275
.0019683838
-.0019683838
-.0032348633
.0021972656
-.0021667480
-.0019836426
.0009918213
-.0007476807
-.0009765625
.0011901855
-.0007476807
.0010528564
.0006103516
.0007324219
-.0004730225
.0004882813
.0005950928
.0005340576
.0004272461
.0005187988
.0005798340
.0012664795
-.0039825439
.0236816406
-.0146484375
.0073394775
-.0052947998
.0103302002
-.0638122559
.0133972168
.0410156250
.0268707275
.0281829834
-.0253906250
.0161132813
.0592193604
.0168914795
.0138854980
.0402526855
.0363006592
-.0090332031
.0102081299
-.0531616211
.0469512939
-.0499877930
-.0103302002
-.0124664307
-.0547790527
.0190582275
.0401153564
-.0377349854
.0189056396
.0156860352
-.0357971191
-.0078125000
-.0260162354
.1133270264
.0691223145
.0295257568
-.0616760254
.0701446533
.0421295166
-.0125579834
.0549468994
.0572052002
-.0627136230
-.0661926270
.0783081055
-.0385437012
.0138854980
.0054931641
-.0068511963
-.0029296875
.0021362305
.0019073486
.0014038086
-.0011138916
-.0010375977
.0010375977
.0010375977
-.0028076172
-.0146331787
.0518035889
.0253448486
-.0384674072
-.0753173828
-.0339813232
.0269317627
.0585937500
.0516204834
.0993957520
.0359344482
-.0214385986
-.0127868652
.0315093994
.0311737061
-.0168609619
-.0113220215
.0205383301
.0298767090
.0299072266
.0223388672
-.0159912109
-.0119171143
-.0155792236
-.0166320801
.0142517090
.0140686035
-.0116577148
.0179443359
.0155181885
.0149688721
.0182952881
.0197906494
.0127868652
.0300598145
-.0132141113
.0153503418
-.0100555420
.0096740723
-.0032348633
-.0129241943
-.0101013184
.0115661621
-.0142211914
.0115661621
.0116729736
.0147552490
.0109558105
.0221252441
.0281677246
.0208892822
.0168151855
-.0125732422
-.0125427246
-.0124511719
.0102844238
-.0111999512
-.0087432861
.0305938721
.0772705078
.0166931152
.0140075684
.0060577393
-.0034179688
-.0019073486
.0018768311
.0013732910
.0007476807
.0009765625
.0038757324
-.0016174316
.0006408691
.0008697510
.0005645752
.0007324219
-.0003509521
.0004730225
.0005950928
.0006103516
.0004730225
-.0005035400
.0024261475
-.0056762695
.0045776367
.0071868896
-.0120239258
-.0129241943
-.0125732422
.0092926025
.0133514404
-.0077209473
.0120849609
-.0171051025
-.0043182373
.0305938721
-.0121612549
-.0263366699
-.0095825195
-.0404968262
.0229797363
.0147552490
-.0132446289
-.0199279785
.0424957275
.0080871582
-.0059509277
.0235748291
-.0275726318
.0070495605
-.0609283447
.0638122559
.0386505127
.0069427490
-.0150909424
-.0529479980
-.0195007324
-.0488586426
-.0529174805
-.0108489990
.0669097900
.0248413086
.0390167236
-.0184478760
.0536499023
.0269317627
.0092926025
.0238647461
-.0096282959
.0040893555
-.0010681152
-.0008239746
-.0006713867
.0008239746
.0008392334
.0014801025
-.0015258789
.0014495850
.0020446777
.0024719238
-.0023498535
.0023651123
-.0011901855
-.0237579346
.0195312500
.0313262939
.0565032959
.0248107910
.0458221436
-.0280609131
.0212554932
.0354309082
.0528106689
-.0476837158
.0423736572
-.0364685059
-.0258789063
-.0459289551
-.0379180908
.0325927734
.0288696289
-.0362854004
.0338897705
-.0297546387
.0338745117
.0258331299
.0155792236
-.0185394287
.0262451172
.0327148438
-.0262145996
.0124816895
-.0098114014
.0205078125
-.0302276611
-.0371704102
-.0187072754
.0904998779
-.0315856934
.0198669434
-.0272064209
.0198364258
-.0228576660
.0122375488
-.0175018311
-.0173492432
.0122070313
.0199432373
.0159759521
.0130462646
-.0104980469
-.0027923584
.0020751953
-.0023040771
.0022735596
.0009918213
.0023956299
-.0083160400
-.0106658936
-.0107879639
-.0116882324
-.0032348633
-.0012054443
-.0027008057
-.0013275146
.0011444092
.0012817383
-.0015869141
-.0009155273
.0005035400
.0004425049
-.0009155273
-.0014343262
.0009002686
.0006256104
.0009155273
-.0012512207
-.0034484863
-.0073394775
.0092926025
.0053863525
.0039520264
-.0029144287
.0021057129
-.0021362305
-.0180816650
-.0150451660
-.0192565918
.0117797852
-.0107421875
-.0034484863
-.0040893555
.0056304932
.0054931641
-.0030822754
-.0021057129
.0096282959
.0083923340
.0099487305
.0099182129
.0059814453
-.0086364746
-.0021209717
-.0012969971
.0015716553
-.0169982910
.0074615479
.0209503174
.0063171387
-.0100708008
-.0176696777
.0122528076
-.0173339844
-.0130615234
-.0088043213
.0060729980
-.0100555420
.0034332275
.0177154541
-.0478057861
.0389709473
.0130004883
.0573120117
-.0248870850
-.0722656250
-.0282440186
-.0170593262
.0266265869
.0392303467
-.0202026367
-.0767822266
.0690002441
.0388336182
.0196075439
.0231628418
-.0090942383
.0083618164
-.0200958252
-.0027923584
-.0021057129
-.0122528076
-.0068511963
-.0043792725
.0039825439
-.0038452148
.0030517578
.0020294189
.0014953613
-.0050354004
.0045166016
.0146331787
-.0027465820
-.0064697266
-.0021972656
.0040588379
.0016021729
.0012054443
-.0014038086
.0020751953
-.0037078857
-.0020294189
-.0010833740
-.0013122559
.0051727295
.0039672852
-.0083465576
-.0243682861
.0186614990
-.0036315918
-.0023956299
.0010375977
.0007019043
.0005950928
