-.0005035400
.0040283203
.0056610107
-.0266571045
.0283203125
.0142364502
.0161895752
-.0335845947
.0231475830
-.0376586914
.0640716553
.0408172607
-.0676269531
.0477294922
.0346527100
-.0637969971
.0939788818
-.0624694824
.0637664795
-.0790100098
-.0716857910
.0900421143
-.0482025146
.0389556885
-.0819549561
-.0883483887
.0666503906
.0893249512
-.1875457764
.0850982666
-.1218414307
-.0465850830
.1196441650
-.1213836670
-.0711975098
.0390625000
-.0724182129
.0623931885
.0567016602
-.0708312988
.0901641846
-.0977020264
-.0893707275
.1074066162
.0593872070
-.0697174072
-.1208801270
.1331176758
-.0430297852
-.0836944580
.1046905518
-.1394958496
-.0406951904
.0658264160
-.0835113525
-.0331878662
.0825042725
-.0770416260
.0937194824
.0483551025
-.0687866211
-.0811614990
.1263885498
-.0674285889
.0821075439
-.0568389893
-.0257720947
-.0756530762
.0701751709
.0354614258
-.0774383545
.0904083252
-.0669250488
.0893707275
-.0600280762
-.0924987793
.0433502197
.0646667480
.0413208008
-.0644836426
.0323944092
.0447540283
-.0323333740
.0364685059
.0383758545
-.0584411621
-.0452575684
-.0500183105
.0653533936
-.0425262451
.0652465820
-.0741424561
.0777587891
-.0945129395
.0849609375
-.0644378662
-.0539855957
.0928039551
-.0914916992
-.0603637695
.0921173096
-.0392456055
.0470275879
.0347442627
-.1441955566
.0900573730
-.0412750244
.0518188477
-.0293579102
-.0297241211
-.0803833008
.0739288330
.0668029785
-.0441894531
-.0460662842
.0741729736
-.0399932861
.1061248779
-.0550842285
.1072082520
-.0505065918
.0729217529
-.0886993408
-.0741729736
.0889282227
-.0741577148
.0547637939
.0473175049
.0292053223
-.0398406982
-.0548400879
.0873870850
-.0830841064
.0783233643
-.0399932861
-.0440673828
.0805511475
-.0387420654
.0295867920
.1033172607
.0863037109
-.0804748535
.0924530029
-.0796203613
-.0284729004
-.0329589844
.0518493652
-.0519409180
-.0390625000
-.0874786377
.0953826904
-.0979156494
.0383300781
-.0225982666
-.0827789307
.0512695313
.1134338379
-.1193542480
.0709228516
.0356903076
.1277313232
-.0517578125
-.0769958496
-.0535430908
.0619659424
.0694885254
-.0947265625
.0492858887
-.0670623779
.0633850098
-.1056060791
.0642395020
-.0899047852
.0556335449
-.1658020020
-.1612243652
.1353302002
.1416320801
-.1560974121
.0736541748
-.1305084229
-.0607757568
.0758209229
-.0802764893
.0814666748
.0511474609
.0394744873
.0623626709
-.0907745361
.0515594482
-.0812225342
.0679626465
.0954895020
-.0767517090
.0817108154
-.0862579346
.0451812744
.1048736572
-.1051025391
.1779327393
-.1905822754
.0628356934
-.0578308105
.0677337646
.1049499512
-.1042633057
.0727539063
-.1236572266
.0505065918
.1223754883
-.1958923340
.2184906006
-.1832427979
-.0662841797
.1257476807
-.1209869385
.1284027100
-.0585021973
-.0830841064
.1014862061
-.0830230713
.1042022705
-.0857849121
-.0619201660
-.0589752197
.1072235107
-.1136932373
.1332244873
-.1364288330
.1331634521
-.0709686279
-.0795135498
.1029205322
.0863342285
-.1483459473
.2235412598
-.1582794189
.0798034668
-.1016845703
-.0719451904
.0970916748
-.1152801514
-.0409698486
.1123962402
-.0456085205
-.0344390869
-.0249023438
-.0443267822
-.0477142334
.0526123047
.0241241455
-.0588836670
-.0464019775
.1085357666
-.0879974365
.0592651367
-.0985870361
.0581665039
-.0869903564
.0834350586
.1047821045
-.1192779541
-.1371765137
.1971130371
-.1374359131
.1303863525
-.1388397217
-.1048889160
.1766510010
-.1398162842
.1126098633
-.1118011475
.0407409668
.0941009521
.0799560547
-.0612640381
.0692138672
-.0915222168
.0882415771
-.0433654785
.0347137451
-.0634002686
.0554962158
.0363922119
-.0955352783
.0952148438
-.0868377686
.0741271973
.0947265625
-.0562133789
.1289520264
-.1114044189
-.0433044434
.0976562500
-.0775451660
.0688934326
-.0614166260
-.0783996582
.1187744141
-.1234588623
.0551910400
.0562438965
.0340728760
-.0962677002
.0821380615
-.2651214600
.1334075928
.0589752197
.0781707764
-.0468597412
.0548248291
-.0851593018
-.0355529785
.0443115234
.0949096680
-.0854339600
-.0820159912
-.0407714844
.0956726074
-.0627288818
-.0731658936
.0818481445
.0399627686
-.0614471436
.0821838379
-.1138305664
.0968170166
-.0979309082
-.0779418945
.0512237549
-.0959472656
.0524597168
.0590820313
-.1010437012
.0743713379
-.0695037842
.0453948975
.1248168945
-.1055145264
.1331176758
-.1427917480
.1369781494
.0517883301
-.0914001465
.0511322021
-.0914154053
.0463104248
-.0641174316
.0414886475
-.0359344482
-.0596008301
-.0871124268
.0577697754
.0633544922
.0295410156
-.0437927246
.0763549805
.0250396729
-.0420074463
.0269165039
-.0654602051
.0422210693
.0753631592
.0390777588
.0418548584
-.0962982178
.0818939209
.1068420410
-.1035919189
.0716247559
.0524902344
-.0895690918
.0948486328
.0488891602
-.0649719238
.0599517822
.0696716309
.0694732666
.0423889160
-.0389251709
.0325622559
-.1175384521
.0515136719
.0697326660
.0830383301
.0763549805
-.1081085205
.1146850586
-.0657196045
.1208953857
-.0741882324
-.1239471436
.0754241943
.0931396484
-.0776519775
.1325836182
-.0815124512
.0611877441
-.0711975098
-.1160888672
.0844116211
-.0693969727
.1230773926
-.0501403809
-.0875701904
.1116333008
-.0498046875
-.0591125488
.0670776367
-.0762329102
.0836944580
-.0346069336
.0463256836
.0491943359
.0630493164
.0515899658
-.0818786621
-.0875244141
.0810699463
-.0277862549
.1334533691
-.0365295410
-.1013031006
-.0955200195
.0605621338
.0612335205
-.0512695313
.0912475586
-.1036834717
.1182250977
-.0558166504
-.0770721436
-.0811614990
.1102600098
-.0936737061
.1408538818
-.0844421387
-.0823059082
.0944061279
-.0941162109
.0414581299
.0930328369
-.0996246338
.0812377930
.0519866943
-.0973052979
-.0675354004
-.0972137451
.0972137451
.0755615234
.0705413818
.0382995605
.0754089355
-.0825500488
.0387268066
.0900115967
-.0891876221
.0633850098
.0747680664
-.0842437744
.1561279297
.0889434814
-.0915832520
.0479278564
-.0863037109
-.0833129883
.0437164307
.0536956787
.0614471436
.0487976074
-.0808715820
.0481262207
.1273345947
-.0985412598
.0471649170
.0551605225
-.1059570313
.0546875000
.0582580566
.0736846924
.0674896240
-.1160430908
-.0999450684
.0820617676
-.0847625732
.0379180908
.0776824951
.1027374268
-.0866088867
-.0805969238
-.0662231445
.0825195313
.1221008301
-.0619964600
-.0754241943
-.0639190674
-.0528106689
.1579132080
.1081085205
-.0833282471
-.0738983154
.0881347656
-.0908203125
-.0804443359
.0754241943
-.0930175781
.0374298096
.0647430420
-.1345214844
.1019134521
.0486907959
-.1067962646
.1027984619
-.0647277832
-.0574951172
.0463562012
.0382690430
-.0576019287
-.1031341553
.0542297363
.0595397949
-.0622100830
-.0736083984
-.1021575928
-.0941467285
.0708312988
.0419158936
.0644683838
.0516052246
.0195922852
-.0873718262
-.1473541260
.1058807373
.0764160156
-.0731811523
.0792541504
-.0834350586
-.1103057861
.1550598145
-.0405731201
.0420227051
-.0521087646
-.0548400879
.1235961914
-.0691833496
.0601348877
-.0816192627
.1157684326
-.0634002686
-.0666046143
.0306549072
-.0782470703
.0616302490
.0421447754
-.0333709717
.0363006592
-.0554656982
.0973815918
.0483703613
-.0631256104
-.0415496826
-.0841827393
.1148376465
.0538330078
.2023925781
-.1651000977
.0632476807
-.0905609131
.1128692627
.0688781738
.0515594482
.1715087891
-.1435546875
-.1437072754
-.0740051270
.1615600586
-.1171569824
-.0723419189
.1730346680
-.0834808350
-.1210021973
.0984954834
-.0749816895
-.1288604736
-.0887451172
-.0897827148
.1265869141
.1067352295
-.1183166504
.0645751953
.0513763428
-.1208190918
.0456848145
.0632629395
.0476989746
-.0722808838
-.0491027832
.0431518555
-.1277770996
-.0831756592
.0727844238
.1111145020
-.1027374268
.0973968506
-.0657348633
.0529174805
.0408477783
-.0406646729
.0563964844
.0961303711
-.0254516602
.1151580811
-.1873016357
-.0902557373
.0808715820
.0847015381
-.0552368164
-.0679168701
.0449371338
-.0533142090
-.0268707275
.0437011719
-.0609588623
.0609893799
-.0818634033
.0614776611
.0732116699
-.0366210938
-.0652313232
.0236968994
-.0317687988
.0465545654
-.0981445313
.0712432861
-.0687255859
-.0307159424
.0721130371
-.0990600586
.1086273193
-.0556335449
-.0775146484
.0322418213
-.0471038818
.0858001709
-.0491790771
-.0476226807
-.0414886475
.0664367676
.0365600586
.0704956055
-.1014862061
-.0407104492
-.0393676758
.0483551025
-.0487518311
.0569152832
.0315399170
-.0817108154
.0763244629
-.0685119629
.0578613281
.0862274170
-.0918273926
-.1391448975
-.0600585938
-.0816650391
-.0563812256
.0748596191
-.0340881348
-.0678558350
.0597381592
-.1035308838
.1030578613
.0513610840
-.1383972168
.0372619629
.0571136475
-.1486053467
.0896148682
-.0766754150
.0368804932
.1046600342
-.0506439209
-.0782928467
.0590515137
.0552825928
-.0429382324
.0696258545
-.0561523438
-.0293121338
-.0736389160
.0631713867
.1038665771
-.0604400635
-.0300750732
-.0730590820
.0735778809
.0180664063
.0909271240
-.0676879883
-.0444030762
.0664520264
-.0476531982
-.0638885498
.1683502197
.0506134033
-.0285797119
-.1254272461
-.0794982910
.0926666260
-.0561828613
.0932006836
.0583343506
.0492553711
.0710144043
-.0547790527
-.0844116211
.0491485596
-.0756378174
.0598449707
-.1119232178
.1147308350
-.0984344482
.0450439453
-.0557098389
-.0707397461
.0909881592
-.0849304199
.1200714111
-.0625000000
-.0343322754
-.0688171387
-.0461578369
-.0477600098
-.0581817627
.0430145264
.1069335938
-.1060180664
.0945434570
-.0933227539
-.0595245361
.0502319336
-.0404510498
.0606536865
.0384826660
-.0611724854
.1492767334
-.0648345947
-.1301422119
.1026153564
.0390014648
.1271362305
-.1225128174
-.1400909424
-.0509490967
.1088104248
-.0879669189
.0409393311
.0837249756
-.0960388184
.0740051270
.0740509033
-.1340484619
.1442871094
-.0625000000
-.0669555664
-.0584869385
-.0769805908
.1330871582
-.0417938232
-.0718231201
.0588073730
-.1050262451
.0339508057
.0370025635
.0682983398
.0785827637
-.0902709961
.0755310059
-.1261444092
-.0713958740
.1058654785
-.1299285889
.0921478271
-.0948333740
.0407409668
.0666961670
-.0352478027
-.0835876465
.0679321289
-.1439514160
-.0866241455
.0958404541
.0450134277
.0751037598
-.0709381104
-.0640411377
-.0592041016
.0923461914
-.0747070313
.0715789795
.0505523682
-.0628509521
.0467224121
.0668640137
-.0577087402
.0502471924
-.0903015137
-.0419616699
.0602874756
-.0565490723
.0531311035
.0673980713
.0334930420
-.0526428223
-.0466461182
-.0488586426
-.0474090576
.0859069824
-.0735168457
.0699005127
.0468292236
-.1072540283
.1248626709
-.0607757568
-.0498809814
.0781402588
-.0671081543
.0916290283
.0328826904
-.0987396240
.0642395020
.0661163330
-.0983276367
.1015777588
-.0609436035
.0807952881
.1110687256
-.1868591309
.1659851074
-.1354370117
-.0913238525
.1362152100
-.1267089844
.1277618408
-.0759124756
.0772857666
-.0413970947
.0648651123
-.0625305176
.0552520752
.0422821045
-.0505218506
.0378723145
-.0651855469
.0930023193
-.0858459473
-.0598297119
.0792846680
.0343627930
-.0472259521
-.0674591064
.0699157715
.0744476318
-.0870361328
.0326690674
.0494995117
-.0778350830
.0749206543
-.0639495850
.0386199951
-.0718994141
-.0379943848
.0406036377
.0682830811
-.0584106445
.0311279297
-.0621185303
.0659942627
-.0644073486
-.0822601318
-.0513000488
-.0499420166
.0415039063
-.0845489502
.0897521973
.0480499268
-.0481567383
.0843963623
-.1106109619
.1014251709
-.1311187744
.0966644287
-.1071929932
-.0938720703
.0541381836
-.0540618896
-.0683135986
-.0793609619
-.0563354492
.1071624756
-.1028137207
.0625610352
.1570281982
-.1019897461
.0728759766
-.1155853271
-.0408935547
.0992279053
-.0582733154
-.0419464111
.0589141846
.0399475098
.1093292236
-.0446472168
-.1020965576
-.0588378906
-.0933837891
.1307983398
-.0970001221
-.0641021729
-.0522155762
-.0495147705
.1072082520
.0482025146
.1586456299
-.0494995117
-.0369415283
.0403289795
-.0882110596
-.0479736328
-.0756835938
.1544799805
-.0852203369
.0828552246
-.0791168213
.0854644775
-.0689849854
-.1075286865
.1110687256
-.0780029297
.0722961426
.1109924316
-.0760498047
.0682983398
-.0992279053
.0513610840
.0406036377
-.0693206787
.0478057861
-.0625915527
-.0318298340
-.0602722168
-.1043701172
.0730895996
-.0892486572
.0615386963
.0591735840
.1034393311
-.1150512695
.0833129883
-.0330200195
.0401000977
.1219177246
-.0573272705
.0506286621
.0399169922
-.0352172852
-.2310638428
-.0725250244
-.0701751709
.0494232178
-.0534973145
.0564270020
.0647277832
-.0501708984
-.0397949219
-.0447082520
-.0533905029
.0342712402
.0770416260
.0279235840
.0529479980
-.0452117920
-.0530395508
.0852050781
-.0643463135
-.0553894043
.0522460938
-.0274658203
.0588836670
-.0283660889
.0321655273
-.0079498291
-.0283050537
.0113830566
-.0167083740
-.0252380371
-.0158538818
.0099182129
.0041809082
.0014190674
