-.0027770996
-.0007324219
-.0007019043
.0008544922
-.0003967285
.0006561279
.0003509521
-.0003662109
-.0002899170
.0004119873
.0003356934
.0002593994
.0003662109
-.0003051758
.0003967285
.0032501221
-.0232238770
-.0794067383
-.0379180908
.0327301025
-.0399627686
-.0080261230
.0036010742
-.0034332275
-.0026092529
-.0027313232
.0016937256
.0014953613
-.0015258789
-.0009307861
.0009460449
-.0007781982
.0005493164
-.0006713867
.0004730225
.0004119873
-.0003509521
.0003967285
.0004119873
-.0002593994
.0003509521
-.0002746582
.0003051758
-.0002136230
.0001373291
.0003662109
-.0002899170
.0003051758
-.0003662109
-.0004272461
.0003967285
.0004425049
.0004577637
-.0005187988
.0005950928
.0004730225
.0005950928
.0007019043
-.0006408691
-.0006256104
.0010528564
.0010681152
.0015106201
.0009765625
-.0020294189
.0025329590
.0018005371
-.0016937256
-.0018920898
.0009613037
.0138397217
.0105743408
-.0484924316
-.0116271973
-.0404968262
.0191955566
.0184631348
.0180969238
-.0221252441
-.0516357422
-.0279083252
.0465850830
-.0186462402
-.0237426758
-.0187683105
.0255279541
-.0239410400
.0178070068
.0224304199
-.0397338867
.0520324707
-.0369262695
-.0275115967
.0485534668
.0239562988
-.0115051270
-.0284423828
.0162506104
.0328521729
-.0252532959
.0115966797
-.0137634277
-.0221862793
.0234069824
-.0164794922
-.0163269043
.0133514404
-.0274353027
-.0160369873
.0236968994
.0212249756
.0219116211
.0607604980
-.0292053223
-.0399475098
-.0270080566
-.0397186279
-.0304107666
-.0469512939
-.0171661377
.0319213867
.0257568359
-.0172271729
-.0195007324
-.0154876709
-.0267333984
-.0108032227
-.0169067383
-.0217437744
.0323638916
-.0263671875
.0249176025
.0192260742
.0121917725
-.0248413086
.0151062012
-.0222625732
.0206756592
-.0437774658
-.0359802246
-.0245208740
.0210723877
-.0276641846
.0150604248
-.0181121826
.0294952393
.0319213867
-.0214538574
.0129241943
-.0119476318
-.0162658691
-.0331268311
.0190277100
-.0389404297
.0573425293
.0483398438
.0440826416
-.0590209961
-.0650024414
-.0359802246
.0507659912
-.0259399414
.0282592773
.0227813721
.0368194580
.0254211426
-.0346679688
-.0263977051
.0385131836
-.0298767090
-.0337982178
-.0518646240
-.0518493652
-.0527496338
.0743865967
-.0289306641
-.0393981934
-.0459747314
-.0312347412
.0437164307
.0484466553
.0325775146
-.0369567871
.0294036865
-.0367736816
-.0608062744
.0480194092
.0734405518
.0399017334
.0611572266
-.0846099854
-.0956573486
.0587158203
-.0561218262
.0385742188
.0836486816
.0528411865
.0305175781
.0574340820
-.0359649658
-.0573883057
.0351104736
-.0683746338
-.0521087646
-.0739746094
.0402526855
.0472259521
.0720062256
-.0397186279
.0350494385
.0634460449
-.0447387695
.0311889648
-.0335083008
-.0326538086
-.0781707764
.0319519043
-.0410461426
-.0606689453
.0523681641
-.0431671143
-.0382080078
-.0967254639
-.0832672119
.0689697266
.0670318604
.0516662598
.0439910889
.0422973633
.0754547119
-.0439453125
-.0679473877
.0436248779
-.0476989746
.0498657227
-.0405426025
.0637969971
-.0579528809
-.1018981934
.0792083740
.0531616211
.0774841309
.0930633545
.0525054932
-.0433349609
-.0677185059
-.0613098145
.0343627930
.0320129395
.0360717773
-.0325469971
-.0699920654
.0426330566
.0960235596
.0494079590
.0767517090
-.0330963135
-.0539245605
.0640869141
.0312347412
.0440673828
-.0565490723
.0442657471
-.0765686035
-.0675354004
-.0519561768
-.0491943359
-.0550537109
-.0581970215
.0548400879
-.0432891846
-.0400085449
-.0384216309
-.0425872803
.0402221680
-.1085052490
-.0820922852
-.0632019043
.0478668213
-.0452423096
-.0467529297
.0723571777
-.0350799561
.0619964600
.0657806396
.0838012695
-.0860748291
.0997924805
-.1056671143
.0570373535
-.0594787598
.0869903564
.0597686768
.1068267822
-.0435028076
.0381469727
.0490112305
-.0644989014
-.1086120605
.0780029297
.0459747314
-.0552062988
.0867004395
-.0428924561
.0714721680
-.0478668213
-.0512542725
.0456237793
.0553894043
.0485076904
-.0656738281
.0626831055
-.0581359863
.0706024170
-.0463104248
.0623779297
-.0638580322
.0736541748
.0426330566
.0412292480
-.0524597168
-.1113739014
.0751647949
.0350341797
-.0456085205
.0853881836
-.0907897949
-.1376647949
.0721893311
.0400848389
-.0491943359
.0633544922
-.0402984619
-.0751037598
.0677337646
.0406799316
-.0839080811
-.0648803711
.0322265625
.0595703125
-.0421447754
.0400543213
.0436706543
.0751037598
-.0920867920
.1000823975
-.0658416748
.0528259277
.0945129395
.0421600342
.0730438232
-.0477294922
.0855712891
-.0538787842
.0507812500
.0688018799
.1470489502
-.0966186523
-.0450286865
-.0805816650
-.0569763184
-.0438385010
-.0470428467
-.0462188721
.0533142090
-.0343780518
-.0798797607
-.1047515869
.0626220703
.0591278076
-.0435791016
.0747680664
-.0703735352
.0317382813
-.0316162109
.0582427979
.0486297607
.0615386963
-.0716400146
.0953063965
-.0694732666
-.0629882813
-.1307373047
.0954284668
.0470275879
-.0616149902
-.0818176270
.0401611328
-.0435638428
.0917358398
.0997161865
-.0603790283
-.0720977783
.0678710938
-.0852203369
.0433807373
-.0429687500
.0536651611
.0759124756
.0579833984
-.0771026611
-.1446228027
-.0909118652
.0844726563
.0639343262
-.0705261230
.0632324219
-.0807952881
.0818023682
.0594635010
-.0386505127
-.0710754395
-.0528411865
-.1014099121
.0985565186
.0446472168
-.1036682129
-.0650787354
-.0505828857
.0420379639
-.0422210693
-.0407409668
.0403900146
-.0496826172
-.0747985840
-.0574035645
-.0519256592
-.0638275146
.0801849365
-.0450286865
.0616607666
-.0852966309
-.0666046143
-.0430297852
.0615386963
.0767517090
-.0938568115
-.0480041504
.0422210693
-.0723266602
.0452423096
.0924987793
.0965728760
-.0671081543
-.0348358154
-.0432586670
.0729217529
.0639648438
-.1271820068
-.0766754150
.0437469482
.0646972656
-.0918731689
-.0481719971
-.0478820801
-.0809478760
-.0420837402
-.0916442871
.0861206055
.0726776123
.0809936523
.0639953613
.0630798340
-.0641632080
-.0528869629
-.0946350098
.0492095947
-.0328979492
.0335845947
-.0467376709
-.1305999756
-.0788726807
.0802307129
.0687103271
-.0458221436
-.0443878174
-.0744476318
.0214385986
.0361328125
.0587615967
.0544586182
.0821838379
-.0776977539
-.0424194336
-.0507965088
.0871887207
-.0555572510
.0814056396
.0631713867
-.0511016846
.0547943115
.0532836914
.0757598877
-.1052703857
.0677490234
.0460205078
-.0649261475
.0456237793
.0488891602
-.0717163086
.0286712646
.0488891602
-.0368804932
-.0648193359
-.0874481201
-.0843811035
-.0568695068
-.1057281494
-.0563507080
.0433349609
.0439147949
.0726623535
.0637664795
.0505371094
.0925292969
-.0818023682
-.0686340332
-.0588378906
.0321350098
.0594787598
-.0518341064
.0564270020
-.0453033447
.0395050049
.0346984863
-.0744018555
.0755157471
-.0907897949
.0537719727
-.0558319092
-.0598297119
-.0601959229
.0681610107
-.0633392334
.0632019043
.0636901855
-.0601196289
-.0479736328
-.0999603271
-.0724792480
.0700988770
-.0684814453
-.0635528564
-.0402374268
.0475463867
.0646667480
-.0506896973
-.0582122803
.1016540527
.1110992432
-.0484161377
-.0947113037
-.0602264404
-.0480651855
-.0411682129
.0354614258
.0481109619
.0442504883
.0652160645
.1106719971
-.1044616699
-.0464477539
-.0656280518
-.0655975342
-.0588378906
.0439453125
-.0515441895
.0904083252
-.0399627686
-.0493164063
.0548553467
.1189422607
.0770416260
.0801391602
.0416107178
.0637512207
-.0393218994
-.0771331787
-.0601196289
.0598449707
-.0295104980
-.0415039063
-.0807952881
.0640869141
-.1012115479
-.0365447998
.0687866211
.0545654297
.0479125977
.0446472168
.0433197021
-.0548706055
.0617828369
-.0386199951
-.0425720215
.1239929199
-.0592041016
.0740051270
-.0968780518
.0870971680
.0718994141
.0578460693
-.0807037354
.0671081543
-.0550231934
-.0780487061
-.0828094482
-.0712738037
.0764923096
.0542755127
-.0628814697
.0663909912
.0404663086
.0511322021
-.0329437256
.0534820557
.0454254150
-.0455322266
-.1403656006
.1019439697
.0602569580
-.0415802002
-.0509338379
.0646667480
-.0786437988
.0426330566
-.0665588379
.0579071045
.0535736084
.0356750488
-.0725708008
.0931091309
-.0382995605
-.0432891846
-.0650634766
-.0566558838
.0419158936
-.0821838379
.0365142822
.0528411865
.0367889404
.0383300781
.1075744629
-.0840454102
-.0445251465
.0545349121
-.0485076904
.0580444336
-.0553131104
-.0371398926
.0460357666
.0549774170
.0443878174
-.0456085205
-.0977020264
-.1207580566
.0565795898
-.0913848877
-.0843658447
.0867462158
.0481109619
-.0513610840
-.0542297363
.0407409668
-.0704803467
.0856933594
-.0886077881
-.0571289063
-.0436248779
-.0752258301
.0662994385
.0484619141
.0645904541
-.0694580078
-.0272827148
.0290679932
.0904541016
.1078643799
.1126861572
-.0707702637
-.0512695313
.0525970459
.0570983887
.0433502197
.0455780029
-.0601806641
-.0425415039
-.0631561279
.0578765869
.0650024414
-.0637664795
-.0539093018
.0448608398
.0615539551
-.0289459229
.0551147461
.0515899658
.0450744629
-.0449523926
-.0329132080
-.0456390381
-.0785827637
-.0757446289
-.0513763428
.0593261719
.0546417236
-.0407714844
-.0534362793
.0521697998
-.0318145752
.0386962891
-.0856933594
-.0901336670
-.1009979248
-.1238403320
.0562896729
-.0568084717
-.0620422363
.0613708496
-.0795440674
-.0389862061
-.0454101563
.0457305908
.0323028564
.1081237793
.0878143311
-.0478057861
-.0418243408
-.0881652832
-.0446319580
-.0535583496
.0536804199
.0369110107
-.0455474854
-.0523834229
.0659637451
.1152038574
-.0611267090
-.0301513672
.0508728027
.0595092773
-.0490417480
-.0492706299
-.0531005859
-.0356750488
.0474395752
.0356140137
-.0501556396
.0650024414
.0882720947
-.0489807129
.0575408936
-.1003265381
-.0420227051
-.0806884766
.0318603516
-.0429534912
.0660095215
-.0616302490
-.0390014648
.1041107178
.0873718262
-.0509033203
.0579528809
.0431060791
-.0318908691
-.0589599609
.0249176025
-.0311126709
.0283203125
.0244445801
-.0254669189
.0285491943
.0225372314
.0227508545
.0290374756
-.0321502686
-.0343170166
-.0191497803
.0419006348
.0330505371
-.0177612305
-.0132598877
-.0106353760
.0099182129
.0090484619
.0060882568
.0194396973
.0055084229
.0040588379
-.0056304932
-.0048217773
.0033111572
.0027313232
.0020446777
-.0016479492
.0020294189
.0017089844
-.0011291504
-.0011596680
-.0011444092
-.0009613037
.0015563965
.0010528564
-.0007324219
-.0010375977
.0009002686
-.0007629395
.0005493164
.0009460449
-.0005798340
.0006256104
-.0004730225
.0005950928
.0005493164
-.0006561279
.0004425049
.0003204346
-.0003662109
-.0005187988
-.0003967285
.0005645752
-.0003967285
.0003662109
-.0004119873
-.0004882813
.0003204346
-.0004119873
.0004119873
-.0005493164
.0004882813
.0003662109
.0003814697
.0002899170
-.0002746582
.0003204346
.0004272461
-.0003051758
.0003509521
.0004577637
-.0002899170
.0005187988
.0004730225
.0003204346
.0005798340
-.0002593994
.0003204346
-.0002593994
.0002593994
.0002746582
.0003356934
.0003204346
-.0001983643
.0002593994
.0003662109
.0003509521
-.0002288818
-.0003356934
.0003204346
-.0003967285
.0003967285
.0005493164
-.0116882324
.0361022949
.0079498291
-.0041046143
.0022583008
.0014801025
.0017700195
-.0014343262
.0009002686
.0012054443
.0005798340
-.0004272461
-.0004272461
.0004119873
-.0005187988
-.0003814697
.0004577637
.0003662109
.0002899170
.0001983643
.0003356934
-.0002288818
.0003814697
-.0003662109
.0005035400
-.0002593994
.0003967285
.0003204346
.0003051758
.0415344238
-.0072326660
-.0015869141
.0016021729
-.0016326904
.0014190674
.0009613037
.0010833740
.0006713867
-.0009307861
.0005340576
.0004272461
.0006103516
.0007324219
-.0006408691
-.0007019043
-.0003967285
.0004882813
-.0003051758
.0004272461
-.0003356934
-.0002899170
-.0003051758
.0002746582
-.0003356934
.0002746582
.0055541992
-.0022583008
-.0005798340
-.0004272461
.0039215088
.0021362305
.0010986328
-.0007629395
.0073089600
.0014038086
-.0016326904
-.0019226074
-.0009155273
-.0025634766
-.0018768311
-.0005493164
.0008239746
.0016632080
-.0005950928
-.0004272461
-.0006561279
.0002899170
.0002899170
.0003509521
.0003204346
-.0001220703
.0002288818
.0002441406
.0002899170
-.0002899170
.0002441406
.0004119873
.0003204346
-.0002899170
.0003204346
-.0002746582
-.0002441406
.0003356934
-.0003051758
.0002288818
-.0003662109
-.0002288818
-.0001983643
.0001525879
-.0002288818
.0002746582
.0002136230
-.0001983643
.0003204346
-.0002136230
.0002593994
.0003509521
.0002593994
-.0002288818
.0003662109
.0002136230
-.0002441406
.0003356934
.0004119873
.0003356934
-.0016632080
-.0026092529
.0017547607
-.0111999512
-.0137176514
-.0417938232
.0406494141
.0264587402
-.0150604248
-.0137329102
.0408325195
.0212707520
-.0176849365
.0722351074
-.0293121338
-.0211029053
-.0178527832
.0101928711
-.0096435547
-.0082397461
.0061492920
.0049896240
.0051574707
.0033874512
-.0025329590
