.0000457764
-.0000457764
-.0000457764
.0000457764
-.0000457764
-.0000457764
-.0000457764
-.0000457764
-.0000457764
-.0000457764
-.0000457764
-.0000457764
.0000457764
.0000457764
.0000610352
.0000610352
-.0000610352
.0000762939
.0000762939
.0000762939
.0001220703
.0001525879
.0007476807
-.0008392334
.0007171631
-.0032501221
.0019531250
.0031127930
.0019836426
.0012969971
-.0048522949
.0030212402
-.0067749023
.0041961670
-.0125122070
-.0031585693
-.0148620605
-.0149383545
-.0055847168
-.0139160156
.0145263672
-.0082397461
-.0196228027
.0190277100
-.0078887939
.0093078613
-.0198669434
.0227508545
.0200653076
-.0157470703
.0115509033
-.0236816406
-.0364532471
.0207824707
-.0223236084
.0281372070
-.0355529785
.0400695801
-.0238494873
-.0168457031
.0409393311
.0189514160
-.0497741699
.0270843506
.0339660645
.0249938965
.0343780518
-.0172576904
.0439300537
-.0266113281
.0541381836
.0256652832
-.0518035889
-.0388031006
.0292510986
.0577392578
-.0315551758
.0728302002
-.0300445557
.0465698242
-.0688323975
-.0291137695
-.0608520508
.0286560059
.0321044922
.0507354736
.0201110840
-.0528869629
.0466613770
.0349578857
-.0483245850
.0325622559
-.0297698975
-.0621185303
-.0268096924
-.0481872559
.0553283691
.0348968506
.0752868652
-.0336456299
.0272369385
-.0714569092
-.0404663086
.0389404297
-.0676574707
.0312500000
.0372314453
-.0719604492
-.0278472900
.0424041748
-.0335540771
.0261077881
-.0707244873
-.0324554443
.0281677246
.0605773926
-.0473937988
-.0429992676
.0408782959
-.0376281738
.0597381592
-.0290527344
.0188751221
.0373840332
-.0346374512
.0523986816
-.0543060303
-.0297241211
.0414733887
.0336608887
.0247039795
.0530090332
.0231170654
.0585021973
-.0252532959
.0423126221
.0499725342
.0214996338
.0612335205
-.0343933105
.0354919434
-.0328674316
-.0269775391
.0411987305
-.0330963135
.0403289795
-.0266876221
-.0377960205
-.0252532959
-.0269012451
.0171051025
-.0342712402
.0291748047
-.0204620361
-.0229949951
.0263671875
-.0259704590
-.0205383301
.0188598633
-.0169067383
-.0192108154
.0217590332
-.0179595947
.0183258057
.0062713623
-.0063476563
.0059509277
-.0039520264
.0038604736
.0027008057
-.0033111572
-.0041961670
.0035552979
-.0030212402
.0032043457
-.0029907227
-.0050201416
-.0043792725
.0125427246
.0197296143
.0140380859
.0314331055
.0171203613
-.0174865723
.0331420898
.0235595703
.0317230225
-.0494995117
.0278167725
-.0504150391
-.0321044922
-.0611724854
.0483398438
.0526428223
-.0605621338
-.0449371338
.0525207520
-.0454559326
-.0295562744
.0701599121
-.0355834961
-.0655517578
.0459899902
.0332794189
.0587005615
.0307464600
.0368499756
.0625915527
.0370483398
.0292205811
.0572052002
.0247497559
.0443420410
.0617980957
.0215148926
.0325775146
-.0489044189
.0620880127
-.0330963135
.0529632568
-.0676879883
-.0433502197
.0790863037
-.0750732422
-.0335693359
-.0511779785
-.0829925537
-.0794525146
-.0459136963
.0848388672
.1040802002
-.0641326904
-.0920715332
.1218719482
-.1179962158
-.0683593750
.1162414551
-.1248931885
-.1139068604
.0547790527
.1117706299
-.1267395020
.0581665039
.1043853760
-.1181945801
.0765991211
.0691986084
-.1253204346
-.1158142090
-.0646820068
.0654754639
-.1063995361
-.0620117188
-.0597534180
-.1096038818
-.1080017090
-.0417633057
.0763854980
-.0941619873
.0256042480
-.0388641357
-.0883178711
-.0875396729
.0390777588
.0603637695
-.0938262939
.0282745361
-.0404357910
-.0915069580
-.0883941650
-.0472564697
.0698242188
-.0842590332
-.0572967529
.0522155762
-.0769805908
-.0376281738
.0562438965
-.0812377930
.0273284912
.0364837646
-.0875549316
-.0324707031
.0369567871
-.0864868164
-.0350646973
.0588073730
-.0796051025
-.0526428223
-.0756225586
-.0792388916
.0483398438
-.0737457275
-.0386505127
.0707550049
-.0884552002
.0483245850
-.0776062012
.0668029785
.0684051514
-.0848236084
.0554199219
-.0862731934
-.0292205811
.0689086914
-.0766296387
.0435028076
-.0785217285
.0832977295
.0480957031
-.0839385986
.0515441895
.0790405273
.0322723389
-.0548858643
-.0795440674
-.0476684570
-.0825347900
-.0372619629
-.0955047607
.0370483398
.0690155029
-.0439147949
.0242767334
.0491485596
-.0553131104
-.0238037109
-.0094146729
.0041046143
.0074920654
.0050354004
.0052642822
-.0028381348
.0029449463
.0018768311
.0025634766
.0027008057
-.0030059814
.0017547607
.0020751953
-.0022430420
.0019226074
-.0013885498
.0014801025
.0015563965
-.0007781982
.0006866455
.0009155273
.0011291504
.0006256104
.0002899170
.0002746582
.0003662109
.0003814697
.0004425049
.0003204346
.0005645752
.0003051758
.0004730225
.0005950928
.0004730225
.0005187988
.0005340576
.0003356934
.0018005371
.0005950928
.0045928955
-.0048065186
-.0034942627
.0035400391
.0052490234
-.0139617920
.0059967041
.0062255859
-.0054016113
-.0142211914
.0265655518
-.0130615234
.0298614502
.0209197998
-.0134277344
-.0276641846
.0123443604
.0118255615
.0242462158
.0250244141
.0226287842
.0211181641
.0122985840
.0304718018
.0143585205
.0263671875
-.0119323730
-.0319824219
.0331420898
-.0418853760
.0308685303
.0368957520
.0267333984
-.0424194336
.0209503174
-.0335845947
.0183715820
.0255737305
.0341949463
-.0351867676
.0437774658
-.0195159912
.0359649658
-.0236663818
-.0210723877
.0374450684
-.0257873535
-.0262145996
-.0186004639
.0313720703
.0328063965
.0269927979
.0291595459
-.0195770264
.0327606201
-.0259399414
.0375671387
.0166931152
-.0249786377
.0345001221
-.0166015625
.0426025391
-.0182495117
-.0284271240
.0311584473
-.0255279541
.0357055664
-.0245819092
-.0251312256
-.0219421387
-.0253295898
.0276184082
.0229644775
.0352325439
.0174407959
-.0210418701
-.0248565674
.0190887451
-.0279541016
-.0261383057
.0390167236
.0198669434
.0340118408
-.0174255371
-.0211791992
-.0194702148
-.0269012451
-.0340270996
.0230255127
.0274353027
-.0408477783
-.0236968994
-.0291748047
.0515441895
-.0581665039
.0302276611
-.0265502930
.0578308105
.0592041016
-.0631103516
.0395812988
.0316314697
.0420532227
.0728149414
-.0716705322
-.0603332520
.0560302734
.0542602539
.0326232910
.0394897461
.0596466064
-.0814819336
-.1007080078
-.0901641846
-.1007995605
-.0769805908
-.0288238525
-.0302429199
-.0302276611
-.0682373047
-.0903015137
.0951080322
-.0990905762
-.0863189697
-.0937957764
.0804595947
-.0390625000
.0405273438
-.0441589355
.0830535889
.0999450684
-.1000061035
-.1047210693
.0945892334
-.1033477783
-.1027221680
.0731506348
-.0388336182
-.0568389893
-.0612640381
.0900878906
-.1024169922
-.1032409668
-.1131744385
-.1105499268
-.1051330566
.0312652588
-.0260467529
-.0566406250
-.0890960693
.1050415039
-.1031646729
-.1023406982
-.0909423828
.0575408936
.0243682861
-.0350952148
-.0846405029
-.0789794922
-.0829467773
-.0848999023
-.0762176514
-.0310211182
.0236816406
-.0658569336
-.0717773438
-.0845489502
-.0787963867
.0548248291
.0219573975
.0485687256
-.0815429688
-.0812988281
-.0881347656
.0659942627
-.0257720947
.0602416992
-.0633544922
-.0708923340
.0570678711
.0199584961
-.0553741455
-.0585327148
-.0621795654
.0435485840
-.0238647461
-.0493621826
-.0460815430
.0138549805
-.0401916504
.0105133057
-.0429382324
.0095672607
.0095672607
-.0060577393
.0073242188
-.0041656494
-.0038909912
.0030670166
-.0015869141
.0013580322
.0016174316
.0012817383
.0014190674
.0019531250
.0013732910
.0008239746
.0010070801
.0010528564
.0004272461
.0007171631
.0008087158
.0007324219
.0013580322
.0009002686
.0006561279
.0005950928
.0005493164
.0005187988
.0003967285
.0005645752
.0004577637
.0002441406
.0003662109
.0003814697
.0003967285
.0004730225
.0003662109
.0011901855
.0004272461
.0007476807
.0006408691
.0005798340
.0003356934
-.0011901855
.0052642822
.0012817383
.0163726807
-.0075531006
-.0133972168
.0099029541
.0307159424
-.0074920654
-.0140991211
.0165863037
.0473175049
-.0304718018
.0106201172
-.0758361816
-.0409545898
.0474853516
-.0552978516
.0272216797
-.0539855957
-.0715637207
.0523071289
-.0621795654
-.0459899902
-.0362091064
.0759124756
-.0422058105
.0863189697
.0343780518
-.0911712646
-.0625305176
.0915527344
-.0820312500
.0993499756
-.0727081299
.0807037354
-.1028289795
-.0811767578
-.1016235352
-.1128387451
.1286926270
-.0958251953
.1161651611
-.0799865723
-.1426086426
.1542358398
.1558685303
.1585845947
.1005706787
.0986022949
.1218109131
.0976562500
.1384277344
.1394195557
.1576690674
.1439056396
.1532440186
.1415863037
.1083221436
-.0696258545
-.0838317871
-.0855560303
.0995025635
-.1493377686
.0997009277
.1176910400
-.1359405518
.1160888672
.1267547607
.1112976074
.1297302246
.1367187500
.1166381836
.0909423828
.0531616211
-.0918426514
-.0560607910
.0719146729
.0995330811
.0753173828
.1282348633
.1086883545
.1274261475
-.1477661133
.1002197266
.1093750000
.1334228516
.1515350342
.1159973145
-.0765686035
-.0523834229
-.0644073486
.0734710693
.0717468262
.1213684082
.1010742188
.1002502441
.1503601074
.1191711426
.1017150879
-.1260375977
.1124725342
.1035614014
.1287384033
-.0666503906
-.0559082031
.0502166748
-.0593109131
-.0735473633
-.0787658691
-.0986633301
.1090393066
.1335601807
.1053009033
.1081390381
.1188507080
.0601959229
.0630035400
-.1162567139
.0939483643
.0445709229
.0684661865
-.0989685059
-.1101531982
.1007690430
-.0424957275
-.0546417236
.0906219482
-.0945892334
.0971374512
.0966033936
-.0658569336
-.0608520508
.0872344971
-.0901641846
.0794830322
.0501098633
-.0918579102
.1059112549
.0996704102
-.0334930420
.0461120605
-.0807952881
.0950317383
.1002502441
.0866241455
-.0456542969
-.0671234131
.1040954590
.0941009521
.1035461426
.0609283447
-.0625762939
-.0883178711
.0890808105
.0835113525
-.0338287354
.0637359619
-.0764007568
-.0483398438
-.0604095459
.0575103760
-.0281219482
-.0365905762
-.0348358154
-.0247955322
-.0236511230
-.0432739258
-.0501861572
.0343780518
-.0499572754
-.0605010986
-.0301513672
.0695800781
-.0367279053
.0828247070
.0764770508
.1213226318
-.0726013184
.1177825928
.0509033203
.1253967285
.0850982666
-.0743865967
.1466064453
.0578765869
-.1083831787
-.1163177490
.1579437256
.1672515869
-.0962371826
.1150817871
-.1287994385
.1638031006
.1634674072
.1576690674
.1672363281
.1671752930
.1551971436
.1472473145
.1601562500
.1594543457
.1682739258
.1674652100
.1549835205
.1566772461
.1691894531
.1625671387
.1539001465
.1226348877
-.1114807129
-.1040649414
-.1175384521
-.1252136230
-.1256103516
.1050109863
.1154937744
.1328887939
.1307067871
.1160736084
.1037445068
-.0866851807
-.0789337158
.0606231689
-.0719451904
.0694580078
.1317749023
.1255950928
.0957794189
.0864410400
.0802612305
-.0508880615
.0433502197
-.0469512939
.0752563477
.0933074951
.0958404541
.0783996582
.0859527588
-.0848388672
-.0661773682
-.0655822754
.0862731934
-.0849304199
-.0867309570
-.0915222168
-.0875091553
-.0861816406
-.0798492432
-.0742340088
-.0775146484
-.0874176025
.0909423828
-.0882873535
.0961456299
-.0773925781
.0801239014
-.1055755615
-.0781250000
.0926666260
.0813903809
-.0856170654
-.0726318359
.0810546875
.0567169189
-.0700988770
-.1028289795
-.0849609375
-.0575408936
-.0532531738
-.0560760498
.0501556396
.0536041260
.0935363770
.0688018799
.0647125244
.0864410400
-.0812988281
.0694122314
.0513916016
.0623321533
.0695343018
.0744171143
-.0899047852
.0617675781
.0959320068
-.0458221436
-.0366973877
.0479431152
.0585479736
.0665740967
.0971221924
.1239471436
.0745239258
.0795898438
.0768585205
.0558471680
.0608062744
-.0610656738
.1050415039
.0845794678
-.0514831543
.1213531494
.0734405518
.0646667480
.0853424072
.0738830566
.0733795166
.0676422119
.0595092773
.0281066895
.0233001709
.0921630859
.0513763428
.0520477295
-.0418243408
-.0265197754
.0289306641
-.0458526611
.0456390381
.0349731445
-.0157470703
-.0222320557
-.0326385498
.0440979004
.0446624756
-.0086517334
.0254364014
.0365295410
.0323028564
-.0194091797
.0232391357
-.0345306396
.0310668945
.0122070313
.0305633545
.0354919434
-.0101470947
-.0216369629
.0289764404
.0152740479
-.0259399414
-.0229187012
-.0147399902
.0311737061
.0167846680
-.0335845947
.0124359131
.0090637207
-.0068664551
-.0047760010
-.0032501221
-.0021514893
.0031890869
.0022277832
.0027160645
.0020751953
-.0018920898
.0012817383
-.0012969971
.0016174316
.0012054443
.0014953613
.0010833740
.0010833740
.0006408691
.0007781982
.0007476807
.0006866455
.0007019043
.0008392334
.0007019043
.0005493164
.0010070801
.0006408691
.0003814697
.0006103516
.0006713867
.0005493164
.0005035400
.0002746582
.0003204346
.0002899170
.0003356934
.0002746582
.0004425049
.0003356934
.0003356934
.0003204346
.0003204346
.0003814697
.0003204346
.0003814697
.0002593994
.0003356934
.0003814697
.0003814697
.0003967285
.0002899170
.0003051758
.0003814697
