-.0005035400
-.0005035400
-.0005035400
-.0005035400
-.0005035400
-.0005035400
-.0016174316
-.0012207031
.0072479248
.0635681152
-.0257873535
-.0370635986
-.0424499512
.1259765625
-.0265502930
.0538330078
-.0337524414
-.0102844238
.0061035156
-.3777160645
-.2489624023
-.1304779053
.0217742920
.0158081055
.0092163086
-.0063781738
.0090026855
-.1007995605
-.0482330322
.0106964111
-.0266418457
.0086517334
.0054931641
-.0025329590
.0019226074
-.0041809082
-.1287384033
.0461273193
.0701446533
-.0362243652
-.0276489258
-.0368652344
-.0138397217
.0579223633
.0376739502
-.1147155762
-.1134796143
.0552215576
.0669250488
.0475158691
-.0390472412
-.4157867432
-.1479492188
-.0225219727
.0139160156
.0038604736
-.0028686523
-.0014495850
-.0014038086
.0007019043
.0005645752
.0004730225
.0004119873
.0003509521
.0006713867
.0004425049
.0002899170
.0001983643
.0001525879
.0001220703
.0000915527
.0000762939
-.0000305176
.0000305176
.0000305176
.0000305176
-.0000305176
-.0000305176
-.0000305176
-.0000305176
-.0000305176
-.0000305176
-.0000305176
.0000305176
.0000305176
-.0000305176
-.0000305176
-.0000305176
.0000305176
-.0000305176
-.0000305176
-.0000305176
.0000305176
.0000305176
.0000305176
.0000305176
-.0000305176
-.0000305176
-.0000305176
-.0000305176
-.0000305176
-.0000305176
-.0000305176
.0000305176
.0000305176
.0000305176
-.0000305176
-.0000305176
.0000305176
.0000305176
-.0000305176
-.0000305176
.0000305176
.0000305176
-.0000305176
-.0000305176
.0000305176
.0000305176
.0000305176
-.0000305176
-.0000305176
-.0000305176
-.0000305176
-.0000305176
.0000305176
-.0000305176
-.0000305176
.0000305176
-.0000305176
.0000305176
-.0000305176
-.0000305176
-.0000305176
-.0000305176
-.0000305176
-.0000305176
-.0007019043
-.2223968506
.3335418701
.1225891113
.0801544189
-.5000000000
.4999847412
-.5000000000
-.5000000000
.4999847412
-.5000000000
-.5000000000
-.5000000000
-.5000000000
-.5000000000
-.5000000000
-.5000000000
-.5000000000
-.5000000000
-.5000000000
-.5000000000
.4999847412
-.5000000000
.4768218994
-.5000000000
-.5000000000
-.5000000000
-.5000000000
-.5000000000
.4999847412
-.5000000000
-.5000000000
.3967132568
-.3845825195
.3906555176
.3624114990
.2924652100
.4999847412
-.3404693604
.1918334961
.2065277100
-.2217102051
.2095947266
.2073211670
.1676330566
.2300415039
-.2772369385
-.1578826904
.1109924316
.0857543945
-.0615539551
-.0773162842
-.0656127930
-.0817718506
.0584869385
-.0859985352
-.0838165283
-.1112213135
.1224975586
.0576171875
-.0817871094
.0749053955
.0772705078
-.0753173828
.0553588867
.0755920410
.1371002197
.0525054932
.0857696533
-.0569305420
.0865783691
-.0830993652
-.0485229492
-.0454254150
-.0804138184
.0548248291
-.0721740723
.0496520996
-.0663299561
.1520080566
.1150054932
.0945739746
-.0985412598
-.1209716797
-.0693664551
-.0783996582
.0885467529
-.0492553711
.0389862061
-.0422668457
-.0377349854
.0271911621
-.0628662109
-.0479888916
.0213623047
-.0424041748
-.0288848877
-.0318603516
.0312957764
-.0254669189
.0312042236
-.0243988037
.0171356201
-.0106048584
.0221099854
.0181732178
.1008911133
.0311431885
-.0172882080
.0128784180
-.0167541504
.0205841064
-.0207214355
.0203399658
.0148620605
-.0122375488
-.0122833252
-.0094451904
-.0180664063
.0119628906
-.0099029541
-.0087585449
.0163421631
.0091705322
-.0120391846
-.0075988770
-.0138092041
-.0101165771
.0127105713
-.0083923340
-.0099639893
.0118255615
.0094909668
-.0046386719
.0087585449
-.0069427490
-.0105590820
.0049743652
.0097503662
-.0080413818
.0045623779
.0072631836
-.0081634521
-.0108032227
.0094146729
.0070800781
.0065307617
-.0132598877
.0151214600
.0374908447
-.0133666992
.0167388916
.0107116699
.0101623535
.0086517334
.0063171387
.0174102783
.0150146484
-.0146331787
-.0144348145
.0098114014
-.0039367676
.0109710693
-.0085754395
-.0133056641
-.0132293701
.0121307373
-.0087585449
.0106353760
.0140380859
-.0084838867
.0054779053
.0166320801
-.0177917480
-.0057983398
.0130462646
-.0107574463
.0163879395
.0169372559
-.0181121826
-.0114440918
.0173645020
.0154266357
-.0124053955
.0069885254
-.0095062256
.0058593750
-.0076141357
-.0092163086
.0059661865
-.0095977783
-.0111389160
.0216979980
-.0121612549
.0107269287
.0072937012
-.0118408203
-.0078887939
-.0079193115
-.0070495605
-.0062408447
.0079956055
-.0079803467
-.0092163086
-.0056457520
-.0028533936
-.0067749023
-.0098419189
-.0035552979
-.0071105957
-.0050811768
.0070190430
.0027770996
.0027770996
-.0046997070
.0037994385
.0043792725
-.0051116943
-.0025024414
.0052795410
.0057830811
-.0030822754
.0036621094
-.0047760010
.0018768311
-.0022430420
-.0026702881
-.0022583008
.0027465820
.0029296875
-.0015716553
.0014190674
.0027160645
-.0017395020
-.0028839111
.0026245117
-.0032806396
-.0033721924
.0031127930
.0029296875
-.0031127930
-.0016021729
.0018768311
.0021057129
-.0025482178
.0019683838
-.0022430420
-.0020446777
-.0009460449
.0019531250
-.0014953613
.0014648438
.0012969971
-.0017089844
-.0023956299
.0018005371
-.0018615723
-.0011901855
-.0010986328
-.0021057129
.0023040771
.0015716553
-.0018615723
-.0013427734
.0013885498
.0007324219
-.0009765625
-.0010070801
-.0007476807
.0010833740
-.0010070801
-.0006713867
-.0012817383
-.0010528564
-.0008392334
-.0011749268
.0018310547
.0011444092
-.0010070801
.0013122559
.0002288818
.0000610352
.0000762939
.0001068115
.0001220703
.0000762939
.0000762939
.0000762939
.0000762939
.0000610352
.0000610352
-.0000305176
-.0000305176
.0000305176
.0000305176
.0000305176
.0000305176
-.0000305176
-.0000305176
.0000305176
.0000305176
-.0000305176
-.0000305176
.0000305176
-.0000305176
.0000305176
-.0000305176
-.0000305176
.0000305176
-.0000305176
.0000305176
.0000305176
-.0000305176
-.0000305176
.0000305176
-.0000305176
-.0000305176
.0000305176
.0000305176
-.0000305176
.0000305176
.0000305176
.0000305176
-.0000305176
.0000305176
.0000305176
-.0000610352
.0000305176
.0000305176
.0000305176
-.0000305176
-.0000305176
-.0000305176
-.0000305176
.0000305176
.0000305176
-.0000305176
-.0000305176
.0000305176
-.0000305176
.0000305176
-.0000305176
-.0030059814
-.0113830566
-.0137176514
.1136932373
.0376129150
.0322265625
.0260620117
.0472564697
-.0684967041
-.0744171143
-.0443725586
-.0216217041
.0171356201
-.0779266357
-.0467071533
-.0238800049
.1098785400
-.0776367188
-.0256652832
-.0131988525
.0261230469
-.5000000000
.1967926025
-.1510467529
.0324249268
.0236663818
.0163116455
.0181274414
.0289154053
-.2335510254
-.0655059814
-.0340576172
.0298004150
.0221862793
-.0108184814
-.0087127686
.0125579834
.0294647217
.0107116699
.0176696777
.0140533447
.0120697021
-.0921478271
.0195770264
-.0086822510
-.0032958984
.0027618408
.0055694580
.0051422119
-.0038299561
-.0034790039
-.0031585693
-.0025634766
.0018463135
.0014801025
.0009002686
.0006408691
-.0004425049
-.0004272461
-.0007781982
-.0007629395
-.0006256104
-.0004730225
.0002441406
-.0003509521
-.0003356934
-.0003204346
-.0002441406
-.0002746582
-.0002899170
-.0002899170
-.0002593994
-.0002593994
-.0002746582
-.0002899170
-.0002746582
-.0002746582
-.0002593994
-.0003051758
-.0003051758
-.0003051758
-.0002899170
-.0002899170
-.0002746582
-.0002746582
-.0002593994
-.0003204346
-.0003051758
-.0003051758
-.0002288818
-.0002899170
-.0002746582
-.0002593994
-.0002899170
-.0002441406
-.0002288818
-.0002593994
-.0002593994
-.0002746582
-.0002593994
-.0002593994
-.0002593994
-.0002593994
-.0002593994
-.0002441406
-.0002441406
-.0010681152
-.0020141602
-.0012054443
.0067443848
.0023193359
.0012817383
-.0041809082
-.0125885010
-.0120391846
-.0059356689
-.0057830811
.0060882568
.0085906982
.0100708008
.0085906982
.0080261230
.0102539063
.0270996094
.0668029785
-.0573272705
-.3583526611
.0788574219
-.0285949707
.3662567139
-.1717224121
-.1564788818
-.0366210938
-.0537872314
-.0696411133
-.0794830322
.3026123047
.4978942871
-.1338348389
.0312652588
.0151062012
.0090942383
.0053863525
.0053863525
.0044250488
.0042877197
.0050811768
-.0014343262
-.0015563965
-.0037841797
-.0017852783
-.0033416748
-.0018920898
-.0030517578
-.0018920898
.0019531250
.0026092529
.0021057129
.0021057129
-.0016021729
.0014343262
-.0032958984
-.0030212402
-.0012054443
-.0012969971
-.0018768311
-.0015258789
.0017089844
.0017700195
.0008850098
.0007934570
.0015563965
.0015411377
.0014648438
.0013427734
.0010070801
.0007934570
.0006866455
.0005035400
.0003356934
.0002288818
.0002441406
.0002288818
.0001678467
.0000610352
-.0000305176
-.0000305176
-.0000305176
-.0000305176
-.0000305176
.0000305176
-.0000305176
.0000305176
.0000305176
-.0000305176
.0000305176
.0000305176
.0000305176
-.0000305176
-.0000305176
.0000305176
.0000305176
.0000305176
-.0000305176
-.0000305176
.0000305176
-.0000305176
-.0000305176
.0000305176
-.0000305176
-.0000305176
.0000305176
.0000305176
.0000305176
.0000305176
.0000305176
-.0000305176
.0000305176
.0000305176
-.0000305176
-.0000305176
.0000305176
-.0000305176
.0000305176
.0000305176
-.0000305176
-.0000305176
.0000305176
-.0000305176
-.0000305176
-.0000305176
-.0000305176
-.0000305176
-.0000305176
.0000305176
-.0000305176
.0000305176
-.0000305176
-.0000305176
.0000305176
-.0000305176
.0000305176
-.0000305176
.0000305176
-.0000305176
-.0000305176
-.0000305176
-.0000305176
-.0001068115
-.0000762939
-.0000915527
-.0004577637
-.0411834717
-.5000000000
.1364135742
.1180725098
-.0938720703
-.5000000000
-.5000000000
-.5000000000
-.5000000000
-.5000000000
-.5000000000
-.5000000000
-.5000000000
-.5000000000
-.5000000000
-.5000000000
-.5000000000
-.5000000000
-.5000000000
-.5000000000
-.5000000000
-.5000000000
-.5000000000
-.3848266602
-.5000000000
-.5000000000
-.4136505127
.3250885010
-.4563903809
-.4657135010
-.5000000000
-.5000000000
-.5000000000
-.5000000000
-.5000000000
-.3265686035
.2857818604
.3125915527
-.2637481689
.1860809326
.2248535156
-.1734619141
-.1949615479
-.1441497803
-.3898468018
.1772155762
-.1609344482
.1064300537
-.0958251953
-.0985260010
.1476898193
.1035461426
.2478942871
-.1477966309
.1122436523
.1086730957
.0727386475
.0702362061
-.0775756836
-.0604095459
-.0410461426
-.0635375977
-.0716094971
.0465545654
-.0496215820
.0497894287
.0605163574
.0486297607
-.0377655029
.0608673096
-.0410766602
-.0645599365
.0454254150
.0651702881
-.0382995605
-.0466918945
-.0460510254
.0340576172
.0375823975
.0410003662
-.0431365967
.0373992920
.0487060547
.0661926270
-.0695648193
.0376586914
-.0321502686
.0289306641
.0503540039
-.0958709717
.0541381836
-.0471496582
.0423126221
.0555725098
.0330352783
.0407714844
-.0553436279
.0523681641
.0315704346
.0500335693
.0416259766
.0235748291
-.0317077637
-.0253143311
-.0303802490
.0185394287
-.0214996338
.0170593262
-.0195922852
.0307922363
-.0141601563
-.0157318115
-.0164031982
.0173187256
.0190277100
.0179290771
.0250549316
-.0187530518
.0144805908
-.0201873779
.0262908936
-.0145416260
-.0097808838
-.0163421631
.0119781494
-.0195312500
-.0199432373
.0123748779
.0134582520
.0077667236
-.0041656494
-.0119476318
-.0069885254
.0081329346
-.0083618164
-.0079345703
.0113525391
-.0098571777
.0080566406
-.0075683594
.0064392090
-.0063629150
-.0070190430
.0077667236
-.0050506592
-.0044250488
.0065307617
.0069274902
-.0047454834
-.0055694580
-.0068969727
-.0039672852
-.0044250488
-.0034637451
.0054779053
-.0051422119
-.0056457520
-.0050964355
.0058288574
.0072479248
.0065612793
.0042724609
-.0083618164
-.0051269531
.0033569336
.0042877197
-.0056915283
.0061035156
-.0072631836
-.0048065186
-.0051422119
-.0074768066
.0047302246
.0077667236
-.0076293945
-.0168762207
.0106048584
.0117187500
-.0083770752
.0072631836
-.0144653320
.0040130615
.0040893555
.0085754395
.0067749023
.0068969727
.0096435547
.0155792236
-.0092010498
-.0063781738
-.0057067871
.0019226074
-.0032348633
-.0064086914
-.0052947998
.0055541992
-.0029907227
.0026092529
-.0053405762
-.0035858154
.0030212402
.0031738281
-.0027160645
.0048828125
.0025177002
-.0037994385
.0051574707
-.0031280518
-.0021972656
.0061340332
.0023498535
.0041656494
-.0033264160
-.0038757324
.0149383545
-.0055999756
-.0044403076
-.0039062500
-.0026550293
-.0022430420
-.0014648438
.0023956299
-.0043334961
.0036468506
-.0022583008
-.0023956299
.0023193359
.0020446777
-.0028686523
.0028839111
-.0024108887
-.0023803711
-.0018310547
-.0022583008
-.0015106201
-.0016479492
.0013580322
.0026550293
.0017242432
-.0016174316
.0017089844
-.0015411377
-.0023345947
-.0030059814
-.0024261475
.0010375977
.0019836426
.0017242432
-.0028686523
.0025024414
-.0011749268
-.0015869141
.0012207031
-.0016326904
.0013580322
-.0020904541
.0011749268
-.0008850098
.0014648438
-.0004882813
.0005645752
-.0005950928
.0008239746
.0003509521
-.0006408691
.0006103516
-.0005950928
-.0009307861
-.0006561279
.0008850098
-.0010223389
.0004425049
