.0000305176
.0000305176
.0000305176
.0000305176
.0000305176
-.0000305176
.0000305176
.0000305176
-.0000305176
.0000305176
.0186767578
.0058898926
-.0031585693
.0036926270
.0025482178
-.0071716309
-.0258178711
-.0074005127
.0143585205
-.0062255859
-.0047149658
-.0033416748
-.0038452148
-.0031127930
.0027313232
.0029296875
.0027770996
.0028686523
.0018310547
.0029907227
.0019226074
.0022430420
-.0023956299
.0028839111
.0172119141
.0113220215
.0054321289
.0080871582
.0117340088
.0042572021
.0033874512
.0022583008
-.0059661865
.0043792725
.0040893555
-.0025787354
-.0028533936
-.0024108887
-.0091552734
-.0033569336
-.0035095215
-.0041046143
-.0038452148
-.0068969727
.0050811768
.0032501221
.0025177002
-.0139160156
-.0071105957
-.0046234131
-.0049896240
-.0047302246
.0226593018
.0280761719
-.0215606689
.0137481689
.0072937012
.0060577393
.0046997070
.0073852539
-.0848693848
-.0910339355
-.0902099609
.0777893066
-.0916442871
-.0670623779
.0628051758
-.0852661133
-.0624389648
.0575714111
-.0528717041
-.0555114746
-.0586853027
.0465240479
-.0353546143
-.0448913574
-.0378875732
-.0380554199
-.0441436768
-.0248870850
-.0324554443
-.0304412842
-.0263977051
.0200958252
-.0201873779
-.0187835693
-.0223388672
.0336456299
-.0311889648
-.0168762207
-.0137023926
-.0261230469
-.0163421631
-.0156250000
-.0122375488
-.0105590820
.0151519775
.0099334717
-.0077514648
-.0094604492
-.0061950684
.0072479248
-.0046997070
-.0052032471
-.0076751709
-.0131683350
-.0042114258
-.0043945313
-.0254821777
-.0085906982
-.0046234131
-.0113372803
.0068817139
.0160217285
-.0193328857
.0156860352
.0099029541
.0097656250
-.0064239502
.0086669922
-.0047149658
-.1017761230
-.1163024902
-.1248931885
.1269073486
-.1078948975
.0756072998
-.0873413086
.0716552734
.0635986328
.0861968994
.0863494873
.0715026855
.0630798340
-.0618743896
-.0495147705
-.0532073975
-.0441436768
-.0495452881
-.0314178467
-.0295104980
.0297698975
.0272827148
.0334014893
.0255584717
-.0382690430
.0283966064
-.0245056152
-.0186767578
.0220489502
-.0162353516
-.0154113770
-.0161132813
.0102996826
-.0182342529
-.0121459961
-.0107879639
-.0089874268
-.0099945068
-.0088653564
.0102386475
-.0084228516
-.0068664551
-.0074920654
-.0108795166
.0078125000
.0044097900
.0054473877
.0242004395
-.0093383789
.0055084229
-.0044250488
-.0041809082
.0424041748
.0323791504
-.0156402588
.0140228271
-.0104064941
-.0112152100
.0061645508
.0053558350
.0039825439
.0586090088
.0688781738
-.0649566650
-.0868225098
.0484466553
-.0613403320
-.0489044189
.0519866943
-.0549774170
-.0413818359
.0415649414
.0319671631
-.0364990234
-.0354919434
-.0335540771
-.0241851807
-.0335388184
-.0354003906
-.0278472900
.0220794678
.0184631348
-.0193939209
-.0160827637
.0125274658
.0137786865
.0176239014
-.0182800293
.0158538818
.0107116699
-.0117797852
-.0140075684
-.0107116699
-.0172424316
-.0115356445
-.0143585205
-.0133209229
.0093231201
-.0058593750
-.0109558105
.0061035156
.0056610107
-.0041503906
.0052947998
-.0117645264
-.0064697266
-.0036315918
-.0026092529
-.0036773682
-.0096435547
-.0043487549
.0038452148
-.0030212402
-.0118255615
.0064239502
.0036468506
.0037384033
.0031127930
-.0166473389
-.0205535889
-.0139617920
-.0067901611
-.0087890625
-.0050811768
.0079498291
.0038909912
-.0894165039
-.0978851318
-.1066589355
.1108551025
.0872039795
.0966033936
.1146850586
.1101989746
.0847473145
-.0670013428
.0578002930
-.0528259277
.0641021729
-.0678863525
.0464630127
-.0548400879
-.0532379150
-.0538940430
-.0379638672
-.0396423340
.0464630127
.0424499512
.0238647461
-.0215148926
-.0248413086
-.0215301514
.0251159668
-.0231781006
-.0217437744
.0140380859
.0167236328
.0189056396
-.0164794922
-.0204925537
.0079498291
-.0109252930
-.0135498047
-.0089111328
.0090026855
.0091705322
.0097351074
.0071868896
-.0175933838
.0107727051
.0065002441
.0051727295
-.0054931641
-.0044250488
-.0059509277
-.0188293457
-.0306243896
-.0189971924
.0093078613
.0082855225
.0120544434
.0084228516
-.0069122314
.0047607422
-.0052185059
-.0508270264
-.0954742432
-.0699310303
.0867462158
.0666046143
-.0571289063
-.0554199219
.0523681641
-.0475006104
.0513153076
-.0370178223
.0375976563
.0379180908
.0412597656
.0299224854
.0309448242
-.0281524658
-.0261993408
.0268249512
.0188446045
.0231323242
.0182800293
.0220794678
.0156860352
.0166168213
.0171508789
.0153808594
-.0121002197
.0092315674
.0108642578
-.0559844971
.0235595703
.0384674072
-.0477294922
.0303955078
-.0459594727
.0249633789
-.0478210449
-.2545318604
.1114349365
-.1039733887
.1143646240
.0849609375
.0736389160
-.0562591553
-.0486602783
.1109008789
-.0749206543
.0446929932
.0390014648
-.0268554688
-.0212554932
-.0625000000
.0407867432
-.0281219482
-.0282745361
.0130920410
.0430603027
-.0886840820
.0422668457
-.0411529541
-.0722351074
.0360107422
.0727386475
.0291442871
.0555267334
-.0247039795
.0247344971
.0180358887
-.0413818359
-.0409393311
-.0239562988
-.0236816406
.0215454102
-.0946502686
.0661773682
.0508880615
.0303497314
-.0238189697
.0172729492
.0420074463
-.0398559570
-.0240325928
-.0182037354
-.0212097168
.0502319336
.0225982666
.0224761963
.0138397217
.0162811279
.0090332031
-.0960845947
.0590209961
-.0366973877
-.0218505859
-.0230407715
-.0497131348
.0393676758
.0245971680
.0140075684
.0095672607
.0069885254
.0317382813
.0224456787
-.0142974854
-.0095062256
-.0062561035
-.0353393555
-.0361480713
-.0240783691
.0082702637
.0066375732
.0037384033
-.0585021973
-.0404357910
.0297088623
.0196228027
.0123901367
.0401611328
.0264434814
-.0231933594
.0131683350
-.0070495605
-.0059509277
.0437774658
.0257415771
.0177001953
.0105285645
.0057373047
.0392456055
-.0179138184
.0155944824
-.0105895996
-.0074157715
.0036926270
-.0661468506
-.0364074707
-.0293273926
-.0197906494
.0116577148
-.0465850830
-.0304107666
.0183563232
.0086669922
-.0090789795
-.0072784424
.0283966064
.0155944824
-.0131378174
-.0103759766
.0065307617
-.0297698975
-.0223693848
.0194396973
.0156402588
.0087890625
.0066680908
.0860137939
-.0652923584
.0436248779
-.0209655762
-.0150909424
.0348968506
-.0342559814
-.0231323242
.0141906738
.0125427246
.0068817139
.0355834961
-.0149841309
.0170135498
.0121765137
.0071563721
-.0054779053
.0754241943
-.0593872070
-.0332031250
-.0188446045
-.0090942383
-.0253295898
-.0227508545
-.0162811279
-.0135192871
-.0084991455
-.0058135986
-.0330352783
.0242462158
.0150909424
-.0092926025
-.0055389404
.0369262695
-.0275726318
.0193176270
-.0694427490
-.1783599854
.1333312988
.1245574951
-.0971374512
.1027221680
.1259613037
-.0928955078
-.0946502686
.0772705078
-.0647888184
.0536956787
.0761566162
-.0677795410
-.0516815186
-.0386505127
-.0406646729
-.0585174561
-.0454711914
-.0409698486
.0343017578
.1939086914
.1427459717
.1309814453
-.1048126221
-.0887451172
.1138916016
-.1058502197
-.0889129639
-.1031951904
-.0706024170
.0689849854
.0915985107
-.0708923340
-.0420684814
.0411071777
.0331420898
.0460205078
-.0594024658
-.0417022705
.0405883789
.0348510742
-.0204315186
.0190124512
-.0322265625
.0298461914
-.0217590332
-.1360778809
.1265563965
.1482543945
.1360168457
-.1126861572
-.1069946289
.0878448486
.0867309570
.0929565430
-.0693359375
.0638275146
.0564117432
-.0431518555
-.0413360596
-.0444183350
-.0333099365
.0389556885
-.0365905762
-.0253143311
.0278472900
.0276031494
.0181579590
-.0178527832
.0180053711
-.0150146484
.0139160156
.0144042969
.0089721680
.0109405518
.0104522705
.0069580078
.0073852539
-.0072937012
.0026702881
-.0092773438
-.0573730469
.1241760254
.1402282715
.1351470947
.1477203369
.1105804443
.1079711914
.1073455811
.1054687500
.1067657471
.0755615234
.0780029297
.0787963867
.0768280029
.0556640625
.0599975586
.0555725098
.0587158203
.0573120117
.0429687500
.0380401611
.2602844238
-.1802978516
-.1124572754
.0750122070
.0681304932
-.0471649170
.0623474121
-.0576477051
.0349731445
.0282135010
.0253295898
.0157165527
.0139617920
-.0185394287
-.0295867920
-.0231781006
.1336975098
.1620178223
.1462554932
.1474304199
.1441497803
.1105957031
.1312713623
.1008911133
.1063842773
.0769500732
.1419982910
.1425628662
.1403656006
.1353607178
.1002655029
.1065368652
.1016387939
.1000518799
.1060638428
-.3054351807
.2622528076
-.1958923340
-.1627044678
.1596984863
-.1125030518
.1345214844
.1169891357
.1015167236
.1419372559
.3189697266
.2172851563
.2358093262
.1710357666
.1325378418
.1318817139
.1099700928
.1045379639
.0914611816
.1354217529
-.2825317383
-.2598266602
-.1883850098
.1721954346
.1394500732
.1237335205
.1102905273
.2643890381
.1844482422
.1842956543
.1539916992
-.2982940674
.2463684082
.1601409912
.1178283691
.1037902832
.1161041260
-.1142120361
.2771606445
-.2485046387
.1886749268
-.1800079346
.1165313721
.1078338623
.1041259766
.1139678955
.1450653076
.1769409180
-.2455139160
.2080841064
.2061920166
.1485748291
-.1188507080
.1270599365
.1003875732
.1120758057
.1352996826
-.2785644531
.2371520996
.1965789795
.1112060547
.1146850586
.1054840088
-.1017150879
-.1001892090
-.1282348633
.1488800049
-.2713928223
.2014312744
-.1771392822
-.1515808105
-.1432952881
.1324615479
.1026306152
.1288604736
.1302032471
.1958007813
.1855316162
.1315460205
.0966949463
.1137390137
-.1827850342
.1164855957
.1695556641
.1403961182
.2880706787
-.2215576172
.1894226074
.1146545410
.0996856689
.0985717773
.1448211670
.0918884277
.1325683594
-.2957763672
-.1812286377
-.2000274658
-.1230773926
.1268310547
.0973510742
.1223602295
.0951538086
.1345977783
.1270446777
.1204681396
.2586669922
-.1872253418
-.1272735596
.1212921143
.1027374268
.0960388184
.1542053223
.1297760010
-.2189025879
.1744995117
-.1068725586
-.0889892578
.0843353271
-.1598663330
.0963439941
.1262969971
-.2317504883
.1731719971
.1402282715
.1431121826
.1361236572
.1150512695
.1072387695
.1069793701
.1339874268
.1283111572
.1535644531
.2448730469
.1525726318
.1153411865
-.1046295166
.1271209717
-.1117248535
-.1207580566
.1540985107
-.2456359863
-.1887969971
.1801757813
.1351776123
-.1073455811
-.1279754639
-.1395111084
.1136016846
.1364746094
.2910766602
.1819610596
.1857604980
-.1666259766
.0982513428
.1059417725
.1307678223
.1081542969
.1444091797
.1343536377
.2775726318
-.2494964600
.1657562256
.1176757813
-.1296386719
-.1402893066
.1351318359
-.1212921143
.1416168213
.1316833496
.1386413574
.1607513428
.1309204102
-.1086425781
-.1392364502
.1086578369
.1516265869
-.1399383545
.2092132568
.2484741211
.1951751709
.1401672363
-.1642608643
-.1238098145
-.1220550537
-.1470031738
.1404266357
.1535491943
.2552490234
.1932830811
.1637573242
-.1218414307
.1011505127
.1122283936
.1114349365
.1332702637
.1466064453
.2664031982
.2173614502
.1483459473
-.1075592041
.1243286133
-.1284637451
-.1334686279
-.0999298096
.1503143311
-.2606353760
.1708374023
.2071990967
.1232452393
.0992584229
.0970611572
-.1053619385
.1019592285
.1443939209
.1435852051
-.2474975586
-.2020874023
.1465454102
.1402740479
-.1515197754
.1410827637
.1083221436
.1313476563
.1360321045
.2718353271
-.1960296631
-.1731262207
-.1501159668
-.1392211914
.1482696533
-.1277770996
.1405944824
.1543731689
.1501770020
-.2713928223
.2335662842
-.1651916504
-.1090240479
-.1348266602
.1070404053
.1483001709
.1431121826
-.2854461670
-.2146759033
-.1620025635
.1139831543
-.0986938477
.1149902344
.1196594238
.1380615234
.1439056396
.1449432373
.2513275146
-.1685333252
-.1227264404
.1013183594
.0975494385
.1038665771
-.1042327881
-.1946563721
-.2308349609
-.1702880859
.1940307617
-.1112823486
-.1058959961
.1103057861
.1119232178
-.1122741699
.1370391846
.1440887451
.1993560791
.1585235596
-.1130828857
.1115112305
.1145935059
.1731872559
.1248474121
.1437988281
.1523284912
.2673645020
-.1874847412
.1470794678
.1230316162
.1181182861
-.1199340820
.1082153320
-.1187744141
.1509246826
-.2412109375
-.2051391602
.1863708496
.1118927002
.1111755371
.0989532471
-.1583099365
-.1133575439
.1432342529
-.2595367432
-.2300262451
.1864624023
.1120452881
-.1138153076
.1026916504
.1076354980
.1087493896
.0786743164
.0771789551
.0824127197
.0772094727
.1874694824
.0859832764
.0857849121
-.0577087402
-.0741729736
-.0581970215
.0608215332
.0443572998
.1637573242
.1589508057
.1245422363
-.0698242188
.0521850586
-.0671691895
-.1350250244
.0699462891
.0453491211
-.0402069092
-.0260772705
-.0230102539
.0273590088
.0146942139
.0141754150
.0113830566
.0106353760
.0114746094
-.0100860596
-.0069732666
-.0064086914
.0063476563
.0057525635
.0057067871
.0054626465
-.0045776367
.0046997070
.0047760010
.0037078857
.0041961670
.0032653809
-.0034332275
-.0031890869
.0025329590
-.0025787354
-.0025482178
-.0037384033
.0000305176
.0000305176
