-.0001678467
-.0143127441
.0216827393
.0222167969
-.0320739746
-.0243682861
-.0181274414
.0341033936
.0286254883
.0223693848
.0208129883
-.0235748291
.0160064697
-.0127258301
.0062103271
.0096740723
.0060729980
.0618133545
-.0878601074
-.0707244873
-.0697479248
.1010284424
.0623321533
.0664978027
.0589294434
-.0561065674
.0399169922
-.0773162842
.0430297852
-.0601501465
.0423126221
.0853424072
-.0483398438
.0421752930
.0550994873
.0479736328
.0398864746
.0307922363
.0298156738
.0198364258
.0158691406
-.0147399902
.0171966553
.0200653076
.0528411865
.0804138184
-.0649871826
.1132049561
.0845031738
.0651092529
-.0773620605
-.0554351807
.0770568848
-.0591278076
-.0595550537
-.0640563965
-.0664062500
-.0679779053
-.0683135986
.0518493652
.0448455811
.0345764160
.0225830078
.0284729004
.0269165039
-.0160064697
-.0211639404
-.0163879395
.0156250000
.0148620605
-.0251464844
-.0497894287
.0662384033
-.0519714355
-.0646667480
.0632171631
-.0542755127
-.0401306152
-.0316925049
.0348358154
-.0144042969
-.0160217285
.0082702637
.0099945068
-.0220642090
.0237274170
-.0345458984
-.0403137207
-.0267639160
.0385589600
-.0243682861
.0220184326
-.0272369385
-.0195007324
.0137176514
.0102996826
-.0121459961
-.0131225586
.0312805176
.0447235107
-.0604705811
-.0306854248
.0317687988
.0212249756
-.0219421387
-.0096435547
-.0106506348
-.0168304443
-.0209808350
.0141448975
-.0117492676
-.0177612305
-.0174407959
-.0179595947
-.0135040283
-.0183563232
-.0153503418
.0155029297
.0166625977
-.0177764893
-.0093841553
-.0129547119
-.0051879883
.0078277588
.0088958740
-.0117797852
-.0391845703
-.0588989258
-.0802459717
.0891723633
.0904846191
-.0592651367
-.0490112305
-.0644683838
-.0547637939
.0728912354
.0421142578
.0605163574
.0996551514
.0399627686
-.0420989990
-.0407867432
-.0425567627
-.0507202148
.0416412354
.0417022705
-.0348663330
-.0181579590
-.0206909180
-.0134887695
-.0223236084
.0396575928
.0386810303
-.0538635254
.0615234375
.0580902100
.0813903809
.0825500488
-.0484619141
-.0633239746
-.0608978271
.0544738770
.0586700439
.0713500977
.0640869141
-.0594177246
-.0357360840
.0594940186
.0563201904
.0428314209
.0348968506
.0404205322
-.0377044678
-.0325164795
-.0290374756
.0216827393
.0244293213
.0320281982
.0519866943
.0753326416
-.0544128418
-.0592498779
-.0603637695
.0473937988
-.0423126221
.0273590088
-.0258178711
.0116729736
.0162200928
.0217742920
-.0148620605
-.0180664063
-.0346832275
.0253295898
.0132598877
.0167541504
.0181274414
.0236358643
.0310363770
.0315093994
-.0318603516
.0205078125
.0155181885
.0084838867
.0453186035
-.1064453125
-.0344390869
.0334930420
.0320129395
-.0171203613
.0184783936
-.0190582275
-.0308380127
-.0215759277
.0242156982
-.0162048340
-.0269317627
.0322418213
.0236511230
-.0133209229
.0135040283
-.0171966553
-.0175323486
.0281829834
-.0310821533
-.0180511475
-.0115509033
-.0083618164
-.0072784424
.0080413818
.0153503418
.0466766357
.0624847412
-.0563049316
.0680541992
-.0774536133
-.0928802490
.0876007080
.0827484131
.0504913330
.0460357666
.0440216064
-.0404205322
.0504760742
-.0536651611
.0525665283
-.0372619629
-.0409393311
.0354919434
-.0388336182
.0265045166
.0299987793
-.0299682617
-.0230865479
.0328674316
-.0237579346
.0395050049
.0940856934
-.0784759521
.0685577393
.0729827881
.0610961914
-.0617218018
.0487518311
-.0502014160
-.0286865234
.0602569580
-.0449066162
.0246429443
-.0370178223
-.0431976318
.0434112549
-.0307769775
-.0357055664
-.0245513916
.0160064697
.0239257813
-.0225524902
-.0261077881
.0163726807
.0129699707
-.0162200928
-.0115509033
.0128326416
.0800170898
.1063079834
.0733184814
.0700378418
.0666961670
.0659179688
.0594024658
.0508880615
-.0411071777
.0478668213
.0350494385
.0436401367
.0423583984
-.0536804199
.0440521240
-.0496063232
.0320434570
.0375061035
-.0453796387
-.0310668945
-.0356140137
-.0192413330
-.0126342773
.0160369873
-.0679473877
.0499267578
.0684204102
.0755767822
-.1005554199
-.0738525391
.0421905518
.0569152832
-.0533599854
.0454559326
.0539398193
.0388031006
.0310821533
-.0256347656
-.0304412842
.0384979248
.0336914063
.0294647217
-.0241394043
-.0245666504
.0289764404
.0292968750
.0305480957
.0262145996
-.0228881836
-.0202636719
.0186614990
.0173950195
-.0101318359
.0438079834
.0526885986
-.0511322021
-.0657348633
.0708007813
-.0530853271
.0415191650
-.0359344482
.0537414551
-.0574493408
.0350189209
.0306396484
-.0378570557
.0401458740
-.0526123047
.0240173340
-.0456085205
.0390625000
.0301971436
.0236358643
.0178833008
-.0211486816
.0126342773
-.0106048584
-.0139007568
-.0117797852
.0156097412
.0135955811
.0208892822
.0458526611
-.0601501465
.0702362061
-.0601348877
-.0779876709
.0706329346
-.0778961182
-.0741882324
-.0614776611
-.0538787842
-.0411071777
-.0309906006
.0392303467
.0369415283
-.0308380127
.0286102295
.0253295898
.0315399170
.0212097168
-.0198211670
-.0130310059
.0173339844
.0198516846
-.0550994873
.0431060791
-.0589599609
-.0427856445
-.0543670654
.0471801758
.0545501709
-.0283050537
-.0243225098
.0344543457
.0215148926
.0179748535
.0108795166
.0083465576
-.0089263916
-.0088500977
-.0099792480
.0102081299
.0119934082
-.0070190430
-.0086059570
-.0130920410
.0066375732
.0061340332
.0075225830
-.0068969727
-.0081481934
.0303039551
.0204467773
-.0341186523
.0349426270
-.0214691162
.0438995361
-.0636291504
-.0312194824
.0247344971
-.0395202637
.0470123291
.0418395996
.0123901367
.0163421631
.0411682129
-.0260620117
-.0266723633
.0177917480
.0248107910
-.0396118164
.0408782959
.0627441406
-.0755920410
.0593566895
.0531311035
.0324707031
.0180664063
-.0272369385
-.0224914551
-.0765991211
-.0870208740
-.0647125244
-.0834655762
.0842590332
-.0717926025
-.0845642090
.0833892822
.0876007080
-.0643615723
-.0500488281
.0465545654
.0491180420
.0409393311
.0408935547
.0401916504
-.0422973633
-.0581054688
.0408172607
.0549774170
.0479431152
.0394439697
.0323486328
-.0239868164
-.0306396484
-.0404357910
-.0213928223
.0224761963
-.0351715088
-.0191040039
-.0169067383
.0233764648
.0736846924
-.0917510986
.0867919922
.0515136719
.0559082031
-.0502319336
.0314636230
.0476989746
-.0262451172
.0254821777
-.0229949951
.0154418945
-.0222320557
-.0529022217
.0521240234
.0655975342
-.0395965576
.0485229492
.0371856689
.0361480713
.0356750488
-.0174865723
.0231475830
-.0508880615
.0988006592
.0819244385
-.0718231201
.0815734863
.0603179932
.0681762695
-.1146545410
.0770416260
.0868377686
.0877075195
.0779266357
-.0799407959
-.0873718262
-.0813446045
.0871124268
-.0557861328
-.0595245361
-.1003265381
-.0599822998
.0382232666
.0492858887
.0561218262
.0602111816
.0547790527
.0392150879
-.0409393311
-.0489044189
.0346984863
-.0506134033
.0522155762
-.0262145996
-.0279693604
.0331420898
.0336456299
.0295104980
-.0294494629
-.0488891602
-.0332031250
.0441131592
.0338439941
-.0267028809
-.0804443359
.0795288086
.0892181396
-.1033020020
.0633087158
-.0635070801
-.0652618408
-.0777893066
-.0826568604
-.0679626465
-.0614776611
.0533447266
.0602416992
.0536041260
.0559082031
.0646057129
.0423889160
.0293731689
.0392150879
-.0526580811
.0720672607
.0737915039
.0496368408
-.0510406494
-.0411529541
.0230407715
.0504913330
.0440063477
.0390472412
.0439453125
-.0309600830
.0495452881
.0506591797
-.0416259766
.0563659668
-.0595245361
.0617065430
.0387115479
-.0410156250
-.0397644043
.0363922119
.0331420898
.0266723633
-.0297088623
-.0234375000
.0226440430
.0553588867
.0413208008
-.0458679199
.0550689697
-.0768127441
.0629425049
.0309753418
-.0302734375
-.0291900635
.0626831055
.0566406250
.0437011719
.0505371094
.0390472412
-.0514068604
-.0734100342
-.0803527832
-.0566101074
-.0459899902
.0451660156
-.0476531982
-.0351409912
-.0344696045
.0327301025
.0482482910
.0435943604
-.0411071777
-.0322265625
.0434265137
-.0415496826
-.0264129639
.0471191406
.0629272461
.0440216064
-.0386657715
-.0353546143
.0273437500
.0269012451
-.0254974365
.0244293213
-.0560150146
.0295562744
.1049804688
-.0781555176
-.0466308594
-.0471343994
.0619049072
-.0594329834
-.0489044189
-.0279388428
-.0256195068
.0268096924
.0331878662
-.0298767090
-.0231781006
.0415802002
.0584106445
-.0382080078
.0398712158
-.0343780518
-.0669860840
-.0731201172
-.0464477539
.0429534912
.0397338867
.0452423096
-.0249786377
.0296783447
.0668182373
.1083984375
-.1224212646
.0797271729
.0956115723
.0905761719
.0783233643
-.0431518555
-.0399017334
-.0234527588
.0299377441
.0448455811
.0691223145
.0414276123
-.0288543701
.0475463867
.0600128174
.0624237061
.0705261230
-.0749969482
-.0699462891
.0740966797
.0529479980
.0458831787
.0605926514
.0633544922
-.0673522949
-.0525665283
-.0897674561
.0536041260
.0612182617
.0549468994
-.0696105957
-.0818023682
.0770111084
.0697479248
.0824432373
.0553131104
-.0424041748
.0433959961
-.0361480713
-.0304412842
-.0297393799
.0758972168
.0733642578
-.0728607178
-.0513458252
.0383758545
.0404357910
.0387115479
-.0337677002
-.0872497559
.0721282959
.0614471436
.0467071533
-.0565490723
-.0723571777
.1026000977
.0772247314
-.0852661133
-.0793762207
-.0835571289
.0674285889
.0594787598
-.0377349854
-.0373229980
.0678863525
.0859832764
.0937500000
-.0907287598
-.0684661865
.0658721924
.1040039063
.0914764404
-.0674438477
.0607910156
-.0794525146
-.0722198486
.0732727051
-.0930633545
.0824432373
-.0495605469
.0911865234
-.0621948242
-.0796203613
-.1052703857
.0908508301
.0952453613
-.0876770020
-.0568237305
-.0761871338
-.0843200684
-.0637969971
-.0442352295
-.0588073730
.0651550293
.0581665039
-.0497589111
-.0404663086
-.0551452637
-.0547485352
.0328826904
-.0427093506
-.0609741211
-.0332031250
.0532684326
.0621795654
.0710144043
.0569763184
-.0455932617
-.0820617676
-.0778350830
.0415191650
-.0405731201
-.0517730713
.0307769775
.0332641602
.0357055664
-.0337524414
-.0376739502
-.0207824707
.0372314453
.0312194824
.0174102783
-.0548553467
.0804901123
-.0366516113
-.0389556885
-.0562591553
-.0661621094
.0613403320
.0478210449
-.0460205078
-.0368804932
.0305480957
.0660552979
-.0567932129
.0709686279
-.0562438965
.0495605469
.0338592529
.0324554443
-.0340270996
-.0390167236
-.0305328369
-.0290069580
-.0259399414
-.0282592773
-.0369110107
.0654754639
-.0543212891
.0668334961
.0660858154
.0513763428
-.0291290283
.0533294678
-.0413208008
-.0361938477
-.0379180908
-.0424194336
.0396728516
-.0442352295
.0567779541
-.0575408936
.0634613037
-.0525817871
.0462188721
-.0450592041
.0497894287
-.0363769531
-.0364532471
-.0379791260
-.0352325439
.0282745361
.0313262939
-.0847320557
-.0835876465
.1073760986
.0894927979
-.0430908203
-.0533142090
.0455322266
.0317230225
.0378570557
-.0369873047
-.0230560303
-.0400238037
.0346374512
.0289611816
.0305938721
-.0291137695
.0449829102
.0795898438
-.0539398193
-.0490875244
-.0297241211
.0426483154
.0417327881
-.0396575928
-.0353393555
-.0186309814
.0241546631
-.0447540283
-.0594482422
-.0636138916
-.0661315918
.0513763428
-.0365295410
-.0306396484
-.0259857178
.0194244385
.0143585205
.0086975098
-.0219573975
-.0219268799
-.0245819092
-.0288543701
-.0191955566
-.0077362061
.0130462646
-.0193481445
-.0247497559
.0164947510
.0148468018
-.0144500732
.0146026611
.0098419189
-.0094604492
.0730743408
.0591888428
-.0743713379
-.0949859619
.0567016602
-.0510406494
.0615997314
-.0650024414
.0460357666
-.0505065918
-.0537261963
.0728607178
.0541229248
.0598602295
.0468139648
.0553588867
-.0321350098
.0483398438
.0499725342
.0553894043
.0460662842
-.0527801514
-.0495758057
.0460815430
-.0417633057
-.0446319580
.0570526123
.0459442139
-.0595245361
.1307067871
.0866394043
.0841369629
.0877838135
.0556030273
.0522918701
.0340118408
-.0585021973
.0340118408
.0558166504
.0328216553
.0493927002
.0516204834
-.0439147949
.0361785889
-.0298004150
-.0264892578
.0305175781
.0261993408
.0285797119
-.0192871094
-.0398406982
-.0517578125
.0417480469
-.0449523926
-.0392608643
.0345001221
.0310668945
.0326995850
-.0370330811
-.0296630859
.0268554688
-.0269165039
-.0284118652
-.0251770020
.0238952637
.0367736816
.0258483887
-.0498809814
-.0229187012
-.0335845947
-.0442657471
.0710449219
.0557403564
-.0579833984
-.0531005859
.0486907959
.0511474609
.0351257324
.0496520996
-.0452880859
.1344757080
-.0482635498
-.0716247559
.0676879883
-.0312652588
-.0580902100
-.0252532959
.0479125977
-.0397033691
-.0293731689
.0162963867
.0169982910
-.0235137939
-.0157470703
-.0116882324
-.0174407959
.0129547119
-.0094757080
-.0065155029
.0122375488
.0085449219
-.0049743652
.0063476563
-.0053558350
-.0067596436
.0051727295
.0034484863
.0052795410
.0050811768
.0021362305
.0034179688
.0022277832
.0027313232
-.0022277832
.0015106201
.0025177002
-.0319213867
