-.0000305176
-.0000305176
-.0000305176
-.0000305176
.0000305176
.0000305176
.0000305176
-.0000305176
.0000305176
-.0000305176
-.0000305176
-.0000305176
.0000305176
-.0000305176
-.0000305176
.0000305176
.0000305176
.0000305176
.0000305176
-.0000305176
-.0000305176
-.0000305176
-.0000305176
.0000305176
-.0000305176
.0000305176
-.0000152588
.0000305176
-.0000305176
-.0000305176
-.0000305176
.0000305176
.0000305176
.0001831055
.0004425049
-.0008087158
.0051116943
.0019378662
.0016479492
-.0015258789
.0018920898
.0024108887
.0023193359
.0021667480
-.0052337646
-.0164184570
.0085601807
.0021514893
-.0032806396
.0059356689
.0089263916
.0076141357
-.0057220459
.0056152344
.0241088867
.0106506348
.0074768066
-.0053253174
-.0075073242
.0091705322
.0094146729
.0129547119
-.0124511719
-.0277862549
.0211791992
.0055389404
.0131225586
.0121154785
.0134887695
-.0113830566
.0101623535
.0103912354
-.0285797119
-.0439758301
-.0159454346
.0128479004
.0098266602
.0107727051
-.0100708008
.0132598877
-.0160369873
.0282592773
-.0521545410
.0395507813
.0128936768
.0109863281
-.0135192871
.0088653564
-.0088806152
.0114135742
-.0168457031
-.0583648682
.0205688477
-.0136566162
-.0131530762
-.0153503418
.0155029297
.0186309814
-.0118713379
.0078125000
.0498199463
.0240783691
.0093994141
-.0070648193
.0102996826
.0130157471
-.0078887939
-.0093383789
-.0107421875
.0311431885
.0297546387
.0107116699
.0118560791
-.0106811523
.0077209473
.0079345703
.0140075684
.0139465332
.0268402100
.0426177979
.0208740234
-.0132141113
-.0137481689
-.0100555420
.0162658691
.0130920410
.0154113770
.0124664307
-.0529174805
.0210113525
-.0167388916
.0100555420
.0169677734
.0151672363
.0144042969
-.0103454590
-.0090942383
-.0573272705
-.0216827393
-.0184631348
-.0136718750
-.0096588135
.0105285645
.0118408203
.0108947754
.0125122070
-.0335540771
.0312194824
.0128326416
-.0182189941
.0168762207
-.0132446289
.0164337158
.0164947510
.0133972168
-.0181732178
-.0424499512
.0252838135
.0206756592
-.0145416260
-.0140533447
.0145874023
.0105895996
-.0130004883
-.0157165527
-.0419616699
.0298309326
-.0145721436
-.0106658936
-.0153656006
-.0105285645
-.0150756836
.0182647705
.0134124756
.0168457031
-.0273590088
.0168914795
-.0117187500
-.0158843994
-.0090026855
.0158691406
-.0162200928
.0107269287
.0086059570
-.0472412109
.0242614746
-.0247192383
.0091552734
-.0173492432
.0138702393
.0148315430
.0131835938
-.0117797852
.0293579102
.0247497559
.0268249512
-.0155944824
-.0133361816
-.0161437988
.0114288330
-.0091400146
.0105895996
.0143280029
-.0590515137
.0235137939
.0138244629
-.0171661377
.0128173828
.0131378174
-.0109558105
-.0172576904
.0122985840
-.0581207275
-.0166015625
.0152130127
.0154266357
.0114746094
.0150909424
-.0101013184
-.0111083984
.0647277832
.0467834473
-.0348510742
-.0271911621
.0264434814
-.0195007324
.0299072266
.0355377197
-.0317535400
.0267486572
-.0485076904
-.0267791748
-.0312347412
.0202636719
-.0472259521
.0314483643
.0373840332
-.0295715332
-.0297088623
.0296173096
-.0272827148
-.0354766846
.0169219971
.0262603760
.0329895020
.0422363281
.0287170410
.0409698486
.0237884521
.0446319580
-.0191955566
.0511016846
-.0298767090
.0415344238
-.0404663086
.0251464844
.0207672119
-.0321960449
.0467834473
-.0263977051
-.0505828857
.0278472900
.0409851074
.0320281982
.0443420410
.0369873047
-.0348358154
-.0407562256
.0462646484
.0293426514
.0439453125
.0435180664
-.0357208252
-.0625915527
-.0347137451
-.0439147949
.0256805420
.0538482666
.0443115234
-.0243072510
.0420989990
.0420227051
.0419616699
.0474700928
.0513610840
-.0281066895
-.0645446777
.0259552002
-.0558624268
.0304718018
.0507507324
.0264282227
.0406951904
.0378570557
.0511016846
.0344085693
.0485687256
-.0450286865
.0331573486
-.0634460449
-.0343627930
-.0526885986
.0383300781
-.0502319336
.0324249268
.0581359863
-.0406494141
.0401611328
.0334777832
.0340576172
.0533294678
.0310363770
-.0458374023
-.0532226563
.0494842529
-.0492553711
-.0494842529
-.0443572998
-.0463104248
.0267333984
-.0544128418
-.0265960693
-.0582122803
.0384979248
.0326385498
-.0302124023
.0455474854
.0424957275
-.0364990234
-.0220947266
-.0353088379
.0567474365
.0397186279
-.0393676758
.0405731201
-.0516662598
.0335388184
-.0503387451
.0509796143
.0462646484
.0302124023
.0605621338
.0518798828
.0512084961
.0324707031
.0498504639
.0602111816
.0626068115
-.0289764404
-.0402069092
.0542755127
.0460205078
-.0322418213
.0514678955
-.0356750488
-.0489654541
.0400848389
.0468750000
.0446777344
.0500640869
.0373229980
.0390167236
.0543670654
-.0467071533
.0347595215
-.0594177246
-.0424041748
-.0466461182
-.0406341553
.0653533936
-.0531311035
.0426330566
.0296783447
.0625762939
-.0551300049
.0551452637
.0327453613
.0583496094
.0362243652
-.0455780029
.0363464355
.0526428223
.0536193848
.0464324951
.0324859619
.0662078857
.0563812256
.0393371582
.0381011963
.0493621826
-.0276031494
.0365447998
.0375976563
-.0426940918
-.0418395996
-.0672149658
-.0333099365
-.0132293701
-.0215911865
.0245056152
.0268402100
-.0192871094
.0186157227
-.0142364502
.0224914551
.0380859375
.0268249512
.0165557861
-.0211944580
-.0116729736
.0121917725
.0211181641
-.0162200928
-.0162353516
-.0451507568
-.0219116211
-.0109558105
-.0193939209
-.0125274658
.0342102051
.0140991211
-.0121307373
.0115356445
.0512237549
-.0318908691
-.0105590820
.0151672363
-.0216674805
.0279846191
.0237579346
.0191345215
.0253753662
.0468292236
.0480651855
.0286102295
-.0154113770
.0152740479
-.0247802734
.0183105469
-.0147552490
-.0247039795
.0269012451
.0394134521
-.0300292969
.0142669678
-.0129852295
.0200653076
-.0180969238
-.0134582520
.0224151611
-.0133972168
-.0477294922
.0193176270
-.0157318115
.0151367188
.0213012695
.0235137939
.0156250000
-.0160980225
.0198211670
.0377655029
.0277252197
-.0132904053
.0193176270
-.0215301514
.0171966553
-.0124359131
.0101928711
-.0087432861
-.0423583984
.0347595215
.0257110596
-.0119781494
.0142211914
.0239105225
-.0200347900
-.0158386230
.0118713379
-.0252685547
.0431060791
-.0292816162
.0188598633
-.0105285645
.0174865723
.0165405273
-.0136871338
-.0116119385
.0160980225
-.0487060547
-.0266113281
-.0242004395
-.0156707764
-.0158691406
.0111999512
-.0113677979
.0158538818
-.0166625977
.0464935303
.0302734375
-.0121765137
-.0118865967
-.0080871582
.0130004883
.0110015869
.0188140869
.0112609863
-.0458831787
-.0419006348
.0172882080
-.0171966553
-.0183410645
-.0083160400
.0147705078
-.0206298828
.0176239014
.0260620117
.0502929688
-.0299835205
.0121459961
-.0069732666
-.0176239014
.0184631348
-.0096893311
-.0109558105
-.0165557861
.0547332764
-.0319824219
-.0090179443
.0171966553
-.0155487061
.0084838867
.0103149414
.0150756836
.0076293945
-.0456695557
-.0244445801
-.0110778809
-.0138549805
.0154876709
-.0102539063
.0072479248
.0128021240
.0148773193
.0468292236
.0315551758
.0123138428
.0130310059
-.0124359131
-.0122070313
.0170135498
.0080566406
-.0113525391
.0305633545
.0404815674
-.0291137695
.0103454590
.0093536377
-.0099639893
.0108795166
-.0104217529
-.0138702393
.0103302002
.0579223633
.0220184326
.0111083984
-.0155792236
-.0111236572
.0120697021
-.0219726563
-.0124664307
-.0099639893
-.0487518311
-.0292816162
-.0070037842
-.0110321045
-.0111541748
-.0090484619
-.0123291016
-.0134887695
.0129699707
.0502471924
-.0297698975
.0084075928
-.0070190430
-.0118103027
.0181579590
.0190734863
.0097351074
-.0198974609
.0381622314
-.0474395752
-.0251464844
-.0104980469
-.0153656006
-.0108337402
.0100708008
.0129547119
-.0122985840
.0120086670
.0493011475
.0215148926
.0105895996
-.0137481689
.0129699707
-.0109863281
-.0127868652
-.0115814209
.0101928711
-.0421600342
-.0272369385
.0138702393
.0099792480
-.0141143799
.0101928711
-.0138397217
.0140533447
.0156097412
.0400085449
-.0323638916
.0136871338
-.0087280273
.0076293945
.0099639893
.0109558105
.0146179199
-.0149536133
-.0307006836
-.0460205078
-.0191040039
-.0130615234
-.0112457275
-.0141448975
.0125427246
-.0110321045
-.0119934082
.0128479004
-.0583648682
.0204620361
-.0193176270
-.0145721436
-.0110931396
-.0099945068
-.0095062256
.0150909424
.0128173828
-.0397949219
-.0276184082
.0166625977
-.0131835938
.0131988525
.0146026611
-.0146942139
.0175170898
.0127105713
-.0269012451
.0464172363
.0140075684
-.0165557861
.0165863037
-.0121307373
.0139312744
-.0094757080
.0175323486
.0166168213
.0536956787
.0269470215
-.0111236572
-.0101776123
-.0123901367
.0138854980
.0178985596
-.0176696777
-.0108337402
.0513916016
.0214996338
.0122528076
-.0121002197
.0197143555
.0183868408
.0156250000
-.0223541260
.0116119385
.0567169189
.0298767090
-.0107269287
-.0117187500
.0174713135
-.0170898438
-.0120391846
.0141601563
.0192260742
-.0436248779
.0274963379
-.0094604492
-.0122528076
-.0218658447
.0200347900
.0222167969
-.0181732178
-.0172729492
.0348510742
.0370788574
.0183258057
-.0128173828
-.0188598633
.0138702393
-.0100402832
.0137939453
.0105133057
-.0137481689
-.0403900146
.0284271240
-.0135498047
-.0122222900
-.0076446533
.0151367188
-.0096130371
-.0137939453
-.0156250000
-.0554504395
.0238800049
-.0121307373
.0170135498
-.0242462158
.0078125000
-.0220947266
.0121002197
-.0126342773
.0473937988
.0391540527
.0084686279
-.0153808594
.0249328613
-.0138092041
-.0104827881
.0137329102
-.0246734619
.0213012695
-.0447692871
-.0244598389
-.0157775879
-.0159606934
.0205078125
.0263366699
.0212249756
.0197601318
-.0173645020
-.0477447510
.0294799805
.0147705078
.0206298828
.0135803223
.0149841309
-.0207214355
.0125579834
-.0160369873
-.0368957520
.0572814941
.0199890137
-.0150146484
.0150146484
-.0082397461
.0154724121
-.0240325928
-.0129699707
-.0151519775
.0544891357
.0143890381
-.0218963623
-.0227508545
-.0144958496
.0249786377
.0149383545
.0287933350
.0166015625
.0469360352
-.0233306885
.0105743408
-.0141754150
.0169982910
.0140228271
.0147705078
-.0201110840
.0305328369
-.0351104736
-.0453491211
.0255126953
-.0188598633
-.0242614746
.0183715820
-.0209350586
.0197601318
.0180816650
-.0162048340
-.0664978027
.0237426758
.0179443359
-.0163269043
.0175170898
-.0199127197
.0155181885
.0144958496
-.0184936523
-.0380554199
-.0240631104
.0294647217
.0308380127
-.0264129639
.0173034668
.0427093506
.0227050781
.0366210938
.0203094482
.0413513184
.0351867676
-.0295867920
-.0327911377
-.0171356201
.0206604004
.0465545654
-.0256958008
-.0311737061
-.0341949463
.0403594971
-.0332489014
-.0231933594
-.0480804443
.0191345215
.0352478027
.0268249512
.0425720215
.0340270996
-.0396423340
.0362243652
.0385437012
-.0236206055
.0433197021
.0294952393
.0211334229
.0545806885
-.0289764404
-.0337219238
.0314636230
.0509033203
-.0353393555
.0350799561
.0407257080
.0372314453
.0283508301
.0478363037
.0328216553
.0311889648
.0512695313
.0286865234
.0432739258
-.0302581787
-.0498352051
.0428466797
.0505523682
-.0341033936
.0281829834
-.0321044922
.0464935303
.0521850586
-.0347747803
.0604248047
-.0288238525
.0575256348
-.0359039307
.0459594727
.0374603271
.0466918945
-.0328369141
.0380401611
.0441436768
.0475158691
-.0448303223
-.0397338867
-.0728759766
.0281829834
-.0476074219
-.0298309326
.0674743652
.0457763672
.0511322021
.0436859131
.0416564941
-.0355987549
.0437774658
.0598297119
-.0408935547
-.0648651123
.0526885986
.0572967529
.0333404541
-.0643768311
-.0295257568
-.0433502197
-.0381164551
.0499267578
.0392303467
-.0553131104
.0411376953
.0413818359
.0272369385
.0459442139
.0507049561
.0339660645
-.0310363770
.0676116943
.0553131104
.0381927490
-.0433502197
.0582122803
.0577545166
.0409240723
-.0584259033
.0638732910
.0654144287
.0232849121
.0457916260
-.0433654785
.0532226563
-.0209655762
-.0357666016
-.0293121338
.0534515381
-.0184478760
.0412597656
-.0322570801
-.0559692383
.0204162598
.0395965576
.0272979736
.0483551025
.0254821777
.0428771973
.0323638916
.0472259521
.0196685791
-.0368652344
-.0391540527
-.0454101563
-.0208587646
.0471191406
-.0251922607
-.0552978516
.0187835693
.0360717773
-.0391235352
.0450439453
.0172576904
.0456390381
-.0458374023
.0448303223
-.0202484131
-.0420684814
-.0426940918
.0424804688
.0217285156
-.0459289551
.0526580811
.0628509521
.0159149170
-.0549774170
.0571746826
-.0455322266
-.0163421631
.0588226318
.0482330322
.0604095459
.0246429443
.0594940186
.0474548340
.0392303467
-.0149841309
-.0241699219
.0132598877
.0111236572
.0097961426
.0088195801
-.0174560547
.0142822266
.0225830078
.0445098877
-.0203857422
-.0164184570
-.0163116455
-.0117034912
-.0170288086
.0101470947
-.0066680908
.0093231201
-.0244140625
.0201568604
.0067443848
-.0072021484
.0061645508
-.0067138672
-.0045166016
-.0038452148
-.0027923584
.0034179688
-.0019378662
