.0020294189
.0008392334
-.0014038086
-.0026245117
-.0016021729
.0011291504
-.0086669922
.0104522705
-.0373992920
.0299682617
.0375061035
-.0328979492
-.0220947266
.0079498291
-.0060119629
.0052642822
-.0034484863
.0018615723
.0032958984
-.0034027100
.0025939941
-.0036468506
-.0016174316
-.0019683838
.0013580322
-.0024719238
-.0023345947
-.0018005371
-.0020446777
.0013122559
-.0016784668
.0010223389
-.0013885498
-.0017242432
-.0011444092
-.0021972656
.0022888184
-.0017395020
-.0016632080
-.0018157959
.0016174316
-.0013732910
.0016784668
-.0022430420
.0011901855
.0014495850
-.0015869141
-.0010986328
.0012969971
-.0018615723
.0025787354
-.0015411377
-.0016326904
-.0011291504
.0028381348
-.0014801025
-.0019073486
-.0014343262
-.0019378662
.0012512207
-.0017852783
.0017547607
-.0016021729
-.0018157959
-.0021667480
-.0020599365
-.0011444092
-.0014953613
-.0013427734
-.0017547607
.0023956299
-.0426025391
-.0397644043
.0565338135
-.0574340820
-.0514221191
.0467987061
.0553741455
-.0402984619
-.0350036621
.0370788574
-.0470733643
-.0425567627
-.0407714844
-.0440063477
.0390625000
-.0454559326
-.0366821289
-.0384521484
-.0374755859
-.0408020020
-.0345458984
.0358428955
.0285186768
-.0370330811
.0416717529
.0216674805
-.0316467285
-.0322570801
-.0282745361
-.0343170166
.0295715332
.0310363770
.0265045166
-.0210571289
.0260620117
.0264129639
.0238647461
.0257110596
.0191192627
.0290222168
.0228881836
.0217895508
.0211334229
.0177764893
.0179138184
.0140991211
.0147094727
.0115203857
.0046234131
.0019989014
-.0017852783
-.0016784668
.0012054443
.0014190674
-.0013580322
-.0012207031
.0007019043
.0008392334
.0010986328
-.0008850098
-.0008544922
-.0009613037
-.0009460449
-.0006561279
-.0008239746
-.0007629395
-.0008239746
-.0006103516
-.0008850098
-.0008239746
-.0007324219
-.0009307861
-.0007324219
-.0006256104
-.0007171631
-.0008544922
.0006866455
-.0007781982
.0043334961
-.0195312500
-.0210571289
-.0207366943
-.0239257813
-.0188140869
-.0261383057
.0238800049
-.0214843750
-.0198364258
.0177764893
.0223541260
-.0221252441
-.0232238770
-.0208740234
-.0201110840
.0198364258
.0192871094
-.0247039795
.0190582275
.0193176270
.0188751221
-.0202789307
-.0155181885
.0234680176
.0207977295
.0196380615
-.0155334473
.0191497803
.0206909180
.0192413330
.0171661377
.0162353516
.0204010010
.0165710449
.0164337158
.0181121826
.0136413574
.0110931396
.0115509033
.0085906982
.0045166016
.0014343262
-.0017547607
-.0021667480
-.0019073486
-.0013580322
-.0015563965
-.0012817383
-.0009613037
.0012664795
-.0013732910
.0007934570
-.0009002686
-.0006256104
-.0009613037
-.0010833740
-.0009765625
-.0015716553
-.0015106201
.0018005371
.0013580322
-.0016479492
.0018615723
.0012207031
-.0013275146
-.0030822754
-.0031280518
.0017700195
-.0015258789
-.0038299561
.0017852783
-.0022735596
-.0021820068
-.0013732910
-.0016174316
.0016479492
.0016479492
-.0014343262
-.0012054443
-.0013275146
.0017395020
.0008850098
.0008392334
-.0015716553
-.0010528564
-.0013122559
.0010681152
-.0011138916
-.0008850098
-.0005187988
-.0009765625
.0010528564
-.0013885498
-.0084075928
-.0036010742
-.0090789795
.0098724365
.0106506348
-.0047454834
-.0027770996
-.0021667480
.0021820068
.0031433105
-.0017242432
.0014648438
-.0017700195
-.0021209717
.0022277832
-.0017700195
-.0008850098
-.0016632080
.0013275146
-.0022735596
-.0020294189
-.0018920898
-.0016021729
-.0034179688
.0008850098
-.0019836426
-.0012969971
.0019683838
.0011901855
-.0013122559
.0012054443
.0010223389
-.0009918213
-.0016174316
-.0013122559
-.0010986328
-.0012512207
-.0019836426
.0016937256
-.0014648438
.0010375977
-.0022735596
-.0016326904
-.0015411377
.0031585693
.0025939941
-.0019073486
.0024719238
-.0027770996
.0043640137
-.0029296875
.0045623779
-.0027313232
-.0029144287
-.0057220459
.0038604736
.0033874512
.0020751953
.0015716553
.0025482178
-.0023040771
-.0016021729
.0016632080
.0021209717
-.0022735596
-.0012664795
-.0030059814
-.0019836426
-.0016784668
-.0007476807
-.0014953613
.0017852783
-.0012207031
-.0013427734
.0014495850
-.0009613037
-.0012664795
-.0009155273
-.0017547607
-.0016479492
-.0014495850
-.0011901855
.0014343262
-.0012359619
-.0012664795
-.0009307861
.0015563965
.0010986328
.0009765625
.0015258789
-.0013732910
.0008544922
-.0016784668
.0022125244
-.0308227539
-.0320892334
-.0372161865
.0267486572
.0276794434
.0266418457
.0303192139
.0261383057
.0234985352
-.0264587402
.0320739746
-.0281677246
-.0262298584
.0213775635
-.0227508545
.0260009766
.0229797363
-.0254821777
.0218200684
.0234832764
.0255432129
-.0250854492
.0214691162
-.0199432373
-.0215606689
-.0261230469
-.0185089111
.0196533203
.0169525146
.0203704834
-.0150146484
.0210571289
-.0250091553
-.0162200928
-.0162353516
.0176544189
.0158843994
-.0169067383
.0170898438
.0170745850
.0123901367
.0148620605
-.0141448975
.0127410889
.0100250244
-.0194396973
.0157470703
.0100097656
.0085144043
.0061340332
.0015869141
-.0012359619
-.0016326904
-.0018157959
-.0008239746
-.0010681152
-.0012207031
-.0009918213
.0012817383
.0006713867
.0010681152
.0006713867
.0010223389
-.0008239746
-.0007629395
-.0008392334
-.0006256104
.0009002686
-.0009918213
.0007019043
-.0009307861
-.0011749268
-.0010375977
-.0012512207
-.0008544922
.0005035400
-.0010681152
-.0007171631
-.0007629395
-.0006256104
.0008087158
.0010223389
-.0012512207
-.0009002686
-.0007171631
-.0011291504
-.0006866455
.0010375977
-.0008392334
-.0015716553
.0008697510
-.0012512207
-.0009460449
-.0007476807
-.0010223389
-.0011596680
-.0010681152
-.0010375977
-.0008087158
-.0006713867
.0006103516
-.0010986328
-.0013732910
-.0009613037
.0010681152
-.0167083740
-.0260620117
.0187530518
-.0217742920
-.0307922363
.0220336914
.0240936279
.0292053223
-.0239105225
-.0284271240
-.0161132813
-.0245361328
.0246887207
-.0239868164
-.0242767334
-.0196228027
.0165710449
-.0227661133
.0162658691
-.0247650146
.0180816650
.0191345215
-.0257263184
-.0248107910
-.0264892578
-.0210876465
-.0190124512
-.0237731934
-.0241546631
.0212554932
-.0229492188
-.0237884521
-.0166625977
-.0235595703
-.0246124268
-.0166015625
.0167236328
-.0147094727
.0212860107
-.0115356445
-.0093536377
-.0027618408
.0017547607
-.0021057129
-.0019226074
.0026092529
-.0019378662
-.0013122559
.0019226074
.0014343262
.0016784668
-.0015716553
.0015258789
-.0012359619
-.0016479492
-.0015106201
.0012664795
-.0011138916
-.0009918213
.0009613037
-.0012054443
-.0010986328
-.0007019043
.0007781982
-.0009765625
-.0005340576
-.0007934570
-.0011596680
.0008239746
-.0009460449
-.0013885498
-.0005798340
-.0005035400
.0006866455
.0010070801
-.0005798340
-.0006408691
-.0009613037
.0006866455
-.0013275146
-.0005645752
-.0007781982
-.0005187988
-.0010375977
-.0007934570
-.0005645752
-.0006256104
-.0008850098
-.0008239746
-.0016784668
-.0009307861
-.0010223389
-.0007019043
-.0007324219
-.0006561279
-.0015258789
-.0009155273
-.0011138916
-.0009918213
-.0009765625
-.0016174316
-.0006713867
-.0015258789
-.0014190674
-.0016937256
-.0016937256
.0014343262
-.0014343262
.0017547607
-.0025787354
-.0178527832
-.0369262695
.0376434326
-.0347442627
.0364379883
-.0293731689
-.0325469971
.0285186768
.0254058838
.0349273682
-.0330200195
-.0316925049
-.0378112793
.0252227783
-.0266113281
-.0266876221
.0281066895
-.0276031494
.0295562744
-.0236206055
.0281524658
-.0242156982
.0324859619
-.0271148682
-.0222930908
.0319519043
.0339965820
.0185089111
.0278320313
-.0212097168
.0240783691
.0231475830
.0292053223
.0269622803
.0272216797
.0147552490
.0184936523
.0203247070
.0205078125
.0196990967
.0247192383
.0175628662
.0113067627
.0088653564
.0039672852
-.0018768311
-.0017242432
-.0016174316
-.0009307861
.0012054443
-.0011901855
-.0010070801
-.0010223389
-.0009155273
-.0009765625
-.0011749268
.0007019043
-.0010528564
-.0008544922
-.0009155273
.0005493164
-.0006408691
.0008850098
-.0007171631
.0008697510
-.0006561279
-.0007324219
-.0007324219
-.0007781982
-.0006103516
-.0006103516
-.0005645752
-.0005187988
-.0009765625
.0008392334
-.0010528564
.0007019043
-.0005950928
-.0007019043
-.0076293945
-.0279541016
-.0242462158
.0285186768
-.0229187012
.0284271240
.0270690918
.0288391113
.0226287842
-.0223236084
-.0323791504
-.0301208496
.0252838135
.0277404785
.0313415527
.0281829834
.0289306641
-.0214233398
.0329437256
.0196990967
-.0244140625
.0204162598
.0232543945
.0223388672
.0192108154
.0197753906
.0204315186
.0230712891
.0205688477
.0183410645
.0197143555
.0192260742
.0172729492
.0131988525
.0116882324
.0069580078
.0028076172
.0012359619
-.0013885498
.0012512207
-.0014038086
-.0010223389
.0009918213
-.0012359619
-.0012359619
-.0009460449
-.0011749268
-.0007019043
-.0010375977
-.0008850098
.0006561279
-.0012969971
-.0005950928
-.0005950928
-.0004730225
-.0007476807
-.0006713867
.0007019043
-.0006103516
.0006713867
-.0006866455
-.0010375977
-.0010070801
-.0010375977
-.0010833740
-.0013885498
-.0011596680
-.0007781982
-.0007324219
-.0014648438
.0012359619
-.0012207031
-.0092620850
-.0106048584
-.0135498047
.0141906738
-.0144500732
.0072479248
-.0027465820
-.0027770996
-.0017395020
-.0028076172
.0017700195
-.0022735596
.0025177002
-.0022430420
.0011291504
.0011291504
-.0017089844
.0014343262
-.0011444092
-.0009002686
-.0009918213
-.0008392334
-.0017395020
-.0011444092
.0014038086
-.0014801025
.0131988525
.0107269287
.0146484375
-.0105438232
-.0115814209
-.0046539307
.0025939941
.0016479492
-.0022888184
-.0015258789
-.0013732910
.0011291504
.0029602051
-.0019683838
.0012054443
-.0021209717
-.0011901855
-.0011749268
.0012054443
-.0010375977
-.0011444092
-.0011901855
-.0014343262
.0008697510
-.0012817383
.0011291504
-.0010528564
.0009460449
.0010223389
-.0011291504
.0009613037
-.0009460449
-.0014495850
-.0015716553
-.0011291504
-.0010528564
-.0016479492
.0010223389
.0010070801
-.0015563965
-.0010528564
-.0026397705
-.0017852783
-.0016937256
-.0012359619
-.0014038086
-.0012054443
-.0009613037
.0007171631
-.0245361328
.0389251709
-.0424041748
.0356140137
.0451507568
.0357208252
.0417022705
.0429229736
.0430603027
.0448150635
-.0261840820
.0317230225
.0428466797
-.0314788818
.0370178223
.0324096680
.0393981934
-.0405883789
-.0296936035
-.0367279053
.0347900391
-.0261383057
.0400695801
-.0312194824
.0345764160
.0260772705
-.0332641602
.0415649414
.0310974121
.0420989990
.0375518799
.0397033691
.0372924805
.0270233154
.0249023438
.0394439697
.0335083008
.0271911621
.0277404785
.0201721191
.0119018555
.0027923584
-.0013427734
-.0023956299
-.0014038086
.0008239746
-.0011138916
-.0008850098
-.0014648438
-.0016021729
-.0014343262
-.0009460449
-.0013885498
-.0008087158
-.0007781982
-.0010681152
.0009918213
-.0013275146
-.0006256104
.0008087158
-.0011444092
.0006561279
-.0011444092
-.0008239746
-.0012969971
-.0026702881
-.0147094727
.0184173584
.0159606934
-.0027618408
-.0018920898
.0022735596
.0021972656
.0012664795
-.0020141602
.0014801025
.0011291504
-.0016174316
.0013122559
-.0019531250
-.0010833740
.0012969971
.0009155273
-.0012969971
.0010375977
.0011444092
-.0013275146
.0006713867
.0011138916
-.0012359619
-.0010986328
.0012512207
-.0013580322
-.0012054443
.0007476807
.0013427734
.0007934570
.0013732910
.0018920898
-.0013122559
-.0010681152
-.0008392334
-.0012512207
-.0010070801
.0013580322
-.0017242432
-.0014038086
.0032958984
.0018310547
-.0012054443
-.0012054443
-.0014801025
.0015106201
-.0008850098
.0018920898
-.0014190674
-.0009307861
-.0009155273
-.0009918213
.0011596680
.0033416748
.0329589844
.0238037109
-.0348968506
.0209960938
-.0020141602
.0023651123
-.0035705566
-.0014953613
-.0017547607
-.0014190674
-.0013275146
-.0017547607
.0011901855
-.0007934570
-.0010681152
-.0012664795
-.0014190674
-.0009460449
-.0009155273
-.0007629395
-.0007019043
-.0005187988
-.0007324219
-.0008392334
-.0007324219
-.0011138916
-.0005645752
.0009918213
-.0006103516
-.0009002686
.0033416748
.0010070801
-.0013580322
-.0011291504
.0320281982
.0417480469
.0472717285
-.0436553955
.0421142578
.0340270996
-.0453643799
.0384521484
-.0410461426
.0436096191
.0412445068
.0382537842
.0375366211
-.0308685303
.0415802002
-.0341186523
.0387573242
.0430908203
.0438537598
.0393524170
.0388641357
.0368957520
.0318298340
-.0278320313
.0324096680
-.0309295654
.0344848633
.0257110596
.0266113281
.0285186768
.0287322998
.0238647461
.0254058838
.0190277100
.0135803223
.0076904297
-.0012512207
-.0009002686
-.0008239746
-.0008544922
-.0007324219
.0006408691
.0004730225
.0008544922
-.0007934570
.0005340576
-.0007476807
-.0009765625
-.0004730225
-.0005340576
.0004730225
-.0005645752
.0003814697
-.0005035400
.0004730225
.0007476807
-.0004882813
.0005187988
-.0005798340
-.0005035400
-.0005493164
-.0005035400
-.0003509521
-.0005187988
-.0004577637
-.0003662109
.0002899170
-.0003204346
-.0003204346
.0209960938
