-.0005950928
-.0047454834
-.0126342773
-.0106048584
.0311889648
-.0257568359
.0650177002
.0331115723
-.0728912354
.0622253418
-.0726776123
-.0965270996
.1081848145
-.1037750244
.1275024414
.1161651611
-.0889129639
.1155395508
.0897369385
.0598449707
-.1138305664
.1022949219
.1603851318
-.0950927734
.1694488525
.1278228760
-.1887054443
-.2301330566
.3593444824
-.1792297363
-.2047576904
.2195587158
-.2809753418
-.1854705811
.3610382080
-.1521911621
-.1581573486
.3590087891
-.1859130859
.1992034912
.1754608154
-.1715393066
-.1999206543
-.2391815186
.2340393066
.1316070557
-.2273864746
.1829681396
-.1250915527
-.1519012451
.3066253662
-.1649627686
-.4236145020
.3135833740
-.1007843018
-.1399993896
.2892608643
-.3211975098
-.0932769775
.2370605469
-.1893005371
.1216735840
.2423706055
-.2410736084
-.1636352539
.1631927490
-.1789855957
.2038574219
-.2971038818
.1724395752
.1224670410
-.2302093506
.1803588867
-.1674957275
.1222839355
.2416687012
-.1278686523
-.2599792480
.1836242676
.2319793701
-.2908630371
.2962951660
.1391601563
-.2942047119
.3466949463
.2356719971
.1330108643
.1395721436
-.2087707520
-.2979125977
.1384735107
.3128356934
-.1795501709
-.3166198730
.1882781982
-.2257232666
.3250274658
.2961273193
-.2437286377
-.2927093506
-.2709655762
.2307891846
.1455230713
.3031158447
-.1790466309
-.3790588379
.3159790039
.3199310303
.2724304199
-.1683502197
-.3084411621
.2567443848
-.1508636475
.3547515869
-.1690673828
-.4008026123
.2725677490
.2333374023
.2484588623
.2686462402
-.1455383301
-.3213958740
-.1991424561
.3189849854
.1679534912
.1901245117
.1702880859
-.2712249756
.3071136475
.2611236572
-.1972351074
-.2552795410
-.1820678711
.1131744385
.1053009033
.3202056885
-.1460418701
-.2041778564
.2304840088
-.2649536133
.0958404541
.2134857178
-.2345123291
-.2229156494
.1481323242
.2066802979
-.1713256836
.2641601563
.2028045654
-.4299011230
.2373199463
.2116088867
.1712341309
.1731414795
.1651153564
-.1357879639
-.2818298340
.4904785156
.1708526611
-.3506622314
.1691436768
-.2357482910
-.2528686523
.3914489746
.2417449951
-.2956695557
.1812896729
.3618621826
.2935180664
.2513732910
-.2466735840
-.3350830078
.2156829834
.2962188721
.1497344971
-.2558288574
-.2189331055
-.2835845947
-.3145141602
.4779815674
-.1624603271
-.4077148438
.1963806152
-.2813262939
.1640777588
.4370727539
-.3892211914
-.3476562500
.1924743652
.3789825439
-.2735290527
.3424530029
-.3004913330
-.3567810059
.2779998779
.3141174316
-.2946472168
-.2262573242
-.1763153076
.2595214844
-.1473083496
.4092712402
-.3062744141
-.3972930908
.2823181152
-.1730651855
-.1138763428
.3026885986
-.3124389648
-.3472747803
.3485260010
.2806091309
-.2595520020
.2340087891
-.1938934326
-.3286285400
.2368164063
.2847290039
.1944580078
-.3161926270
.2808837891
-.2567749023
-.1916046143
.4509124756
-.3536071777
-.4120788574
.4017639160
-.1803131104
-.2461547852
.4849853516
-.3940887451
-.2630462646
.3924560547
.1981811523
.1575927734
.2448272705
-.3440093994
.1960906982
.2948608398
.2876892090
.2024078369
-.1786651611
-.2489318848
.2255249023
-.1862792969
.3059997559
-.2350769043
-.3561859131
.3622131348
.1567382813
.2031250000
.1277313232
-.3452301025
.2062225342
.3133392334
-.1618957520
.3034362793
-.2330169678
.3034362793
-.1553649902
.2147979736
.2789001465
-.2988433838
-.2049255371
.2491760254
-.2503814697
.2012634277
.3028717041
-.3555603027
.1797637939
.2028350830
.2772216797
.1257781982
-.2951660156
-.1484832764
-.1754150391
.1382751465
.3526306152
-.2867279053
-.1706085205
.2061614990
-.2284545898
.2744598389
-.1133880615
-.1606750488
-.2127532959
-.2345886230
.4144439697
-.1884765625
.2101287842
.1361389160
-.4297332764
.3908996582
.1475677490
-.2313385010
.1354675293
-.3323516846
.2597808838
-.2131805420
-.1904907227
.1624145508
-.4844970703
.3030395508
.2477569580
-.1763763428
.2515411377
-.3902893066
.1822967529
-.1802520752
.2007598877
.3775329590
-.4868469238
.2401580811
-.2054748535
-.1273345947
.3585815430
-.4926910400
.2069091797
.1681518555
-.1852722168
.4802093506
-.3616333008
.1139984131
-.1820373535
-.1342468262
.4255218506
-.2469329834
.1586608887
-.2044372559
-.3152770996
.4320983887
-.2914123535
-.1304321289
-.1183624268
-.2276763916
.4557495117
-.3534240723
-.1315612793
.1474761963
-.3595733643
.4026641846
-.2126464844
-.0941467285
-.2043914795
-.2851562500
.3591156006
-.2949218750
.2915191650
-.1641540527
-.3338165283
.3972015381
-.2492065430
.1554870605
-.3452911377
.2661132813
.2330780029
-.2631225586
.3312835693
-.4305572510
-.3160705566
.1665039063
.1332702637
.3316192627
-.3978729248
.3281555176
-.4585571289
.2815551758
.3648529053
-.2987670898
.2574615479
-.2878723145
.3761749268
-.2521362305
.1745147705
-.2773284912
-.3165435791
.1512756348
.3142700195
.4882659912
-.3657073975
.2099151611
.1462402344
-.2020263672
.3452758789
.2235260010
-.1976776123
-.3371582031
.2059631348
.1298522949
.3412628174
-.2465362549
-.1496887207
-.4050292969
.3694610596
.2399902344
-.2061614990
-.2014160156
-.2473297119
.2212371826
-.1843109131
.3450012207
-.2722778320
.1621551514
-.2762603760
.4551849365
-.4447784424
.3150482178
-.4944152832
.3161010742
.2955017090
.1816406250
.2890930176
-.3515472412
.2429199219
-.3749847412
.4932708740
-.3442993164
.2447204590
-.2994689941
.4932556152
-.1616210938
.2818603516
-.3052062988
-.1856231689
-.2463378906
.3845520020
.1782379150
-.2166137695
-.2265014648
.1493530273
.1921386719
.3144836426
-.3624420166
-.1129608154
-.3172454834
.4440612793
-.1915130615
.3630065918
-.3058776855
.1601562500
-.2332305908
.4927520752
-.2555236816
.1653900146
-.2119445801
.3153533936
.1773376465
.1800231934
-.0783538818
-.4390869141
.2535095215
-.2100372314
.4525299072
-.3287811279
.3297424316
-.2852478027
.2471008301
.2366943359
.3424835205
-.2690582275
-.4491424561
.2968444824
-.3030548096
.4929504395
-.3419342041
.2231903076
-.4317626953
.2216033936
.2328033447
-.3954925537
.2060852051
-.4971008301
.3714904785
-.2549438477
.4302825928
-.2624053955
-.4216461182
.4916839600
-.2371063232
.4999847412
.1429748535
-.4946289063
.3997650146
-.2137603760
.4712066650
-.2913055420
-.1943206787
.3349914551
-.2937316895
.4666900635
-.2597351074
.2783355713
-.3957061768
.1478424072
.4270935059
-.3706359863
.2257843018
-.2536468506
-.3356628418
.4166107178
-.3712158203
.3779144287
-.3251495361
-.2477111816
.3676757813
-.2353210449
.4813232422
-.2360229492
-.3336944580
.2730255127
-.2483367920
.3152160645
-.1765441895
-.2722625732
-.1669311523
-.2868652344
.1369018555
.3647308350
-.2705535889
-.2225341797
.3026733398
-.2124786377
-.2110900879
.3533325195
-.3432922363
.1649017334
.3253021240
.3122558594
.2279663086
-.3243408203
-.1368560791
.2193756104
-.1433868408
.2751007080
.1437835693
-.4765167236
.3278503418
.4064025879
-.3959960938
.2848968506
-.3791198730
-.3254241943
.3309478760
.2432861328
-.2601165771
.2097473145
-.3679656982
-.2121582031
.4819030762
-.2581939697
-.3792114258
.4283752441
-.2595214844
.4151763916
.3899993896
-.4465942383
.2707061768
.3181610107
-.2471466064
.4969787598
.2225646973
-.4847259521
.2252960205
.3662261963
-.2476196289
.3499298096
.2569732666
-.4965209961
.2362213135
.4922943115
-.4968261719
.2903442383
-.2509002686
-.2201690674
.2564392090
.3647460938
-.3823699951
-.2530517578
.2496948242
-.1461944580
.3683471680
-.2313385010
-.4311218262
-.1887054443
.2772979736
.2424926758
-.4821929932
-.3619689941
-.4494934082
-.2666320801
.4999847412
-.1803131104
-.4779815674
-.1962432861
-.4536895752
.2144317627
.4978332520
-.4653320313
-.4743194580
.3008422852
.4920806885
.4482421875
.4309997559
-.4368743896
-.4601440430
.4806060791
.4406433105
-.3543701172
-.3271026611
-.3166198730
.2312927246
.3921356201
-.2319946289
-.2126159668
-.1796112061
-.2476348877
-.3754119873
.4982910156
.3003387451
-.4883575439
-.3312683105
.4999847412
.2938232422
-.3732757568
-.1671142578
-.2322998047
-.3451690674
.4584045410
.3015441895
.3510131836
-.2864227295
-.4950866699
.2060241699
.4884033203
.1893920898
-.3736877441
-.2611999512
.4705657959
.2918243408
.4873657227
-.2132873535
-.3200531006
-.3398590088
.2498626709
.4975433350
-.4244232178
-.4923553467
.3899230957
.2882537842
-.2292175293
.3201446533
-.2818450928
-.4617309570
.2613220215
.2263793945
.3134765625
-.2858886719
-.3279876709
.3634033203
.4822845459
-.2691955566
-.4341278076
-.3645935059
.3749237061
-.1809997559
.2242279053
.4999847412
-.4007720947
-.4639434814
.4046173096
.4958343506
-.4276428223
-.3446960449
.1816711426
.4840393066
.2139739990
.3860473633
.2765960693
-.4753265381
-.2836151123
.3482971191
.3177337646
-.2153167725
-.4822235107
-.1832580566
.4196777344
.3453063965
-.3507232666
-.4292144775
-.1631622314
.3772735596
.2039947510
.3093872070
.3572082520
-.3761138916
-.4757080078
.3295898438
.4999847412
-.3426513672
-.4755096436
-.2282562256
.3716735840
.2628326416
-.3603973389
-.2590179443
.2034759521
-.3215789795
.2578125000
.4739379883
-.3067169189
-.4738922119
.3547973633
.4474487305
-.2158508301
-.4973449707
.2409210205
-.2782745361
-.3473968506
.3853302002
.2688293457
-.3979187012
-.3974914551
.3751373291
.3587036133
-.2944183350
.3171691895
-.3105468750
-.2622680664
.4523162842
-.2191467285
-.4098968506
-.1204071045
.3512573242
-.1843109131
.3742218018
.3857421875
-.4923095703
-.3429718018
.4963073730
.1955566406
-.3590698242
.2719268799
-.2872772217
-.4437866211
.4661712646
.3431243896
-.4889678955
.2063751221
.3016510010
-.3402099609
.4658508301
.2250061035
-.4534912109
-.2095794678
.4929351807
-.1040496826
.4542083740
-.3768310547
-.3354339600
.3239593506
.2299194336
-.2038574219
-.2725372314
-.3650360107
-.4033813477
.2826995850
.3987884521
-.4869079590
-.1991271973
-.2392578125
-.3452911377
.4665222168
.2511291504
-.4716796875
.3319854736
.2320098877
-.3371276855
.4594573975
-.1831970215
-.4904174805
.2012786865
.4178161621
-.2018737793
-.2005920410
-.1971282959
-.3758392334
.2084960938
.4322204590
-.3000030518
-.3828277588
.3067932129
.3834228516
.2545471191
.3387451172
-.4250030518
-.2536163330
.2701873779
.2068481445
.3730316162
-.2310180664
-.3070831299
.4265441895
.2964172363
.2446899414
.3136291504
-.2868957520
-.2430267334
.3539886475
.1599731445
-.2438201904
.2524871826
-.3130035400
.1211547852
.4795837402
-.2918853760
-.3583221436
.2116394043
-.3250122070
-.2182769775
.4491119385
-.1789855957
-.4707031250
.4194335938
.1713867188
-.1603851318
.3015136719
-.2611694336
-.3093414307
.4999694824
.3958892822
-.3038177490
-.1601562500
-.1151275635
-.4166717529
.2281036377
.3343658447
-.4014587402
-.1631622314
-.2717285156
-.2181243896
.3608093262
-.1551971436
-.2780303955
.1854095459
-.2775573730
.1613159180
.3170318604
-.3153076172
-.1344146729
.1488037109
-.1970825195
-.2464599609
.2189025879
-.2876434326
-.3182220459
.4090118408
.1954650879
-.4191589355
.1943664551
-.3056488037
-.1518707275
.3496398926
.2105865479
-.3203582764
.1937561035
.3002929688
-.1139984131
.2587280273
.1811981201
-.4161529541
.1904449463
.3998870850
-.2881927490
.3304138184
-.1976776123
-.3225097656
.2656402588
.2525634766
-.2957000732
-.2327117920
-.2790679932
.1682281494
.2200164795
.2046051025
-.2467346191
.1547546387
.3040161133
-.2136230469
.3678741455
.2232818604
-.4444732666
.1796875000
.4090728760
-.2915802002
-.2153015137
.1441040039
.2616577148
.1956787109
.3662261963
-.3615875244
-.1974945068
.3272705078
.2508850098
-.4151153564
.2933654785
-.2117767334
-.3290863037
.4439849854
.3385925293
-.4197235107
-.1794281006
.3154907227
-.1705627441
-.1579589844
.3518066406
-.4138336182
-.4359130859
.3260040283
.2363433838
-.3110961914
.1599426270
-.1748352051
-.1990814209
.2366943359
.3026428223
-.4221191406
-.1011657715
.4406280518
-.1915588379
.1851806641
.2336730957
-.3261413574
-.2165069580
.4120330811
.2393951416
-.2875061035
-.1726531982
.1548309326
-.1287994385
.2217712402
.1803131104
-.3162689209
-.4737548828
.3509368896
.1504821777
-.2582244873
.2770080566
-.1957092285
-.3353576660
.2435760498
.3727874756
-.3585510254
-.3185424805
.3547515869
-.3182983398
-.3325195313
.4102935791
-.2864532471
-.2978363037
.3221893311
.2890319824
-.3478240967
.1301116943
-.1943359375
-.3072509766
.1581115723
.3768157959
-.2612762451
-.3986511230
.3477172852
.2425384521
-.2246704102
.2205963135
-.2291717529
-.3355407715
.1848449707
.4333496094
-.3083343506
-.2555236816
.1590118408
.2834472656
.1593475342
.3212738037
-.1735534668
-.2434082031
.1699676514
.2453155518
-.1689147949
-.0982360840
-.0736541748
-.1383056641
.1233978271
.1551055908
.1194000244
-.1751403809
.0846710205
.1395721436
.0327453613
.0673980713
-.0406188965
-.0503387451
.0304718018
.0300903320
.0106658936
-.0023498535
