.0000305176
.0001220703
-.0002593994
-.0003051758
.0006408691
.0007324219
-.0008850098
.0007781982
-.0008850098
.0007934570
-.0012359619
-.0018768311
.0010528564
.0010833740
.0014190674
-.0013275146
.0016479492
-.0016937256
.0016479492
-.0017547607
.0030517578
-.0024108887
-.0028076172
-.0021972656
.0022277832
.0027923584
.0048065186
.0037994385
.0037841797
-.0045318604
-.0056304932
.0039367676
.0034484863
-.0033111572
-.0054321289
.0055236816
.0057983398
.0046386719
.0045318604
-.0044097900
-.0045928955
-.0041656494
-.0064544678
-.0050506592
.0056610107
.0042266846
.0041656494
.0047912598
-.0068817139
-.0049591064
.0038299561
.0028228760
-.0067291260
-.0069732666
-.0058593750
.0049438477
.0072021484
-.0104980469
-.0043029785
.0039367676
-.0082702637
.0050201416
-.0045776367
-.0080261230
.0093231201
.0057678223
-.0042877197
.0068969727
.0048675537
-.0047302246
-.0064849854
-.0057067871
.0043640137
-.0041198730
.0041198730
.0049591064
.0037231445
-.0038146973
.0036315918
-.0043334961
-.0036621094
-.0038299561
.0061645508
-.0037994385
.0042266846
-.0040740967
-.0053558350
-.0137634277
.0053558350
-.0048522949
.0033874512
.0034790039
-.0041046143
.0035247803
-.0040130615
-.0029754639
.0032348633
.0046081543
-.0035705566
.0042572021
.0039215088
-.0318145752
-.0076446533
.0088806152
.0052642822
-.0103302002
-.0075988770
.0064086914
.0049743652
.0086364746
-.0081787109
-.0041656494
-.0062866211
-.0059356689
.0047607422
.0053405762
-.0043640137
-.0093841553
-.0080261230
.0040740967
.0064849854
.0056152344
-.0039367676
-.0063781738
-.0041656494
.0060424805
.0048828125
.0038299561
-.0084075928
-.0052490234
-.0043182373
.0067901611
.0059661865
-.0039520264
-.0057067871
-.0038299561
.0031738281
.0065765381
.0042877197
-.0050964355
-.0054626465
-.0051116943
.0037231445
.0035552979
-.0040283203
-.0064697266
.0045318604
-.0047149658
.0082702637
.0044097900
-.0041198730
-.0056610107
.0044403076
.0039978027
.0037078857
-.0040588379
.0038604736
-.0043792725
-.0049591064
.0062866211
-.0046386719
.0045776367
-.0046234131
.0046539307
-.0060577393
-.0048828125
-.0042877197
.0048980713
-.0031890869
-.0058441162
-.0053710938
.0050354004
.0054473877
.0063476563
-.0076141357
-.0052795410
-.0040893555
.0043945313
.0059051514
.0052337646
.0045623779
-.0058746338
-.0056610107
.0030517578
.0047760010
-.0033111572
-.0062713623
-.0057373047
.0030364990
.0053100586
.0046081543
.0033111572
-.0041503906
-.0043029785
.0042724609
.0031127930
-.0051727295
-.0043640137
-.0061035156
.0028991699
-.0034637451
.0046234131
.0069274902
-.0050659180
-.0063476563
-.0055847168
.0038146973
.0047760010
.0051269531
-.0043334961
-.0050964355
.0033721924
.0049133301
.0056457520
-.0052490234
-.0080413818
-.0069885254
.0029602051
.0046844482
.0049438477
-.0059814453
.0052795410
.0034179688
.0047760010
.0046386719
-.0043182373
-.0056152344
-.0036315918
-.0057067871
-.0047607422
.0032043457
.0034790039
-.0038452148
-.0030517578
.0038452148
-.0032958984
-.0035400391
.0029449463
.0039062500
.0069885254
.0060424805
-.0063476563
-.0062561035
-.0048217773
.0046081543
.0069732666
-.0039215088
-.0057373047
-.0043792725
.0055541992
.0057067871
.0036621094
-.0042114258
.0040588379
.0023803711
-.0035705566
-.0177612305
.0177459717
-.0101776123
-.0078430176
-.0100402832
-.0067596436
.0075073242
.0055236816
.0057678223
-.0061645508
-.0043792725
.0057830811
.0059509277
-.0047302246
-.0042877197
-.0061187744
.0039978027
-.0034027100
.0039062500
-.0036926270
.0065612793
.0045623779
-.0043334961
-.0047760010
.0051727295
.0050201416
-.0042114258
-.0054931641
.0041046143
.0037231445
.0040588379
-.0055236816
-.0061187744
-.0049743652
.0049591064
.0067596436
-.0055389404
-.0068511963
-.0037841797
.0035858154
-.0089721680
.0071716309
-.0040893555
.0048828125
.0055541992
-.0042877197
-.0047760010
.0049743652
-.0045928955
-.0068206787
.0051574707
.0049743652
.0056762695
-.0048980713
-.0070190430
-.0068664551
.0058593750
.0069427490
.0060729980
-.0075531006
.0047454834
-.0050048828
-.0055236816
-.0039672852
.0025482178
.0031127930
.0053405762
-.0028381348
-.0043182373
-.0067749023
.0049133301
.0059051514
.0040740967
-.0068054199
-.0049896240
.0032806396
.0050506592
.0052185059
-.0022735596
-.0033874512
.0038909912
-.0034179688
-.0019836426
-.0045318604
-.0029296875
-.0022430420
.0027923584
.0028381348
.0031433105
.0036010742
.0034637451
.0044555664
-.0033416748
-.0060577393
-.0029296875
.0023345947
-.0029296875
.0049133301
.0043792725
.0033111572
-.0018615723
-.0022125244
-.0023956299
.0034332275
-.0017089844
-.0015716553
-.0012512207
.0028076172
-.0016174316
.0039062500
-.0038604736
-.0036773682
-.0036621094
-.0018920898
.0028381348
.0049743652
.0037078857
-.0024108887
-.0032653809
-.0030364990
.0032348633
-.0013885498
.0025024414
-.0027008057
-.0029754639
-.0028076172
.0039825439
.0012207031
.0028991699
-.0023498535
.0016326904
.0018463135
.0014190674
-.0032196045
.0020294189
.0014953613
-.0022430420
-.0019226074
.0017395020
.0033874512
.0034484863
.0020294189
-.0027008057
.0015411377
-.0024871826
.0014038086
-.0016326904
.0028228760
.0019531250
-.0008392334
-.0020599365
.0015716553
.0016021729
.0018310547
.0026245117
-.0019226074
-.0034484863
-.0018768311
.0023040771
.0029144287
.0016174316
-.0014801025
-.0023040771
.0022583008
-.0031127930
.0031127930
.0018768311
.0018615723
-.0048065186
-.0014648438
-.0022430420
.0046234131
.0038604736
.0015716553
-.0040283203
-.0036773682
-.0021667480
.0045166016
.0030822754
.0017547607
-.0021209717
-.0038146973
-.0027923584
.0020446777
.0022888184
-.0016632080
-.0022735596
-.0027923584
-.0020904541
.0025329590
.0025177002
-.0013122559
-.0021362305
.0012969971
.0034637451
.0030212402
-.0020141602
-.0036163330
-.0025024414
-.0017700195
.0022735596
.0013427734
-.0017089844
-.0027313232
-.0011901855
.0029907227
.0024871826
-.0016021729
-.0025482178
.0030212402
.0010070801
.0017700195
-.0018615723
-.0032501221
-.0016326904
.0019378662
.0026855469
.0095214844
-.0058135986
-.0110931396
-.0113677979
.0071411133
.0061187744
.0069885254
-.0044403076
.0048217773
.0053405762
.0056610107
-.0057830811
-.0046844482
-.0039520264
.0056610107
-.0034027100
.0031585693
-.0038604736
-.0035400391
-.0059051514
.0040740967
.0031585693
.0028686523
.0023803711
.0015411377
-.0028381348
-.0021972656
.0031890869
.0034027100
.0025482178
-.0054168701
-.0030822754
.0022125244
.0037994385
.0024719238
-.0030822754
-.0035095215
-.0029296875
.0043029785
.0032806396
.0041046143
-.0037841797
-.0036621094
-.0051727295
-.0044403076
.0044555664
.0060729980
.0030517578
-.0052032471
-.0040283203
-.0056610107
.0045623779
.0040740967
.0029296875
.0045471191
.0023956299
.0026092529
-.0074157715
.0019836426
-.0043640137
.0025329590
.0022888184
.0017089844
.0044860840
.0038604736
-.0021820068
-.0077514648
-.0037689209
.0034332275
.0065155029
.0048675537
.0034942627
-.0065765381
-.0078277588
-.0035858154
.0033874512
-.0055541992
.0053558350
.0051269531
.0056152344
-.0050964355
-.0042877197
-.0044097900
-.0030059814
.0048217773
.0030364990
.0053710938
.0036468506
.0030975342
-.0055389404
-.0080566406
-.0041046143
.0056304932
.0058441162
.0041809082
-.0044860840
-.0063476563
-.0043487549
-.0057220459
-.0046997070
.0044097900
.0049438477
.0035705566
.0049285889
-.0059051514
-.0073699951
-.0062255859
-.0042419434
.0048828125
.0076141357
.0077514648
.0040893555
-.0072326660
-.0098419189
-.0070343018
.0053710938
.0041046143
.0067443848
.0071868896
.0063476563
-.0053100586
-.0076904297
-.0109252930
-.0061035156
.0061950684
.0116882324
.0086822510
.0063629150
-.0064849854
-.0061035156
-.0071716309
.0050659180
.0076293945
.0058898926
.0073547363
.0080413818
-.0086212158
-.0091094971
-.0080413818
.0047454834
.0051879883
.0069732666
.0084228516
.0081024170
-.0077514648
-.0108337402
-.0091857910
-.0068511963
.0069732666
.0066680908
.0070190430
.0079498291
-.0067596436
-.0086212158
-.0076904297
-.0042877197
.0068664551
.0066528320
.0083007813
.0064697266
-.0059814453
-.0082550049
-.0106048584
-.0090789795
.0070190430
.0072784424
.0099182129
.0075378418
-.0109558105
-.0080108643
-.0078887939
-.0060119629
.0088806152
.0074768066
.0086669922
.0092773438
-.0074005127
-.0099945068
-.0092926025
-.0040283203
.0064544678
.0093841553
.0087890625
-.0055694580
-.0112915039
-.0112152100
-.0093078613
.0087585449
.0070648193
.0129547119
.0067443848
-.0113372803
-.0124816895
-.0061035156
-.0120086670
-.0072631836
.0121154785
.0135345459
.0140686035
-.0076751709
-.0108947754
-.0132141113
-.0113372803
.0095214844
.0162658691
.0102996826
.0100097656
.0090484619
-.0110473633
-.0147094727
-.0063018799
.0067749023
.0106201172
.0148010254
.0083465576
-.0111694336
-.0119781494
-.0084838867
-.0105590820
-.0081481934
.0126953125
.0120086670
.0115203857
.0114898682
-.0131683350
-.0124053955
-.0107574463
.0075225830
.0048828125
.0116577148
.0099487305
.0111999512
-.0146026611
-.0110015869
-.0053558350
.0120697021
.0070495605
.0065460205
.0106353760
-.0117034912
-.0077972412
-.0096588135
-.0062408447
-.0080718994
.0077362061
.0101623535
.0075683594
.0112915039
-.0099487305
-.0138702393
-.0083923340
-.0093688965
.0151367188
.0087585449
.0088348389
-.0077209473
-.0159301758
-.0094757080
.0087280273
.0077972412
.0064392090
.0053863525
.0078887939
-.0089111328
-.0080871582
-.0079498291
-.0085906982
-.0102539063
.0101776123
.0076751709
-.0099487305
.0102081299
.0053710938
-.0094604492
-.0079345703
.0053710938
-.0063629150
-.0106964111
-.0043182373
-.0114135742
-.0105285645
-.0075378418
.0099792480
.0090637207
.0124969482
.0101928711
.0093383789
-.0147552490
-.0128631592
-.0058135986
.0097351074
.0054168701
.0067596436
.0075225830
-.0087127686
-.0097961426
-.0177764893
-.0169219971
.0084075928
.0102386475
.0110168457
.0126647949
.0122985840
-.0098571777
-.0130767822
-.0075836182
.0114898682
-.0102996826
.0159606934
.0204315186
.0102081299
-.0209960938
-.0358886719
.0211944580
-.0335540771
-.0112304688
.0171203613
.0164642334
-.0450286865
-.0185241699
-.0298309326
-.0231018066
.0129241943
.0254058838
.0245208740
-.0250244141
.0201873779
-.0127105713
-.0200042725
-.0119171143
.0212097168
-.0181732178
.0123748779
-.0179290771
-.0198516846
-.0270233154
-.0177459717
-.0208129883
-.0115661621
.0217590332
.0220794678
.0119323730
-.0187683105
-.0310668945
-.0168304443
.0148468018
.0132141113
.0150451660
.0222015381
-.0097045898
.0087280273
-.0139160156
-.0195617676
-.0073394775
.0086212158
-.0084991455
.0090942383
.0097351074
-.0141448975
-.0100097656
-.0079956055
-.0188751221
-.0090789795
.0130310059
.0099945068
.0093536377
.0079345703
-.0153808594
-.0126495361
.0076751709
.0121154785
.0109405518
-.0086212158
-.0091247559
.0096435547
-.0133514404
-.0160675049
-.0115203857
-.0127258301
.0116424561
.0105895996
.0160980225
.0122833252
-.0139312744
-.0083007813
-.0065002441
.0072631836
.0092315674
.0113372803
.0089111328
-.0078735352
-.0072021484
-.0058746338
-.0139465332
.0087738037
.0120391846
.0135955811
.0076904297
.0102081299
-.0146179199
-.0152282715
-.0087738037
-.0117645264
.0098419189
.0137176514
.0133056641
-.0106353760
-.0169525146
-.0134429932
-.0051116943
.0078125000
.0140838623
.0076599121
.0087738037
-.0122680664
-.0104217529
-.0167388916
-.0119018555
.0076904297
.0069580078
.0150451660
.0085601807
-.0109100342
-.0128784180
-.0113220215
-.0058746338
.0074005127
.0057678223
.0133972168
.0096893311
-.0093994141
-.0162048340
-.0127258301
.0081939697
.0069580078
.0106353760
.0085144043
-.0090179443
-.0079803467
-.0110778809
-.0091857910
-.0078125000
-.0128784180
.0136718750
.0122375488
.0079650879
-.0139007568
-.0098266602
-.0123443604
.0073242188
.0119781494
.0115966797
-.0081787109
.0098724365
-.0112762451
-.0105133057
-.0108795166
-.0139465332
.0066680908
.0110778809
.0114746094
-.0045928955
-.0152893066
-.0085906982
.0085601807
-.0099029541
.0091705322
.0043792725
.0115356445
.0104675293
.0069732666
-.0196075439
-.0168914795
.0050811768
.0086822510
.0146636963
.0094909668
.0065307617
-.0124816895
-.0129089355
.0087890625
.0093383789
-.0105133057
.0080413818
.0135955811
.0087432861
-.0116729736
-.0110168457
-.0046081543
-.0101623535
.0085296631
.0076293945
.0042724609
.0087585449
-.0081787109
-.0069885254
-.0059661865
-.0084381104
.0060424805
.0098724365
.0056457520
-.0064544678
-.0109405518
-.0064697266
.0080261230
.0072174072
.0058135986
-.0065612793
.0069732666
.0088500977
-.0073089600
-.0075836182
-.0084075928
.0021514893
.0048675537
.0070190430
.0046691895
.0021667480
-.0023193359
-.0043487549
-.0029296875
.0016937256
-.0015106201
.0016784668
.0026397705
.0018920898
-.0014953613
-.0015258789
-.0007629395
.0007934570
.0010528564
.0001373291
-.0001068115
