.0025177002
-.0296020508
-.0344085693
-.0453643799
.1865234375
-.2471771240
-.2044525146
-.2433471680
-.1795349121
.2030639648
-.5000000000
.3311462402
-.3605957031
.3482666016
-.3557586670
.4768371582
-.2256469727
.4088897705
.3103332520
-.5000000000
.3266448975
-.3442687988
.2819366455
-.2286987305
.1882934570
-.2011108398
.2477111816
.1512451172
.1737976074
-.1266479492
-.1500091553
-.2497100830
-.1275939941
-.1652069092
.3324432373
-.1569061279
.1354217529
-.2496185303
.2519226074
-.1409301758
.1927642822
-.1601104736
.2139587402
.1729583740
.3180389404
-.3273162842
-.3698577881
.3732604980
-.1105194092
.1680603027
-.2245635986
.1699066162
.2043304443
-.1431579590
-.1306457520
-.2208099365
.2458496094
-.1316070557
.1916198730
.1456451416
.1299896240
-.1895294189
-.1577911377
-.2982940674
-.1049194336
.1147155762
-.1094970703
.2189178467
.2740478516
.1307678223
.1121978760
.1619873047
-.1665191650
-.1626129150
-.1588287354
-.1149749756
.0928192139
.1209564209
.1674652100
.2502593994
.1794281006
.1063537598
-.2304992676
-.1818542480
-.2437133789
-.3350830078
-.1808013916
-.1728363037
.4408874512
.3772430420
.2556304932
-.2971343994
.1482543945
-.2034149170
-.3463287354
.1681823730
.1739807129
-.1719665527
-.1274108887
.2512512207
.1206512451
.1991424561
-.3131103516
-.2068939209
-.2069091797
.2135162354
.1489105225
-.1367950439
-.1701812744
.1822357178
-.2018737793
.2075653076
-.1684417725
-.2049865723
-.1485595703
-.1421051025
-.1289672852
.1652832031
.1548309326
.2978515625
.1842498779
-.2095031738
-.2979736328
-.4441223145
-.3213348389
-.2438659668
-.2012329102
.3007354736
-.1701507568
.1394500732
.3507995605
-.1732177734
-.1266784668
-.1422424316
-.1199798584
-.1290740967
-.2072448730
-.1925811768
-.1629791260
.3022308350
.2130126953
.1978302002
-.1833801270
-.1934661865
-.1555633545
-.1558227539
-.1824798584
-.1671142578
.1293334961
.2331542969
.1988525391
-.1847076416
.1942596436
.1554870605
-.1097412109
-.1340026855
.1651000977
-.1792907715
-.1726379395
-.1381225586
.2058868408
.2162628174
.1203155518
.1302185059
-.2737884521
-.2909088135
-.2575836182
-.1981658936
-.2408905029
-.2508239746
.2068634033
.3357849121
.1905364990
.2397766113
-.2469635010
-.1546783447
-.0917053223
.1145324707
.1479644775
.1417541504
-.1512451172
-.3401947021
-.3318481445
.2806243896
-.3009490967
-.2447204590
-.2092742920
-.3821105957
-.1497802734
.1584320068
.1836547852
-.1336517334
.1315765381
.1760711670
.1576843262
-.1079406738
.1162872314
-.0926818848
.0896148682
.1051177979
-.1307983398
-.1597137451
.1444854736
.1919250488
.3077087402
.4788055420
-.5000000000
.2350158691
-.2265472412
-.1077423096
-.1898651123
.1396636963
.1555023193
-.3851623535
.4999847412
-.5000000000
-.5000000000
-.5000000000
-.5000000000
-.5000000000
.3691253662
-.3243255615
.2511749268
.1197967529
.1450805664
.1567993164
-.3248443604
-.2050018311
.0799255371
-.2386932373
-.1461334229
.1845092773
-.1299285889
.2121276855
.1268615723
.1110687256
-.1015777588
-.1593475342
-.1450347900
.1124114990
-.1230621338
.1195220947
.0894775391
.1291198730
-.1595611572
.1549377441
.1266632080
-.2208557129
-.1366577148
-.1678466797
-.1229248047
.1811981201
.2004852295
.1953125000
-.1276245117
-.1899719238
-.1740417480
-.1802978516
-.0704193115
.0810394287
.1343078613
-.1437072754
.1095428467
-.1337432861
-.0950317383
.1442413330
.1395568848
-.1147766113
.1009979248
.0922546387
-.0982055664
-.1600036621
-.1560668945
.0921630859
-.2090911865
-.1320190430
.0855865479
-.0855102539
.1538238525
.1500549316
-.0810699463
-.1423492432
.1770324707
-.0883941650
.2154693604
.0644378662
.0671691895
.0417785645
-.1193695068
.1093444824
-.0977020264
-.1009674072
.0774230957
-.0971374512
-.1585388184
.0995635986
-.1323547363
.1634979248
-.1020507813
.2602233887
.4587707520
-.3397369385
.2811889648
.3032073975
.3155059814
-.1661987305
-.1574859619
.2169494629
-.1843109131
-.1674957275
-.1389160156
-.1499938965
-.1093902588
-.0830841064
-.0927886963
-.1238250732
.1381835938
.1710510254
-.1027526855
.0709381104
.1367187500
.1555328369
.1512145996
.2539215088
.1634674072
.0951995850
.1439208984
-.1053161621
-.1182708740
.0812835693
-.0810241699
-.1518249512
.1512603760
-.1383361816
.2379302979
-.2956695557
.4286651611
-.3162536621
-.3296356201
-.3402557373
.3023529053
.2626953125
.1256256104
.1108856201
-.1154632568
-.0853424072
-.0921783447
-.0950469971
.1252746582
-.1206207275
.1163177490
.1786499023
.1999511719
.1050415039
.2048797607
.1156921387
.1218872070
.1011962891
.1746978760
.0465393066
.1730651855
-.1195373535
.1375274658
-.2014617920
-.0845794678
-.1504821777
-.1340179443
.1623229980
.2435607910
.2900085449
.1257476807
.2158813477
.1955413818
.2120361328
-.1141967773
-.1463165283
-.2519836426
-.1778411865
-.1916656494
-.2362518311
-.1315917969
-.1176300049
-.1665191650
-.1067657471
-.1520538330
-.1085357666
-.1866149902
.1633605957
.1633148193
.1528320313
.2087097168
.2598571777
.3183135986
.4199981689
.3922271729
.3711242676
.2295227051
.2695159912
-.3151702881
-.2241668701
-.2395019531
-.2632904053
-.2940063477
-.1866912842
-.2429504395
.1862487793
.2339019775
.2345123291
.2346496582
.2955169678
.3019561768
.3240356445
.2545471191
-.3128051758
-.2430572510
-.4177551270
-.3371734619
-.2185821533
-.2593231201
.1665191650
.2758331299
.2103424072
.1951904297
.1841278076
-.1954498291
-.1214599609
-.2246093750
-.1913909912
-.2670440674
-.1624908447
.1457824707
.2682189941
.1333618164
.1630249023
-.1042327881
-.1710968018
-.1986236572
.1492462158
.1389312744
.1748046875
.1838073730
-.1072235107
-.1737518311
-.1682586670
-.1224517822
.2066650391
.2308502197
.1147918701
.2265167236
-.1948699951
-.2389221191
-.1687164307
-.1584472656
.2074737549
.1764831543
.1795959473
-.1604919434
-.1802062988
-.1636352539
-.0893859863
.1178283691
.1801910400
.1103363037
-.0918426514
-.2145385742
-.1551513672
.1837158203
.2478179932
.1406402588
-.1888275146
-.1881256104
-.2055358887
.1631011963
.2296142578
.1987152100
-.1754150391
-.1714630127
-.2328948975
.1035766602
.1838684082
.2213592529
-.1846008301
-.2626953125
.1046295166
.1723632813
.1810455322
.1853332520
-.2381439209
-.2261505127
-.1408691406
.2582702637
.1531829834
.1614990234
-.1869506836
-.1763458252
.1954498291
.1891937256
.1603393555
-.2257537842
-.1786193848
.1387939453
.1569824219
.0773620605
-.1195831299
.0890502930
-.0839233398
.1657257080
.1301574707
.1002349854
-.0948638916
-.1082611084
.1192932129
.1122283936
.1501007080
-.1481933594
-.1699218750
.0920410156
.1351928711
.1276702881
-.1683807373
-.1310729980
.1389770508
.1291046143
-.1109466553
-.1243896484
.1398162842
.1210327148
.1120300293
-.1689910889
-.1098785400
.1481018066
.1524658203
.1586914063
-.0994262695
.1075744629
.1453552246
.2205963135
-.2035522461
-.1910095215
.0947570801
.1333618164
-.1701202393
-.2084045410
.1316986084
.1377410889
.1823730469
-.1644744873
-.1434173584
.1175384521
.0788726807
-.1393737793
-.0691986084
-.1372070313
.0760650635
.1209259033
-.0883636475
.0745391846
-.0813446045
.0818634033
-.1247100830
-.1148834229
-.0633544922
.0840759277
.0901794434
-.1249237061
.0792083740
-.1327514648
.1299438477
-.0781250000
-.0628204346
-.0514373779
.0651397705
.0664978027
.1154937744
.0928192139
.0732574463
-.0788726807
.1749725342
-.0764312744
.0824584961
-.0878601074
.0637969971
-.1006622314
.1084594727
.0913085938
-.1095886230
-.1129302979
-.0969390869
.0759277344
-.0847625732
-.0623474121
.1347808838
-.0740509033
.0992889404
-.1888732910
-.2846679688
-.3576812744
-.3582458496
-.3061218262
.2355346680
.2253723145
.2052001953
-.2018280029
-.2460937500
.3208770752
.2760314941
-.2274475098
.2036895752
.2190856934
.1921691895
.1914520264
-.1781158447
-.1728973389
-.1729125977
-.1512451172
.1877899170
-.1860046387
-.2010955811
.1974182129
.2703399658
-.1817932129
.2097473145
.1628265381
.1552429199
-.1324768066
.2121582031
.1189270020
.1254119873
.1318054199
.1697845459
-.1316070557
.1195983887
.1535644531
.1463165283
-.1689910889
.0995483398
-.1050109863
.0810699463
.0928955078
.0947570801
.0814208984
-.4312896729
.4624938965
-.4508514404
-.3218536377
-.4794006348
.3917236328
-.3047943115
.3449554443
.4022369385
-.3834991455
-.3140563965
.4184265137
.3427276611
-.3309936523
-.2540130615
-.2859802246
.3234252930
-.2184448242
-.1783447266
-.1986389160
-.2146759033
-.2347106934
-.1537628174
.1804504395
-.1686553955
.1842346191
-.1747283936
-.1959228516
.2626953125
.1841278076
.1708831787
.1806945801
.1480102539
-.1398315430
-.1440277100
-.1376190186
.1708984375
-.0980072021
-.1780700684
.1580200195
.1329193115
.1466217041
.1077270508
-.1931610107
-.0681762695
-.0731506348
-.0704498291
.0726165771
-.1052398682
.0796661377
-.0989227295
-.0692901611
-.0958251953
-.0931549072
-.1727294922
-.1135406494
-.1708221436
-.2761840820
-.2824554443
-.2205047607
.3539733887
.3089141846
-.2040557861
-.3596649170
-.3279113770
-.2098846436
.1855468750
-.1475524902
-.1957855225
.1925964355
.2249145508
.2263031006
-.1681823730
-.0982513428
-.1671447754
-.2153472900
.1200866699
-.1244659424
-.1604766846
.1059875488
.0993652344
.1708831787
.1445159912
-.0789794922
-.0784912109
-.1288909912
.0870056152
-.2148437500
.4138336182
.4417877197
-.4152679443
.4260406494
.2889404297
-.1377716064
-.1450500488
-.1055297852
-.1771392822
-.1038055420
-.1512145996
.1347198486
.1240081787
.1188507080
.0924224854
.1081085205
-.1934204102
-.1242828369
-.0854187012
-.1082305908
.1541137695
.0882110596
.1029663086
.1425018311
.1216888428
.1080322266
-.0434417725
-.1210479736
-.1428680420
-.1095428467
-.0845184326
.1101226807
.0941314697
.1049652100
.1280822754
.1172180176
.0923919678
-.1365661621
-.1912841797
-.1526947021
-.0964050293
.1568298340
.1024932861
.1137084961
.1111145020
-.1038970947
-.1343231201
-.2052764893
-.1359863281
.0666961670
-.1079254150
.1871490479
.1300659180
.0807342529
.0883178711
.1120758057
-.0818481445
-.0739593506
-.0948486328
-.0599365234
-.1003723145
-.0979156494
.1595001221
.1576385498
.1444396973
.0976104736
-.0847015381
.0795440674
-.1476745605
.1011505127
.1621093750
.0768280029
.1348419189
.0943603516
-.1165313721
.1088256836
.1443939209
-.0989685059
-.2100524902
-.0919647217
-.0864105225
-.1184539795
-.0692901611
.0904388428
-.0840148926
.1292114258
.1354980469
-.0803527832
.1199035645
-.0644836426
.1441192627
-.1472167969
.1301727295
.1195831299
.1287994385
.1121063232
-.0923614502
.1013793945
-.1145935059
-.1466522217
-.0620880127
.1472778320
.1357116699
-.1192626953
.1514282227
.1286010742
-.1739044189
-.1573333740
-.0988769531
-.1242370605
-.1590118408
-.0852203369
.1215820313
.1342468262
-.1028594971
.0886077881
.0841522217
.1082000732
-.1346740723
-.0905303955
-.1768493652
-.1622161865
.0912628174
.1240234375
.1130523682
.1100769043
.0821533203
-.1203002930
-.2067260742
-.2100524902
-.1439971924
-.3601074219
.3175659180
.1500396729
.1308898926
.1032104492
-.1538085938
-.1972656250
-.1022338867
-.0662078857
.0747222900
.0688323975
.1181793213
.0954132080
.1350555420
.1375732422
-.0913085938
.1154022217
-.1130218506
-.1110382080
.0962677002
.0945434570
.1805725098
.1551055908
.1784057617
.1525573730
.1225585938
.1335906982
.2036590576
-.0930023193
-.1317443848
-.0815429688
-.1187591553
.1173858643
.0981140137
-.0792388916
.0828552246
.0865325928
-.0846252441
-.1199798584
.1171417236
-.1035766602
-.1390991211
.0834350586
.1069793701
.1208496094
.1250457764
-.1131744385
.1001129150
-.1647186279
.0972900391
-.1210174561
.1709899902
.1440277100
.1140136719
-.1014709473
-.0824279785
.0989685059
.0882873535
-.2019042969
-.1120147705
-.1248626709
.0799407959
.1216888428
.1133728027
.0851745605
.1434936523
.0923156738
.1042175293
-.0769958496
.1047821045
.1072387695
.1097717285
.1329650879
.1328277588
.0781097412
.1040954590
.1040954590
-.0568542480
-.0688018799
-.1044311523
-.0870513916
-.0765533447
.1172637939
.0995178223
.0843048096
.1599731445
.1704864502
-.0956726074
-.0755920410
-.1211700439
-.0686950684
-.0765838623
-.1013946533
.1432495117
.0989990234
.1042022705
.0982055664
.0590515137
-.0762481689
-.1272430420
-.0562591553
-.1034851074
.0438842773
.0863342285
-.0549011230
.0648498535
.0428924561
.0707092285
-.0619964600
-.0872802734
-.0906219482
-.0364532471
-.0431213379
-.0294952393
-.0569915771
.0555267334
.0511474609
.0661926270
-.0564422607
.0302276611
-.0412750244
-.0397949219
.0274810791
-.0534820557
.0269927979
.0303039551
-.0329742432
.0269775391
.0278472900
-.0336456299
-.0184783936
-.0254974365
-.0180358887
-.0106353760
.0069274902
.0203094482
.0087432861
.0095825195
.0076904297
.0033569336
-.0005645752
