.0000610352
-.0000457764
-.0000610352
-.0000457764
.0000457764
-.0000610352
.0000457764
.0000457764
.0000610352
.0000457764
.0000457764
-.0001068115
.0316619873
.0491790771
.0178527832
-.0065917969
.0018920898
-.0012359619
.0030059814
.0066375732
.0169219971
.0547485352
-.0694732666
.0462646484
.1316375732
.0790252686
.0860748291
.0509490967
-.0283660889
.0268859863
.0196990967
.0057983398
-.0036468506
-.0046844482
.0026855469
-.0028533936
.0010528564
-.0009002686
.0016632080
.0012359619
.0017242432
-.0007629395
.0004882813
.0007476807
-.0010681152
-.0010070801
-.0015716553
-.0005035400
-.0005340576
-.0009307861
-.0009155273
.0005645752
.0010223389
.0035858154
-.0019836426
.0013427734
.0007934570
.0005340576
-.0006713867
.0170593262
.1085357666
-.0760345459
-.0966796875
-.0662078857
.0537567139
.0245971680
.0114898682
.0066070557
.0034790039
.0026245117
.0014953613
-.0007324219
-.0005798340
-.0013885498
-.0009002686
-.0014953613
-.0006713867
-.0004272461
.0005035400
.0005035400
.0003051758
.0001068115
.0000457764
-.0000457764
-.0000457764
-.0000457764
-.0000610352
.0000457764
-.0000457764
-.0000457764
.0000457764
.0000305176
-.0000457764
-.0000457764
.0000457764
-.0000457764
-.0000457764
-.0000457764
-.0000457764
.0000457764
.0000457764
-.0000457764
-.0000457764
.0000457764
.0000457764
.0000305176
-.0000305176
-.0000305176
.0000305176
.0000305176
.0000305176
-.0000305176
.0000305176
.0000305176
-.0000305176
.0000305176
.0000305176
-.0000305176
.0000305176
-.0000305176
-.0000305176
-.0000305176
.0000305176
-.0000305176
-.0000305176
-.0000305176
.0000305176
.0000305176
-.0000305176
.0000305176
-.0000305176
.0000305176
-.0000305176
-.0000305176
-.0000305176
.0000305176
-.0000305176
-.0000305176
.0000305176
-.0000305176
.0000305176
-.0000305176
.0000305176
.0000305176
.0000305176
.0000305176
.0000305176
-.0000305176
-.0000305176
-.0000305176
.0000305176
.0000305176
-.0000305176
.0000305176
.0000305176
-.0000305176
-.0000305176
-.0000305176
-.0000305176
-.0000305176
.0000305176
-.0000305176
.0000305176
.0000305176
.0000305176
-.0000305176
-.0000305176
-.0000305176
.0000305176
.0000305176
.0000305176
-.0000305176
.0000305176
.0000305176
-.0000305176
-.0000305176
-.0000305176
-.0000305176
.0000305176
-.0000305176
-.0000305176
-.0000305176
-.0000305176
-.0000305176
-.0000305176
.0000305176
.0000305176
-.0000305176
-.0000305176
-.0000305176
.0000305176
.0000152588
.0000305176
.0000305176
.0000305176
.0000305176
.0000305176
-.0000305176
-.0000305176
-.0000305176
.0000305176
.0000305176
-.0000305176
.0000305176
.0000305176
.0000305176
.0000305176
.0000305176
-.0000305176
-.0000305176
-.0000305176
.0000305176
-.0000305176
-.0000305176
.0000305176
.0000457764
-.0000457764
.0000610352
-.0000457764
-.0000457764
-.0000610352
.0000457764
-.0000457764
-.0000457764
.0000457764
.0000457764
-.0000457764
-.0000457764
.0000610352
.0000457764
.0000457764
.0000457764
.0000457764
.0000457764
.0000610352
-.0000457764
-.0000610352
.0000457764
.0000457764
-.0000610352
.0000457764
-.0000305176
.0000457764
.0000457764
-.0000457764
-.0001068115
.0316772461
.0495452881
.0178680420
-.0065917969
.0018920898
.0010528564
.0036621094
.0066375732
.0141143799
.0547332764
-.0694732666
.0462799072
.1316375732
.0846710205
.0860748291
.0509643555
-.0283813477
.0269012451
.0196990967
.0078125000
-.0031280518
-.0066833496
.0026855469
-.0028533936
.0010681152
-.0011749268
.0016632080
.0011138916
.0017395020
-.0007629395
.0004882813
.0007629395
-.0010375977
-.0008239746
-.0015869141
-.0004730225
-.0004730225
-.0009307861
-.0010070801
.0005798340
.0010375977
.0035858154
.0024719238
.0013427734
.0007629395
.0005798340
-.0006713867
.0134429932
-.0942993164
-.0760192871
-.0966491699
-.0662231445
-.0490570068
.0308227539
.0114898682
.0065917969
.0034790039
.0026397705
.0013122559
-.0007324219
-.0005493164
-.0013275146
-.0009918213
-.0015106201
-.0007324219
-.0004730225
.0004730225
.0005035400
.0003051758
.0001373291
.0000457764
-.0000305176
.0000610352
-.0000305176
.0000610352
-.0000610352
.0000457764
.0000457764
-.0000457764
.0000610352
-.0000610352
.0000457764
.0000457764
.0000457764
-.0000457764
.0000610352
.0000457764
-.0000457764
-.0000457764
.0000610352
-.0000457764
.0000610352
.0000305176
.0000305176
.0000305176
.0000305176
.0000305176
-.0000305176
-.0000305176
.0000305176
-.0000305176
.0000305176
-.0000305176
-.0000305176
-.0000305176
.0000305176
.0000305176
.0000305176
-.0000152588
-.0000305176
-.0000305176
.0000305176
-.0000305176
.0000305176
.0000305176
.0000305176
-.0000305176
-.0000305176
.0000305176
-.0000305176
-.0000305176
.0000305176
.0000305176
-.0000305176
-.0000305176
-.0000305176
.0000305176
-.0000152588
.0000305176
.0000305176
-.0000305176
-.0000305176
-.0000305176
.0000305176
.0000305176
.0000305176
.0000305176
.0000305176
.0000305176
-.0000305176
-.0000305176
.0000305176
.0000305176
.0000305176
-.0000305176
-.0000305176
-.0000305176
.0000457764
.0000610352
-.0000610352
.0000457764
-.0000457764
-.0000457764
-.0000610352
-.0000457764
-.0000457764
-.0000457764
-.0000457764
.0000457764
.0000457764
-.0000457764
.0000457764
-.0000457764
.0000457764
-.0000457764
.0000457764
.0000457764
.0000610352
-.0000457764
.0000457764
-.0000457764
.0000457764
.0000457764
-.0000305176
.0000305176
-.0000610352
-.0000457764
-.0000457764
-.0001068115
.0316467285
.0491638184
.0142822266
-.0065765381
.0018615723
-.0012664795
.0036468506
.0095062256
.0169067383
.0547485352
-.0694580078
.0462951660
.1316375732
.0790100098
.0860748291
.0509490967
-.0283966064
.0269165039
-.0185089111
.0058593750
-.0040435791
-.0047607422
.0020904541
-.0028381348
-.0013275146
-.0008697510
.0015563965
.0012817383
.0017242432
-.0008544922
.0005035400
.0007781982
-.0010681152
-.0011291504
-.0015716553
-.0004882813
-.0006256104
-.0009613037
-.0009155273
.0006256104
.0010528564
.0036010742
-.0024566650
.0013427734
.0007781982
.0005493164
-.0006561279
.0188140869
.1085205078
-.0760192871
-.0966796875
-.0662078857
.0537567139
.0245971680
.0117492676
.0066070557
.0036163330
.0023193359
.0017700195
-.0007476807
-.0005798340
-.0014038086
-.0008850098
-.0015106201
-.0006713867
-.0003814697
.0005035400
.0004882813
.0002746582
.0001068115
.0000610352
-.0000457764
.0000457764
-.0000457764
-.0000610352
.0000457764
.0000457764
-.0000457764
-.0000457764
-.0000457764
-.0000457764
-.0000305176
-.0000305176
.0000305176
-.0000305176
-.0000305176
.0000305176
.0000152588
.0000305176
.0000305176
.0000305176
-.0000305176
-.0000305176
.0000305176
.0000305176
.0000305176
-.0000305176
-.0000305176
.0000305176
-.0000305176
-.0000305176
-.0000305176
.0000305176
-.0000305176
-.0000305176
-.0000305176
-.0000305176
.0000305176
-.0000305176
-.0000305176
-.0000305176
.0000305176
.0000305176
.0000305176
-.0000305176
.0000305176
.0000305176
.0000305176
.0000305176
.0000305176
.0000305176
.0000305176
-.0000305176
-.0000305176
.0000305176
-.0000305176
.0000305176
.0000305176
.0000305176
.0000305176
-.0000305176
.0000305176
.0000305176
.0000305176
.0000305176
.0000305176
-.0000610352
-.0000457764
.0000457764
.0000305176
.0000457764
-.0000457764
-.0000457764
.0000457764
.0000610352
-.0000457764
-.0000457764
.0000610352
.0000610352
-.0000457764
.0000457764
-.0000610352
-.0000457764
-.0000457764
-.0000457764
.0000305176
-.0000457764
.0000457764
-.0000457764
.0000457764
-.0000457764
.0000610352
.0000305176
.0000610352
.0000457764
-.0000610352
.0000457764
.0000610352
.0000305176
.0000457764
-.0000457764
-.0000457764
.0000457764
.0000457764
.0000457764
.0000457764
-.0000457764
.0000610352
-.0001068115
-.0499267578
.0491485596
.0142822266
.0039825439
.0018768311
-.0012817383
.0042724609
.0095062256
.0169219971
.0641632080
-.0694580078
-.0342864990
.1316528320
.0584411621
.0860900879
.0509490967
-.0283660889
.0269012451
-.0185089111
.0058441162
-.0054626465
-.0047607422
.0017700195
-.0028533936
-.0013275146
-.0007019043
.0012664795
.0012664795
.0017395020
-.0008239746
.0005035400
.0006561279
-.0010070801
-.0013427734
-.0015716553
-.0004882813
-.0007324219
-.0011291504
-.0007019043
.0006256104
.0010375977
.0035247803
-.0024414063
.0010986328
.0007629395
.0005340576
-.0004425049
.0188140869
.1085052490
-.0730438232
-.1192932129
.0628814697
.0537567139
.0239105225
.0117492676
.0062561035
.0036010742
.0023193359
.0017700195
-.0007934570
-.0007629395
-.0013885498
-.0009002686
-.0014648438
-.0006561279
-.0003356934
.0005187988
.0004577637
.0002746582
.0000762939
.0000457764
.0000610352
-.0000457764
-.0000457764
-.0000457764
-.0000457764
.0000610352
.0000305176
.0000457764
.0000610352
-.0000457764
.0000610352
.0000457764
-.0000457764
.0000457764
-.0000457764
.0000457764
.0000457764
.0000457764
.0000457764
-.0000457764
-.0000610352
.0000457764
-.0000457764
.0000457764
-.0000457764
-.0000610352
.0000305176
-.0000305176
.0000305176
.0000305176
-.0000305176
.0000305176
.0000305176
-.0000305176
.0000305176
-.0000305176
-.0000305176
.0000305176
.0000305176
.0000305176
.0000305176
-.0000305176
.0000305176
-.0000305176
.0000305176
.0000305176
-.0000305176
-.0000305176
.0000305176
-.0000305176
-.0000305176
-.0000305176
-.0000305176
.0000305176
.0000305176
.0000305176
-.0000305176
-.0000152588
-.0000305176
.0000305176
-.0000305176
-.0000305176
.0000305176
.0000305176
.0000305176
.0000305176
-.0000305176
.0000305176
-.0000305176
.0000305176
-.0000305176
.0000305176
.0000305176
.0000305176
-.0000305176
.0000305176
-.0000305176
-.0000305176
.0000305176
-.0000305176
-.0000305176
-.0000305176
-.0000305176
.0000305176
-.0000305176
-.0000305176
-.0000305176
.0000305176
.0000305176
-.0000305176
-.0000305176
.0000152588
.0000305176
-.0000305176
.0000305176
-.0000305176
.0000305176
.0000305176
-.0000305176
-.0000305176
-.0000305176
-.0000305176
-.0000305176
-.0000305176
.0000305176
-.0000305176
.0000305176
.0000305176
-.0000305176
.0000305176
.0000305176
.0000305176
.0000305176
.0000305176
-.0000305176
.0000305176
.0000305176
-.0000305176
.0000305176
.0000305176
-.0000305176
-.0000305176
.0000305176
.0000305176
-.0000305176
-.0000305176
-.0000305176
.0000305176
-.0000305176
-.0000305176
.0000305176
-.0000305176
-.0000305176
.0000305176
.0000305176
-.0000305176
-.0000305176
-.0000610352
.0000457764
-.0000305176
.0000457764
.0000457764
-.0000457764
-.0000457764
.0000457764
.0000457764
.0000457764
-.0000457764
-.0000457764
.0000457764
-.0000457764
.0000610352
.0000457764
-.0000457764
.0000457764
.0000457764
-.0000457764
-.0000457764
.0000457764
.0000610352
.0000457764
.0000457764
-.0001068115
-.0370025635
.0491790771
.0142822266
-.0066070557
.0018768311
-.0012817383
.0036468506
.0095062256
.0169372559
.0547485352
-.0694427490
.0462799072
.1316528320
-.0533599854
.0860900879
.0509490967
-.0283660889
.0269165039
-.0185089111
.0058593750
-.0045623779
-.0047607422
-.0017242432
-.0028686523
-.0013427734
-.0007781982
.0012664795
.0012512207
.0017242432
-.0008392334
.0004730225
.0006713867
-.0010070801
-.0013427734
-.0015716553
-.0004882813
-.0006256104
-.0011444092
-.0009155273
.0006408691
.0010375977
.0036163330
-.0024566650
.0013580322
.0007781982
.0005340576
-.0006713867
.0188140869
.1085205078
-.0760040283
-.1192932129
-.0661926270
.0537261963
.0238952637
.0117492676
.0062561035
.0035858154
.0023193359
.0017547607
-.0008087158
-.0006256104
-.0014038086
-.0009002686
-.0014801025
-.0006561279
-.0003814697
.0005035400
.0004730225
.0002899170
.0000915527
.0000457764
.0000610352
.0000457764
-.0000457764
.0000610352
.0000305176
-.0000305176
-.0000305176
-.0000305176
.0000305176
.0000305176
-.0000305176
-.0000305176
.0000305176
.0000305176
-.0000305176
-.0000305176
-.0000305176
-.0000305176
.0000305176
.0000305176
-.0000305176
-.0000305176
-.0000305176
.0000305176
.0000305176
.0000305176
-.0000305176
-.0000305176
.0000305176
-.0000305176
-.0000305176
.0000305176
-.0000305176
-.0000305176
.0000305176
.0000305176
.0000305176
.0000305176
.0000305176
-.0000305176
-.0000305176
.0000305176
.0000305176
-.0000305176
.0000305176
-.0000305176
-.0000305176
.0000305176
-.0000305176
-.0000305176
.0000305176
.0000305176
.0000305176
-.0000305176
-.0000305176
-.0000305176
.0000305176
-.0000305176
-.0000305176
-.0000457764
.0000610352
.0000457764
.0000610352
.0000457764
-.0000610352
.0000457764
-.0000457764
.0000457764
-.0000457764
.0000457764
.0000457764
-.0000457764
.0000457764
.0000610352
.0000457764
.0000610352
.0000457764
-.0000457764
-.0000610352
-.0000457764
-.0000457764
.0000457764
-.0000457764
.0000457764
-.0000457764
.0000457764
-.0000457764
-.0000457764
-.0000457764
.0000457764
.0000457764
.0000457764
-.0000457764
.0000457764
-.0000457764
-.0000457764
