.0000610352
-.0000457764
-.0000457764
.0000457764
-.0000457764
.0000457764
-.0000457764
-.0000457764
.0000610352
-.0000457764
.0000457764
.0000457764
-.0000457764
.0000457764
.0000457764
.0000457764
-.0000457764
-.0001831055
-.0004119873
-.0012969971
-.0033264160
-.0059814453
-.0054016113
-.0058746338
-.0067901611
-.0076141357
-.0090484619
-.0058135986
-.0048217773
-.0032196045
-.0042724609
-.0034484863
-.0020599365
.0027313232
.0069580078
.0099029541
.0083618164
.0054779053
.0038909912
.0035552979
.0138549805
-.0097656250
.0043792725
.0047454834
-.0034637451
-.0021667480
.0064086914
.0141143799
.0082855225
-.0079803467
.0149688721
.0101318359
-.0135650635
.0400238037
.0772857666
-.0585174561
.0487213135
-.0555267334
-.0390625000
-.0366668701
.0418853760
.0336151123
-.0461730957
-.0524902344
-.0277099609
-.0479888916
-.0149993896
.0378570557
.0354156494
.0305023193
.0116424561
.0088653564
.0093688965
-.0071563721
.0135650635
-.0270385742
-.0239105225
-.0123138428
.0073089600
-.0074615479
.0097198486
.0165710449
.0137176514
.0137176514
.0192108154
.0191802979
.0166168213
.0050201416
.0025634766
-.0033111572
-.0166320801
-.0278625488
-.0360565186
-.0474090576
-.0431060791
-.0248260498
-.0165557861
.0089721680
.0271453857
.0416412354
.0470123291
.0471801758
.0316314697
.0160827637
.0069732666
-.0103607178
-.0218353271
-.0287170410
-.0324554443
-.0314331055
-.0264282227
-.0166931152
.0029602051
.0187683105
.0300140381
.0339508057
.0365295410
.0364685059
.0264282227
.0152587891
.0074615479
-.0074615479
-.0168762207
-.0248565674
-.0335388184
-.0389099121
-.0393981934
-.0304107666
-.0169219971
-.0051116943
.0067138672
.0160522461
.0188446045
.0208435059
.0200958252
.0132141113
.0080261230
.0042114258
-.0013580322
-.0036773682
-.0054016113
-.0081939697
-.0116729736
-.0105895996
-.0052337646
.0021820068
.0089263916
.0122528076
.0142517090
.0173034668
.0176849365
.0151977539
.0105285645
.0033569336
-.0063629150
-.0081787109
-.0117034912
-.0140533447
-.0155792236
-.0157623291
-.0143432617
-.0101013184
-.0081634521
-.0061340332
-.0027465820
-.0026397705
.0044860840
.0076599121
.0098266602
.0106964111
.0075531006
.0047760010
.0021820068
-.0047454834
-.0101318359
-.0111999512
-.0081939697
-.0026092529
.0047912598
.0087890625
.0085601807
.0094909668
.0115966797
.0145111084
.0163574219
.0130920410
.0071716309
.0023956299
-.0033569336
-.0073394775
-.0104370117
-.0152282715
-.0180053711
-.0172271729
-.0141906738
-.0098266602
-.0062103271
-.0025482178
.0017547607
.0054626465
.0087280273
.0107879639
.0104064941
.0072784424
.0055999756
.0043792725
-.0015869141
-.0033264160
-.0080718994
-.0061187744
-.0052337646
-.0029754639
.0024566650
.0019531250
-.0032653809
-.0016632080
.0041656494
.0068054199
.0067443848
.0064392090
.0063934326
.0074310303
.0074768066
.0058288574
.0028991699
-.0027313232
-.0062103271
-.0065917969
-.0089874268
-.0113677979
-.0124816895
-.0127563477
-.0091094971
-.0045471191
.0015258789
.0027465820
.0049438477
.0068969727
.0094757080
.0113067627
.0113830566
.0079498291
.0028991699
-.0017395020
-.0035858154
-.0042419434
-.0066223145
-.0079193115
-.0076141357
-.0026092529
.0022277832
.0051879883
.0066375732
.0070495605
.0084991455
.0077056885
.0067291260
.0023040771
-.0053253174
-.0080261230
-.0085449219
-.0075988770
-.0077056885
-.0090179443
-.0053100586
-.0027465820
.0030822754
.0037536621
.0036468506
.0028228760
.0027465820
.0032653809
.0041503906
.0023040771
-.0030059814
-.0053710938
-.0039367676
.0029754639
-.0028991699
-.0047149658
-.0029754639
-.0025482178
.0050811768
.0066680908
.0071716309
.0057830811
.0043487549
.0057067871
.0048370361
.0038604736
-.0031585693
-.0056152344
-.0080108643
-.0075225830
-.0061187744
-.0067291260
-.0075988770
-.0088806152
-.0051269531
-.0020446777
.0023498535
.0063781738
.0057678223
.0064849854
.0060424805
.0081481934
.0074615479
-.0029144287
-.0060424805
-.0035400391
-.0066986084
-.0041046143
-.0076751709
.0096282959
.0353851318
-.0419311523
.0297088623
.0157775879
.0270538330
.0202178955
-.0527648926
.0285339355
.0153961182
-.0375213623
.0269470215
-.0371398926
.0116119385
-.0297393799
.0373687744
.0157470703
-.0181274414
.0132293701
.0116271973
.0161437988
-.0490112305
.0295104980
.0204315186
.0133056641
.0350799561
-.0289916992
-.0428161621
-.0202331543
.0255889893
.0281829834
.0254821777
-.1021423340
.0249938965
.0319976807
.0426483154
-.0137786865
.0292968750
-.0722198486
.0360412598
.0288391113
-.0134277344
-.0053100586
.0049285889
-.0233917236
-.0203857422
.0056762695
.0065307617
.0218048096
.0219421387
-.0297546387
-.0389556885
.0245361328
.0110015869
.0167236328
-.0242919922
-.0096740723
.0158233643
.0086517334
.0078277588
.0062103271
-.0059661865
-.0078887939
-.0054473877
-.0028686523
-.0027008057
-.0044403076
-.0017395020
.0025787354
.0051422119
.0047454834
.0035705566
-.0030517578
.0027313232
.0016326904
.0032501221
-.0026397705
-.0050659180
-.0071716309
-.0033111572
-.0038452148
-.0025024414
.0032043457
-.0034027100
-.0028839111
.0047149658
.0074920654
.0077514648
.0042266846
.0026397705
-.0041046143
-.0034484863
-.0038909912
-.0038146973
-.0047302246
-.0033111572
.0031127930
.0049285889
.0059814453
.0036468506
-.0046539307
-.0035400391
.0025177002
.0032043457
-.0039978027
-.0050506592
-.0052947998
-.0029754639
.0027618408
.0021514893
-.0034179688
-.0056304932
-.0049896240
.0031738281
.0061187744
.0037536621
.0040283203
.0026245117
.0051422119
.0060577393
.0041198730
-.0030059814
-.0059967041
-.0047912598
-.0031738281
.0025024414
-.0045166016
-.0049285889
-.0057067871
-.0026245117
.0032653809
-.0035705566
.0017700195
.0015258789
.0026245117
.0055541992
.0062561035
.0034790039
.0015106201
.0026550293
-.0018005371
-.0026702881
.0071563721
.0061340332
.0016174316
-.0030059814
-.0030212402
-.0021057129
.0022430420
-.0029907227
-.0024414063
-.0014495850
.0028381348
.0039062500
.0035400391
-.0017700195
-.0031738281
-.0025329590
.0030822754
-.0026550293
-.0037689209
-.0023345947
-.0041351318
-.0028381348
-.0020904541
.0011291504
-.0033569336
-.0042724609
-.0021362305
.0039062500
.0046081543
.0034179688
-.0053405762
-.0059204102
-.0025024414
.0024261475
.0058135986
.0036468506
-.0017395020
-.0020904541
-.0016632080
.0037689209
.0024108887
-.0028076172
-.0038299561
-.0041503906
-.0039520264
-.0025024414
-.0026092529
-.0017852783
.0021209717
.0022735596
-.0018157959
.0035400391
.0032958984
.0037689209
-.0032806396
-.0039367676
-.0025024414
-.0024414063
.0035858154
-.0030059814
-.0027923584
.0045471191
.0025482178
-.0034332275
-.0026092529
-.0022430420
-.0021820068
.0037384033
.0030822754
.0029907227
-.0015106201
-.0032196045
-.0063629150
-.0041961670
.0035552979
.0052337646
.0025024414
-.0030364990
.0028228760
.0049896240
.0045471191
.0041198730
.0036468506
-.0028228760
-.0036773682
.0030517578
-.0013275146
-.0029449463
-.0047454834
-.0041503906
.0033111572
.0046691895
.0021820068
-.0029144287
-.0020141602
.0039520264
.0030212402
.0026092529
.0022583008
-.0058441162
-.0070800781
-.0053100586
.0046691895
.0045013428
-.0035552979
-.0040740967
-.0030975342
.0017547607
.0031433105
.0019226074
.0020904541
-.0033416748
-.0051116943
-.0026245117
.0045013428
.0024108887
.0033111572
.0028839111
.0031738281
.0030975342
.0020751953
-.0050811768
-.0041198730
-.0023193359
.0036163330
.0020294189
-.0038299561
-.0072174072
-.0052490234
-.0020904541
.0065460205
.0080718994
.0043182373
.0023040771
-.0041046143
-.0035247803
-.0041351318
-.0043029785
-.0034942627
-.0042572021
-.0024871826
.0046081543
.0042877197
-.0025634766
.0041198730
.0029144287
.0037078857
.0033264160
.0028381348
.0024414063
.0026245117
-.0026245117
-.0041046143
.0031585693
.0032348633
.0033111572
.0039520264
.0031738281
-.0031433105
-.0033721924
-.0059051514
-.0034179688
.0027618408
.0049133301
.0025329590
-.0029602051
.0030822754
.0036315918
.0026550293
.0012664795
-.0029449463
-.0041351318
-.0025024414
-.0014343262
.0015106201
-.0016784668
-.0030059814
-.0031280518
.0034637451
.0059661865
.0048828125
.0036315918
-.0046386719
-.0025787354
.0050201416
.0035705566
-.0034027100
-.0030975342
-.0039825439
-.0033264160
-.0028381348
-.0020141602
-.0022583008
-.0032501221
-.0026855469
-.0023040771
.0023040771
.0029907227
.0034484863
-.0030212402
-.0026550293
-.0028076172
.0039672852
-.0028839111
-.0052795410
-.0041046143
.0032043457
.0052642822
.0045318604
.0031127930
-.0031127930
-.0041198730
.0043029785
.0048828125
-.0026092529
-.0039825439
-.0039672852
-.0024414063
.0045776367
.0036163330
-.0030212402
-.0032958984
-.0025634766
.0023498535
.0025939941
-.0018005371
-.0024871826
-.0029602051
-.0023040771
.0022888184
-.0041656494
-.0032501221
-.0046844482
-.0037078857
-.0016784668
-.0036773682
-.0020446777
.0034332275
-.0028076172
.0028686523
.0042877197
.0056304932
.0040130615
-.0023956299
-.0029449463
.0019531250
.0040893555
-.0033264160
-.0041198730
-.0034637451
-.0015106201
-.0024261475
.0036468506
-.0040435791
-.0032806396
.0030364990
-.0041809082
.0036773682
.0024719238
-.0030059814
.0046386719
-.0023040771
-.0025177002
.0020599365
-.0048522949
-.0055084229
.0027770996
.0031280518
.0043640137
.0043640137
.0018615723
.0031890869
.0047302246
.0068054199
.0052032471
-.0040283203
-.0043182373
-.0028686523
-.0043334961
-.0032348633
-.0034332275
-.0060272217
-.0040435791
.0046081543
.0038909912
.0038604736
.0031585693
.0028991699
.0054779053
.0068359375
.0042419434
.0043334961
-.0050659180
-.0068359375
-.0035400391
.0035705566
.0023803711
-.0042572021
-.0045013428
-.0050659180
-.0030670166
.0031738281
.0018005371
-.0028533936
-.0023803711
.0038146973
.0056610107
.0072784424
-.0046539307
-.0041351318
.0025634766
.0062255859
.0039672852
.0027465820
-.0033721924
-.0055236816
-.0045013428
-.0034484863
-.0030670166
-.0039520264
-.0021514893
-.0017547607
.0041351318
.0062255859
-.0036926270
-.0023345947
.0041351318
.0034179688
.0035858154
.0030212402
-.0020141602
-.0036468506
-.0054016113
-.0033721924
.0019073486
-.0027313232
-.0024719238
-.0032806396
.0028991699
.0038452148
.0047607422
.0039215088
.0030059814
.0037384033
.0032348633
.0039825439
.0038909912
-.0105590820
-.0084991455
-.0054473877
.0038299561
.0034637451
.0031738281
.0030212402
.0023040771
.0018768311
-.0018157959
-.0019226074
-.0035858154
-.0026397705
-.0018157959
-.0186767578
.1203613281
-.0803070068
.0388488770
.0389099121
-.0292358398
-.0241088867
.0173034668
-.0193481445
.0166625977
-.0083770752
.0105285645
-.0098419189
-.0100708008
-.0066375732
.0075073242
.0065307617
.0054931641
-.0057678223
-.0062255859
.0046234131
-.1214599609
-.0435485840
-.0338134766
.0170898438
-.0189514160
.0178375244
-.0121917725
-.0111083984
-.0125122070
-.0105438232
-.0131378174
.0069580078
.0059814453
.0051879883
.0065460205
.0051727295
.0059509277
.0055847168
-.0127258301
-.0093536377
-.0101013184
-.0092468262
.0053100586
-.0058441162
.0057525635
.0030212402
-.0065307617
-.0040588379
.0040588379
.0025177002
-.0031738281
.0034027100
.0046539307
.0039825439
.0036010742
-.0017547607
-.0015869141
-.0048370361
-.0043182373
-.0060729980
-.0059356689
-.0060882568
-.0045318604
-.0012664795
.0042572021
.0068206787
.0078430176
.0069274902
.0070648193
.0060882568
.0048522949
.0021667480
-.0023040771
-.0040435791
-.0058441162
-.0055694580
-.0050659180
-.0053405762
-.0042877197
-.0019836426
.0027923584
.0060424805
.0079193115
.0072021484
.0054779053
.0046386719
.0022583008
-.0013732910
-.0040130615
-.0070190430
-.0100402832
-.0101013184
-.0095672607
-.0080718994
-.0060882568
-.0037384033
.0018615723
.0052185059
.0080718994
.0079040527
.0063476563
.0051116943
.0041656494
.0029449463
.0017700195
-.0004272461
-.0022125244
-.0026245117
-.0020599365
-.0010223389
-.0007171631
-.0005493164
.0008697510
.0019226074
.0027313232
.0026397705
.0016021729
.0007324219
-.0002899170
.0002899170
-.0007476807
-.0015716553
-.0019989014
-.0019378662
-.0015106201
-.0008697510
-.0003662109
-.0002746582
-.0001831055
.0000610352
.0001678467
.0001220703
.0000610352
-.0000457764
.0000457764
.0000610352
-.0000457764
-.0000610352
.0000610352
-.0000457764
-.0000610352
.0000610352
.0000610352
.0000762939
.0000457764
-.0000457764
-.0000457764
-.0000610352
-.0000457764
.0000610352
-.0000457764
.0000457764
-.0000457764
-.0000457764
-.0000457764
-.0000457764
-.0000457764
.0000610352
.0000610352
.0000457764
-.0000457764
.0000610352
-.0000457764
.0000457764
.0000457764
-.0000457764
-.0000610352
.0000610352
-.0000457764
.0000457764
.0000457764
-.0000457764
-.0000457764
-.0000610352
.0000457764
.0000457764
-.0000305176
.0000457764
.0000457764
.0000610352
.0000457764
-.0000457764
-.0000457764
-.0000457764
-.0000762939
.0000457764
.0000305176
-.0000457764
-.0000610352
