.0057830811
.0120391846
-.0098114014
-.0074768066
.0073547363
.0081329346
.0081329346
.0057983398
-.0082397461
.0073547363
-.0105895996
-.0059051514
-.0059204102
-.0074615479
.0073394775
.0120239258
-.0074768066
.0081481934
.0104827881
-.0121459961
-.0098114014
-.0090179443
-.0105895996
.0112457275
.0065612793
-.0090332031
-.0074768066
-.0098114014
.0081329346
-.0121307373
.0096893311
-.0074768066
-.0090332031
.0049743652
.0088195801
-.0066528320
-.0121612549
-.0067138672
-.0106506348
-.0051727295
-.0067291260
-.0059509277
.0058135986
.0112304688
-.0097961426
-.0082397461
.0104675293
-.0058898926
-.0050659180
-.0074768066
.0080871582
-.0130004883
.0120239258
-.0082702637
-.0097656250
.0096893311
-.0067138672
.0065612793
-.0082855225
.0096588135
-.0050506592
-.0066528320
.0065460205
-.0136260986
.0097198486
.0073089600
-.0074310303
-.0074462891
.0097045898
-.0066986084
-.0074615479
.0119781494
.0057983398
-.0098419189
.0065917969
-.0098419189
.0120086670
-.0106658936
.0111999512
-.0083160400
-.0121917725
-.0106048584
.0096435547
.0065460205
-.0090637207
.0096130371
.0073699951
-.0121765137
-.0083160400
-.0121765137
.0127563477
.0128021240
-.0098114014
-.0113372803
-.0098419189
-.0082550049
.0112457275
-.0098114014
-.0067291260
.0081634521
-.0074920654
-.0074615479
-.0105590820
-.0121459961
-.0145416260
-.0082550049
-.0113983154
-.0090332031
.0073242188
-.0082244873
-.0113677979
-.0074920654
.0105133057
.0088806152
.0104522705
-.0097503662
.0065155029
.0119781494
.0065612793
-.0074005127
-.0121765137
.0080718994
-.0090789795
.0081329346
.0112762451
.0113372803
.0081939697
-.0067138672
-.0113525391
-.0090484619
.0073547363
.0073699951
-.0097961426
.0088958740
-.0098266602
-.0097961426
-.0097961426
-.0082092285
.0112609863
.0065765381
-.0082855225
-.0082702637
.0073699951
.0111694336
.0104522705
-.0082550049
.0112915039
.0088653564
.0104522705
.0095825195
.0104370117
-.0082397461
-.0074768066
-.0090332031
.0127410889
.0112762451
.0104064941
-.0043487549
-.0058898926
-.0043640137
.0073699951
.0066223145
.0081481934
-.0066528320
-.0097961426
-.0066680908
-.0051727295
.0065917969
-.0058746338
-.0051422119
-.0067138672
.0065612793
.0073394775
.0065460205
.0065155029
.0073547363
.0081176758
.0113067627
.0089416504
.0096588135
-.0106201172
.0097045898
-.0097808838
-.0106048584
.0081024170
.0112457275
-.0121612549
-.0167846680
.0136260986
-.0121917725
-.0098114014
-.0098419189
-.0074920654
.0096435547
-.0066680908
-.0097656250
-.0050964355
-.0058746338
-.0082550049
.0057830811
.0073394775
-.0090332031
.0088958740
.0088806152
.0096740723
-.0074615479
-.0099029541
.0120544434
.0073394775
-.0090484619
.0089111328
-.0067138672
-.0051422119
-.0082244873
.0104675293
-.0067596436
.0096588135
.0104522705
-.0136871338
-.0081939697
.0128479004
-.0083160400
-.0059051514
-.0113830566
-.0098266602
.0065917969
-.0090942383
-.0160827637
-.0145416260
-.0114288330
.0120697021
.0104522705
.0081176758
.0103912354
-.0090789795
-.0098571777
.0097198486
-.0051422119
.0104370117
.0104827881
-.0059204102
.0065307617
-.0097961426
-.0090484619
.0057830811
-.0082092285
-.0121917725
-.0113372803
-.0136871338
.0135345459
-.0113677979
.0112304688
-.0074920654
-.0105895996
.0105133057
.0112457275
-.0097656250
.0065917969
-.0082702637
-.0042724609
.0074310303
.0057678223
-.0090789795
-.0051574707
-.0090942383
.0112609863
-.0098114014
.0105133057
-.0097961426
-.0067749023
.0089721680
.0112457275
-.0105895996
-.0082244873
-.0066223145
-.0074310303
-.0090026855
.0050201416
.0065917969
.0065765381
-.0082702637
-.0106048584
-.0090484619
-.0066833496
-.0043487549
.0057525635
.0112609863
.0081024170
-.0082855225
-.0075073242
.0081481934
-.0098114014
.0105133057
-.0050964355
-.0075378418
-.0082702637
-.0090484619
-.0066528320
.0073242188
-.0098114014
-.0097656250
-.0067443848
-.0066833496
.0089416504
.0112609863
-.0074462891
.0081176758
.0065917969
.0058288574
-.0082550049
-.0114135742
-.0098419189
-.0096893311
-.0122222900
.0090179443
.0097503662
-.0113677979
.0081634521
-.0090332031
-.0105743408
.0065765381
.0058135986
.0088958740
.0065917969
.0073547363
.0066070557
.0104827881
.0065460205
-.0058441162
.0089416504
-.0097656250
-.0074462891
.0081329346
-.0090332031
.0073394775
-.0066528320
.0073394775
-.0074920654
.0096435547
.0104522705
-.0066833496
-.0059356689
.0058135986
.0097961426
.0081176758
.0057525635
.0088653564
-.0097503662
-.0082550049
-.0059051514
.0104827881
.0104675293
.0120239258
.0065612793
-.0051116943
.0058288574
-.0066833496
-.0066986084
-.0090484619
.0120086670
-.0105590820
.0074005127
-.0066528320
.0097198486
.0097045898
-.0090026855
-.0097961426
.0111846924
-.0081787109
.0097045898
-.0066833496
.0066375732
.0088958740
.0065917969
.0057983398
.0057983398
.0057983398
-.0051116943
-.0090332031
.0112915039
.0089721680
.0081634521
-.0067138672
-.0113983154
.0073242188
.0065460205
-.0066833496
-.0074462891
.0073547363
.0073394775
.0073394775
.0050506592
.0127868652
-.0074462891
-.0114135742
.0097656250
.0096740723
-.0082397461
.0097503662
-.0090332031
-.0098114014
-.0059051514
.0104675293
-.0098419189
.0096282959
-.0051422119
-.0082092285
.0081176758
-.0105895996
.0073547363
-.0074615479
-.0090789795
.0081176758
.0104980469
.0128326416
-.0066375732
-.0074920654
.0104980469
-.0074920654
-.0090637207
-.0059204102
-.0059356689
.0073394775
.0065612793
-.0090332031
.0065307617
-.0098419189
.0073547363
-.0074768066
-.0066223145
-.0144653320
-.0106048584
-.0105743408
-.0090179443
-.0121307373
.0104827881
.0073242188
.0127716064
.0104675293
.0097198486
-.0067138672
-.0082244873
.0128021240
.0096435547
-.0051269531
-.0066528320
.0073089600
.0088958740
-.0090332031
.0073242188
.0065155029
-.0051574707
-.0082702637
.0073394775
.0112457275
.0057983398
.0143737793
-.0098419189
-.0067138672
.0065307617
.0088806152
.0089569092
-.0121765137
-.0067596436
.0128326416
.0089416504
.0057830811
.0057373047
.0065612793
-.0067138672
-.0098724365
.0073852539
-.0074157715
-.0074615479
-.0097656250
-.0082550049
-.0106506348
-.0067138672
-.0066986084
-.0058898926
.0104675293
.0065765381
.0097045898
-.0074768066
.0073394775
-.0105895996
-.0097961426
-.0090179443
-.0082397461
.0097045898
-.0129394531
.0104827881
-.0074462891
-.0058746338
-.0090332031
.0104522705
-.0059204102
.0073547363
-.0097961426
-.0144653320
-.0074310303
.0104370117
.0143737793
.0105133057
-.0059051514
.0105133057
-.0090484619
-.0059356689
-.0082397461
-.0067291260
.0097351074
.0065155029
-.0059051514
.0065155029
.0088806152
.0089263916
-.0090484619
-.0090484619
.0096893311
-.0083007813
.0073242188
.0105133057
.0080871582
.0089263916
-.0090026855
.0081024170
-.0051574707
-.0090484619
.0081024170
.0049896240
.0135498047
.0096588135
-.0113830566
.0112152100
.0065307617
.0050048828
.0065765381
.0073547363
.0096435547
-.0059356689
-.0074310303
-.0082397461
-.0067138672
-.0067291260
-.0067443848
-.0082550049
-.0113677979
.0088806152
-.0074920654
-.0074615479
.0065917969
-.0067138672
.0096740723
-.0105895996
.0104827881
.0065460205
-.0082550049
-.0082244873
.0073547363
.0081787109
-.0058898926
-.0067291260
.0096740723
-.0113372803
-.0081787109
-.0066375732
-.0059356689
-.0098419189
.0112609863
.0096893311
-.0121459961
-.0066375732
-.0106048584
.0089416504
-.0083160400
.0073547363
.0105133057
.0058135986
.0081481934
-.0074615479
.0088958740
-.0090026855
.0104064941
.0096740723
-.0105743408
.0104217529
.0096893311
-.0121765137
-.0067443848
-.0106201172
-.0090179443
-.0113983154
-.0082702637
-.0075225830
.0080718994
.0081024170
.0065612793
.0105285645
-.0066680908
-.0098114014
.0111846924
.0120697021
-.0058746338
-.0067138672
-.0066986084
-.0082397461
-.0074768066
.0073852539
.0058593750
-.0074462891
.0073852539
.0096435547
-.0121307373
-.0074462891
-.0059967041
.0143737793
-.0160369873
.0096588135
.0081481934
.0088806152
.0088653564
-.0082244873
-.0074615479
-.0059204102
.0042419434
.0065765381
.0066070557
-.0074920654
-.0059661865
-.0074615479
-.0075531006
-.0106353760
-.0082244873
.0088958740
-.0051574707
.0081329346
.0073547363
.0065917969
-.0066680908
.0073394775
-.0043487549
.0057678223
.0081176758
-.0098266602
.0097198486
-.0066680908
-.0066528320
.0073852539
.0065307617
.0080718994
-.0159759521
.0104370117
-.0090026855
-.0113677979
.0080871582
-.0074768066
.0088958740
-.0043792725
-.0089569092
.0135955811
.0066070557
-.0075378418
.0112457275
-.0082702637
-.0168457031
-.0105590820
.0058135986
.0081176758
.0096435547
-.0113983154
.0127716064
-.0106048584
.0065612793
-.0098266602
.0088806152
-.0082702637
.0096588135
-.0066986084
.0081176758
-.0098419189
-.0058746338
-.0058746338
-.0082244873
-.0059204102
.0081634521
.0065460205
.0104522705
-.0082092285
-.0082397461
-.0082244873
.0049896240
.0104370117
.0128631592
.0065765381
-.0098266602
-.0113830566
-.0105133057
-.0097961426
.0088958740
-.0082702637
-.0098114014
-.0098266602
-.0090484619
-.0066680908
-.0113067627
.0112457275
.0112304688
.0104980469
.0066070557
-.0035858154
-.0074768066
-.0051269531
.0096740723
.0104827881
.0065765381
.0073089600
-.0066680908
-.0067138672
-.0066375732
-.0081939697
.0081329346
.0081481934
.0096740723
.0120391846
.0081024170
.0081024170
.0058441162
-.0043640137
.0096893311
-.0090332031
-.0066680908
-.0082092285
.0104980469
.0105133057
.0081329346
.0073852539
-.0129394531
-.0090332031
-.0074920654
.0112304688
-.0097656250
-.0097961426
-.0089874268
-.0058593750
-.0066375732
-.0074768066
.0081024170
.0081024170
-.0105743408
-.0113525391
.0096588135
-.0129394531
.0143585205
.0089263916
-.0145721436
-.0098266602
-.0083007813
-.0129547119
-.0098266602
-.0106201172
.0104980469
-.0129699707
-.0129699707
.0120239258
.0120544434
.0065460205
-.0051422119
-.0058746338
.0042419434
-.0074157715
.0066223145
.0081481934
-.0082244873
-.0082244873
-.0097808838
-.0066833496
.0105438232
.0096435547
.0057830811
.0073394775
.0080718994
.0050201416
.0050201416
-.0082702637
.0050048828
.0074310303
-.0074310303
-.0066528320
.0057525635
-.0074157715
-.0105590820
-.0097961426
-.0128479004
.0081481934
.0096435547
.0104675293
.0081787109
-.0089874268
.0058135986
-.0075073242
-.0043640137
.0073242188
-.0043792725
.0127868652
-.0082397461
.0089416504
-.0067291260
-.0113983154
.0111999512
-.0106506348
-.0067291260
.0128021240
-.0075073242
.0080718994
-.0082244873
-.0090026855
-.0082397461
-.0106506348
-.0098419189
.0111999512
.0073394775
-.0105590820
-.0090332031
-.0051116943
-.0121307373
-.0113983154
-.0082702637
-.0075531006
.0104522705
-.0067291260
.0057525635
.0081481934
.0065917969
.0096893311
-.0097503662
-.0074462891
-.0098114014
-.0066986084
-.0098571777
.0104675293
-.0106506348
.0104675293
-.0105590820
.0081329346
-.0098266602
-.0082702637
.0104827881
.0097351074
-.0050964355
-.0113220215
.0104827881
-.0098571777
.0065765381
.0097198486
-.0058898926
.0081787109
.0058746338
.0104522705
-.0081787109
-.0091094971
-.0066833496
-.0090789795
-.0067291260
-.0043029785
-.0074615479
.0057373047
-.0097808838
.0104522705
-.0043334961
-.0082244873
-.0098114014
.0135803223
.0128173828
-.0074462891
.0096588135
.0097198486
.0065917969
-.0043029785
.0104064941
.0073089600
-.0121612549
-.0097961426
-.0090484619
-.0098419189
-.0105895996
-.0082397461
-.0051116943
.0089263916
.0112762451
-.0090179443
-.0097808838
-.0121002197
.0143890381
.0105743408
.0081481934
.0065612793
-.0074310303
-.0098419189
.0112609863
.0065307617
-.0090179443
-.0090484619
-.0113677979
.0119628906
-.0082855225
-.0097656250
-.0067291260
-.0090332031
-.0082397461
.0073852539
-.0058898926
-.0067291260
.0089416504
.0097045898
-.0098114014
.0127868652
.0073547363
-.0105438232
-.0090332031
.0081634521
.0089569092
-.0105438232
-.0058288574
.0081176758
-.0074310303
.0073242188
-.0059204102
.0112304688
-.0082855225
-.0113983154
.0065765381
.0096588135
.0066070557
-.0074005127
-.0106048584
.0112457275
.0057830811
-.0105590820
-.0098419189
.0081634521
.0135345459
.0128173828
-.0066986084
.0080566406
-.0090179443
-.0097808838
-.0075073242
-.0082855225
-.0105590820
-.0082702637
.0065155029
.0111999512
.0096588135
-.0059509277
.0111846924
.0065460205
-.0074768066
-.0059051514
.0073852539
-.0090637207
.0081024170
-.0137176514
.0088806152
-.0097961426
.0073394775
-.0105438232
-.0098419189
-.0097808838
-.0082550049
.0034637451
-.0089874268
.0065765381
-.0059204102
-.0059204102
.0073394775
.0080871582
-.0090942383
-.0066986084
-.0074615479
.0057678223
.0089263916
-.0105590820
-.0082855225
-.0082855225
.0112152100
-.0105590820
.0097198486
.0104675293
.0081787109
.0065917969
-.0050964355
-.0121612549
-.0129699707
.0135955811
-.0097961426
.0088806152
.0065765381
-.0090484619
-.0097656250
-.0113372803
-.0082397461
.0073394775
-.0106201172
-.0082550049
