.0000152588
.0000152588
.0000152588
-.0000152588
-.0000152588
.0000152588
-.0000152588
.0000152588
-.0000152588
.0000152588
.0000152588
.0000152588
-.0000152588
.0000152588
-.0000152588
.0000152588
-.0000152588
.0000152588
.0000152588
.0000152588
-.0000152588
-.0000152588
-.0000152588
.0000152588
-.0000152588
.0010528564
-.0014495850
.0017700195
-.1094970703
-.2242736816
-.1562347412
.1650543213
-.1219787598
-.2002563477
-.2469329834
.1635894775
-.0980072021
-.2192230225
.1426849365
-.1252746582
.1047058105
-.0789642334
.1216278076
.0842285156
.1501312256
-.1316223145
.0522155762
.0364990234
.0778503418
.0610961914
.1237487793
.0870819092
-.1036987305
-.0808105469
.0694427490
-.0764007568
.1334533691
-.0793762207
-.0918273926
.1152496338
.0270690918
-.1248016357
-.0498352051
.0639648438
-.1154479980
.0365295410
.0513153076
-.1059417725
.0189056396
-.0438079834
.0346527100
-.0802612305
-.0627746582
-.0420532227
-.0308837891
.0365905762
-.0582580566
.0875549316
.0226593018
.0752258301
.0161743164
-.0236968994
.0120544434
-.0699615479
-.0246429443
-.0360412598
.0330810547
.0345001221
.0285644531
-.0123901367
-.0241394043
-.0345458984
.0552825928
-.0338439941
.0443878174
-.0577239990
.0350494385
-.0222930908
.0108795166
-.0153045654
.0269470215
-.0146026611
-.0236358643
-.0271606445
-.0171813965
.0131530762
-.0258941650
.0235748291
-.0328826904
-.0124053955
.0114288330
.0148162842
-.0189819336
.0196838379
-.0374450684
.0362091064
-.0200653076
-.0147552490
.0353088379
-.0453033447
.0351562500
-.0311889648
.0374603271
-.0253295898
.0458068848
-.0151519775
.0231018066
-.0068969727
-.0138397217
-.0102081299
.0095062256
-.0279083252
.0360565186
-.0265655518
.0267639160
-.0143280029
-.0114440918
-.0132446289
.0298461914
-.0176696777
.0288238525
-.0280609131
-.0081024170
.0265960693
.0095520020
.0068664551
-.0233917236
.0139770508
.0106811523
-.0067596436
.0178070068
-.0122680664
.0093536377
-.0115661621
-.0108337402
.0099487305
-.0077362061
-.0145111084
-.0211639404
.0331420898
-.0062713623
.0060577393
.0093994141
-.0195922852
-.0051879883
.0091552734
-.0091857910
-.0142364502
.0128784180
-.0163574219
.0180969238
-.0134429932
-.0396881104
-.0246734619
.0126800537
-.0106658936
.0173950195
-.0240325928
.0141296387
.0233306885
-.0165252686
.0125122070
-.0221862793
.0182800293
-.0144653320
.0073852539
.0195922852
-.0148925781
-.0034027100
-.0127563477
.0145111084
-.0085296631
.0073394775
.0026702881
.0162658691
-.0107879639
.0152282715
-.0074005127
-.0053253174
.0112152100
-.0035552979
.0026397705
-.0099334717
-.0144500732
-.0069427490
-.0079498291
-.0086669922
-.0043640137
-.0131225586
-.0198211670
.0127563477
.0059509277
-.0118560791
.0070037842
-.0053710938
.0064697266
-.0070037842
.0041809082
-.0032196045
.0067443848
-.0037689209
.0027923584
.0039367676
.0041046143
-.0058746338
.0025177002
-.0036773682
.0037078857
-.0057373047
-.0015716553
-.0033874512
-.0043792725
.0065460205
.0022430420
.0118408203
-.0087280273
-.0095214844
.0147552490
-.0163421631
.0141754150
-.0165252686
.0168762207
-.0036468506
-.0050964355
.0113830566
-.0061798096
.0078887939
-.0109252930
.0164947510
-.0145721436
.0122528076
-.0100250244
.0028381348
-.0061340332
.0021362305
-.0051269531
.0024414063
.0035247803
-.0142059326
.0117492676
-.0148620605
.0071716309
-.0082702637
.0047912598
-.0052185059
.0041656494
-.0143280029
.0085601807
-.0142059326
.0286407471
-.0060272217
.0077819824
-.0049438477
.0163269043
-.0077819824
.0084075928
-.0039672852
-.0053863525
.0160827637
.0031127930
.0056915283
.0092315674
-.0098266602
.0077972412
-.0143280029
.0093994141
.0040283203
.0053863525
-.0042266846
.0078735352
-.0127258301
.0084228516
-.0055847168
.0115051270
-.0106506348
.0096588135
-.0043792725
-.0030670166
.0063171387
-.0053558350
-.0046844482
-.0100097656
.0130767822
-.0083312988
.0066680908
-.0036315918
.0038146973
.0018615723
-.0119476318
.0162353516
-.0126190186
.0152893066
-.0054779053
.0123596191
-.0229949951
.0199584961
-.0159454346
.0145721436
-.0120239258
.0043792725
-.0127258301
.0021667480
-.0062408447
.0078430176
-.0057525635
-.0031280518
.0115051270
.0061492920
-.0078582764
-.0015258789
.0042419434
-.0064544678
.0076751709
.0033874512
.0023193359
-.0047149658
.0090179443
-.0072937012
.0159301758
-.0049896240
.0100555420
-.0059967041
.0077819824
.0061340332
-.0054626465
.0064086914
-.0079956055
.0081939697
-.0085906982
.0023345947
.0072174072
.0089874268
.0110015869
-.0076141357
-.0052337646
.0112762451
-.0113983154
-.0034942627
.0084991455
.0050201416
-.0107116699
-.0177764893
-.0314788818
.0206909180
.0388793945
-.0266113281
.0067138672
.0099182129
-.0158081055
-.0093383789
.0202636719
-.0074615479
-.0273895264
.0206909180
-.0068359375
-.0165710449
.0045166016
.0070800781
.0135345459
-.0093841553
.0215911865
-.0245666504
.0077667236
-.0071716309
-.0047454834
.0038604736
.0091552734
-.0059967041
.0051879883
-.0036468506
.0101165771
.0030364990
.0095672607
-.0090484619
.0093231201
-.0060577393
.0064392090
-.0020294189
-.0019683838
-.0074920654
.0056915283
-.0067443848
.0092926025
-.0068359375
.0033874512
-.0078582764
.0099182129
-.0072479248
.0061492920
-.0041809082
.0070800781
-.0044708252
.0023345947
.0051574707
.0081176758
-.0081481934
.0062408447
-.0057525635
.0075225830
-.0036315918
.0014801025
.0014801025
.0055694580
-.0014343262
.0067291260
.0017242432
-.0049896240
-.0068664551
.0037841797
.0047302246
-.0045776367
.0046844482
-.0030517578
-.0022125244
.0026550293
-.0021667480
-.0025024414
.0048675537
.0050354004
.0014953613
-.0040740967
.0045623779
-.0035552979
.0042266846
-.0040588379
.0048828125
-.0055389404
-.0024108887
-.0043029785
.0058135986
-.0045776367
.0079345703
-.0023345947
.0014953613
-.0015869141
-.0040130615
.0033874512
-.0039062500
.0061492920
.0034637451
-.0052795410
-.0018005371
.0056762695
-.0154418945
.0057220459
-.0074005127
.0071258545
-.0144195557
.0119171143
-.0112609863
.0064086914
-.0070190430
.0085296631
-.0046234131
.0028228760
.0052795410
-.0046081543
-.0036621094
-.0064086914
.0101318359
-.0083465576
.0036621094
-.0075683594
.0083923340
-.0045776367
.0068054199
-.0095977783
-.0070343018
.0030822754
-.0064392090
-.0074768066
-.0078582764
.0062408447
-.0124511719
.0031738281
.0067596436
-.0086212158
.0110778809
-.0125885010
.0087432861
-.0115966797
.0107116699
-.0052185059
.0102081299
-.0035247803
.0027618408
-.0097503662
.0016021729
.0042877197
.0032501221
.0072021484
-.0065002441
.0104980469
-.0121612549
.0146636963
-.0014953613
.0042419434
.0023193359
-.0058135986
.0043334961
-.0106506348
.0026702881
-.0043182373
-.0059509277
-.0044250488
.0040435791
-.0018615723
.0046081543
-.0030822754
-.0087738037
.0040740967
-.0062866211
.0083923340
-.0057983398
-.0041961670
.0024719238
.0033416748
-.0082244873
.0057830811
-.0085449219
.0230255127
-.0083618164
-.0046386719
.0081329346
-.0071411133
.0151824951
-.0043029785
.0052795410
-.0032806396
.0070190430
-.0089721680
.0078430176
-.0134887695
.0135803223
-.0044860840
.0025634766
-.0081176758
-.0092773438
.0151062012
-.0044403076
.0081024170
.0064086914
-.0025024414
-.0086212158
-.0258941650
-.0166931152
-.0407714844
-.0353546143
.0488586426
.0305633545
.1855773926
.2062835693
.1790924072
-.2071533203
.1530456543
.1770782471
-.1734313965
.1696624756
-.1141967773
-.1302490234
-.1507415771
.1666107178
-.1815185547
.1525115967
.1697998047
.1890258789
-.1789703369
.1684112549
.1733856201
-.1926422119
.1728973389
-.1391754150
-.1914215088
.1910858154
.1569213867
.1834564209
-.1593475342
-.2249298096
-.1598968506
.1620025635
.1915130615
-.1805419922
.1722259521
-.2279815674
-.1632537842
-.1508026123
-.1436462402
.2102203369
-.1483001709
.1868438721
.1498718262
-.0482330322
-.1134185791
-.1515655518
-.1736145020
-.1150512695
.1167297363
-.0931091309
.0964813232
-.1360778809
-.1317138672
-.1190185547
.1160278320
.1303405762
.1358337402
-.0436553955
-.0895996094
.0971679688
.0614929199
-.0522918701
-.1323242188
-.1046142578
.1507415771
.0950012207
.1238403320
-.0974121094
.0891571045
.0774383545
.0920715332
-.1498107910
-.1181945801
.0848083496
-.2115020752
.2114715576
-.1630249023
.1086883545
-.1407165527
.2230987549
-.2270965576
.1586761475
-.2115325928
.1406250000
.1569213867
-.1045989990
.1303100586
-.1208038330
.1280517578
.1033782959
.0915222168
.1266937256
.1524810791
-.1283111572
-.0939636230
.1006774902
.1600952148
-.1244354248
-.0726470947
-.0937957764
-.1583099365
-.0693817139
.1429595947
-.1063079834
.1399536133
-.0874176025
.1868133545
-.1513977051
.1396789551
.0925903320
-.0872344971
-.0905456543
.0660858154
.1075134277
.0913848877
.0722503662
-.0819854736
-.1154022217
.0739288330
-.0631256104
.0800933838
.1054992676
.1270751953
-.0982971191
.1174774170
-.1458129883
.0983428955
-.0974273682
.1403656006
.0832061768
.1611633301
-.0945281982
-.1398315430
-.1143035889
.1233367920
-.0812683105
-.0458984375
.0509490967
.0837097168
.0767517090
-.0690917969
-.0837554932
.0372009277
-.0279998779
.0723876953
-.0837860107
.0740814209
.0799407959
-.0508575439
-.0417633057
-.0709228516
-.0397644043
-.0271759033
-.0498657227
.0553741455
-.0505371094
.0272064209
.0631866455
.0617218018
.0234680176
.0848846436
-.0509948730
.0170745850
.0557098389
.0402374268
.0470123291
-.0660400391
-.0317687988
.0686340332
-.0558013916
-.0537872314
.0714416504
.0592651367
-.0442504883
.0126495361
-.0233764648
.0109863281
-.0656433105
-.0315856934
.0619049072
-.0527496338
.0234832764
-.0594329834
.0721588135
-.0525665283
-.0424804688
-.0563507080
.0452270508
.0297546387
.0384521484
.0293273926
-.0840911865
.0747375488
-.0699615479
.0319519043
-.0402069092
.0274810791
-.0418853760
.0269927979
.0114746094
.0188140869
-.0291137695
.0096435547
-.0190429688
-.0165405273
-.0110626221
.0100402832
.0273132324
.0154266357
.0182189941
-.0182189941
.0115814209
.0309600830
.0205535889
-.0230712891
-.0074310303
-.0211791992
.0252990723
-.0296630859
-.0332641602
.0277862549
-.0058898926
.0238952637
-.0114288330
-.0224761963
.0136260986
.0091552734
-.0032043457
-.0084381104
-.0077056885
-.0142364502
.0118713379
-.0180664063
.0241241455
.0075225830
-.0136566162
-.0153656006
-.0151824951
.0121765137
-.0107879639
.0136718750
-.0159149170
-.0145416260
-.0208129883
-.0226745605
-.0137939453
.0294342041
.0267791748
.0239562988
-.0421295166
-.0594024658
.0346832275
-.0275726318
-.0563659668
-.0322723389
.0290832520
-.0290679932
.0229187012
-.0334320068
.0186614990
-.0163879395
-.0143127441
-.0158996582
-.0155181885
.0106506348
.0182037354
.0203704834
-.0171813965
.0166473389
-.0181121826
-.0113067627
-.0110015869
-.0059967041
.0069885254
-.0072479248
.0091247559
-.0053710938
-.0069732666
-.0049591064
-.0086212158
.0101623535
-.0082092285
.0049285889
-.0051879883
.0046081543
-.0082092285
-.0041809082
-.0045928955
-.0049438477
.0026550293
.0043029785
.0037078857
-.0033721924
.0030822754
.0036315918
.0029754639
-.0022430420
-.0028076172
.0030212402
.0055236816
-.0058288574
-.0043182373
-.0018920898
.0024719238
.0024108887
.0040283203
.0023193359
.0006713867
-.0042266846
-.0025177002
.0020141602
-.0024108887
-.0046386719
-.0017852783
-.0014495850
-.0021667480
.0026702881
.0035095215
.0015869141
.0025939941
-.0013732910
.0014953613
-.0017242432
-.0021820068
.0018005371
-.0011596680
.0028228760
.0030059814
-.0016784668
-.0015563965
-.0021667480
-.0017089844
.0078735352
-.0100402832
.0071411133
.0196228027
.0099945068
.0098571777
-.0126342773
.0053558350
.0052490234
.0078582764
.0027313232
.0082244873
-.0074615479
.0028991699
-.0076599121
-.0064697266
-.0064086914
-.0028228760
-.0057525635
-.0016937256
.0064849854
.0031738281
.0060577393
-.0029754639
.0029754639
-.0028076172
.0028686523
-.0018768311
-.0025482178
.0031738281
-.0018310547
.0021820068
.0013275146
.0019226074
-.0006561279
.0009765625
.0016632080
.0014801025
-.0012054443
-.0015563965
.0009307861
.0011291504
.0008087158
-.0014495850
.0012512207
-.0014801025
.0004577637
-.0018310547
.0011444092
-.0014190674
.0006256104
-.0007171631
.0009307861
.0003967285
-.0006408691
.0009918213
-.0008239746
.0005645752
-.0005493164
-.0004119873
-.0003509521
-.0008392334
.0006713867
-.0005035400
-.0003051758
-.0005798340
.0006713867
-.0004119873
-.0002746582
-.0003356934
.0005035400
-.0002136230
-.0003204346
-.0004272461
.0002593994
.0003356934
-.0004119873
.0002899170
-.0002899170
.0004272461
-.0002288818
.0003051758
.0003509521
.0001678467
.0003356934
-.0002899170
.0003509521
.0002136230
.0003356934
-.0005645752
-.0004730225
-.0007019043
.0014953613
.0007934570
-.0007476807
.0011138916
-.0012817383
.0013885498
-.0009307861
.0005493164
-.0004882813
