-.0000152588
.0000152588
.0000152588
.0000152588
-.0000152588
-.0000152588
-.0000152588
.0000152588
.0000152588
-.0000152588
.0000457764
.0004882813
-.0008239746
-.0017395020
-.0014801025
.0176391602
-.0229644775
.0159149170
.0075073242
-.0044250488
-.0066070557
.0127716064
.0051574707
-.0086212158
.0085601807
-.0068206787
.0104522705
-.0200805664
-.0076141357
-.0088653564
.0037231445
.0086059570
.0062713623
-.0187225342
-.0087280273
-.0052795410
-.0067596436
-.0048217773
-.0084686279
-.0048828125
.0056304932
.0229949951
.0195007324
.0179138184
-.0091094971
-.0250549316
-.0147857666
.0106353760
.0302276611
-.0073852539
-.0080566406
-.0185241699
-.0243835449
.0331115723
.0203704834
.0309753418
.0292205811
-.0202941895
-.0135192871
-.0258941650
-.0239562988
-.0112609863
-.0390930176
-.0305633545
-.0377349854
-.0315551758
-.0181732178
.0025329590
.0134582520
.0189208984
.0249786377
.0330963135
.0420684814
.0363922119
.0256042480
.0192413330
.0425720215
.0146026611
-.0114746094
.0261383057
-.0170135498
.0088348389
.0253143311
.0159606934
.0180206299
-.0222778320
-.0344238281
-.0259399414
-.0401306152
-.0462493896
-.0451660156
-.0404205322
-.0390777588
-.0179290771
-.0162200928
.0322570801
.0543823242
.0638122559
.0707092285
.0565185547
.0479736328
.0174102783
-.0104064941
-.0280609131
-.0332183838
-.0350952148
-.0347290039
-.0289306641
-.0177917480
-.0191192627
-.0151977539
-.0176544189
-.0082550049
.0055999756
.0171661377
.0198669434
.0267333984
.0169525146
.0087738037
.0070495605
-.0179138184
-.0161895752
-.0126495361
-.0118408203
.0137786865
.0339202881
.0142364502
-.0072479248
.0054931641
.0090026855
.0111846924
.0190429688
-.0199584961
-.0223846436
-.0385437012
-.0249938965
-.0165863037
.0177612305
.0348663330
.0167236328
.0293731689
.0199432373
.0158538818
-.0095520020
-.0164489746
-.0171356201
-.0264587402
.0083618164
.0102844238
-.0124816895
.0115814209
-.0310821533
-.0194549561
-.0244445801
-.0069885254
.0143737793
.0085144043
.0252838135
.0066070557
.0242919922
.0267333984
.0146331787
.0256195068
-.0094146729
-.0127258301
-.0149230957
-.0201568604
-.0165863037
-.0210113525
-.0178985596
-.0175018311
-.0122833252
.0067749023
.0167083740
.0201873779
.0115509033
.0062255859
.0110321045
-.0063629150
.0072021484
.0112457275
.0099029541
.0054016113
-.0133361816
-.0131378174
-.0104217529
-.0043487549
-.0082702637
.0067901611
.0059051514
-.0060119629
.0059204102
-.0102233887
.0045776367
-.0067901611
-.0064544678
-.0054473877
.0067443848
.0062103271
.0039825439
.0084533691
.0052032471
.0066070557
.0075225830
-.0054473877
.0049591064
-.0042724609
-.0074462891
-.0059509277
-.0054168701
-.0076293945
.0040435791
-.0045776367
.0049896240
.0070037842
-.0084075928
-.0053100586
.0065002441
-.0047760010
-.0040130615
.0059509277
-.0057067871
.0072021484
.0050048828
-.0069885254
.0059661865
-.0035552979
-.0067749023
.0069427490
.0047302246
-.0059051514
.0118255615
-.0062561035
-.0059509277
.0070495605
-.0097961426
.0057067871
.0032196045
-.0046691895
-.0043182373
.0060424805
-.0063323975
-.0033111572
.0052185059
-.0058898926
.0065765381
-.0061035156
-.0066070557
.0050048828
-.0028533936
.0040740967
.0063781738
.0040283203
-.0048980713
.0106353760
-.0102844238
.0055999756
.0057220459
-.0074310303
.0052032471
-.0091400146
-.0039215088
.0077514648
.0049743652
-.0055847168
.0099487305
-.0059204102
-.0044555664
.0098419189
-.0071868896
.0054473877
.0071105957
-.0078582764
-.0046081543
.0059204102
-.0103302002
.0052337646
-.0038452148
-.0081939697
.0084838867
.0038146973
-.0043487549
.0064392090
-.0085601807
-.0048522949
.0102386475
.0054321289
.0061798096
.0107421875
-.0085449219
-.0042266846
.0045013428
-.0100708008
-.0039062500
.0031738281
-.0051574707
.0098724365
.0054168701
.0028076172
.0063476563
-.0070800781
-.0054931641
.0060424805
-.0051422119
-.0054321289
.0095672607
-.0071105957
.0069427490
.0094909668
-.0070037842
-.0055389404
-.0064849854
-.0086059570
-.0033416748
-.0052337646
-.0067901611
.0046234131
-.0045318604
-.0051116943
.0056610107
-.0069274902
.0046386719
.0086364746
.0044403076
.0036621094
.0111541748
-.0057525635
-.0049743652
.0058288574
-.0068664551
.0065155029
.0051116943
-.0083465576
.0038757324
.0056915283
-.0066680908
-.0043029785
-.0039367676
-.0078430176
.0089416504
.0052795410
-.0064086914
.0090179443
.0050659180
.0058898926
.0059661865
-.0061492920
-.0041809082
.0084533691
-.0071258545
-.0060729980
.0055084229
-.0042266846
-.0053558350
.0049285889
-.0025024414
-.0043792725
.0031890869
-.0054779053
.0084228516
-.0043182373
.0037384033
.0091094971
.0058288574
.0040435791
.0098266602
.0050811768
.0049133301
.0050811768
-.0084075928
-.0052185059
.0055236816
-.0078125000
-.0072784424
.0060729980
-.0051574707
-.0058288574
.0055541992
-.0061340332
.0080261230
.0047302246
.0038299561
.0078887939
-.0055847168
-.0051574707
.0054168701
-.0063781738
-.0047760010
.0044097900
-.0068664551
-.0035705566
-.0039978027
-.0076446533
-.0058746338
.0034179688
-.0050964355
.0072174072
.0064086914
.0054779053
.0095062256
-.0094146729
-.0043640137
.0074005127
.0047912598
-.0062103271
-.0055847168
-.0055847168
-.0058135986
-.0066833496
-.0078735352
-.0065765381
.0039215088
.0049438477
.0066070557
.0050354004
.0062561035
.0044860840
-.0068969727
-.0057678223
.0057678223
-.0041046143
-.0050201416
-.0038299561
-.0080261230
.0046081543
.0043029785
-.0062866211
.0052185059
-.0057678223
-.0060119629
.0039978027
.0037384033
-.0035247803
.0066070557
.0065155029
-.0054931641
.0030517578
-.0028076172
-.0065460205
.0052490234
-.0032501221
.0034637451
.0052947998
.0029296875
-.0047454834
-.0048065186
.0028533936
.0043182373
.0059814453
-.0067443848
.0081329346
-.0048522949
-.0068817139
.0041046143
.0031433105
-.0063934326
-.0143585205
-.0078887939
.0045471191
.0096588135
.0090332031
.0160827637
.0073394775
-.0102844238
-.0054473877
.0152282715
.0123291016
-.0074310303
.0055084229
-.0148773193
-.0208587646
-.0155792236
.0052337646
.0146026611
.0091247559
.0070343018
.0108947754
.0138397217
.0121307373
.0089721680
-.0031738281
-.0112304688
-.0079498291
-.0133666992
-.0137329102
-.0152587891
-.0076904297
-.0095672607
.0039215088
.0121154785
.0064849854
.0052337646
.0025787354
-.0082550049
.0081024170
.0048217773
.0062866211
.0056915283
.0090484619
-.0049133301
-.0117492676
-.0051879883
.0093994141
.0060729980
.0043945313
-.0127716064
-.0099334717
.0052947998
.0088195801
.0037994385
.0043029785
.0050354004
.0058441162
-.0072174072
.0053863525
-.0042724609
-.0073852539
.0032043457
-.0070037842
-.0049285889
-.0026245117
-.0067443848
.0056457520
.0043029785
.0069122314
-.0028533936
-.0080413818
.0056457520
.0049896240
-.0046386719
.0059509277
-.0044860840
-.0047607422
.0041809082
.0072326660
.0033569336
-.0052185059
.0067596436
.0065155029
-.0086059570
-.0039062500
-.0102386475
-.0044403076
.0067901611
.0059661865
-.0055541992
-.0051879883
-.0052795410
-.0042266846
.0043792725
.0055084229
.0063781738
.0035095215
.0063323975
-.0038299561
.0045318604
.0037384033
-.0059051514
-.0042572021
.0060729980
.0069732666
-.0040435791
-.0063629150
.0026397705
-.0068969727
-.0041503906
.0029449463
-.0069427490
-.0031585693
.0044860840
-.0048980713
.0023803711
.0039367676
.0070800781
.0040893555
-.0056457520
.0047912598
-.0068664551
.0040283203
.0063171387
.0028533936
-.0035705566
-.0063629150
-.0053863525
.0035400391
-.0036315918
.0061492920
-.0087585449
.0052795410
.0047454834
-.0066986084
.0043487549
-.0058441162
-.0040588379
-.0028228760
.0045318604
.0046539307
-.0040130615
.0032806396
-.0045318604
-.0041046143
.0063781738
.0047302246
-.0057220459
.0031127930
.0055999756
.0027465820
-.0051422119
-.0067443848
-.0051422119
.0034484863
.0043334961
-.0030670166
-.0044097900
.0051116943
.0043029785
-.0042266846
.0035552979
-.0025482178
-.0027160645
-.0034484863
.0048980713
.0047912598
-.0050964355
.0064392090
-.0035552979
-.0051269531
.0026092529
-.0040893555
-.0053253174
.0060882568
.0048828125
-.0030670166
-.0072937012
-.0050964355
-.0046997070
-.0030364990
.0045318604
-.0038757324
-.0032348633
.0050048828
.0058593750
-.0037231445
-.0034179688
-.0041656494
-.0030059814
-.0050811768
.0043792725
-.0044708252
-.0039672852
.0020904541
-.0031433105
-.0049285889
.0052642822
.0034332275
-.0049896240
-.0037689209
.0040283203
.0055694580
-.0055084229
-.0033264160
-.0056762695
.0058288574
.0043182373
.0055541992
-.0065460205
.0050201416
.0058441162
.0024108887
-.0066528320
-.0060119629
-.0048370361
.0039825439
.0056152344
-.0050811768
-.0061187744
.0041351318
-.0052185059
.0027618408
-.0048065186
.0037841797
-.0064697266
.0028381348
.0044555664
.0042419434
-.0057220459
.0058898926
-.0029296875
.0053710938
-.0033721924
.0025177002
-.0049591064
-.0031127930
.0040588379
.0043487549
-.0066223145
.0019836426
.0035400391
.0041809082
-.0040130615
-.0025329590
-.0071411133
-.0039978027
.0049285889
.0066375732
-.0051269531
-.0025939941
.0046539307
.0032043457
-.0052795410
.0020141602
.0020446777
-.0035552979
-.0035552979
-.0027770996
-.0038757324
.0036926270
.0048217773
-.0020599365
-.0055389404
.0030975342
-.0031433105
-.0060272217
.0032501221
-.0038757324
.0035858154
.0040435791
-.0045776367
-.0049285889
.0034332275
.0056915283
-.0015106201
-.0024414063
.0029449463
.0043945313
.0059661865
-.0033874512
-.0064849854
-.0055236816
-.0043487549
.0032348633
-.0025024414
-.0031127930
.0034332275
-.0027008057
-.0039825439
-.0041503906
-.0044708252
-.0036468506
.0035552979
.0062408447
.0032196045
.0044250488
.0020751953
-.0022735596
-.0057983398
.0045318604
.0048675537
-.0026397705
.0044708252
-.0043640137
-.0061645508
.0039672852
-.0030822754
-.0038146973
.0033111572
.0036773682
.0026550293
-.0025024414
.0024261475
-.0039367676
-.0046234131
-.0042266846
-.0042724609
-.0023498535
.0059356689
.0185699463
.0139617920
.0102691650
-.0336151123
-.0279235840
-.0186920166
-.0084838867
.0108795166
.0173034668
-.0066528320
.0169219971
.0113983154
.0066375732
-.0081024170
.0133972168
.0108795166
.0041961670
-.0098419189
.0094299316
-.0098571777
-.0144348145
-.0070800781
.0081939697
.0025482178
-.0039672852
.0062561035
.0050354004
-.0040893555
-.0029144287
-.0022277832
.0021362305
.0036315918
-.0011291504
.0013275146
.0028381348
.0015106201
-.0026702881
-.0041809082
-.0024871826
.0016174316
-.0016174316
-.0021820068
-.0026702881
-.0012512207
.0034179688
-.0014953613
.0020141602
.0032043457
.0023956299
-.0014343262
-.0019531250
-.0025024414
.0016021729
.0020904541
.0027313232
.0018310547
-.0018005371
-.0031127930
-.0026550293
-.0018463135
-.0017547607
.0025787354
-.0019226074
-.0031280518
-.0027313232
-.0020141602
-.0025329590
-.0020294189
.0027465820
.0049285889
.0025634766
-.0040130615
-.0047302246
.0059661865
-.0059051514
-.0051879883
-.0033416748
.0026245117
.0334625244
-.0113067627
-.0102691650
-.0103302002
-.0048980713
-.0022735596
-.0029602051
.0016021729
.0031433105
-.0011138916
.0009613037
.0017242432
.0018005371
-.0033874512
-.0023956299
-.0020294189
.0017700195
.0010070801
.0026245117
.0025024414
-.0027923584
-.0025482178
-.0029296875
.0011291504
.0011901855
-.0008239746
-.0025177002
-.0025482178
-.0018157959
.0014801025
.0021209717
.0010375977
.0013122559
.0013275146
-.0018157959
-.0025939941
-.0009918213
-.0013885498
-.0018005371
.0006408691
.0010681152
.0007019043
.0007324219
.0009307861
.0010833740
-.0009765625
-.0012969971
-.0014801025
-.0007171631
.0012207031
.0017395020
-.0014648438
-.0026397705
-.0024566650
.0010070801
-.0011749268
-.0013427734
-.0011138916
-.0008850098
-.0010833740
.0012359619
.0019226074
.0009307861
-.0010986328
-.0021820068
.0015258789
-.0009613037
-.0016326904
.0018005371
.0009155273
.0006256104
-.0013580322
-.0019226074
-.0019683838
-.0014648438
.0009765625
.0008087158
.0013580322
.0010681152
.0009765625
.0012054443
-.0026245117
-.0012512207
-.0018768311
.0008850098
.0011291504
.0010833740
-.0012054443
-.0011291504
.0009918213
-.0019683838
-.0033264160
.0018005371
.0024871826
.0016479492
.0012512207
-.0006256104
-.0012054443
-.0032653809
-.0015563965
.0009918213
.0027923584
.0010833740
-.0011749268
-.0014343262
-.0013732910
-.0021514893
-.0023651123
-.0017547607
-.0010681152
.0023345947
-.0006866455
-.0008697510
.0007629395
-.0017395020
-.0022277832
.0013427734
.0015563965
.0016326904
.0019836426
.0016937256
.0010986328
-.0024261475
-.0014190674
.0011901855
-.0015258789
-.0020599365
-.0013427734
-.0012664795
-.0021057129
-.0012817383
-.0014343262
-.0017547607
-.0021972656
.0012054443
.0019378662
-.0008850098
.0017242432
.0015869141
.0019989014
-.0010375977
-.0007171631
-.0017547607
-.0019683838
.0012969971
.0007781982
.0018157959
-.0025329590
-.0023193359
-.0017089844
.0017395020
