.0068206787
-.0089569092
.0086364746
.0067596436
-.0049896240
-.0058441162
-.0053253174
-.0076904297
-.0095977783
.0066223145
.0063934326
-.0084686279
-.0054626465
.0098114014
-.0084075928
-.0061035156
-.0128326416
.0083923340
-.0111083984
-.0088043213
.0093841553
.0118103027
-.0115966797
-.0073699951
.0093536377
-.0115356445
.0115509033
.0169067383
-.0093688965
.0088806152
.0081939697
-.0080108643
.0106506348
.0108032227
.0173187256
-.0353088379
-.0436553955
.0160980225
.0154571533
.0224914551
.0191955566
-.0117187500
.0138397217
.0161895752
.0109252930
-.0131683350
-.0125427246
-.0117187500
.0128021240
-.0101623535
.0076141357
.0058746338
.0121612549
.0111999512
.0049133301
-.0088806152
-.0081024170
-.0081787109
-.0089416504
.0051116943
.0084686279
.0058135986
.0074005127
.0046844482
.0073699951
-.0074615479
-.0070648193
-.0114135742
.0075073242
-.0098571777
.0074157715
-.0063934326
.0075225830
.0076751709
-.0093536377
-.0068511963
.0095520020
.0074310303
-.0065765381
.0063781738
.0060424805
.0085601807
-.0104064941
.0080108643
.0181732178
-.0043334961
-.0048675537
.0055694580
.0068359375
.0083618164
-.0063934326
.0208435059
-.0085449219
.0078430176
.0366668701
.0082855225
.0107269287
.0089569092
.0102539063
-.0093841553
.0119934082
.0074615479
.0155487061
.0106658936
-.0094451904
.0092315674
.0080718994
-.0107269287
-.0110931396
-.0084686279
-.0111694336
.0092926025
-.1213531494
.0198211670
.0095062256
-.0106048584
.0100555420
.0118103027
-.0084686279
-.0119323730
.0067291260
.0097961426
.0089721680
-.0096588135
-.0064697266
-.0063629150
.0056915283
-.0065002441
-.0059967041
-.0085449219
-.0066375732
.0083618164
-.0054779053
.0080261230
.0069580078
-.0084228516
-.0084381104
-.0088348389
-.0085906982
.0092468262
-.0071716309
-.0126800537
.0086975098
-.0088653564
.0061035156
.0056152344
.0105743408
.0062713623
.0077819824
-.0079193115
.0058288574
.0087280273
.0076904297
.0071258545
-.0086822510
-.0081939697
-.0046539307
.0064849854
.0056915283
-.0052490234
.0068969727
-.0083618164
-.0051422119
-.0044403076
.0067901611
-.0103912354
-.0130462646
.0120544434
-.0075683594
.0071716309
-.0086517334
.0092315674
-.0055389404
.0082244873
.0061798096
.0065917969
.0089263916
.0073852539
-.0043945313
.0112915039
-.0083160400
-.0076904297
-.0111083984
-.0074157715
-.0050201416
-.0474700928
.0165252686
-.0081176758
-.0065917969
.0074615479
-.0178527832
.0502471924
.0207061768
.0111236572
-.0111694336
.0120849609
.0109100342
-.0080108643
.0102081299
.0100097656
.0141448975
.0098571777
-.0298919678
-.0075683594
-.0093383789
-.0100555420
-.0088348389
.0089416504
.0106658936
-.0074615479
.0082550049
-.0097808838
.0081787109
.0070190430
.0067138672
.0065612793
-.0097045898
.0068206787
-.0065460205
.0074462891
.0076751709
.0053558350
.0153656006
-.0070037842
-.0087738037
.0092315674
-.0068664551
.0065765381
-.0081634521
-.0082550049
.0077209473
.0075988770
.0079040527
.0071258545
-.0089111328
.0066223145
.0058746338
.0071105957
.0080261230
-.0081024170
-.0047912598
-.0054779053
-.0067596436
-.0060882568
.0090332031
.0077362061
.0077056885
.0080108643
.0072479248
.0075378418
-.0055236816
.0074005127
.0081329346
-.0063629150
-.0048828125
.0051269531
-.0057983398
-.0046081543
.0070648193
.0077514648
.0055084229
-.0055999756
-.0093231201
.0086975098
-.0053100586
-.0069122314
.0060729980
-.0101470947
-.0052337646
-.0113372803
-.0089721680
.0046691895
-.0068969727
.0056762695
-.0058746338
-.0070343018
-.0101013184
-.0607604980
-.0112915039
.0091857910
.0075225830
-.0132598877
-.0075988770
.0098571777
.0084838867
.0124511719
.0092468262
-.0108795166
.0107116699
-.0068817139
.0072174072
.0100708008
.0105743408
-.0077972412
.0069274902
.0066833496
.0083923340
-.0081481934
.0088500977
-.0073852539
-.0095977783
.0112762451
-.0070343018
.0080871582
.0072784424
-.0073242188
.0071105957
-.0071868896
.0054779053
-.0069274902
.0071411133
.0094451904
.0069427490
-.0090026855
-.0053558350
.0079345703
.0063934326
.0101165771
.0054321289
.0086822510
-.0064239502
.0071868896
.0074005127
.0036926270
-.0085601807
.0062713623
.0069580078
-.0065917969
.0055694580
.0059814453
.0076904297
.0072326660
.0050659180
.0060882568
-.0058593750
-.0058135986
.0058135986
.0078887939
-.0060272217
.0066833496
.0061187744
.0073089600
.0051422119
.0059661865
.0037384033
.0097045898
.0080413818
.0098571777
.0050659180
-.0049896240
.0074310303
.0062561035
.0053405762
-.0075683594
.0107879639
.0060729980
-.0079803467
.0085449219
-.0056915283
.0071258545
.0075073242
.0096740723
.0065155029
.0086822510
.0043334961
-.0064697266
.0045318604
.0059814453
-.0057067871
-.0092926025
.0107879639
-.0098724365
.0101776123
-.0090026855
-.0067596436
.0060882568
-.0061340332
-.0065612793
.0083007813
.0042114258
.0087432861
-.0096893311
-.0077819824
-.0067596436
-.0064086914
-.0090942383
-.0084991455
.0128784180
-.0115966797
-.0084991455
.0107116699
-.0163421631
-.0111236572
-.0132751465
-.0145874023
.0128936768
.0131530762
-.0196228027
-.0165710449
.0109558105
.0256042480
.0101470947
-.0116119385
-.0159759521
-.0184631348
.0131988525
-.0215606689
.0143737793
.0132141113
-.0172576904
.0124664307
-.0484466553
.0151062012
-.0279235840
-.0267639160
-.0198669434
-.0134429932
.0200042725
-.0299835205
-.0179901123
.0178070068
-.0148468018
-.0238342285
-.0187530518
.0186157227
-.0191955566
-.0247955322
.0182800293
.0169067383
.0154418945
.0466461182
-.0220642090
.0214385986
-.0186462402
.0261383057
.0159301758
-.0179443359
-.0195312500
.0162658691
-.0154724121
-.0160369873
.0152282715
-.0162200928
.0153503418
.0156860352
.0147705078
.0133514404
-.0142974854
-.0152587891
-.0516357422
-.0297698975
-.0192260742
.0164794922
.0195312500
-.0160369873
.0181121826
.0136566162
.0169830322
.0147552490
-.0199432373
.0204467773
.0156860352
-.0157775879
.0204162598
-.0117034912
-.0159301758
.0145568848
-.0195312500
.0190277100
-.0174865723
.0246887207
.0151214600
-.0206756592
-.0107574463
.0092010498
-.0079193115
.0098266602
.0084533691
-.0082092285
-.0071868896
-.0097961426
.0099639893
-.0180358887
.0114288330
.0154266357
-.0153961182
-.0275421143
-.0243225098
-.0211486816
-.0260314941
.0235290527
.0319824219
.0351104736
-.0366516113
.0400390625
-.0625915527
.0624084473
.0484008789
-.0650634766
-.0465545654
.0591583252
-.0831604004
.0733642578
-.0689849854
-.0780944824
.0761871338
.0749664307
-.0646667480
-.1146240234
.1032257080
.1423645020
.1789550781
.1163787842
.1756591797
-.1277618408
-.1381988525
-.1353149414
-.2182617188
-.1701049805
-.1540832520
-.1746063232
.1496582031
.3634643555
-.1447448730
.1853637695
.2643127441
.2385711670
.1967468262
.2318725586
-.2150878906
.2756958008
.2605895996
.2364196777
.1721496582
-.2772216797
.2495574951
-.2057647705
.2253265381
.1799621582
.2276153564
.2678222656
.1802825928
.1974029541
.1651916504
.4555053711
-.2880554199
.1489410400
.2997894287
-.1465606689
.1830596924
.1902008057
-.2922058105
-.2227020264
-.1637573242
-.1626739502
-.1647033691
.1564483643
-.1363067627
-.1088409424
-.1510009766
-.1898498535
-.1025085449
-.1044616699
-.1673736572
-.1082458496
-.1266632080
-.1143493652
.1322021484
-.1547698975
.0991516113
-.1308593750
-.1270904541
-.1046600342
-.0903930664
-.1501770020
.1401367188
.1054687500
-.1260681152
.0914916992
.0948028564
-.0676422119
-.0740966797
.1078643799
-.0642852783
-.0757598877
-.0850524902
.0668487549
-.0724792480
.1057739258
.0694885254
.0824890137
.0722808838
-.1191253662
-.0747680664
-.0595855713
.0918273926
-.0779266357
.0886383057
-.0818786621
.0846252441
-.1078643799
-.0482482910
.0458679199
.0696258545
-.0710449219
-.0740814209
-.0551452637
-.0544128418
-.0419921875
.0637054443
-.0618133545
-.0654754639
.0641632080
.0653686523
-.0556793213
-.0829162598
-.0481719971
.0680084229
.1047210693
.0848236084
-.0806274414
.1013946533
-.0565490723
.0547790527
.0444793701
.0469665527
.0542755127
-.0581054688
.0513916016
-.0844116211
-.0659179688
.0552520752
.0527038574
-.0758056641
.0670928955
.0677185059
.0565185547
-.0550079346
-.0824432373
-.0561065674
.0558776855
.0554199219
.0601348877
.0686798096
-.0675659180
.0841979980
.0537414551
-.1019134521
-.0683441162
.0579986572
-.1384124756
.1492156982
-.0590515137
-.0975189209
.0483856201
.0860443115
-.1134796143
-.0705871582
.0654907227
-.0476379395
.0760955811
.0527954102
.0631713867
-.1157684326
.0887603760
-.0614318848
-.1032257080
.0444030762
.0748443604
.0563201904
-.0685577393
-.0496520996
-.0561065674
-.0683288574
-.0849914551
-.0568695068
-.0717773438
.0547943115
.0523071289
.0944213867
.0629272461
.0702056885
.0509643555
.0644226074
.0954437256
-.1027526855
.0515594482
.0559387207
.0741119385
-.0849151611
.0648498535
.0795745850
-.0671844482
-.0534973145
-.0823211670
-.0573425293
.0735778809
-.0580902100
.0597839355
-.0566558838
-.0828552246
.0583190918
-.0507354736
.0658874512
-.0481109619
.0460205078
-.1770782471
.1362762451
-.0617523193
.0494842529
.0857238770
-.0903778076
-.0886230469
-.0391998291
-.0576324463
.0724639893
.0824584961
.0707397461
-.0599517822
.1566467285
-.0680389404
-.0709075928
.0624847412
-.0712890625
.0610351563
-.0666656494
.0606994629
.0550537109
-.0651702881
.0534667969
.0765533447
.0663452148
.0612640381
-.0663299561
-.0694885254
-.0729370117
.0870208740
-.0743408203
.0912933350
.0637969971
.1107330322
.0698089600
-.0558776855
-.0891418457
.0538330078
.0634460449
-.0897216797
.0510101318
-.0597381592
.0683593750
.0557861328
.0789947510
.0542602539
.0603027344
.0668945313
-.0652160645
-.0706939697
.0699920654
-.0583648682
-.0635070801
.0794372559
-.0523834229
.1883392334
.0501556396
.0570220947
-.0746459961
.0624542236
-.0771179199
-.0823974609
-.0540771484
.0687103271
.0836334229
.0539550781
-.0747070313
-.0586853027
.0750579834
.0538330078
-.0844421387
-.0473937988
-.0631103516
-.0888824463
-.0670776367
.0529479980
-.0552825928
.0493469238
-.0629119873
.0518798828
.0435485840
.0475463867
.0758514404
-.0523986816
.1512908936
-.0736999512
-.0589904785
.0669860840
.0491638184
.0707397461
.0596923828
-.0580139160
.0561370850
-.1280517578
-.0549926758
.0535125732
-.0354614258
-.0686798096
-.0634155273
.0760955811
-.0531921387
-.1230316162
-.0945587158
-.0478057861
.0358428955
-.0532531738
.0513458252
-.1130523682
.0493316650
-.0677185059
.0541229248
-.0555572510
.0641937256
-.0603332520
-.1299133301
.0914001465
-.0486450195
-.0650177002
.0614929199
-.0582580566
-.0511627197
.0578918457
-.0475769043
-.0806427002
-.0520935059
.0763244629
.0401000977
-.0763702393
.0494689941
.0551300049
.0520629883
.1113891602
-.1177673340
.0788574219
.0836334229
.0432586670
.0543212891
.0800476074
.0467834473
-.0665435791
-.0523681641
-.0429077148
-.0357208252
.0502166748
.0471801758
.1201782227
.0594177246
.0896148682
-.0637054443
-.0427703857
.0495300293
.0378723145
.0346984863
-.0402069092
-.0384368896
-.0383300781
.0435028076
-.0517272949
.0372467041
-.0365295410
-.0430297852
-.0384979248
-.0556182861
-.0410766602
-.0375061035
-.0461883545
.0274963379
.0373840332
-.0324096680
.0237579346
.0345764160
.0446929932
-.0292510986
-.0342712402
-.0293273926
.0696411133
-.0355072021
.0515441895
-.0596923828
-.0264892578
.0540618896
.0344238281
-.0307006836
.0508422852
-.0351715088
-.0248413086
.0252075195
.0256958008
-.0403442383
-.0251159668
-.0214233398
.0271911621
-.0291290283
-.0231018066
-.0302429199
.0260467529
.0191192627
-.0208282471
-.0172271729
.0242462158
-.0222625732
-.0570068359
.0340270996
-.0267639160
.0282287598
-.0218963623
.0219116211
.0348510742
-.0263366699
.0296325684
-.0352783203
-.0307922363
.0437011719
.0140991211
.0171661377
.0236511230
-.0178375244
.0153503418
-.0147247314
-.0139312744
.0142517090
.0334472656
.0138854980
-.0114898682
-.0079040527
-.0171813965
.0225677490
-.0216217041
-.0142211914
.0097351074
-.0122833252
.0102081299
.0081024170
-.0081634521
.0084381104
.0064849854
.0104522705
-.0103149414
-.0071716309
-.0076293945
.0171051025
.0066070557
-.0096893311
.0075683594
-.0043029785
-.0055236816
-.0036315918
.0042572021
.0025482178
-.0028686523
.0032653809
.0039978027
.0023651123
.0029602051
-.0014343262
.0025787354
-.0022277832
.0018463135
.0021209717
.0020904541
.0021820068
.0019683838
-.0019531250
.0015411377
-.0017700195
.0013885498
.0016174316
.0010375977
-.0012054443
.0014648438
.0008087158
.0011444092
-.0006866455
.0008544922
.0008239746
.0006561279
.0005340576
.0003662109
.0004730225
.0005187988
.0005187988
-.0004425049
.0003662109
.0002746582
.0002593994
.0002136230
.0001831055
.0005187988
.0001678467
.0001068115
.0001373291
.0000762939
.0000457764
.0000457764
