-.0034484863
.0037689209
-.1242370605
.1153411865
.1442108154
.1349945068
-.1443939209
.1486053467
.2208099365
-.1964416504
-.0953063965
-.1938934326
.2119598389
-.1026000977
.2827758789
.2673339844
.1949157715
.2036590576
.2466583252
-.2956542969
-.2012329102
.2452850342
-.3107910156
-.4406738281
-.3051605225
-.2691040039
.4224243164
-.4271087646
-.3974609375
.3027648926
.3447723389
.3671112061
.3831329346
.3985290527
.4031372070
-.3380737305
-.3135528564
-.3099670410
.2060089111
.2978515625
.3094940186
.2966613770
-.2740478516
-.2698211670
-.1876525879
-.2844238281
.1853179932
.4169006348
-.2019500732
.2697448730
.2138519287
-.3053741455
-.2238769531
.3270263672
.3185729980
-.4226226807
-.2613677979
.2899627686
.4144897461
.2736968994
.3155975342
-.2181091309
-.1478881836
-.2349700928
.1274871826
-.2145538330
-.1353912354
-.2595062256
.1745605469
.1954040527
-.1963653564
.2302703857
.2408599854
-.3148345947
.1761016846
-.2807769775
-.2105560303
-.1897735596
.2007751465
-.2370452881
.1495666504
.1511077881
-.1565704346
.2168884277
-.1063690186
-.0944824219
-.1207275391
-.1266021729
.0835571289
.0899047852
.1036987305
.0489654541
-.0898132324
-.1071472168
.0878295898
.1359252930
.2580718994
.3572082520
.2273559570
.3459930420
-.1640319824
-.2270050049
.2750396729
.2227172852
.1565093994
-.2303619385
.2773895264
.1981811523
.1343536377
.1441955566
.1219787598
.1216278076
-.1468963623
-.1208496094
-.2210540771
-.1477203369
-.1854705811
-.0975189209
.1119079590
-.2368011475
.3080749512
-.1452331543
-.1874389648
.2509155273
-.2007751465
.1401672363
.1483459473
.1304779053
.1019592285
-.1669158936
-.1337280273
.1071472168
-.0714111328
-.0953521729
.0483551025
.0743865967
.0686340332
.0399017334
.0625305176
.0929107666
.0605926514
-.0366821289
.1022033691
-.0887298584
.0719299316
.0474548340
.0561523438
.0711822510
-.0821838379
.0383605957
-.0433654785
.0464477539
.0325012207
-.0520935059
.0413360596
-.0267791748
.0355987549
-.0299987793
.0553588867
.0368652344
.0429229736
-.0299377441
.0321044922
.0623474121
.0736694336
-.1183776855
-.0734100342
.0605621338
-.0550537109
-.0460510254
.0806732178
-.0858154297
-.0454254150
-.0423278809
.0643005371
.0477600098
-.0447998047
-.0435333252
-.0374603271
.0396881104
.0407562256
.0403747559
.0572814941
-.0554809570
.0845642090
.0631103516
-.1084747314
-.0620117188
-.0712432861
.0617370605
-.0683135986
.0661926270
-.0288848877
.0501098633
.0676727295
.0481109619
-.0512390137
-.0493316650
-.0412597656
-.0424957275
-.0391387939
-.0288848877
-.0523986816
-.0586700439
-.1003112793
-.1309967041
-.1812591553
.1331939697
-.0625762939
-.0373535156
.0530700684
-.0545806885
.0938720703
.0853424072
.1060943604
-.0662231445
-.0702362061
-.0560760498
.0842590332
.0497131348
-.0493774414
-.0539550781
-.0489196777
.0703277588
-.0533905029
.0512695313
-.0607299805
.0711517334
.0478210449
.0707702637
-.0690612793
.0809936523
-.2656097412
-.1284942627
.1242523193
.0749511719
-.1080932617
.0759277344
.1201934814
-.0730895996
.0714569092
-.0751647949
-.0659637451
.0461425781
-.0604248047
.1662902832
.1119689941
-.1567230225
.0799865723
.1074523926
-.1001434326
.0757141113
.0413513184
.0892181396
-.0434112549
-.0691680908
-.0610046387
-.0571746826
.0789184570
-.0390777588
-.0601043701
.0657806396
-.0599517822
.0644836426
-.0620574951
.0295562744
-.0436706543
.0377044678
-.0433044434
-.0469512939
.1169281006
.0741729736
-.1077575684
-.0590057373
.1245117188
.1322631836
-.0827026367
-.0760803223
.1058807373
.1046752930
-.0782165527
-.0901336670
.0812377930
.0671539307
-.0368804932
-.0692443848
.0515289307
-.0801239014
.0834655762
-.1311798096
-.0929870605
-.1141815186
.0828247070
.0831756592
.1237182617
.1018981934
-.0686340332
-.0931854248
-.0557098389
.0877380371
-.0535430908
.0247039795
-.1044311523
.0623474121
-.1117858887
-.0520935059
.0600738525
.0577850342
-.0497741699
.0678253174
-.0685882568
-.0612182617
-.0557098389
.0642395020
.0518035889
.0306243896
-.0528106689
-.0466766357
.0801239014
-.0607757568
-.0476531982
-.0460357666
.0521392822
-.0474700928
-.0474395752
-.0544586182
-.0405273438
-.0453338623
.0691680908
.0465240479
.0390319824
-.0391082764
.0243072510
-.0464935303
.0352020264
-.0323944092
.0287475586
-.0365905762
-.0360565186
-.0202636719
.0361633301
-.0351257324
.0404357910
.0450286865
-.0427246094
.0461578369
-.0299530029
.0354156494
.0641174316
-.0559387207
-.0660552979
.1036834717
-.0726165771
.0590820313
.1001892090
-.0879516602
.0728759766
.0575103760
.1263122559
.1559295654
.0646209717
-.0935974121
-.1626586914
-.1179656982
.0602264404
-.0967864990
.0796813965
.0891571045
.0933532715
.0655517578
-.0851593018
-.0574340820
-.0676116943
-.0480194092
-.0653686523
-.0527496338
.0709228516
-.0408782959
-.0353698730
-.0509033203
-.0700836182
-.0494689941
.0492095947
.0680694580
-.0374755859
-.0379486084
.0496673584
-.0324401855
-.0336608887
.0497436523
-.0404205322
.0263366699
-.0487670898
-.0418701172
-.0180206299
-.0195922852
.0334625244
-.0356445313
.0180511475
-.0368041992
.0377807617
.0260314941
.0191802979
-.0476074219
.0289916992
-.0225524902
-.0264892578
-.0207977295
.0175170898
.0212249756
-.0288696289
.0270385742
.0283050537
-.0213012695
.0240325928
-.0253601074
-.0142211914
.0229492188
.0242919922
-.0368347168
-.0873870850
-.0519104004
.0303344727
-.0318603516
.0368804932
.0349273682
-.0347595215
.0516662598
-.0843963623
-.1009368896
-.0841827393
-.0628204346
-.0787353516
.0692596436
-.0258636475
.0322113037
.0680694580
.0492858887
.0705261230
-.0599822998
-.0756378174
.0641326904
.0355682373
.0347747803
-.0289916992
-.0294494629
-.0469360352
-.0447235107
-.0529327393
-.0414123535
-.0330963135
-.0303344727
.0395660400
.0376892090
-.0267333984
.0216827393
.0377655029
.0305786133
.0273742676
.0317382813
-.0408020020
.0246887207
.0171051025
.0522766113
-.0199127197
.0209045410
-.0222930908
-.0304718018
-.0182800293
-.0123748779
-.0239715576
-.0270080566
.0175628662
-.0248565674
-.0248260498
.0224456787
-.0338592529
-.0237121582
-.0339355469
.0449523926
.0952606201
.0454254150
.0265655518
-.0495300293
.0783386230
-.0202789307
-.0701293945
.0516967773
.0947113037
-.0527343750
.0251312256
.0324859619
.0501251221
.0614013672
-.0392761230
-.0676727295
.0496215820
.0675659180
-.0198059082
-.0319213867
.0618896484
.0390319824
-.0263061523
-.0486450195
.0221405029
.0451049805
-.0637664795
.0392608643
.0506286621
-.0670623779
-.0347747803
.0629272461
.0507507324
-.0281524658
-.0593719482
.0361175537
.0305023193
-.0563354492
-.0403137207
.0568542480
-.0473327637
.0447540283
.0410308838
-.0419921875
.0469818115
.0729522705
-.0823669434
-.0718078613
.0599365234
-.0436859131
-.0539703369
.0375518799
-.0329437256
.0380249023
.0427551270
-.0672149658
-.0245208740
.0314941406
.0331268311
.0368957520
.0295257568
.0206604004
.0254516602
-.0136871338
-.0209503174
-.0248718262
.0226745605
-.0140228271
.0360260010
-.0370025635
-.0135955811
.0186309814
-.0345458984
-.0252838135
.0216979980
.0104675293
-.0425567627
-.0300598145
-.0399017334
.0277404785
.0346679688
.0155639648
.0161743164
.0141601563
.0180511475
-.0274353027
-.0173492432
.0177459717
.0320892334
-.0209655762
-.0292205811
-.0212554932
.0297546387
-.0543212891
.0423736572
-.0653076172
-.0315399170
.0295410156
.0260162354
-.0350341797
-.0209960938
-.0203552246
.0378875732
-.0238189697
-.0388793945
.0242919922
-.0394287109
-.0277404785
.0245513916
.0248718262
-.0206146240
.0249023438
-.0299835205
.0120849609
.0493621826
.0207824707
-.0122833252
.0243530273
-.0241546631
.0213470459
-.0188598633
-.0312957764
-.0130920410
-.0153808594
-.0097961426
-.0211334229
.0199584961
.0245666504
-.0504608154
-.0312194824
-.0203399658
.0291900635
-.0346527100
-.0232086182
-.0283050537
-.0204467773
.0261535645
.0222625732
-.0246887207
.0219573975
-.0216674805
.0270538330
-.0264129639
-.0239257813
.0262145996
-.0218505859
.0164794922
.0126953125
-.0168914795
-.0277557373
-.0277099609
.0121459961
-.0214080811
.0172424316
.0242767334
.0456848145
-.0284881592
.0151824951
.0232849121
-.0275726318
-.0226593018
-.0379791260
.0315093994
-.0219573975
-.0291137695
.0165252686
.0273742676
-.0207519531
-.0244445801
-.0115814209
.0174255371
.0269165039
-.0134277344
.0138244629
-.0183258057
.0112304688
.0130920410
-.0130004883
.0136566162
-.0159606934
.0315399170
.0200195313
-.0339355469
-.0425567627
-.0283660889
.0222930908
-.0304718018
.0363464355
.0199737549
-.0210571289
.0084686279
.0130615234
.0182189941
-.0174102783
-.0288085938
-.0199890137
.0347442627
.0171051025
-.0252990723
-.0134124756
.0157165527
.0287322998
.0173797607
-.0239715576
.0206451416
.0121765137
.0211029053
-.0245513916
-.0119018555
.0195770264
.0255432129
.0189361572
.0187835693
-.0092010498
.0190582275
-.0252532959
-.0143127441
.0104217529
.0195770264
-.0146789551
.0196380615
-.0216979980
.0166931152
-.0300598145
.0178375244
.0218505859
-.0196685791
-.0163726807
-.0207061768
.0224304199
-.0105133057
.0222167969
-.0178680420
-.0148620605
.0101928711
-.0167999268
.0222320557
.0146636963
.0212707520
-.0094146729
.0134429932
-.0276031494
-.0192413330
-.0220184326
.0133819580
.0103454590
-.0279693604
-.0125732422
.0212707520
-.0129394531
.0183868408
-.0195007324
.0105590820
.0147552490
-.0140380859
-.0203552246
-.0118560791
.0191650391
.0143890381
.0171661377
-.0215759277
.0171356201
-.0161285400
.0177459717
.0138092041
-.0235748291
-.0157318115
.0192260742
.0083618164
-.0122528076
-.0166625977
.0088500977
-.0149230957
-.0080413818
.0194396973
.0226593018
.0139160156
-.0226593018
-.0203704834
.0154876709
-.0148620605
.0176239014
-.0185241699
-.0069732666
-.0101318359
-.0197906494
.0099029541
-.0218963623
.0277557373
.0126342773
-.0132446289
.0109100342
.0115203857
-.0193634033
.0159606934
.0160522461
.0204925537
-.0187988281
.0181427002
.0276641846
.0159301758
-.0143127441
-.0198516846
.0155334473
.0130462646
.0292510986
.0132446289
-.0183410645
.0195922852
.0119018555
.0099029541
-.0140533447
-.0131988525
-.0131072998
-.0099487305
.0123596191
-.0107269287
.0150146484
.0153045654
.0188598633
-.0189056396
.0183868408
.0107574463
-.0114288330
.0179138184
.0095977783
.0246124268
-.0149993896
-.0072937012
.0129089355
.0162353516
-.0139465332
-.0180664063
.0118560791
.0112304688
-.0195617676
.0084533691
.0222930908
-.0164794922
-.0229949951
.0252532959
.0260162354
.0164947510
.0137481689
-.0145416260
-.0145111084
.0153198242
-.0137481689
.0165405273
-.0096282959
.0111694336
.0279235840
.0205078125
-.0215759277
.0342407227
.0125274658
-.0287933350
-.0276641846
.0251007080
.0170135498
-.0135192871
.0139617920
.0132141113
.0238037109
.0214996338
.0306243896
-.0204467773
-.0141296387
.0211944580
-.0168151855
.0108795166
-.0111236572
.0159301758
.0073547363
-.0137481689
.0120697021
.0144348145
.0142059326
-.0186309814
.0143890381
-.0209655762
.0176239014
.0127410889
.0160217285
.0164031982
-.0204772949
.0134582520
-.0129699707
-.0158386230
-.0167083740
.0143890381
-.0105895996
-.0102386475
-.0113067627
-.0079498291
-.0208282471
.0095977783
-.0111236572
.0127716064
.0100860596
.0105743408
-.0164794922
.0187835693
-.0123748779
-.0117492676
.0137176514
-.0143280029
.0209655762
.0152435303
-.0157928467
.0119934082
-.0162658691
-.0133209229
-.0073547363
-.0062255859
-.0093383789
-.0063018799
-.0089721680
-.0122222900
-.0108795166
.0046081543
.0134887695
.0122528076
.0102233887
.0105743408
-.0152893066
.0156097412
.0107421875
.0130767822
.0155334473
.0114135742
-.0108337402
.0092163086
.0094299316
-.0149841309
-.0102996826
.0107879639
.0069274902
-.0076599121
-.0079650879
.0108184814
.0097808838
-.0111694336
-.0047302246
.0058746338
.0078887939
-.0052185059
.0042572021
.0108947754
-.0066833496
-.0063934326
.0087890625
-.0090942383
-.0103607178
-.0053253174
-.0080566406
.0065307617
-.0054931641
-.0092010498
-.0085296631
.0061035156
-.0084228516
.0110626221
-.0074310303
-.0066375732
.0038757324
-.0068664551
-.0060119629
-.0070953369
-.0055236816
-.0065612793
-.0060729980
-.0076904297
-.0106048584
-.0051269531
.0051879883
.0113220215
.0067443848
.0057067871
-.0113830566
-.0078582764
.0070800781
.0075531006
-.0041351318
-.0072784424
.0072479248
.0077667236
-.0103454590
.0099487305
.0071868896
-.0081176758
.0057373047
.0115051270
-.0074920654
-.0051116943
-.0112457275
.0071105957
-.0074005127
.0058898926
.0058441162
-.0088043213
-.0093994141
.0065460205
-.0050354004
.0060119629
-.0063629150
-.0051269531
.0062103271
-.0070648193
.0076293945
.0090332031
.0130310059
.0079956055
.0099182129
.0083312988
-.0088195801
.0072174072
.0050201416
.0089416504
.0128631592
-.0138092041
