-.0002288818
-.0001678467
.0002441406
-.0002288818
.0003204346
-.0003814697
.0373687744
.0169067383
.0196990967
.0182952881
.0346527100
.0401306152
-.0332183838
.0277557373
.0263366699
.0198059082
-.0221099854
.0235443115
-.0290679932
.0162506104
-.0148162842
.0249023438
.0290832520
-.0263061523
.0221405029
.0183868408
.0121002197
-.0290374756
.0134735107
.0277252197
.0142059326
.0128021240
.0190582275
-.0176544189
.0211486816
.0183563232
.0155487061
-.0211639404
-.0291137695
-.0142059326
-.0128021240
-.0221099854
.0121612549
.0106811523
.0128326416
.0071105957
.0162658691
.0176544189
.0346069336
.0532989502
-.0533142090
.0263214111
.0249786377
.0190582275
.0197143555
.0429229736
-.0346221924
.0235443115
-.0359954834
-.0211029053
-.0234832764
-.0373992920
-.0477752686
.0561523438
-.0276336670
-.0175933838
.0235595703
.0141906738
-.0204010010
.0155334473
-.0249023438
.0190277100
-.0134582520
-.0221710205
-.0263366699
-.0290832520
.0142211914
.0099182129
-.0106506348
-.0101318359
.0277557373
.0114593506
.0176544189
.0197601318
-.0134582520
.0091857910
.0249023438
.0290222168
-.0135040283
-.0095062256
.0204925537
.0319366455
-.0140991211
-.0120849609
.0092315674
.0162963867
-.0081024170
-.0107116699
.0156097412
.0148773193
.0107269287
.0169830322
-.0234985352
.0084686279
.0067291260
.0102081299
.0077514648
.0091705322
-.0081024170
-.0067138672
-.0084533691
-.0098571777
-.0047454834
.0067291260
.0053253174
.0084533691
.0067291260
-.0050201416
-.0024871826
-.0021514893
-.0057067871
-.0070953369
.0030364990
.0032043457
.0030517578
-.0037078857
.0032348633
.0025177002
.0021667480
-.0012207031
-.0106964111
-.0091705322
-.0045623779
-.0038909912
-.0033416748
-.0020141602
-.0019073486
-.0018157959
-.0015411377
.0017547607
-.0060272217
-.0023040771
.0017852783
.0014190674
.0012512207
.0013427734
-.0016479492
.0011749268
-.0015716553
.0026702881
.0021514893
.0013427734
-.0113983154
.0050354004
.0039062500
.0128021240
-.0077667236
-.0047302246
.0050354004
.0070800781
-.0235290527
.0415954590
.0221710205
.0162811279
.0128326416
.0107421875
-.0113830566
-.0077667236
.0211181641
-.0155792236
-.0135040283
.0169525146
-.0162506104
-.0196990967
.0183410645
.0162658691
-.0155639648
-.0120849609
.0235748291
-.0190277100
-.0401611328
-.0176239014
.0221557617
.0221862793
-.0155792236
-.0221710205
.0211029053
-.0197448730
.0290832520
-.0290679932
.0190429688
.0221710205
.0155792236
-.0401306152
.0221405029
.0169830322
-.0290679932
.0221557617
.0176544189
.0176696777
-.0162506104
.0121154785
-.0120849609
.0134887695
.0155639648
.0235137939
.0169525146
.0183715820
.0155792236
.0249023438
-.0196838379
-.0249328613
-.0197143555
.0249328613
.0149078369
.0142211914
-.0169372559
.0142211914
-.0204010010
-.0197296143
.0190582275
.0387573242
-.0249023438
-.0204315186
-.0221557617
.0401611328
.0263061523
.0169372559
.0183410645
.0318603516
-.0249176025
-.0176239014
.0149078369
.0277252197
.0277099609
.0263519287
-.0210876465
-.0142059326
.0183258057
-.0155639648
.0183410645
-.0401458740
.0290985107
.0276947021
.0249328613
.0176544189
.0169677734
.0277252197
-.0387725830
-.0276794434
-.0190124512
.0346679688
.0249938965
-.0304565430
.0221557617
.0277099609
.0197448730
.0249481201
.0197448730
-.0276641846
.0263214111
-.0221099854
.0221557617
-.0290832520
.0196685791
.0183563232
-.0169219971
-.0221099854
.0277252197
-.0113983154
.0183563232
-.0190429688
.0373687744
.0221099854
.0211181641
-.0204315186
.0204162598
-.0248870850
-.0262756348
.0305175781
-.0211029053
.0203704834
-.0221405029
.0318603516
-.0346374512
.0332336426
-.0373840332
-.0290374756
.0211181641
.0190582275
-.0221557617
.0304412842
-.0169525146
.0263214111
-.0290832520
-.0332183838
.0184020996
.0249481201
-.0190277100
.0176544189
.0235595703
-.0221099854
-.0176391602
-.0190429688
-.0211029053
.0221710205
.0204467773
.0169830322
-.0234985352
-.0388031006
.0277099609
.0235290527
.0249328613
-.0176544189
-.0290832520
-.0204315186
-.0263061523
-.0401763916
.0346527100
.0290985107
.0262908936
-.0235290527
-.0388031006
-.0332336426
.0304412842
-.0162811279
-.0235443115
-.0197296143
-.0221405029
.0277252197
-.0262756348
-.0169525146
.0183868408
.0291290283
-.0221099854
-.0148620605
-.0221405029
-.0190734863
.0262908936
.0169677734
-.0203857422
.0204162598
-.0290832520
.0222167969
.0197753906
.0249481201
-.0169219971
-.0235290527
.0149078369
.0221557617
.0196990967
-.0478057861
.0221252441
.0276336670
-.0346679688
-.0318603516
-.0235290527
.0249481201
.0221710205
.0263824463
.0277252197
.0249633789
.0304565430
-.0304565430
.0197143555
-.0249786377
-.0155487061
.0248718262
.0276641846
.0210723877
-.0149230957
-.0190582275
-.0221557617
-.0220947266
-.0262298584
-.0234375000
-.0276336670
.0277557373
.0135040283
.0249481201
.0222015381
.0235595703
.0249176025
-.0249328613
.0235137939
.0332336426
-.0332489014
.0211181641
-.0359954834
-.0304260254
.0290985107
-.0318603516
.0415496826
-.0304565430
.0415954590
-.0345458984
-.0373992920
.0373992920
.0249176025
-.0211181641
-.0754852295
-.0699005127
.0318908691
.0318756104
.0263366699
.0249328613
.0249023438
.0262756348
-.0183715820
-.0162811279
-.0149078369
.0373840332
.0169525146
-.0141601563
-.0276794434
.0114440918
-.0235443115
.0235748291
-.0148620605
-.0141448975
.0176696777
.0134735107
.0189971924
.0120849609
-.0190277100
.0155029297
.0074157715
.0060272217
-.0127716064
-.0121002197
-.0098114014
.0095062256
.0092010498
-.0063323975
-.0056457520
.0046386719
.0030670166
.0107574463
-.0063781738
.0043792725
.0101470947
.0073699951
.0113830566
-.0114288330
.0063934326
-.0081176758
.0304718018
.0091552734
-.0127716064
.0091857910
-.0091094971
-.0106811523
.0107727051
-.0077209473
.0088653564
-.0101623535
.0095214844
.0084838867
.0121154785
-.0169525146
.0094909668
.0121307373
.0142059326
.0176696777
-.0141601563
.0114288330
.0098876953
.0107727051
-.0080871582
-.0077362061
.0064086914
.0088195801
-.0077819824
.0063934326
.0148620605
-.0102081299
.0081176758
.0169372559
-.0318603516
.0290527344
.0128021240
.0101928711
-.0077819824
-.0134735107
.0162963867
.0128326416
-.0063629150
-.0106964111
-.0098419189
.0107421875
-.0128173828
-.0081176758
-.0060577393
-.0045928955
.0121002197
.0148620605
.0221405029
.0277099609
.0332489014
-.0276641846
.0222167969
-.0196838379
-.0221099854
-.0148620605
-.0141754150
-.0183258057
-.0155639648
.0071105957
.0091857910
.0102386475
.0081481934
.0098876953
.0135040283
.0107421875
.0190429688
.0155944824
-.0127868652
-.0107116699
.0107421875
.0091705322
-.0059967041
-.0113677979
-.0053558350
.0101928711
.0050201416
.0318450928
.0121307373
-.0141601563
.0081329346
-.0074157715
-.0074005127
-.0134582520
-.0113830566
-.0113830566
.0221710205
-.0276947021
.0095062256
-.0081024170
.0107116699
.0102081299
-.0053405762
.0148773193
-.0107116699
-.0114135742
.0070800781
.0148468018
-.0211029053
.0221710205
.0450134277
-.0197448730
-.0401611328
.0197143555
.0128326416
-.0360565186
.0134887695
-.0155792236
-.0128021240
-.0107269287
-.0113983154
.0084686279
.0084838867
-.0276641846
-.0175933838
-.0182952881
-.0113677979
-.0176239014
-.0318145752
-.0429229736
-.0249023438
-.0235137939
-.0332641602
.0415802002
.0332641602
-.0304565430
-.0276947021
-.0221405029
-.0190582275
.0127716064
.0121307373
.0121459961
.0102691650
.0099334717
.0081787109
.0107727051
.0078125000
.0063934326
.0043640137
-.0064392090
.0043487549
.0070343018
-.0050354004
-.0047607422
-.0033569336
.0028686523
-.0049896240
-.0047607422
-.0053253174
.0071411133
.0050201416
-.0077362061
.0107574463
-.0101776123
-.0169525146
-.0249023438
-.0221862793
.0106811523
.0142211914
.0318450928
.0221099854
-.0162506104
.0101928711
-.0084381104
-.0373535156
-.0189819336
-.0248718262
.0156097412
-.0176391602
.0135040283
.0128173828
-.0084686279
-.0162506104
-.0114288330
-.0063629150
-.0081176758
.0277252197
.0162506104
-.0134735107
-.0134735107
.0346374512
.0141906738
.0169372559
-.0248870850
.0249328613
-.0120697021
.0204467773
.0249176025
.0277099609
-.0346221924
.0387725830
.0360260010
.0387725830
-.0332641602
-.0304870605
-.0450134277
-.0387725830
-.0276947021
-.1184997559
.0617675781
-.0753631592
.1074218750
-.0726623535
.0533599854
-.0560607910
.0387573242
-.0672912598
-.0305633545
-.1130065918
-.0478515625
-.0616912842
-.0478210449
.0346221924
.0561218262
-.0373840332
.0176849365
-.0235137939
-.0189971924
.0141906738
.0176391602
.0121154785
-.0155639648
.0532989502
.0505676270
-.0387420654
-.0699768066
-.1073913574
-.0560607910
.0590209961
-.0587158203
-.0503692627
.0479583740
.0507049561
.0783691406
-.0643157959
-.0401611328
.0505523682
-.0429534912
-.0755310059
-.0560760498
-.0533294678
.0963287354
.0672607422
-.0588226318
-.0505065918
.0429229736
.0560760498
.0533599854
.0477294922
.0476989746
.0414581299
-.0416412354
-.0617980957
-.0672607422
-.0699615479
-.0386810303
.0360412598
.0346221924
-.0318298340
.0135192871
-.0304412842
.0197906494
-.0120849609
-.0098571777
-.0092010498
.1017913818
-.0415649414
-.0387725830
-.0346069336
.0811157227
.0416259766
.0908203125
-.0415191650
.0810699463
-.0560607910
-.0345458984
.0360260010
.0643310547
-.0811004639
-.0560913086
.1407318115
.0811309814
.0811004639
.0700378418
-.0907287598
-.0727233887
-.0506134033
-.0672912598
.0962371826
-.1074523926
.1240386963
.0699310303
-.1128387451
-.1738586426
.1018066406
.1350555420
.1739044189
.1130065918
.0838928223
-.1571655273
-.0908203125
-.1295318604
.1350708008
-.0907287598
-.0865173340
-.1350097656
.1129302979
.0588836670
.1739196777
.0588684082
.0588073730
.1517028809
-.1183624268
-.1074218750
.1184692383
.1461791992
-.0962066650
.1018676758
-.0906524658
.0590057373
.0754241943
.0755767822
.1184844971
.1239929199
.0865478516
.0698699951
.0755157471
-.0561370850
-.0533447266
.0401306152
.0505828857
.0479278564
.0403442383
.0451812744
-.0414886475
.0277862549
.0211334229
.0290374756
.0162963867
.0134582520
.0148162842
-.0135192871
-.0196990967
.0135955811
.0135650635
-.0119323730
.0137023926
.0092163086
.0102691650
.0091400146
-.0121307373
.0095520020
-.0087890625
-.0084533691
-.0053100586
.0070953369
.0042266846
-.0038299561
.0071258545
-.0045318604
.0032196045
.0042572021
.0035247803
.0023345947
-.0019989014
.0018768311
-.0015869141
.0010375977
.0019073486
.0012054443
-.0016784668
.0029907227
-.0023651123
.0060119629
-.0050354004
-.0077972412
.0043640137
.0036468506
.0031280518
-.0027008057
-.0027008057
.0028076172
-.0013122559
-.0016021729
.0014953613
-.0014038086
.0011444092
.0036773682
.0020141602
.0019226074
-.0013275146
.0042266846
-.0106964111
-.0087738037
-.0070495605
-.0056915283
-.0060272217
.0044250488
.0095062256
.0114593506
.0060729980
-.0049743652
.0047912598
.0028839111
.0027160645
.0040893555
.0030364990
-.0034942627
.0032196045
-.0040283203
.0047607422
-.0049896240
.0028533936
-.0029907227
.0102081299
-.0074157715
-.0049896240
.0037231445
-.0033416748
-.0026702881
.0019378662
-.0019226074
.0024719238
-.0018615723
-.0011444092
.0012207031
-.0009765625
-.0010681152
-.0021514893
-.0011596680
-.0012359619
.0015869141
.0009765625
.0009307861
-.0084381104
.0074462891
-.0053405762
-.0036926270
-.0031585693
-.0024719238
-.0019989014
.0026855469
.0114288330
-.0087738037
-.0113983154
-.0094757080
.0074615479
.0067596436
.0057220459
-.0041809082
.0037231445
-.0074157715
-.0081024170
.0053558350
-.0067291260
-.0038604736
-.0031585693
.0429687500
.0176696777
.0155944824
.0121154785
.0095367432
-.0053100586
-.0049896240
-.0033416748
-.0033569336
-.0021209717
-.0031585693
.0018463135
-.0015563965
-.0015716553
.0014190674
.0011749268
.0010833740
.0007324219
-.0009765625
-.0010528564
-.0007934570
-.0005493164
-.0006103516
.0006103516
-.0007781982
.0005798340
-.0003356934
-.0003814697
.0003662109
.0003204346
-.0006256104
.0007324219
-.0015869141
.0010528564
.0007934570
-.0005187988
-.0113983154
-.0070648193
-.0047302246
-.0040283203
-.0028228760
.0030212402
-.0033416748
.0016784668
.0019989014
.0013427734
-.0011444092
-.0012359619
.0014953613
.0011596680
-.0008850098
.0006561279
.0007476807
-.0006256104
.0006561279
-.0005645752
.0005340576
-.0005340576
-.0006561279
-.0007019043
.0004272461
.0003204346
-.0004882813
.0004730225
.0002593994
-.0003356934
.0004425049
-.0004425049
-.0002593994
.0003051758
.0002136230
-.0002441406
.0003509521
.0003662109
.0003204346
.0004882813
-.0002593994
-.0004272461
-.0003356934
-.0002593994
.0002441406
.0001983643
-.0002746582
.0001831055
.0003204346
-.0002899170
.0003204346
-.0002136230
-.0003356934
.0002441406
-.0001983643
.0001831055
.0002746582
.0003509521
-.0005035400
.0003356934
.0002288818
-.0004577637
-.0003662109
