-.0036773682
-.0016632080
.0028991699
.0028991699
.0027160645
-.0021667480
.0043029785
.0036163330
.0022125244
.0014190674
.0019378662
-.0038299561
-.0031433105
.0043334961
.0032348633
-.0074310303
.0051116943
-.0064544678
-.0063781738
-.0049896240
-.0057373047
-.0074462891
.0056457520
-.0045928955
-.0086975098
.0091094971
-.0079956055
-.0110626221
.0085906982
-.0079650879
-.0040740967
.0080718994
-.0101470947
-.0107727051
.0055847168
.0058746338
-.0112304688
.0127716064
-.0140380859
-.0069732666
.0119018555
-.0124053955
-.0145568848
.0116271973
-.0054016113
.0065765381
-.0082397461
.0110778809
.0105285645
.0097351074
.0086669922
.0067443848
-.0141601563
-.0174865723
-.0306549072
.0197448730
-.0158691406
-.0185852051
-.0155792236
-.0081176758
-.0145263672
.0229492188
-.0236663818
.0286712646
.0253143311
-.0302734375
.0202178955
.0153350830
-.0193634033
.0190582275
-.0132751465
-.0146942139
.0197448730
-.0270233154
.0334930420
.0215759277
-.0287170410
.0197906494
-.0325012207
-.0338287354
-.0526428223
-.0243530273
.0615081787
.0207366943
-.0517883301
.0592498779
.0293426514
-.0265655518
.0243988037
-.0165100098
-.0328369141
-.0273895264
-.0447998047
-.0285186768
-.0344543457
-.0218658447
.0412902832
.0550842285
-.0334014893
.0584869385
.0307159424
.0229644775
.0370635986
-.0414886475
-.0288543701
-.0201568604
.0296783447
-.0259094238
.0386810303
-.0391387939
-.0514526367
-.0322723389
-.0432739258
-.0342864990
.0275268555
-.0387420654
.0312652588
.0417175293
-.0579223633
-.0426940918
.0480499268
.0738830566
-.0377502441
.0401000977
.0461425781
.0470275879
-.0786437988
.0319976807
.0431060791
-.0621490479
-.0847473145
-.0572967529
.0348052979
-.0216522217
-.0388031006
-.0824737549
-.0751647949
.0472259521
.0406188965
-.0813293457
-.0771942139
.0823364258
-.0650024414
-.0348510742
.0548858643
.0479888916
.0583343506
-.0646972656
-.0568084717
.0489044189
.0222167969
.0367584229
-.0750732422
.0511474609
.0966796875
.1020355225
.0681152344
-.0378417969
.0437927246
.0779571533
-.0647430420
-.0749053955
-.0663604736
-.0714569092
-.0483093262
.0552825928
.0571289063
-.0634155273
.0467376709
-.0486145020
-.0454864502
-.0367889404
-.0398864746
.0732421875
-.0517578125
.0910034180
.0791625977
-.0800170898
-.0419464111
-.0469360352
.0607757568
.0645599365
.0580902100
.0416412354
.0390472412
-.0583953857
-.0604248047
.0742187500
.0387115479
.0343780518
.0575714111
.0665435791
.0588226318
-.0807800293
.0774078369
-.0725402832
-.0900726318
-.0621032715
.0777587891
-.0804748535
.0743255615
-.0604248047
-.0740509033
.0720672607
.0992431641
-.0547027588
.0316467285
-.0836486816
.0534973145
-.0540924072
-.0863342285
-.1223297119
-.0676422119
-.1134338379
.0437622070
.0786285400
-.0709991455
-.0307769775
-.0454101563
-.0431060791
-.0507049561
-.0861816406
-.0779571533
-.1291656494
-.0638122559
.0825958252
.0961761475
.0900726318
-.1151123047
.0414733887
-.0735931396
.0522003174
.0600891113
.0322113037
.0508880615
-.0448608398
.0397338867
.0775909424
-.0416412354
-.0381317139
-.0679779053
.0371704102
-.0305328369
-.0587921143
.1051483154
.1044311523
.0603027344
.0542144775
.0841979980
-.0328369141
-.0629272461
-.0545959473
-.0543975830
-.0505981445
-.0880279541
-.0837402344
.0705261230
-.1044464111
-.0854949951
.0846099854
-.0714569092
.0581359863
-.0850677490
-.0410614014
.0572204590
.0464324951
.0424957275
-.0730590820
-.0700225830
.0473785400
.0475921631
.0653991699
-.0956420898
.0803222656
.0592803955
-.0625152588
.0443420410
.0692291260
-.0558319092
.0630645752
-.0623321533
.0555725098
-.0510559082
.0740966797
-.0544586182
.0658721924
-.0548553467
-.0363006592
-.0964355469
-.0447998047
.0618286133
-.0550537109
.0781555176
.0741271973
-.0688018799
.0662078857
.0671997070
.0982513428
.0441436768
.0731964111
.0529022217
-.0644073486
.0581970215
-.0371093750
-.0486602783
-.0699920654
.0437927246
-.0575103760
.0430145264
.0613861084
-.0786743164
.0362396240
.0318450928
.0701446533
.0911254883
-.0732727051
.0648803711
.0484619141
-.0697631836
-.0886535645
.0766601563
-.0476226807
.0678253174
-.0995025635
.0546569824
-.1116180420
-.0772857666
.0600585938
-.0917816162
-.0677185059
-.0888977051
-.1234893799
.0555267334
-.0431976318
-.0563354492
-.0555114746
.0652923584
-.0545196533
-.0681457520
-.0487365723
-.0567779541
.0593719482
.0286254883
.0832672119
.0797576904
-.1036071777
.0608825684
-.0589904785
-.1021728516
.0796661377
-.0989685059
-.1053009033
.0438079834
.0664672852
.0763092041
-.0509796143
-.0510253906
.0435943604
-.0711517334
-.0407409668
-.0315704346
.0893707275
.0812530518
.0911102295
-.0380859375
.1036071777
-.0914916992
.0876312256
-.0429534912
-.0905761719
-.0532379150
.0610046387
-.0367126465
.0562591553
-.0428466797
.0414581299
.0657806396
-.0640716553
-.0848388672
.0715637207
-.0769805908
.0808715820
.0481567383
-.0838165283
-.0464324951
.0303497314
.0512084961
-.0930023193
.0476226807
-.0546875000
-.0506134033
.0568084717
-.0699157715
.0784301758
-.0850677490
-.0658264160
-.0558319092
-.0450897217
.1133422852
.1302337646
.0848236084
-.1122283936
.0624847412
-.0609893799
.0802764893
-.1070098877
.0403137207
.1118927002
.0946655273
.0532073975
.0644531250
-.0867309570
.0569763184
.0374908447
-.0721893311
.0724029541
-.0520782471
.0565490723
.0694885254
-.0486297607
.0457305908
-.1040802002
.0564422607
.0346374512
-.0342559814
.0400848389
-.0582275391
-.0470123291
.0639190674
-.0532379150
-.0794982910
-.0465545654
.0615386963
.0650939941
.0639495850
-.0565032959
.0352783203
.0490875244
.0571441650
.0460052490
-.0655212402
.0527801514
-.0774383545
.0545043945
-.0556488037
-.0570220947
-.0632171631
-.0722351074
-.0401611328
.0296478271
-.0625915527
.0400085449
.0686035156
-.0246124268
.1096343994
.0783233643
.0499267578
-.0206756592
.0244750977
-.0329437256
-.0320739746
.0339050293
.0409240723
-.0830230713
-.0435943604
-.0316619873
.0471954346
.0321960449
-.0655822754
.0776824951
.0361938477
-.0315399170
.0395202637
.0777435303
.0597076416
-.0312805176
.0450744629
.0450134277
.0494995117
.0362091064
-.0412445068
-.0438079834
-.0556640625
-.0367736816
.0494232178
-.0539398193
-.0731964111
.0239868164
.0326080322
.0662841797
-.0387420654
.0574798584
-.0132141113
-.0383453369
.0183105469
.0488128662
.0534667969
.0505218506
.0709533691
.0567626953
-.0633850098
.0345611572
-.0550994873
-.0355224609
-.0527343750
.0557556152
-.0395812988
-.0320281982
.0462646484
-.0242156982
.0330657959
.0397644043
-.0433349609
-.0335845947
-.0379943848
.0317382813
.0378570557
.0304107666
-.0337829590
-.0366363525
-.0287170410
.0162811279
-.0152587891
.0362396240
.0354766846
.0385284424
-.0269165039
-.0232391357
-.0234069824
.0163726807
-.0219573975
-.0269622803
-.0431213379
.0225067139
-.0261688232
.0164337158
.0186767578
-.0457611084
.0214843750
.0492706299
-.0140533447
.0345916748
-.0293121338
.0372314453
.0821075439
.0711517334
.0729522705
.0545349121
.0520935059
.0494842529
.0609283447
.0720672607
.0673065186
.0696868896
.0598449707
.0701141357
.0758666992
.0907592773
.0624847412
.0600738525
.0509796143
.0430755615
.0227050781
-.0511474609
-.0478057861
.0373077393
-.0400085449
-.0411834717
-.0366973877
.0344390869
-.0372772217
-.0332641602
.0437316895
-.0193023682
.0308990479
.0205078125
.0369567871
-.0115661621
-.0248870850
-.0171356201
-.0266265869
-.0389709473
.0328826904
-.0171508789
-.0247039795
-.0407714844
.0140838623
-.0366973877
.0420837402
.0163421631
-.0162963867
.0373840332
.0277557373
.0323944092
.0259399414
-.0271606445
-.0270233154
.0177917480
.0151519775
-.0202636719
.0331420898
.0167541504
.0142822266
-.0241546631
.0153656006
.0082550049
.0136566162
.0135803223
-.0236206055
-.0324859619
.0168762207
.0359191895
.0203247070
-.0172119141
-.0193786621
.0207366943
-.0247955322
-.0240173340
-.0204467773
-.0231933594
.0292510986
.0176849365
-.0209350586
-.0154266357
-.0256652832
.0172576904
.0206298828
-.0211334229
-.0265045166
-.0348968506
-.0379943848
.0208892822
-.0184936523
.0070800781
.0132598877
.0109405518
-.0355224609
.0484619141
.0218200684
-.0086975098
.0077209473
.0131225586
-.0195312500
.0143127441
.0292663574
.0362396240
.0220642090
-.0104370117
-.0153045654
.0258331299
.0172882080
.0435791016
-.0400848389
-.0105285645
-.0139160156
-.0187225342
.0197906494
-.0143890381
.0207214355
.0385894775
.0469055176
-.0179595947
.0122985840
-.0099945068
-.0124816895
-.0241699219
.0252990723
.0362243652
.0191497803
-.0269012451
.0343475342
.0223999023
-.0161743164
.0189208984
.0201721191
.0347747803
-.0155639648
.0332946777
.0463256836
.0440521240
.0492553711
.0269165039
.0335845947
-.0301818848
.0395965576
.0380249023
.0287322998
.0206756592
-.0193634033
.0403289795
-.0213470459
-.0243225098
-.0198669434
.0463104248
.0493774414
-.0478210449
.0606536865
.0579376221
.0464935303
-.0491943359
.0546112061
.0423431396
.0564117432
-.0675354004
-.0410919189
.0531005859
.0511016846
.0481262207
-.0375213623
.0611114502
.0778503418
-.0487213135
-.0537567139
.0538482666
-.0675048828
-.0534820557
-.0240478516
.0369110107
.0541687012
.0732727051
.0525817871
-.0176696777
-.0213165283
.0675811768
-.0395202637
-.0193328857
.0224151611
-.0180358887
.0250091553
.0398101807
.0242156982
.0345306396
.0426788330
.0330505371
-.0453186035
-.0797271729
-.0524902344
.0505218506
.0702819824
.0487670898
.0503387451
.0382537842
-.0347290039
.0647277832
.0615844727
-.0697326660
-.0576477051
-.0589294434
-.0599212646
-.0617218018
-.0748596191
.0823364258
.0674591064
.0483551025
-.0535430908
.0732421875
.0839080811
.0588531494
.0281219482
-.0270080566
.0405273438
-.0508270264
.0584259033
-.0768127441
.0403747559
.0603942871
-.1046295166
.1052246094
.0531158447
.0532531738
.0578613281
-.0310363770
-.0445861816
.0555114746
-.0252227783
-.0415496826
-.0428314209
-.0317993164
-.0461273193
-.0418548584
-.0502929688
-.0406188965
-.0375061035
-.0387115479
.0445556641
-.0311279297
-.0301055908
.0311737061
-.0413055420
-.0418243408
-.0510864258
-.0646820068
-.0405731201
.0406494141
.0649871826
.0490264893
-.0680236816
-.0367431641
-.0471343994
-.0385284424
.0185546875
.0452270508
-.0692749023
-.0787658691
-.0813751221
-.0725555420
-.0445251465
.0478820801
-.0665130615
.0370941162
.0433349609
.0631103516
-.0459289551
.0261688232
-.0643463135
-.0369873047
.0179748535
-.0561370850
-.0382843018
-.0168457031
.0408477783
-.0474243164
.0320129395
.0353546143
-.0253448486
.0256042480
.0289611816
-.0663299561
-.0577545166
-.0462646484
-.0410156250
.0321197510
-.0287322998
-.0468292236
-.0446166992
-.0470581055
-.0548248291
-.0425720215
-.0596008301
-.0592041016
.0569305420
.0831298828
.0887603760
-.1012115479
-.0696258545
-.0747985840
.0735931396
-.0424041748
-.0487823486
.0648040771
.0616455078
-.0517272949
-.0857849121
-.0868072510
.0744323730
-.0535278320
-.0460815430
.0382537842
-.0441741943
-.0600585938
-.0675048828
-.0680236816
-.0522003174
.0265045166
.0353240967
-.0338134766
-.0241394043
.0299072266
-.0229492188
-.0193634033
.0195770264
.0283966064
.0232086182
.0290679932
-.0235137939
.0171203613
-.0270843506
-.0352783203
-.0325012207
.0174865723
-.0292205811
.0318908691
.0332641602
-.0404968262
.0188140869
.0389099121
.0522460938
.0494842529
.0383148193
.0261383057
.0245361328
.0308227539
-.0488433838
-.0408325195
.0637969971
.0540313721
.0422210693
.0412139893
.0422821045
.0558776855
.0608978271
.0555267334
.0521240234
.0679321289
-.0734558105
-.0605163574
.0449829102
.0674591064
.0667114258
-.0381774902
-.0490722656
.0605468750
.0324859619
.0404357910
.0567016602
-.0530395508
-.0333557129
.0370330811
.0577239990
.0405578613
.0383453369
.0565795898
.0376129150
-.0291290283
-.0326690674
.0410461426
.0358734131
-.0387115479
-.0346984863
-.0308380127
-.0146179199
-.0098876953
-.0186767578
-.0154724121
.0190124512
-.0331420898
-.0415954590
-.0308685303
-.0172729492
.0135803223
.0202331543
-.0240478516
-.0314636230
.0378570557
.0348358154
.0265502930
-.0284118652
-.0257720947
.0231018066
.0232696533
-.0252838135
.0240631104
.0389862061
.0595550537
.0625762939
.0666961670
.0575256348
.0527343750
.0482177734
.0396575928
.0482482910
.0628204346
.0580444336
-.0253601074
-.0152282715
.0066223145
.0586090088
.0346527100
-.0156555176
.0184326172
-.0288696289
-.0240783691
-.0151519775
.0335388184
.0242614746
.0216217041
.0250091553
.0326232910
.0263977051
.0269622803
.0215759277
.0261535645
.0225524902
.0146179199
.0249328613
.0268096924
.0259399414
.0173797607
.0173797607
.0259704590
.0178527832
-.0097656250
-.0074462891
-.0084533691
-.0048522949
.0030212402
-.0035095215
-.0012664795
.0017547607
-.0023498535
.0020141602
-.0029602051
-.0011596680
