.0000457764
.0000457764
-.0000457764
.0000457764
-.0000610352
-.0000610352
-.0000610352
.0000610352
-.0000610352
-.0000610352
.0000610352
-.0000610352
.0000457764
.0000762939
-.0000610352
-.0000610352
-.0000762939
-.0000610352
.0000457764
-.0000457764
.0000457764
-.0000457764
.0000457764
.0000610352
.0000457764
.0000457764
.0000457764
.0000457764
.0000457764
-.0000457764
.0000457764
.0000457764
.0000610352
.0000762939
-.0001220703
.0001678467
-.0003051758
.0006256104
.0007476807
.0039520264
-.0022888184
-.0036621094
-.0032806396
.0028686523
-.0102539063
-.0151062012
-.0089569092
.0377655029
-.0167541504
.0130310059
-.0038146973
-.0018615723
-.0014038086
.0012359619
.0040740967
.0025024414
-.0013122559
.0020141602
.0061798096
-.0087280273
-.0251464844
-.0027313232
-.0014190674
-.0008544922
-.0041503906
-.0017700195
.0014190674
-.0026397705
.0021362305
-.0027313232
-.0031127930
.0073699951
-.0118103027
.0052337646
.0218200684
.0117950439
.0274810791
.0257263184
-.0830535889
-.0086975098
-.0043487549
-.0027160645
.0034027100
-.0015563965
.0164184570
-.0060577393
.0064849854
.0023803711
-.0023498535
.0016021729
-.0011138916
.0044403076
.0009002686
.0007171631
-.0021209717
.0013885498
-.0039367676
.0119018555
-.0057525635
-.0056610107
-.0035095215
.0404968262
-.0049285889
.0022888184
-.0030212402
.0024566650
.0411071777
-.0234985352
.0133666992
-.0130615234
-.0061187744
-.0029449463
-.0020904541
.0009918213
-.0029296875
-.0032806396
-.0007324219
.0048217773
.0030212402
-.0054931641
.0155181885
-.0172424316
.0080871582
.0031890869
-.0052032471
-.0008697510
-.0297393799
.0163574219
.0112152100
.0049438477
.0068359375
-.0032043457
.0045013428
.0076599121
.0049133301
-.0037994385
-.0012664795
.0233917236
.0073394775
.0298309326
.0127716064
.0148315430
.0179290771
-.0064239502
-.0086059570
.0014190674
.0007019043
-.0007171631
-.0020446777
-.0031890869
-.0009460449
-.0033874512
-.0007934570
-.0074157715
.0028381348
.0258941650
.0030670166
.0084075928
-.0034332275
.0021820068
-.0010375977
.0117950439
-.0026245117
-.0066528320
.0061187744
-.0308227539
.0147247314
-.0060729980
-.0062866211
-.0049285889
-.0030059814
-.0046844482
-.0083007813
-.0060119629
-.0020751953
.0046997070
-.0040283203
-.0088500977
-.0549163818
-.0541687012
-.0105895996
.0047149658
.0021667480
.0015869141
-.0042266846
.0008392334
.0037689209
-.0023498535
.0022888184
.0041046143
-.0011138916
-.0037994385
-.0011444092
.0039062500
-.0014190674
-.0073852539
-.0055541992
-.0134429932
.0101165771
-.0029602051
.0059356689
.0061492920
.0097961426
-.0066833496
.0572509766
-.0218811035
.0317687988
-.0070648193
.0116271973
-.0091857910
.0145874023
.0082550049
-.0026855469
-.0021820068
-.0023956299
-.0070648193
-.0052795410
.0022125244
.0013427734
.0022430420
.0005950928
.0006103516
.0008850098
-.0005035400
-.0005493164
.0006256104
.0015411377
-.0006713867
-.0006561279
-.0010070801
.0016174316
.0008392334
-.0034027100
-.0018768311
.0007324219
-.0010681152
.0005187988
-.0004425049
-.0093994141
.0064849854
-.0159301758
-.0203857422
-.0128631592
-.0050964355
-.0037078857
-.0030975342
.0059204102
-.0137329102
.0041503906
.0023193359
-.0027618408
-.0039367676
.0035400391
.0038604736
.0032501221
.0101623535
.0094757080
-.0090637207
-.0088195801
-.0028228760
.0007629395
-.0034942627
-.0008697510
.0007019043
.0010528564
.0010833740
.0007324219
-.0037536621
-.0034790039
.0016174316
-.0009307861
-.0007476807
.0018005371
-.0061187744
.0005493164
.0011749268
-.0011901855
-.0046081543
-.0472412109
.0041351318
-.0023956299
-.0202789307
-.0057830811
-.0034484863
.0018310547
.0053405762
-.0054473877
-.0074157715
.0036163330
-.0047149658
.0064239502
-.0017089844
-.0151062012
.0023956299
.0009307861
-.0009002686
.0004730225
.0005645752
.0006866455
-.0062103271
.0008239746
-.0024414063
-.0031738281
-.0026092529
.0030975342
.0028381348
-.0026855469
.0032043457
.0009918213
.0009307861
-.0025482178
.0053710938
-.0193786621
.0164642334
.0102996826
.0028381348
.0061035156
.0046081543
-.0031585693
.0049285889
-.0088043213
.0034942627
.0110778809
-.0039215088
.0162048340
-.0222625732
-.0051879883
.0040893555
.0027160645
-.0008239746
.0006561279
-.0008850098
.0014495850
.0035552979
-.0009613037
.0006256104
.0011138916
-.0011596680
.0006561279
.0011596680
.0028686523
.0022430420
.0005950928
.0019073486
.0018310547
-.0165405273
-.0088958740
.0021820068
.0050354004
.0052490234
-.0058288574
-.0048065186
.0065002441
-.0060272217
-.0115509033
-.0018310547
-.0055999756
-.0042114258
.0235137939
-.0093994141
.0067749023
-.0021667480
.0019531250
.0036926270
-.0009613037
-.0061645508
.0017242432
.0013275146
.0008087158
-.0003967285
.0001983643
.0002746582
-.0004577637
.0004577637
-.0028839111
-.0047454834
-.0196380615
-.0056304932
-.0021820068
.0031127930
-.0019683838
.0016021729
.0013122559
-.0008239746
.0010070801
-.0013427734
.0028991699
.0015869141
-.0027770996
-.0015563965
-.0013427734
.0021667480
-.0009002686
.0097503662
.0356445313
.0066375732
.0032806396
.0132446289
.0193176270
.0044097900
.0063629150
-.0816040039
-.0158691406
-.0054626465
-.0036773682
-.0008392334
-.0019531250
-.0012969971
.0011596680
.0050201416
.0045013428
-.0027618408
.0031433105
-.0040893555
.0066833496
.0048370361
-.0034790039
-.0050659180
-.0243682861
.0060729980
-.0034484863
-.0124664307
-.0085449219
.0041809082
.0045928955
.0354003906
.0054016113
-.0173492432
-.0032653809
.0101776123
.0054168701
.0088958740
.0706481934
.0424499512
.0059967041
-.0047454834
-.0023040771
.0008544922
.0006561279
-.0056610107
.0004425049
-.0012512207
.0024261475
-.0007324219
.0013122559
-.0051879883
.0024566650
.0121307373
-.0066223145
-.0074768066
-.0067443848
-.0166931152
-.0576019287
-.0214080811
.0075836182
.0062103271
.0091552734
.0296173096
-.0048217773
.0097351074
.0239257813
.0094299316
-.0169219971
.0044708252
-.0142974854
-.0065002441
-.0088195801
-.0035552979
.0008697510
-.0018005371
.0004425049
-.0011749268
-.0032196045
.0021820068
-.0016479492
.0026245117
.0013427734
.0008544922
-.0004577637
.0053710938
-.0035858154
.0027008057
-.0023040771
-.0040130615
.0040130615
.0044555664
-.0019073486
.0007934570
.0063171387
.0018005371
-.0123901367
.0259246826
.0109100342
.0053863525
.0136566162
.0039367676
-.0012359619
-.0468597412
-.0135650635
.0059661865
-.0079040527
.0056610107
-.0889587402
.0403594971
-.0102539063
-.0128021240
.0054168701
.0026092529
-.0020141602
.0014801025
.0028228760
.0025177002
.0019226074
.0007934570
-.0019378662
.0007476807
-.0024871826
.0011291504
-.0018768311
-.0034179688
.0028381348
.0029907227
.0084991455
-.0171203613
.0171966553
-.0103302002
.0038299561
-.0079956055
.0145416260
-.0293121338
-.0115051270
.0045928955
.0189819336
.0086212158
.0272064209
-.0126342773
-.0425262451
.0306854248
-.0033721924
.0037536621
.0021514893
.0009918213
-.0016479492
-.0020294189
.0025787354
.0066986084
.0011291504
-.0015411377
.0007171631
-.0141754150
-.0030364990
-.0078125000
.0052947998
-.0066223145
-.0072937012
-.0015258789
.0013427734
.0014038086
-.0039825439
-.0029296875
.0171813965
.0106811523
-.0149078369
-.0034332275
-.0061492920
-.0055847168
-.0067138672
-.0113983154
.0788726807
-.0557098389
-.0079650879
-.0125579834
-.0099945068
.0272064209
-.0556182861
-.0353698730
-.0096435547
-.0031433105
.0058441162
.0022583008
.0007171631
-.0008392334
.0012359619
.0020294189
.0182952881
-.0081634521
-.0015106201
-.0009002686
-.0016326904
.0040740967
-.0030212402
-.0035400391
.0045928955
.0131988525
-.0280914307
.0085296631
.0055084229
.0031890869
-.0078735352
-.0102233887
-.0095825195
-.0071563721
-.0075531006
-.0483551025
.0142669678
.0303802490
-.0196228027
-.0194854736
-.0052947998
-.0013732910
-.0076141357
-.0004577637
.0007171631
-.0009307861
-.0006408691
-.0008697510
.0009765625
.0016937256
.0125579834
.0164184570
-.0025024414
.0020294189
-.0045471191
.0024414063
-.0012817383
-.0023803711
-.0104217529
.0631256104
.0169677734
.0043945313
.0083160400
-.0054626465
-.0131378174
-.0144500732
-.0052490234
.0052185059
-.0067443848
.0058593750
.0086364746
-.0545501709
.0044403076
.0086669922
-.0015563965
.0010223389
.0012054443
.0005035400
-.0014190674
-.0020446777
.0007324219
-.0016174316
.0008239746
-.0010223389
-.0010986328
.0008850098
-.0023040771
.0006713867
-.0011901855
-.0043640137
.0024566650
.0013732910
-.0030212402
-.0016479492
.0008850098
.0059051514
-.0087738037
.0012817383
.0017395020
-.0238037109
-.0118865967
.0079956055
-.0044708252
.0070495605
.0033721924
.0038146973
-.0346374512
-.0059509277
-.0049743652
-.0084228516
-.0306243896
-.0053863525
-.0035705566
-.0308380127
.0074920654
-.0074310303
.0013122559
.0008850098
-.0008239746
-.0006408691
-.0007324219
-.0055389404
-.0030822754
-.0077209473
.0007629395
.0012664795
-.0029144287
.0008087158
.0030975342
-.0222625732
.0098419189
.0027313232
.0013122559
.0028076172
-.0052032471
-.0061645508
-.0142822266
-.0100250244
.0054168701
-.0042266846
-.0200500488
-.0022888184
-.0060577393
.0105438232
.0041656494
.0046386719
.0068817139
.0073089600
.0023651123
.0011444092
-.0014648438
-.0021514893
.0026550293
.0013580322
.0006408691
.0005493164
-.0010833740
-.0014495850
.0004577637
-.0014801025
.0009155273
-.0007934570
.0031433105
.0006866455
-.0025787354
.0019073486
.0012817383
-.0011138916
-.0009155273
.0012359619
.0005645752
.0004577637
.0009613037
.0007171631
-.0008850098
.0003814697
-.0038299561
.0018463135
.0095977783
-.0076293945
-.0039978027
-.0057678223
.0047607422
.0007934570
.0033569336
.0014495850
-.0005187988
.0031127930
-.0013885498
.0066528320
.0021667480
-.0013580322
-.0005340576
.0006256104
-.0009155273
.0035858154
-.0007781982
.0027618408
.0005035400
-.0005187988
.0014801025
-.0022430420
-.0017547607
.0014495850
.0009613037
-.0004272461
-.0006256104
.0008239746
.0006103516
.0012664795
-.0019073486
-.0002441406
.0005187988
-.0003814697
.0004425049
-.0005340576
.0005035400
.0007171631
-.0005187988
.0005035400
-.0003356934
.0003967285
-.0003509521
.0002593994
-.0004272461
-.0012817383
-.0010986328
.0013885498
.0046081543
-.0022583008
-.0042877197
-.0007934570
.0011749268
.0012054443
-.0025634766
-.0010833740
-.0008697510
-.0007324219
-.0005493164
.0008087158
-.0008087158
.0006256104
.0005187988
.0009002686
.0007171631
-.0006103516
-.0021667480
.0018768311
-.0101470947
.0009918213
-.0010375977
.0014953613
.0005645752
-.0003967285
-.0003509521
-.0004882813
.0003509521
.0003662109
-.0004272461
-.0005645752
.0003204346
.0003051758
-.0025024414
.0005035400
-.0006103516
-.0009307861
.0008392334
.0012207031
-.0007781982
-.0005645752
.0005187988
.0005645752
.0014190674
.0021667480
-.0027008057
.0007324219
.0006103516
.0018005371
-.0008392334
.0003662109
-.0005187988
-.0002746582
.0002899170
-.0003967285
-.0002136230
.0002593994
.0008697510
-.0002593994
.0001983643
-.0003509521
-.0002441406
-.0007171631
-.0033721924
-.0004425049
-.0005950928
-.0003356934
.0005645752
.0003356934
.0002746582
.0002441406
-.0002899170
.0004577637
-.0003204346
.0004882813
-.0007171631
-.0005340576
.0002899170
.0003814697
.0002899170
-.0004730225
-.0002136230
.0002288818
.0004272461
-.0013732910
.0004730225
.0002441406
-.0002136230
.0001831055
.0001831055
.0009613037
-.0007324219
-.0001678467
.0002746582
-.0003509521
-.0002441406
-.0003051758
-.0001678467
.0005340576
.0108947754
.0008087158
.0008697510
.0022430420
-.0010986328
-.0015716553
-.0005187988
.0007934570
-.0007629395
-.0006866455
-.0009002686
.0009307861
-.0012054443
-.0009307861
.0009460449
-.0009765625
.0011138916
.0006408691
.0006561279
-.0003967285
-.0004730225
.0005493164
.0004272461
-.0008392334
-.0012207031
.0008392334
.0008239746
-.0007171631
.0005187988
.0006256104
-.0006103516
.0006866455
-.0005798340
-.0018615723
.0013275146
.0007324219
.0008697510
.0012817383
-.0004577637
.0007476807
.0005187988
.0005798340
.0005493164
.0005645752
.0003662109
.0006103516
-.0005493164
.0007019043
.0006713867
.0001983643
-.0001678467
-.0001220703
.0001678467
.0005645752
-.0034942627
.0011596680
.0003356934
-.0018615723
.0002288818
-.0002288818
.0002746582
-.0002441406
.0021209717
-.0023803711
.0003509521
.0003814697
.0001678467
.0001983643
.0002441406
.0001831055
-.0002441406
.0002136230
.0001678467
-.0003356934
.0003051758
.0001678467
.0003356934
-.0001983643
-.0001831055
-.0002288818
.0003509521
-.0006713867
.0003204346
.0005950928
-.0012969971
.0127258301
-.0184326172
.0019226074
-.0017852783
.0009613037
-.0009002686
-.0007019043
.0008392334
.0004272461
.0005950928
-.0007781982
.0004119873
.0003051758
-.0002746582
-.0003967285
.0004730225
-.0005798340
.0001983643
.0003204346
.0001525879
.0001525879
.0002288818
-.0001220703
.0001220703
