-.0154418945
.0124664307
.0287322998
-.0232543945
-.0695037842
.1017913818
-.0713806152
.0522003174
-.0536346436
.0526733398
.0578918457
.0472564697
.0532836914
.0373687744
.0465698242
.0449829102
.0371551514
.0314788818
.0406341553
.0404968262
.0395202637
-.0268402100
.0360565186
.0372314453
.0340576172
-.0234222412
.0336914063
.0300598145
.0273132324
-.0196685791
.0276794434
.0208435059
.0235137939
-.0180511475
.0201110840
.0239257813
.0242919922
-.0159759521
.0272827148
.0232238770
.0268402100
-.0165710449
.0223236084
.0235443115
.0235443115
-.0194854736
.0816192627
-.0409851074
.0645294189
.0639648438
.0491638184
.0412139893
.0557861328
.0462799072
.0444641113
-.0278930664
.0467071533
.0352935791
.0381317139
-.0225219727
.0345001221
.0324401855
.0351562500
-.0220642090
.0309295654
.0258026123
.0276184082
-.0210418701
.0277862549
.0283660889
.0302886963
-.0187835693
.0274505615
.0260620117
.0305328369
-.0201568604
.0278778076
.0294342041
.0266113281
-.0216064453
.0194549561
.0104064941
-.0121459961
.0090484619
.0097503662
.0114898682
.0088958740
-.0791625977
-.0750274658
-.0486450195
.0438690186
-.0380859375
-.0429534912
.0458831787
.0433959961
.0269165039
.0335845947
.0365295410
.0336761475
-.0318756104
.0348968506
-.0226440430
-.0193176270
-.0169525146
-.0179443359
-.0210876465
-.0160064697
.0184478760
.0313720703
-.1067657471
-.0370941162
.0387878418
-.0325317383
.0408630371
.0320739746
.0361480713
.0362548828
-.0348968506
.0386199951
.0364379883
.0248565674
-.0221099854
-.0232238770
-.0254974365
-.0224761963
-.0233612061
.0249938965
-.0187377930
.0224304199
.0530853271
-.0921478271
.0515441895
-.0280609131
.0390014648
.0298004150
.0381164551
-.0318145752
-.0256500244
.0297851563
-.0727844238
.0600891113
.0472564697
.0457763672
.0374603271
.0496368408
.0387420654
.0414276123
.0359649658
-.0258026123
.0614166260
.0852355957
.0614624023
.0375518799
.0475463867
.0339355469
.0376892090
.0260925293
-.0277862549
-.0248870850
.0480957031
.0630645752
.0537261963
-.0443572998
-.0410614014
.0401000977
-.0669250488
.0425872803
.0326538086
.0260772705
.0305938721
.0859222412
.0508575439
-.0480651855
.0514831543
.0421905518
.0473480225
-.0295562744
.0255584717
.0308380127
.0273132324
.0483703613
-.0759277344
-.0652008057
.0540161133
-.0536041260
.0435791016
-.0431976318
-.0477294922
-.0345764160
.0386352539
-.0351562500
.0611877441
.0297088623
-.0352935791
.0444793701
.0393066406
.0368499756
.0321044922
.0436553955
.0419006348
-.0377655029
.0748443604
-.0536499023
-.0524749756
-.0495605469
-.0389251709
-.0325927734
-.0299377441
.0320739746
.0395660400
.0324249268
.0568084717
.0776214600
.0292816162
-.0386199951
.0341033936
-.0290527344
-.0371551514
.0279388428
.0283813477
.0437164307
.0625152588
.0632781982
.0580902100
.0595092773
.0476074219
-.0468750000
.0636138916
.0467071533
.0385894775
-.0328979492
.0384216309
.0610198975
.0526428223
-.0466156006
-.0402679443
-.0303955078
-.0389862061
-.0399169922
.0428009033
-.0395965576
.0432891846
.0761871338
-.0577850342
.0667572021
.0614471436
.0515441895
.0431671143
-.0450744629
.0371093750
-.0293426514
.0373229980
.0298004150
.0517272949
.0430297852
.0421600342
.0349426270
.0337829590
.0238952637
-.0431518555
-.0273742676
.0328979492
.0237731934
.0644378662
.0442962646
-.0735778809
-.0586090088
.0643768311
.0489501953
.0475921631
.0317535400
.0292968750
-.0247497559
-.0350036621
-.0837097168
.0624084473
.0525817871
-.0483551025
-.0425262451
.0318450928
.0352630615
.0385284424
-.0475921631
.0441741943
.0689697266
.0662384033
.0620880127
-.0442657471
.0530700684
.0429992676
.0418701172
-.0312347412
.0287780762
.0302276611
.0282897949
.0616912842
.0369262695
-.0322265625
.0282135010
.0243682861
-.0277709961
-.0296020508
-.0287475586
-.0292205811
.0295257568
.0597229004
.0678100586
-.0715179443
-.0608520508
-.0712890625
.0449981689
.0413208008
.0329132080
-.0333557129
-.0311737061
.0325927734
.0993194580
.0465698242
-.0399627686
.0389251709
.0418853760
-.0332336426
-.0503387451
.0487518311
.0501861572
-.0369873047
.0728912354
-.0675964355
-.0670776367
-.0647125244
-.0552368164
-.0375213623
.0312042236
-.0270538330
.0361785889
.0348510742
.0331268311
.0640716553
.0404510498
.0332794189
-.0336303711
.0341644287
-.0325469971
-.0408020020
.0306396484
.0313110352
.0311737061
.0736694336
-.0510101318
-.0650177002
-.0447845459
.0548248291
.0450439453
.0361328125
-.0293884277
.0301818848
.0250396729
.0194244385
-.0757751465
.0294799805
.0324707031
.0344848633
-.0300750732
-.0465087891
-.0399627686
-.0404205322
-.0347747803
.0490875244
.0760345459
-.0699920654
-.0671844482
.0624084473
.0462188721
-.0407409668
-.0265197754
.0320281982
-.0370788574
-.0240936279
.0639038086
.0549316406
-.0370941162
.0405120850
.0374145508
.0382080078
.0333557129
.0319824219
.0305480957
.0387573242
-.0451049805
.0562896729
-.0752563477
-.0597229004
-.0535430908
-.0480041504
.0401306152
.0428314209
-.0356750488
.0372467041
.0370483398
.0616912842
.0786590576
.0329589844
.0304718018
.0348052979
.0303344727
.0278320313
-.0447692871
.0405120850
-.0263214111
.0853729248
-.0558166504
-.0483398438
-.0380096436
-.0398406982
-.0354614258
-.0250701904
.0302276611
-.0326080322
.0285797119
.0240020752
.0549774170
.0711212158
-.0369110107
.0344238281
.0436859131
-.0286712646
.0241699219
.0337219238
.0442504883
.0370330811
-.0511016846
.0787658691
.0523223877
.0535888672
-.0439910889
-.0402984619
.0282897949
-.0387420654
-.0372314453
-.0231018066
.0557708740
.0586547852
.0449371338
-.0505218506
-.0455780029
.0338287354
-.0382537842
-.0422973633
.0377044678
.0320892334
.0323181152
.0665588379
-.0562286377
-.0554656982
-.0482635498
.0505523682
.0289154053
-.0356445313
-.0323638916
-.0316009521
.0202178955
.0651397705
-.0451354980
-.0364227295
-.0403289795
-.0377044678
.0285339355
.0256652832
.0254058838
.0257110596
-.0190429688
.0635833740
-.0578308105
.0601196289
.0469360352
.0370941162
-.0283508301
-.0228576660
.0259399414
-.0271453857
-.0250549316
.0224304199
.0796508789
-.0404052734
.0288238525
.0227508545
-.0394287109
-.0195465088
-.0385131836
-.0275421143
-.0257720947
-.0209197998
.0592346191
.0489196777
.0613098145
.0415802002
-.0450744629
-.0379180908
-.0249328613
-.0247650146
-.0227813721
.0218658447
-.0378570557
.0739135742
-.0396118164
-.0464172363
.0273590088
.0354614258
-.0401763916
.0186614990
-.0263977051
.0151214600
.0332183838
-.0671691895
.0512390137
-.0578765869
-.0467681885
.0401153564
-.0360260010
.0437469482
.0382690430
-.0367431641
.0382080078
.0683746338
.0565795898
.0552825928
.0434112549
-.0394134521
.0334320068
-.0399322510
.0400848389
.0362548828
-.0254821777
-.0550537109
-.0504150391
-.0477447510
-.0458831787
-.0373687744
.0387725830
.0345764160
.0404968262
.0446929932
.0328216553
.0327148438
-.0623626709
.0548706055
-.0421905518
.0261688232
.0233001709
-.0315551758
-.0403137207
.0204620361
-.0314331055
-.0336608887
-.0508270264
-.0529479980
.0540008545
.0464935303
-.0501556396
.0355224609
.0305480957
-.0341186523
-.0344390869
-.0295257568
.0273895264
.0759429932
.0283203125
-.0382995605
.0295867920
.0355224609
.0344390869
-.0351104736
.0396575928
.0393066406
.0308227539
.0646362305
-.0665435791
.0584106445
.0376739502
-.0551300049
-.0430297852
.0301513672
.0420684814
.0335845947
.0276489258
.0212554932
.0920867920
.0422363281
-.0460968018
-.0366058350
.0312652588
.0253448486
.0242004395
-.0251617432
-.0278167725
-.0242004395
-.0628814697
.0745849609
.0695953369
-.0527496338
.0488586426
-.0521545410
-.0340118408
.0335693359
.0368652344
.0403747559
-.0678253174
.0646820068
.0430908203
-.0377502441
.0458221436
.0369567871
-.0341339111
-.0361022949
.0373687744
.0369873047
.0668334961
.0608367920
-.0524902344
.0483398438
-.0328216553
.0307922363
.0360260010
.0292205811
-.0294036865
.0301361084
.0346374512
-.0678558350
-.0454864502
-.0285034180
-.0315399170
-.0310211182
.0319366455
.0292205811
.0183258057
-.0318298340
-.0340270996
.0603027344
-.0720825195
.0660095215
.0371856689
-.0564422607
-.0417327881
-.0373535156
.0368041992
.0323791504
.0263214111
-.0263977051
.0875854492
-.0443267822
-.0359649658
.0393371582
.0259094238
.0361175537
-.0249938965
.0314483643
.0334930420
.0344085693
-.0525207520
-.0503082275
.0460205078
.0434570313
-.0492095947
.0390167236
.0397338867
.0335083008
-.0213928223
.0230255127
.0271759033
-.0788421631
.0457153320
-.0262298584
-.0343780518
-.0435333252
-.0372772217
.0379791260
.0403137207
.0304412842
-.0314025879
-.0796508789
-.0682525635
.0554962158
.0491790771
.0442962646
.0490264893
.0331268311
-.0287628174
.0346527100
.0376586914
-.0227050781
-.0593261719
-.0431365967
.0453948975
.0520172119
.0445709229
-.0377960205
-.0310211182
-.0297393799
.0399017334
-.0411682129
.0758666992
.0508270264
.0504608154
-.0482482910
-.0375671387
.0282897949
.0237121582
-.0231170654
.0271606445
.0205688477
-.0477752686
-.0836029053
-.0471649170
-.0603485107
.0413055420
.0360717773
.0323181152
.0239868164
.0260772705
-.0235443115
.0863494873
-.0583190918
.0633087158
.0395660400
-.0367126465
.0382995605
.0349426270
-.0328826904
.0402374268
-.0324401855
.0321960449
-.0841979980
-.0585937500
.0495300293
.0331115723
-.0454559326
-.0329284668
-.0340118408
-.0292816162
-.0311737061
-.0271301270
-.0634307861
.0511016846
.0431518555
.0385742188
.0384063721
.0445556641
-.0238647461
.0367584229
.0365295410
-.0332946777
-.0232086182
-.0771026611
.0569000244
.0501403809
.0498352051
.0525817871
-.0476226807
.0360260010
.0470581055
.0407714844
-.0557556152
.0775146484
.0714721680
.0579071045
-.0399322510
-.0388946533
-.0490570068
-.0403594971
-.0472869873
.0425567627
.0376129150
.0327148438
-.0680999756
-.0344085693
.0386962891
.0314788818
.0277709961
.0355377197
-.0388336182
-.0427246094
.0439453125
-.0470886230
-.0556335449
.0740203857
-.0596771240
.0534515381
.0513305664
-.0476989746
.0440673828
.0380859375
.0403594971
.0361328125
.0679779053
-.0531616211
.0398712158
.0467071533
.0397644043
.0497436523
.0430145264
.0413665771
-.0393676758
.0307312012
-.0595550537
-.0698699951
-.0531005859
-.0559234619
-.0575256348
-.0410614014
.0362701416
.0503997803
.0459594727
.0412597656
.0346374512
.0854187012
.0614013672
.0311279297
-.0439910889
.0283660889
-.0308990479
.0281982422
-.0385742188
-.0318450928
-.0368347168
.0613403320
.0509033203
.0402069092
.0388336182
-.0417327881
.0341949463
.0372009277
.0354461670
.0312500000
-.0331420898
.0343627930
.0779571533
.0549621582
-.0362091064
-.0345764160
-.0350341797
-.0344543457
-.0299224854
-.0333251953
-.0346984863
-.0402679443
-.0545349121
.0780334473
.0480041504
.0535278320
.0381317139
-.0264587402
.0229187012
-.0328826904
-.0354919434
-.0395050049
-.0398864746
.0651855469
.0338745117
.0384368896
.0314331055
.0355072021
.0524597168
.0359802246
-.0373229980
.0332489014
-.0463256836
-.0470581055
-.0471496582
-.0375061035
-.0411071777
-.0359649658
-.0558624268
-.0380249023
.0381164551
.0333709717
.0249938965
-.0429687500
-.1097259521
.0513305664
.0596313477
-.0430603027
-.0311431885
.0428466797
.0368957520
.0422515869
-.0432281494
-.0529174805
.0696716309
.0497283936
-.0562286377
-.0535888672
.0536651611
.0451965332
.0366821289
-.0390930176
.0327911377
.0486602783
-.0457916260
.0458984375
-.0366821289
-.0413360596
.0458221436
.0457611084
.0370483398
-.0294647217
.0447692871
.0386352539
.0915069580
-.0493621826
-.0564880371
.0447387695
-.0389709473
-.0420532227
.0303192139
-.0357360840
.0305023193
-.0349426270
.0272216797
-.0466461182
.0970764160
-.0592498779
.0530090332
.0463104248
.0372009277
-.0347747803
.0408477783
.0329284668
.0372314453
-.0721893311
.0665740967
-.0588836670
.0480804443
-.0542755127
-.0531921387
.0403594971
-.0555267334
-.0415344238
.0353240967
-.0756530762
.0879669189
-.0399780273
-.0439453125
-.0373840332
.0412902832
.0446929932
.0608215332
.0602416992
.0553436279
.0632171631
.0628967285
-.0438537598
.0363922119
-.0434265137
-.0314788818
-.0343475342
.0366821289
-.0316619873
.0282897949
.0287017822
.1203918457
.0782928467
-.0731811523
.0794830322
.0733795166
.0682220459
.0780487061
.0525512695
.0540466309
.0584564209
.0460052490
-.0383758545
.0548400879
.0388641357
.0514526367
-.0374145508
.0326690674
-.0374908447
-.0331726074
.0260009766
-.0360565186
-.0270080566
-.0184173584
-.0124664307
-.0195770264
-.0123596191
.0076751709
.0078430176
.0052490234
-.0040130615
-.0034332275
.0028991699
-.0027160645
.0019836426
-.0014801025
-.0014343262
.0007781982
.0006866455
-.0003051758
-.0002136230
.0001068115
.0000305176
