.0003356934
-.0012664795
-.0033416748
.0032348633
.0052337646
-.0047149658
-.0130462646
.0164642334
.0168914795
.0145416260
-.0145111084
-.0163116455
.0133666992
-.0211944580
-.0318603516
-.0307464600
-.0258331299
.0236511230
.0154113770
.0277404785
.0219573975
.0519104004
-.0370178223
-.0501251221
-.0484466553
.0283966064
-.0441894531
.0298919678
.0432739258
-.0884399414
-.0532073975
.0634765625
.0561523438
.0626220703
-.0472869873
-.0524444580
-.0487213135
.0933380127
-.0678558350
-.0762481689
.0579223633
.0462646484
.0707397461
-.0670776367
-.0559692383
-.0766296387
.0650329590
.0799102783
.0720825195
-.0658111572
.0594329834
.0576629639
.1069946289
-.0835418701
.0655822754
-.0755004883
.0623168945
.0500335693
-.0451812744
-.0546417236
-.0800476074
.0696563721
-.0725250244
-.0731506348
-.0725555420
.0558929443
.0667419434
.0422058105
-.0649108887
-.0725708008
-.0755310059
-.0718231201
-.0610046387
-.0475006104
.0482635498
.0498352051
.0998840332
.0674285889
.0702209473
.0596313477
.0727996826
.0382537842
-.0504150391
-.0395812988
.0523834229
.0645599365
.0603637695
-.0728149414
-.0532073975
.0541687012
.0439147949
-.0706481934
.0450744629
.0609893799
-.0831756592
.0789947510
-.0839385986
.0527801514
.0537261963
-.0474090576
-.0500488281
.0330200195
-.0826873779
.0631408691
.0735473633
.0670318604
.0508728027
.0487060547
-.0419616699
-.0479278564
-.0788879395
.0929260254
.0727233887
.0592041016
-.0477142334
.0489044189
.0404357910
-.0800018311
.0614166260
.0623168945
-.0659179688
.0572357178
.0567016602
-.0397033691
.0360717773
-.0613403320
.0652465820
.0512084961
.0595855713
-.0453643799
.0374755859
.0465545654
.0372314453
-.0569763184
.0656738281
.0540771484
.0473327637
-.0448303223
-.0477447510
.0359344482
-.0504150391
.0469360352
.0580902100
-.0510101318
.0430145264
.0513458252
-.0420684814
-.0496368408
.0502929688
-.0596618652
.0583190918
.0695037842
-.0644073486
-.0726013184
.0751800537
.0540618896
.0817718506
-.0690002441
-.0731506348
.0696411133
.0925292969
-.0701904297
-.0688476563
-.0612030029
.0952911377
.1132965088
-.0880279541
-.1165771484
.1211547852
.1208190918
.1179351807
.0975189209
-.0873565674
-.1093597412
.1047210693
-.1331481934
-.0922088623
-.1057434082
-.1196136475
.0999755859
.1317596436
.1090087891
.1167449951
.1318206787
-.1133270264
.1260070801
.1424560547
.1826324463
.1150360107
.1561126709
.1368713379
.1259613037
.1237335205
-.1255187988
.1267852783
.1167144775
-.1533508301
.1731262207
.1430664063
.1322937012
.1327819824
.1159667969
.1377105713
.1172180176
.1206817627
-.1443786621
.1309967041
.1422729492
.1545715332
.1114959717
.1311950684
.1178741455
.1495208740
-.1489715576
-.0982513428
.1146697998
.1694183350
.1443176270
.1098022461
.1546325684
.1796264648
.1433105469
.1560363770
-.1374053955
.1635437012
.1548156738
.1592559814
.1377868652
.1600341797
-.1576232910
.1612243652
.1756744385
.1785125732
.1442565918
.1664886475
.0994567871
.1686553955
.1260070801
-.1264343262
-.1159973145
-.1092376709
.1008605957
.0757904053
-.0985717773
-.0945129395
.0932922363
.0697326660
.0615844727
-.0647430420
-.0790405273
.0795440674
.0729980469
-.0756378174
-.0649719238
.0757904053
.0581817627
-.0617828369
-.0668029785
-.0476989746
.0820312500
.0751953125
-.0804748535
-.0654907227
.0929718018
-.0606231689
-.0655364990
-.0979003906
-.0753479004
-.0818634033
-.0697326660
-.0758972168
-.0815887451
.0774841309
.0478973389
.0920104980
-.0677337646
-.0762023926
-.0845947266
-.0543670654
.0887451172
-.0566101074
.0708007813
.0687866211
.0800476074
.0680236816
.0562286377
.0701446533
-.0517578125
.0728759766
-.0867767334
-.0846405029
.0721435547
.0814971924
.0772705078
.0562133789
-.0824584961
-.0625610352
.0759735107
-.0669555664
-.0761871338
-.0503692627
.0893707275
.0420837402
.0498809814
-.0827484131
-.0883483887
-.1010589600
-.0852508545
-.0588531494
.0609283447
-.0713806152
.0474548340
.0703125000
.0662994385
-.0831756592
-.0867919922
-.0637054443
.0727081299
-.0752716064
-.0792388916
.0940093994
.0986328125
.1151885986
-.0664367676
-.0960998535
.0786743164
.0879364014
-.0629119873
.1129455566
.0917205811
.0774383545
.1533355713
.1891937256
-.2328033447
.2020874023
.2778472900
.2790679932
.2247619629
.2660217285
-.2250518799
.1894378662
.2041625977
.2892761230
.1780853271
.2401275635
-.2024993896
.2925872803
.2359161377
.2298583984
.3082122803
.2769927979
.2077484131
-.2968139648
-.2702484131
.2503662109
.3120574951
.2669067383
.2661132813
.3032226563
.3640899658
.3409118652
.3702087402
.4040832520
.3717193604
.3817291260
.4069671631
-.3106231689
.3618011475
.3849029541
.3468017578
.3248291016
.3313293457
.2911987305
.3361968994
.3468322754
-.3601531982
.4713439941
.3897247314
.3339385986
.3366546631
.3805847168
.3901367188
.4478912354
.3882904053
.4110870361
.4113616943
.3569946289
.3789062500
.4021606445
.4043884277
.3590393066
.4306945801
.3611450195
.4218139648
.3863677979
-.3684844971
.4036407471
.3345642090
.3854980469
.4252471924
-.3584289551
.4363861084
.4073791504
.3482818604
.3802947998
.4030914307
.3633270264
.3790893555
.3750762939
.3757171631
.3568267822
.4004516602
.3836059570
.3602752686
.3200683594
.3263854980
.2789154053
.3142395020
.4031677246
.3518524170
.4034423828
.3328704834
.3128509521
.3156280518
-.3383331299
.2900085449
.2624664307
-.2686767578
-.2992553711
.2350311279
.2640838623
-.2476043701
.2437896729
.2356414795
.2468414307
.2458953857
.2889404297
.2492370605
.2317504883
-.2478332520
.2887268066
.2111511230
-.2135162354
.2225494385
.2223052979
-.2028350830
.2365875244
-.2319030762
.2278900146
.3043060303
.2424774170
.2001800537
.2889709473
.2250976563
.2739562988
.3080139160
.3089752197
-.2531433105
.2266235352
-.2684631348
.2453765869
.3004760742
-.2702636719
.3015747070
.3102722168
.2893524170
-.2711944580
.2036895752
.1434631348
-.1416778564
.0868072510
.0974884033
.0809173584
.0952911377
-.0877075195
-.0727233887
-.0699615479
.0682525635
.0623779297
-.0677795410
-.0670776367
-.0704803467
.0807647705
.0512847900
-.0585327148
-.0648956299
.0550689697
.0829620361
-.0448303223
-.0591735840
.0734405518
.0772552490
.0575714111
.0749816895
-.0504608154
.0538635254
.0711669922
-.0754852295
-.0735321045
.1594543457
-.2374114990
.2760772705
.3601226807
.3830108643
.3618011475
.3343963623
-.3000183105
-.3430938721
.3089294434
.3611602783
.2205657959
.2425994873
.2225494385
.1329803467
.1911773682
-.1090240479
.1599578857
.1259002686
-.1034088135
-.0856170654
.0865783691
.0920410156
-.0843505859
-.0752868652
-.0856933594
.0987396240
-.0977172852
-.0923767090
-.0794982910
-.0709075928
.1169891357
-.1215057373
-.0922088623
-.0782928467
.1365356445
-.0665130615
-.1099853516
-.1097717285
.1036071777
.1097869873
-.0973358154
.1095428467
-.0872650146
.1097412109
-.0983886719
.1105041504
-.0780639648
-.0756835938
-.1084136963
.2748260498
.3259124756
-.3601379395
.3145141602
-.3413085938
.3847198486
.3796081543
.3432617188
.3314361572
.3097686768
.3027954102
.3011932373
-.2911376953
.3085937500
.2895660400
.2881011963
.3127288818
.2871246338
.3258666992
-.2769775391
-.2792053223
.2784118652
.3300018311
.3218078613
-.3238372803
.3384552002
.3117218018
.2808837891
.3548583984
.3431091309
-.3584899902
.3351287842
.4262084961
.3440246582
-.3434143066
.4088897705
.3300628662
.4056243896
.2915802002
.3860015869
.4881591797
-.3858947754
.3114929199
.4519653320
.4007415771
-.4035949707
.3888244629
.3865356445
-.4058380127
.3451232910
.3448638916
.3178863525
.3867340088
.3838043213
.3612518311
.4457244873
.4510192871
.4916992188
-.4115753174
.4418640137
.4290924072
.4080963135
.4999847412
.4087371826
.3599090576
.4743652344
.3781738281
.3982849121
.4736175537
.4473876953
.4588317871
-.4589080811
.4285583496
-.4239501953
-.4557495117
-.4999847412
-.4293670654
.4932250977
-.4496002197
.4998931885
.4082794189
.4293975830
-.4989013672
-.4349670410
.3810729980
.3912811279
-.3226470947
-.4953613281
-.3636779785
.4277191162
-.3433685303
.4024963379
.4768371582
.3898925781
.4146881104
.4519500732
.3996429443
.4999847412
.4728851318
.4445037842
.4754028320
.4871368408
-.4553680420
-.4053344727
.4089202881
.4954681396
-.4006805420
.3808746338
.4916381836
.3839569092
.4725799561
.3364410400
.4047546387
.3089141846
.2908172607
.4896697998
.4278106689
-.2755432129
.2108001709
-.2758331299
.2449645996
-.2224578857
-.2811889648
-.2762451172
.2212829590
-.2001190186
.2351684570
.2043609619
-.1717987061
-.3546142578
.2230682373
-.3769989014
-.1718139648
.2751312256
-.2542877197
-.1790924072
-.2436676025
-.1892852783
.2704010010
-.2434234619
-.1797637939
.1863250732
.2460327148
.2011413574
.2558135986
-.1952056885
-.1716766357
-.2116241455
.1702880859
-.2019653320
.1457824707
-.1113586426
.1529693604
-.1361083984
.1818542480
.1470489502
-.1324462891
-.1531372070
-.0985870361
-.0887756348
.1478424072
-.1597900391
-.1282653809
.1490173340
-.1116943359
-.0932769775
.1289672852
-.1471862793
-.1234588623
.0996093750
-.1229400635
.1174621582
-.0980987549
.1257781982
-.1372375488
.0988159180
-.1265258789
.1324920654
-.1789398193
-.1711425781
.1458282471
-.1158599854
-.1370239258
-.1426544189
.1176147461
-.1564483643
-.0927429199
-.1283111572
.1124420166
.1385345459
.1148223877
-.1143493652
-.1191558838
.1165008545
-.1325531006
.1541748047
.0892028809
-.1094207764
-.1002197266
-.1190032959
.1144104004
.0977630615
-.1210021973
.0893402100
-.1035461426
.1278991699
.1158905029
-.1350708008
-.1165161133
.0945587158
-.1062316895
-.1379089355
.1104583740
-.0984497070
-.0989227295
-.1218719482
-.1170349121
.1124114990
.1058807373
-.1011047363
.1095581055
-.1040039063
.1251678467
-.1186676025
-.1263275146
.1772308350
-.1309967041
.1385955811
-.1325836182
.1474151611
-.1355743408
.1791534424
.1482543945
.1708374023
-.1781005859
-.1206207275
.1253509521
-.1692047119
.1118316650
-.1105194092
.1623687744
.1361541748
-.1771087646
-.1264801025
.1356964111
-.1195526123
.1676940918
-.1324462891
.1401062012
.1724395752
.1369323730
.1536254883
.1885986328
-.1387023926
-.1767425537
.1989593506
-.1563110352
-.1340179443
-.1647186279
-.1372528076
.1879882813
-.2331542969
.1972351074
-.2255706787
-.1371154785
-.1445465088
-.1277465820
-.1295928955
.1199188232
.1090087891
.1174163818
-.1093750000
-.1027679443
-.1086578369
.0975952148
.1008605957
.0955200195
-.0998382568
-.1051025391
.1385498047
-.0893249512
.1083526611
.1047668457
.1283111572
-.0920562744
.0977325439
.1118316650
-.1031341553
-.1038360596
-.1153259277
-.1382446289
-.1425170898
-.1614685059
-.1685333252
.1492919922
-.1055145264
.1304626465
-.1907501221
.1980743408
-.1215515137
.1640777588
-.1539001465
.1471252441
.1145935059
-.1778259277
-.1492919922
-.1325073242
-.1548919678
.1893157959
-.1543731689
.1167144775
-.1722412109
-.1373138428
.1377105713
.2466583252
-.1467895508
.1583099365
-.1825103760
-.1956634521
-.2144165039
.2003631592
.1905670166
-.2765350342
.2343597412
-.3074951172
.2509307861
.2365722656
-.2145233154
-.2644042969
.2480163574
.3408966064
.3074340820
.3812561035
.1903076172
-.3228759766
.3008880615
.2894592285
-.2325744629
.2411193848
.2035675049
-.2330932617
-.2732696533
.3150329590
-.2910003662
.2113494873
.1913452148
.2688446045
.2382507324
-.2912445068
-.2000122070
.1500091553
-.2208251953
-.2048950195
.2365264893
-.2643127441
.1992950439
.1604309082
-.2671508789
.2906036377
.2268829346
-.2663116455
.2344970703
.2146759033
.2012939453
-.2040405273
.2095947266
-.2551269531
-.1907348633
.1540374756
.3965148926
-.2457427979
.2096862793
.2781066895
-.2233276367
-.2476501465
.3208160400
-.2398834229
.2570648193
.2476806641
-.2382049561
-.3710784912
-.2940673828
.2322692871
.2364959717
.1960601807
-.3423309326
-.4866943359
-.4048156738
.3579101563
.2412109375
.2901763916
-.3314819336
.3459930420
.3120422363
-.3476562500
.2666931152
-.2707214355
.4031829834
-.3027191162
-.2916717529
-.2150421143
.2631378174
-.3593750000
.4580078125
.2668304443
.2368774414
-.1467590332
.1608886719
.1540374756
.2566528320
-.1702575684
-.2116394043
-.1392211914
.1144104004
.1151275635
.1268157959
.1421661377
.1290283203
.1462249756
-.1369476318
-.1317596436
-.1212768555
-.1311187744
-.1216125488
-.1115570068
.1333007813
-.1432342529
.1795959473
-.1359558105
-.1176910400
-.1469268799
-.0995788574
.1109313965
.1201019287
.1252746582
.1008300781
.0852661133
-.0987243652
-.0706939697
-.1004791260
.0566253662
.0675659180
-.0439910889
-.0380249023
.0700836182
.0417480469
.0334472656
-.0267944336
.0207977295
.0136260986
-.0100555420
-.0040740967
