.0165710449
-.0204010010
.0180816650
-.0156707764
.0150756836
-.0181579590
.0160675049
-.0140533447
-.0131835938
-.0175170898
.0131378174
-.0126800537
.0112457275
-.0105743408
.0093841553
.0097961426
-.0108337402
.0110015869
-.0089874268
.0075531006
.0070648193
.0069580078
-.0068817139
.0051574707
-.0149230957
-.0147094727
.0147247314
-.0129241943
.0128021240
-.0136108398
.0161437988
-.0131988525
-.0137634277
.0127563477
-.0096282959
-.0109100342
-.0091705322
.0105438232
-.0109863281
-.0099639893
.0076141357
-.0087280273
.0076293945
-.0080413818
.0056152344
-.0075836182
-.0061340332
-.0065917969
-.0217437744
-.0166778564
-.0180358887
.0154418945
.0149993896
-.0174255371
.0151214600
.0144500732
-.0151672363
.0139923096
.0142364502
.0121307373
-.0107421875
.0120849609
-.0097961426
-.0095672607
-.0081176758
-.0074462891
.0086364746
-.0079193115
-.0082702637
-.0053253174
-.0131683350
-.0167236328
-.0179138184
.0134277344
.0128784180
-.0126495361
-.0147705078
.0154113770
-.0142669678
-.0172729492
-.0129394531
.0117340088
-.0109100342
-.0113220215
-.0100097656
-.0114746094
-.0090179443
-.0099945068
.0091705322
.0079193115
-.0079803467
.0076904297
.0076599121
.0073547363
.0224914551
-.0227203369
.0197296143
-.0203399658
.0159606934
-.0179901123
.0169677734
.0185089111
.0191955566
.0158538818
.0136260986
.0143737793
-.0110015869
-.0129241943
.0130004883
-.0129852295
-.0098266602
.0113525391
-.0135650635
-.0097961426
.0077972412
-.0074157715
-.0150756836
-.0185089111
-.0153961182
.0141296387
-.0159149170
-.0152587891
-.0146026611
-.0154113770
-.0114593506
.0128784180
-.0146942139
-.0127258301
-.0109100342
-.0115661621
-.0103607178
.0101470947
-.0107574463
-.0105590820
-.0095825195
.0093536377
-.0079498291
-.0093231201
-.0074005127
-.0067596436
.0254669189
-.0200195313
-.0155487061
.0157012939
-.0132598877
.0146026611
.0154418945
.0137176514
-.0169067383
-.0121765137
.0151367188
-.0122375488
.0119476318
.0107574463
-.0105590820
-.0094451904
-.0110626221
-.0097656250
-.0081329346
-.0083312988
-.0083160400
.0080718994
-.0065002441
.0301818848
-.0235595703
-.0216522217
.0161285400
-.0158691406
.0190734863
-.0164794922
.0155029297
-.0159606934
-.0145263672
.0167083740
-.0158538818
.0121917725
.0142669678
-.0127868652
-.0110931396
.0120391846
-.0118560791
-.0137939453
-.0100097656
.0077667236
-.0101470947
.0144653320
-.0281524658
.0222625732
-.0216064453
.0160064697
-.0152130127
-.0189971924
.0169830322
-.0170440674
-.0172729492
.0152282715
.0138092041
-.0129394531
-.0151214600
-.0134887695
-.0129547119
-.0122680664
-.0138397217
-.0121459961
-.0139160156
-.0116119385
-.0090484619
-.0154266357
.0226593018
-.0170288086
-.0160064697
-.0119323730
-.0152282715
.0157775879
-.0184478760
-.0147552490
.0136871338
.0137634277
-.0107879639
.0101165771
-.0140686035
-.0110931396
-.0109558105
-.0091705322
-.0096282959
.0091552734
-.0099334717
-.0096588135
.0079345703
.0088195801
.0067596436
.0061035156
.0281829834
.0182647705
-.0173492432
.0164489746
.0157470703
.0202331543
.0164337158
.0147399902
.0141754150
-.0124053955
.0154418945
-.0126037598
.0144805908
-.0131683350
.0110931396
-.0100555420
.0124053955
.0090637207
-.0103607178
-.0077819824
.0078430176
.0069274902
-.0069274902
-.0272521973
-.0239562988
-.0279388428
.0210571289
-.0166625977
.0202484131
-.0177459717
-.0157012939
-.0160064697
.0148468018
.0141448975
.0142974854
.0132904053
.0144805908
.0122375488
-.0138397217
.0144653320
-.0126495361
-.0129547119
-.0109710693
-.0099487305
-.0109863281
.0211944580
-.0138702393
.0148315430
-.0117034912
.0106506348
.0131988525
.0121002197
.0133514404
-.0135650635
.0106506348
-.0105590820
-.0089263916
.0097503662
-.0088653564
.0084838867
-.0073394775
.0082550049
-.0068206787
.0079803467
-.0058746338
-.0053558350
.0049133301
.0247039795
.0215759277
-.0147094727
-.0141143799
.0171813965
-.0181579590
.0186309814
-.0149078369
-.0137481689
.0119934082
.0136871338
.0115661621
-.0111083984
-.0138549805
.0113983154
.0103912354
-.0110321045
-.0109405518
.0132141113
.0102233887
-.0108947754
-.0091857910
-.0066680908
.0081787109
-.0254974365
.0155944824
-.0147705078
-.0137939453
.0124664307
-.0129394531
.0124206543
-.0130767822
-.0137481689
-.0115661621
-.0113372803
-.0084075928
-.0104064941
.0108947754
-.0077514648
.0101928711
.0095520020
.0088195801
-.0104980469
-.0103149414
-.0075225830
-.0081481934
.0062103271
-.0239105225
-.0242767334
.0187530518
-.0169219971
-.0204620361
.0224456787
.0172119141
-.0180511475
-.0187377930
-.0139007568
.0171203613
-.0169677734
.0134277344
-.0142059326
.0135955811
.0130767822
.0140380859
-.0104370117
-.0162200928
.0108795166
-.0103607178
-.0113983154
-.0099029541
-.0080718994
.0197296143
-.0261383057
.0190429688
-.0211181641
.0157165527
-.0153808594
-.0159606934
-.0129089355
.0134429932
.0168762207
-.0112762451
-.0107116699
-.0101776123
.0125885010
-.0131225586
-.0114898682
-.0088043213
.0081787109
.0079956055
.0102539063
-.0073242188
-.0062103271
.0052185059
.0245971680
.0194549561
-.0223236084
.0136718750
.0124969482
.0149993896
.0139770508
-.0122222900
-.0113830566
-.0114440918
.0090789795
.0111694336
-.0093383789
-.0089111328
-.0081939697
-.0085144043
.0074615479
-.0082702637
.0070190430
-.0092163086
-.0072021484
-.0064544678
.0053253174
.0195922852
-.0250854492
-.0200500488
-.0213928223
.0177001953
.0203704834
-.0177307129
.0156860352
-.0171203613
-.0158996582
.0141448975
-.0138854980
-.0116882324
.0115356445
-.0134735107
-.0136260986
-.0144958496
.0120697021
-.0128173828
.0119171143
.0101776123
.0112304688
.0239257813
.0198822021
-.0232696533
.0179290771
.0164489746
-.0166015625
.0177459717
.0152893066
.0164489746
-.0118560791
.0116729736
-.0121002197
-.0148315430
-.0112457275
.0116424561
.0102539063
-.0111389160
-.0082397461
-.0108947754
-.0081634521
.0083770752
-.0083465576
-.0071563721
.0064544678
.0326995850
.0247650146
-.0246429443
-.0218200684
.0203552246
-.0235137939
.0220489502
-.0209960938
-.0188751221
-.0155944824
.0163421631
-.0133819580
-.0142364502
-.0156402588
-.0143585205
.0148010254
-.0141906738
.0119018555
.0135650635
-.0124206543
-.0117797852
.0085601807
.0083618164
.0139465332
-.0254516602
-.0188293457
-.0157165527
.0173950195
-.0174255371
.0154571533
.0144805908
-.0128326416
-.0153808594
-.0123443604
.0130767822
.0133514404
.0132293701
-.0155792236
.0132598877
-.0114593506
.0110168457
-.0115051270
-.0106964111
-.0094451904
-.0109100342
.0095672607
-.0079650879
.0196228027
-.0165710449
-.0110168457
.0124053955
-.0121612549
.0113372803
-.0103454590
.0120086670
.0092163086
.0103302002
-.0091247559
-.0106964111
.0093231201
.0080108643
-.0084533691
-.0082855225
.0077362061
-.0063476563
.0097045898
-.0074615479
.0060424805
-.0063934326
-.0059509277
-.0140686035
.0249176025
.0222167969
-.0213012695
.0182647705
.0155181885
.0152740479
-.0154113770
.0179138184
.0137786865
-.0176391602
.0178833008
.0146942139
-.0122833252
.0137786865
.0122985840
.0154571533
.0124053955
.0138702393
-.0132446289
-.0109405518
.0176696777
-.0197601318
-.0196838379
-.0192871094
.0186309814
.0155181885
-.0164642334
.0177917480
.0154266357
-.0177612305
-.0153961182
.0154724121
-.0135040283
.0145416260
-.0172882080
-.0131683350
-.0105895996
-.0113372803
.0123901367
-.0134277344
.0133819580
-.0098571777
-.0110626221
.0147094727
.0202484131
-.0175781250
.0144348145
-.0145263672
.0175323486
.0157012939
-.0139160156
-.0142822266
-.0157165527
-.0168304443
.0115966797
.0122528076
.0157318115
-.0108642578
.0101165771
-.0106048584
.0080871582
-.0081024170
-.0092010498
-.0093536377
-.0077819824
.0107574463
-.0083618164
-.0106353760
.0069427490
-.0232238770
-.0131683350
-.0135345459
-.0150909424
.0168914795
-.0156250000
.0130767822
.0134277344
-.0120391846
.0134277344
-.0131835938
.0097503662
-.0129394531
-.0099487305
-.0114593506
.0111083984
.0097503662
-.0081329346
.0087280273
-.0093688965
-.0066833496
-.0102081299
-.0087890625
-.0120697021
-.0172424316
-.0118103027
-.0144653320
.0128173828
.0139770508
-.0130004883
.0115661621
.0132293701
-.0130157471
.0131225586
.0109252930
-.0093688965
.0116729736
-.0090026855
.0098876953
-.0078582764
-.0085754395
-.0105133057
-.0060424805
.0101623535
-.0109710693
-.0056610107
.0057983398
-.0068206787
.0180816650
.0148162842
-.0150756836
-.0158691406
-.0187988281
.0147399902
.0157012939
.0164031982
-.0156707764
-.0138854980
-.0109252930
-.0124816895
-.0139160156
-.0124206543
-.0120697021
.0189666748
-.0192413330
.0185241699
-.0167694092
-.0145263672
-.0128021240
.0110473633
.0169677734
-.0203094482
-.0134582520
-.0112152100
-.0186920166
.0145111084
.0215606689
.0167694092
.0205383301
-.0194702148
.0180206299
.0188293457
-.0189361572
-.0197906494
-.0165252686
.0189819336
-.0154418945
.0159606934
-.0200347900
-.0140991211
.0170440674
-.0212860107
.0160827637
.0148468018
-.0250091553
-.0193786621
.0166015625
.0198516846
-.0246734619
.0197906494
.0225524902
-.0260314941
-.0193939209
-.0192718506
-.0292663574
.0231323242
-.0240936279
.0188751221
.0271301270
.0263366699
-.0183715820
-.0328521729
.0267944336
-.0204162598
-.0273590088
-.0277862549
-.0234375000
.0200805664
-.0239410400
.0241546631
-.0225067139
-.0218658447
.0308532715
.0283355713
-.0226135254
-.0184326172
-.0209503174
.0234527588
.0256958008
.0290374756
-.0223846436
-.0240478516
-.0238037109
.0216674805
.0220489502
.0219116211
-.0328979492
-.0203247070
.0227966309
.0251922607
.0295104980
-.0186004639
.0301055908
.0290832520
.0322265625
.0268096924
-.0415191650
-.0276031494
.0223236084
.0227355957
-.0291748047
.0230712891
.0312500000
.0279693604
.0260009766
-.0320281982
.0225982666
-.0345611572
.0254058838
.0240020752
.0280609131
.0350036621
.0293273926
-.0261077881
-.0330657959
.0312194824
.0305328369
.0409393311
-.0305328369
-.0325012207
.0270538330
.0374145508
-.0330963135
-.0301971436
.0341949463
.0255279541
-.0276184082
.0327606201
-.0300750732
-.0310516357
.0333251953
-.0267791748
.0461730957
.0234985352
-.0321655273
-.0299682617
.0299072266
.0372467041
.0267639160
-.0361785889
.0273284912
.0314636230
-.0375518799
.0301971436
.0253143311
-.0274810791
.0311889648
.0303192139
.0345306396
-.0337982178
-.0259399414
-.0295867920
-.0252075195
.0260925293
-.0304260254
.0295257568
.0319061279
.0225524902
-.0215606689
-.0232238770
-.0336151123
-.0349731445
.0293884277
.0290069580
.0389404297
-.0241851807
-.0272521973
-.0307922363
.0350646973
.0234832764
-.0265197754
-.0445709229
-.0208435059
-.0352783203
.0325469971
.0369720459
-.0332946777
-.0375671387
.0375671387
-.0334167480
.0368041992
.0281982422
.0403137207
.0299682617
.0319976807
-.0266113281
.0243530273
-.0291748047
-.0232238770
.0294494629
.0349884033
.0316314697
.0326538086
-.0249328613
-.0309295654
-.0284423828
.0210876465
.0316925049
-.0312652588
.0296783447
-.0291442871
.0301208496
.0410919189
-.0321502686
-.0259399414
-.0264739990
.0282745361
.0329437256
.0290374756
-.0365295410
-.0350341797
.0422363281
.0420532227
.0353393555
-.0312194824
-.0258636475
-.0444030762
.0337677002
.0279541016
.0391235352
-.0330200195
.0238647461
.0491180420
-.0264892578
.0465698242
.0310668945
.0292205811
-.0370483398
.0378875732
.0334625244
.0404052734
-.0391387939
.0401306152
.0268096924
-.0365142822
-.0338897705
.0319824219
.0271301270
.0430145264
.0338134766
.0532226563
-.0448150635
-.0334014893
.0279998779
.0322875977
.0277099609
-.0312957764
-.0383758545
.0415802002
.0420837402
.0346679688
-.0280761719
.0333251953
.0352020264
-.0354461670
-.0318145752
.0413360596
-.0334930420
-.0315551758
.0216674805
.0294342041
-.0323181152
-.0291290283
-.0312805176
.0470275879
.0237884521
.0266265869
.0304412842
-.0361480713
-.0290222168
-.0265350342
-.0256195068
-.0205841064
.0198974609
-.0293273926
-.0218505859
.0184478760
-.0170135498
-.0154876709
-.0163269043
.0200195313
.0220947266
.0170288086
.0232849121
-.0253295898
-.0194549561
.0189056396
.0166320801
-.0197601318
-.0156707764
-.0194244385
.0164031982
.0099792480
.0169372559
-.0125122070
-.0144958496
.0143890381
-.0117950439
.0144805908
.0110015869
-.0151519775
-.0141296387
.0102691650
.0238189697
-.0120544434
-.0192413330
-.0149993896
-.0196533203
.0152282715
.0157623291
.0134124756
-.0140075684
-.0177612305
.0137481689
.0124664307
.0134429932
-.0115661621
-.0147857666
.0141754150
.0086822510
.0102081299
-.0094909668
-.0104522705
.0070495605
-.0050354004
.0058441162
-.0042266846
-.0045471191
-.0053253174
.0045318604
.0069122314
-.0051422119
-.0045166016
-.0042572021
-.0032501221
.0028839111
-.0022888184
.0024719238
-.0019378662
-.0012817383
.0011596680
.0008392334
.0005798340
-.0005187988
-.0003509521
.0001983643
.0000762939
.0000457764
.0000305176
