.0012207031
-.0027923584
-.0081176758
.0111236572
.0040130615
.0186767578
-.0194396973
-.0181732178
.0337982178
-.0374755859
.0482940674
.0330963135
.0711059570
-.0535583496
-.0544433594
.0649871826
-.0560455322
.0862579346
-.0497283936
-.0707397461
-.0544738770
-.0498657227
.0594940186
-.0518493652
.0802307129
.0421142578
-.0575714111
-.0612640381
-.0485687256
.0736541748
-.0575408936
.0766906738
.0241241455
.1135864258
.0411224365
-.0511474609
.0735931396
-.0884857178
-.0680541992
.0561981201
.0526580811
-.0501251221
-.0668029785
-.0422668457
.0387420654
.0536193848
-.0498504639
.0544433594
-.0447540283
.0747833252
.0235595703
-.0605010986
-.0547332764
-.0400848389
-.0561981201
-.0397949219
.0648040771
-.0423431396
.0864715576
-.0676269531
.0883331299
.0158538818
.1105346680
-.0327301025
.1077880859
-.0231018066
.0980377197
-.0557098389
.0830841064
.0465393066
.0660400391
.0437622070
-.0531921387
.0516357422
-.0898437500
.0904235840
-.0817871094
.0790557861
-.0914611816
.1007690430
-.0372467041
.0817413330
-.0745391846
.1127014160
.0599670410
.0644836426
-.0692291260
.0684509277
.0867614746
.0741424561
.0808563232
.1025695801
.0443115234
.0740509033
.0809631348
.1085205078
.0926361084
-.0781860352
.0892639160
.0922393799
.0694122314
-.1041870117
-.1035156250
.0873565674
.0848388672
.1025848389
-.0753479004
.1178741455
.0776367188
-.0881195068
.1046142578
.0968780518
.0879058838
-.1015014648
.0996856689
.0893859863
.0827789307
.0863037109
.1120605469
.1049652100
.0695037842
.0611877441
-.1082611084
-.0986022949
-.1055908203
.0968475342
.1170349121
.1078796387
.0950469971
-.1016387939
-.0943450928
-.1163635254
-.1033020020
.0836334229
-.0896148682
-.0914611816
.1322784424
.0713195801
-.1009826660
-.0820922852
.1054382324
-.0974578857
.0766906738
-.0746002197
.0700836182
-.1228485107
-.1093139648
-.0571289063
-.0946350098
.0552978516
-.0723724365
-.0291900635
.1031799316
.0768280029
.1149444580
.0676727295
.0648956299
.1096038818
-.1076965332
.0867614746
-.0563812256
.0761718750
-.1024169922
.1000823975
.0917358398
.0891876221
-.0738372803
.0963287354
-.1173400879
-.1160430908
-.0679016113
.1054077148
.0675506592
-.1258239746
-.0667114258
.0949707031
.1002960205
.0958099365
.0850830078
.0655212402
.1268768311
-.0884246826
-.1109619141
.0630645752
.0895233154
.1220855713
.0934906006
-.1223602295
.0536346436
-.0818939209
.0834350586
-.1097564697
-.0760498047
.0843963623
-.1212005615
.1099548340
.0959777832
.0750122070
.0704650879
.1050872803
-.1116943359
-.1071014404
-.0542755127
.0790710449
.0616455078
-.0954589844
-.1102600098
-.0624542236
.0513458252
.0759887695
-.1260528564
.1227569580
.0921936035
-.0799713135
-.0995483398
-.0791320801
-.1192474365
.1003570557
-.0668640137
-.0612030029
.1060943604
.0984802246
.0920257568
-.0985260010
.0614624023
.0627746582
-.1114349365
.0868377686
-.0622406006
-.0710449219
-.0409851074
-.1126861572
.1233673096
.0937957764
.0928955078
.0835723877
.0823669434
-.1261596680
-.0796356201
.0912017822
-.0831909180
.0858154297
.0777282715
-.1560668945
-.0756072998
.1341552734
-.0612487793
.0542907715
.1022644043
-.1015167236
.1133422852
-.0777282715
-.0820312500
-.0275726318
.1442413330
-.0710601807
.1003570557
-.1042327881
-.0827484131
-.0626220703
.0596466064
-.0826263428
-.0496520996
.0968017578
-.0405120850
.0685272217
.0569458008
-.0444793701
.0501098633
.0894470215
-.1208038330
.0415496826
.0527496338
-.0475921631
.0458374023
.0480194092
-.0684967041
-.0392303467
-.0677642822
-.0702362061
-.0570526123
.0635375977
.0647735596
.0545196533
.0793151855
.0625762939
-.0672302246
-.0635223389
.0343933105
.0853424072
.0639495850
.0659179688
-.0808105469
-.0558776855
.0420074463
.0570831299
.0589294434
.0397033691
.0434112549
-.0520019531
.0359649658
-.0294189453
-.0504455566
-.0285949707
.0522918701
.0467376709
.0447235107
-.0431518555
-.0320129395
.0246124268
.0288696289
-.0253753662
.0206451416
.0156555176
.0547943115
-.0333862305
-.0332336426
-.0294647217
.0366210938
.0258483887
.0466613770
-.0469360352
.0353240967
.0330505371
.0349273682
-.0250091553
.0263214111
-.0372619629
.0366210938
.0288696289
-.0391540527
.0364532471
-.0327758789
-.0380706787
.0249786377
-.0237121582
-.0191192627
-.0280761719
-.0290832520
.0141296387
.0260009766
-.0245361328
-.0248718262
.0216979980
.0177154541
.0331726074
.0257415771
-.0338439941
-.0299682617
.0346984863
-.0497283936
.0155639648
.0229034424
-.0275878906
.0251312256
-.0136718750
.0132598877
-.0235443115
-.0296020508
.0385437012
.0651855469
.0631713867
.0464630127
.0231628418
.0466003418
-.0233154297
-.0353698730
-.0384216309
-.0272827148
.0481567383
-.0516967773
-.0454711914
.0408020020
-.0454406738
.0587921143
-.0775909424
.0431823730
.0623931885
.0213470459
-.0516357422
.0469512939
.0443878174
.0461120605
.0399169922
.0265350342
.0599517822
-.0530395508
.0500946045
.0426025391
.0276641846
-.0691680908
-.0502471924
.0703430176
.0439453125
.0447540283
.0319213867
-.0823669434
.0326385498
-.0637054443
-.0506134033
.0492401123
.0667266846
.0365447998
-.0532226563
-.0346221924
.0374755859
-.0250091553
.0390777588
-.0423583984
.0334014893
-.0480651855
.0462188721
-.0304412842
.0523529053
.0405578613
.0595855713
.0431518555
-.0707244873
.0343780518
-.0532379150
-.0578460693
.0544128418
-.0585327148
.0530700684
-.0673828125
.0517120361
.0512390137
-.0269165039
.0672607422
-.0676422119
.0419921875
-.0546264648
.0407867432
-.0456695557
.0762786865
-.0361175537
.0634155273
.0369262695
-.1032867432
.0485534668
-.0539855957
.0443420410
-.0745544434
.0424499512
-.0384063721
-.0644226074
.0492858887
.0621185303
.0680389404
-.0875244141
.0445404053
.0537872314
.0423889160
-.0771179199
-.0468444824
.0419769287
.0454406738
-.0379943848
.0509948730
-.0398101807
.0441741943
.0594482422
.0569763184
.0455627441
-.0506134033
.0506286621
.0634155273
-.0729827881
.0474700928
-.0821533203
.0511627197
-.0651245117
.0284881592
-.0756988525
.0448150635
-.0679016113
.0571899414
.0399932861
-.0514984131
.0659332275
-.0364379883
.0570068359
-.0702972412
.0685577393
.0595092773
.0628509521
-.0823974609
.0473175049
-.0486907959
-.0437011719
-.0583038330
.0323333740
.0365600586
-.0306854248
-.0400543213
-.0433959961
.0513610840
.0408782959
-.0370483398
-.0590820313
.0436096191
-.0354919434
.0297393799
-.0623321533
.0408935547
-.0266113281
.0304565430
-.0701599121
.0258941650
-.0626983643
.0532684326
-.0711517334
-.0421295166
-.0466156006
.0394287109
-.0477294922
.0267181396
-.0338134766
.0352325439
-.0638580322
.0347137451
-.0428771973
.0354766846
-.0505828857
.0338897705
-.0482177734
.0438690186
-.0683746338
.0358886719
-.0430450439
.0376434326
.0561523438
-.0255432129
-.0497131348
.0434417725
-.0548095703
.0272216797
-.0512542725
.0489654541
-.0599365234
.0332641602
-.0370178223
.0417633057
-.0476837158
.0306854248
-.0441131592
.0489196777
-.0245208740
.0494995117
-.0431823730
-.0388031006
-.0454864502
.0318756104
-.0269622803
-.0561828613
.0366058350
.0528717041
.0403137207
-.0458374023
.0373992920
.0536499023
.0458374023
-.0424499512
.0299377441
-.0477447510
-.0494079590
-.0576477051
.0687255859
-.0589752197
.0433502197
-.0471649170
.0859375000
-.0772552490
.0512237549
.0338439941
-.0866394043
.0342712402
-.0496673584
-.0349426270
-.0622863770
.0629425049
-.0317077637
-.0408935547
-.0638885498
.0575408936
-.0435180664
-.0475769043
.0679931641
-.0519866943
.0433807373
-.0495758057
.0236511230
-.0578918457
.0310363770
-.0293426514
.0559997559
.0393066406
-.0651092529
.0444183350
-.0559234619
-.0467834473
-.0577850342
.0739593506
-.0667724609
.0447082520
.0520324707
.0787048340
.0661010742
.0428924561
.0303955078
-.0565490723
.0868682861
-.0502471924
-.0361480713
-.0350952148
-.0777740479
.0573272705
-.0693511963
-.0400543213
.0384674072
-.0940246582
.0538940430
-.0370330811
.0683135986
-.0629272461
.0991516113
-.0412902832
-.0392761230
-.0596771240
-.0661010742
-.0472106934
-.0437316895
.0475006104
.0408935547
-.0755004883
.0613403320
-.0428771973
.0412750244
.0544586182
-.0700378418
.1057434082
-.0352630615
-.0453491211
.0428771973
.0988159180
.0504608154
-.0337219238
.0569152832
.0501403809
-.0674591064
.0818176270
-.0678558350
-.0363769531
.0403594971
-.0885162354
.0511474609
-.0354003906
.0379333496
-.0405883789
.1062622070
.0459594727
-.0473937988
.0494384766
.0391845703
-.0658874512
.0502166748
-.0562896729
.0495910645
.0535888672
-.0801239014
.1024322510
-.0324707031
-.0564422607
.0527801514
-.0875854492
.0617065430
-.0393066406
-.0499725342
.0467987061
-.0810699463
-.0762786865
.0539245605
-.0356597900
-.0596008301
.0406036377
-.0905456543
.0664367676
-.0423278809
.0342864990
-.0370941162
-.0641021729
-.0597534180
.0391540527
-.0667419434
.0712585449
.0417938232
-.0791778564
.0496826172
-.0385894775
.0447845459
.0511016846
-.0664520264
.0763854980
.0923461914
.0365753174
.0596008301
.0610656738
-.0442199707
.0493621826
-.0485687256
-.0806579590
.0439453125
.0373077393
-.0888366699
.0678100586
-.0563507080
-.0594482422
.0415954590
.0632476807
-.0619812012
.0451354980
-.0425720215
.0299682617
-.0339202881
-.0169830322
-.0326843262
-.0337829590
-.0356292725
-.0195617676
.0155487061
-.0267944336
.0549621582
-.0251464844
.0169830322
.0376434326
-.0298309326
.0196533203
.0185546875
.0261688232
.0132904053
-.0222167969
-.0262298584
-.0179748535
-.0283050537
-.0179138184
.0433654785
.0251464844
.0428771973
.0351867676
-.0264129639
-.0250854492
-.0280151367
-.0202026367
-.0399169922
.0270538330
.0309295654
-.0254364014
-.0496520996
-.0354156494
.0304412842
.0323333740
.0296173096
.0420074463
.0220031738
.0516204834
.0276641846
.0309448242
-.0412750244
-.0391082764
-.0364532471
.0417938232
-.0211639404
-.0264282227
-.0240020752
-.0255737305
.0187683105
-.0169830322
-.0386505127
.0294952393
-.0368347168
.0331268311
.0215759277
.0319061279
.0414886475
-.0355377197
.0336151123
.0297546387
.0373077393
.0324859619
-.0290069580
-.0449066162
-.0393981934
-.0401458740
-.0367736816
.0367279053
-.0480499268
-.0423278809
.0388031006
-.0498046875
-.0389099121
-.0444641113
.0324707031
.0594787598
.0232696533
.0561676025
.0564880371
-.0450897217
.0533294678
-.0736236572
.0624084473
.0611419678
-.0667724609
.0837707520
-.0545959473
.0511322021
-.0758209229
.0331268311
.0601501465
-.0637664795
-.0364379883
-.0527648926
-.0504150391
.0401458740
.0403137207
.0747222900
.0887145996
.0544281006
-.0431365967
-.0630798340
.0335540771
-.0386352539
-.0566864014
.0370635986
-.0486602783
.0570983887
.0568695068
-.0450134277
.0519561768
-.0566864014
.0427551270
-.0565948486
-.0601806641
.0556488037
-.0583190918
.0387420654
-.0750732422
-.0651092529
.0299072266
-.0563964844
.0350952148
-.0528259277
.0304565430
.0339202881
-.0223846436
.0419158936
.0782165527
-.0458221436
-.0544891357
-.0730133057
.0323181152
-.0383605957
.0416412354
.0662689209
-.0562896729
-.0317077637
-.0668487549
.0351104736
-.0575866699
-.0380249023
.0472412109
-.0244140625
.0369262695
.0466613770
.0485229492
-.0680236816
-.0648803711
.0388183594
-.0431518555
.0535736084
-.0818786621
-.0801696777
.0472259521
-.0587463379
.0303955078
-.0650634766
.0285644531
.0506591797
-.0433959961
.0607452393
-.0498809814
.0451049805
.0446472168
-.0400848389
.0630493164
-.0473632813
.0498199463
-.0994720459
.0359497070
.0317840576
.0512390137
.0764465332
-.0737304688
.0278472900
-.0525665283
.0218658447
-.0494537354
.0240020752
.0454559326
-.0418701172
-.0474243164
-.0363769531
.0475158691
-.0326995850
.0494079590
.0438537598
.0452728271
-.0431976318
-.0767364502
.0330810547
-.0485992432
.0354919434
.0750122070
-.0650024414
.0580291748
-.0501556396
.0421295166
-.0572357178
.0559692383
-.0460357666
-.0553436279
.0601348877
-.0350646973
.0460662842
-.0281982422
.0494232178
-.0570983887
.0263061523
-.0559692383
.0312347412
.1053161621
-.0754852295
-.0512542725
-.0697479248
.0393676758
.0523071289
.0409851074
.0765228271
-.0519561768
.0472869873
-.0525054932
.0818176270
-.0514831543
.0359954834
-.0371398926
.0438385010
-.0353851318
-.0225219727
.0466308594
-.0415649414
-.0528259277
-.0401458740
.0334320068
-.0450744629
.0320587158
-.0398254395
.0337219238
-.0567932129
.0425415039
.0784301758
-.0668945313
-.0431365967
-.0804138184
.0404357910
-.0308532715
.0343933105
-.0682678223
.0191802979
.0363616943
.0316314697
.0457458496
.0253295898
.0344238281
.0242004395
.0414733887
-.0210723877
-.0251159668
-.0245208740
.0267486572
-.0203247070
.0183715820
-.0229187012
.0117340088
-.0090942383
.0097351074
-.0080108643
.0056304932
-.0102386475
.0044097900
-.0040435791
-.0022888184
.0019226074
