-.0001068115
-.0001678467
-.0001983643
-.0002441406
-.0001220703
-.0001983643
-.0001983643
-.0003509521
-.0004272461
-.0004730225
-.0003051758
.0014648438
-.0013427734
-.0014953613
.0008697510
.0014801025
-.0037536621
-.0017700195
-.0036315918
-.0310821533
-.0521392822
.0323486328
-.0920104980
.1087036133
.2082366943
.0915374756
-.1258544922
-.2458343506
-.2450714111
.1196594238
-.1480560303
-.1070404053
.1690979004
-.2246093750
.1215972900
.1054840088
.1899566650
-.1138916016
-.0738525391
.1248168945
-.1247406006
-.1743011475
-.1646118164
-.1507720947
.0865631104
-.0603790283
.0583801270
-.0621185303
.0752410889
-.0263214111
-.0802307129
-.1054840088
.1478881836
-.1416320801
.1428222656
.1753845215
-.1445465088
.1746368408
.1653289795
-.1509246826
-.1699981689
-.0946197510
.1314849854
.1168060303
-.1191711426
.1252899170
-.1155242920
.1256103516
-.1135711670
.1103057861
.1056365967
-.0712585449
-.0620269775
-.0558929443
.0509490967
.0927429199
-.0805358887
.1024169922
.0815124512
-.0751037598
-.1100769043
.0812072754
-.1008605957
.1009216309
-.0751800537
-.0590667725
.0502777100
-.0370635986
.0351409912
-.0285339355
-.0069122314
-.0149230957
-.0070495605
-.0120391846
-.0102081299
-.0080413818
.0193634033
-.0360412598
.0674133301
-.0554046631
.0407409668
.0977630615
.0528564453
-.0671234131
.0628509521
.0882110596
.0658111572
-.0925445557
.1005554199
.0605621338
.1071014404
.1216278076
.1356658936
-.1283111572
-.1097717285
-.0805664063
.0628051758
-.0398406982
-.0188751221
-.0280609131
.0426635742
-.0527954102
.0580291748
.0752258301
.0898742676
.0736999512
-.1059417725
.1135101318
.1357269287
-.0939788818
-.1128540039
.2080688477
.2156066895
-.2065582275
-.1960449219
.1347808838
.0977172852
.1017150879
.1269073486
.0594024658
-.0661926270
.0680541992
.0690155029
.0619506836
.0515594482
-.0375823975
.0615844727
-.0353393555
.0672607422
.0630798340
.1019897461
.0698852539
.1986236572
-.2209167480
-.1894836426
.1557922363
-.1041259766
-.0781097412
.0669403076
.0695343018
.0742797852
.0868072510
.0922698975
.0815734863
-.0373687744
-.0265960693
-.0234375000
.0147247314
.0156250000
-.0108184814
-.0122222900
.0311279297
.0427093506
.0822296143
.0683898926
.0439910889
.0762176514
-.0473175049
.1046600342
.1343078613
-.1598815918
-.1001739502
.1243133545
.0873413086
-.1261138916
.1683807373
-.1316680908
-.0943603516
.1101531982
-.0911407471
.0979003906
-.1039886475
.1159515381
-.0830841064
.1564025879
-.1179656982
-.1015319824
-.1039123535
-.1218414307
-.0990600586
.1401824951
-.1122436523
-.1302032471
.1052551270
-.0774230957
-.0861053467
.0536041260
.0404815674
.0451202393
.0103607178
.0173034668
-.0137329102
-.0150299072
-.0090026855
-.0057067871
-.0156402588
.0359039307
.0384521484
-.0360717773
-.0145416260
-.0229187012
-.0239715576
-.0344696045
.0670928955
.0868835449
.1017913818
-.1115722656
-.1429901123
.1965637207
-.1569671631
.1833953857
.2061767578
-.1882629395
-.1516418457
.0758056641
-.0656738281
.0414276123
.0117950439
.0230560303
.0255584717
.0162200928
.0312805176
-.0442810059
-.0753784180
.0579986572
.0488281250
.0425109863
-.0282135010
-.0442504883
-.0643310547
.0320892334
.1128082275
-.1582336426
-.1952209473
-.2122497559
.1606903076
-.1306915283
-.1092376709
-.0853576660
-.0615234375
.0241394043
.0180358887
.0106964111
-.0110321045
.0115509033
-.0076904297
.0044403076
-.0019073486
.0020294189
.0030212402
.0023956299
.0016174316
-.0018310547
-.0015411377
-.0016174316
-.0024719238
.0030822754
.0026550293
.0021362305
-.0011291504
-.0013275146
-.0013427734
.0014038086
-.0028686523
-.0033416748
-.0029144287
.0016174316
.0017395020
.0023040771
-.0023193359
-.0020599365
.0020904541
-.0010528564
-.0024871826
-.0034332275
-.0026702881
.0019378662
-.0027618408
.0030364990
-.0028991699
-.0719604492
.1362609863
.1696624756
.1330261230
.1798400879
.1456146240
-.1706848145
.1658020020
.1810150146
.0943908691
.1253204346
.1604461670
.1553039551
.1192779541
.1251831055
.0927429199
.1587829590
-.1084289551
.1246032715
.1423339844
-.0788574219
.1081085205
.0739593506
-.0805053711
-.0597839355
-.0731964111
.0438232422
.0309753418
.0261688232
.0151062012
-.0111389160
-.0108947754
-.0104675293
-.0115661621
-.0036926270
-.0116424561
.0112304688
.0142517090
.0091857910
.0143585205
.0294189453
-.0252990723
.0937500000
-.0678710938
-.1525726318
.1493225098
.1956787109
-.1375427246
.1589813232
-.1794891357
-.2024230957
-.1865081787
.1120300293
-.0749053955
.0438079834
.0373992920
.0330047607
-.0284729004
-.0174102783
.0114746094
-.0120544434
-.0110015869
-.0091552734
-.0089416504
-.0131072998
.0177612305
.0102233887
-.0130462646
.0234985352
.0234527588
.0286712646
.0379180908
-.0450286865
-.0394287109
-.0319824219
.0355834961
-.0458374023
-.0382080078
-.0287170410
-.0203247070
-.0132141113
-.0064544678
-.0072479248
-.0052032471
.0022583008
.0011444092
-.0009918213
-.0019836426
-.0011596680
-.0004272461
-.0006103516
-.0004425049
-.0012969971
-.0006561279
-.0010375977
-.0009155273
-.0007171631
-.0003509521
-.0008697510
-.0007019043
-.0006103516
-.0004577637
-.0005798340
-.0003356934
-.0004577637
-.0002746582
-.0007171631
-.0004119873
-.0004425049
-.0003662109
-.0005798340
-.0005035400
-.0005950928
-.0002593994
-.0005035400
-.0002746582
-.0005035400
-.0002136230
-.0003356934
-.0002288818
-.0002746582
-.0002288818
-.0003509521
-.0001831055
-.0001831055
-.0001831055
-.0002136230
-.0001831055
-.0002136230
-.0001983643
-.0001373291
-.0001678467
-.0001678467
-.0001220703
-.0001678467
-.0001373291
-.0001831055
-.0001373291
-.0001525879
-.0001373291
-.0001068115
.0000457764
-.0000305176
-.0000152588
.0000305176
-.0000305176
.0000305176
.0000305176
-.0000305176
.0000305176
-.0000305176
-.0000305176
-.0000305176
.0000305176
.0000305176
-.0000305176
.0000305176
-.0000305176
.0000305176
-.0000305176
-.0000457764
-.0001068115
-.0001678467
-.0002441406
-.0003051758
-.0003814697
-.0004425049
-.0005035400
-.0006103516
-.0006561279
-.0006866455
-.0008544922
-.0009765625
-.0060424805
-.0024261475
-.0087738037
.0082397461
-.0143127441
-.0126647949
-.0419006348
-.0412597656
-.0485687256
-.0546264648
-.1202392578
-.0975341797
-.0508575439
-.0631103516
-.1263427734
-.1403808594
-.0448760986
.0754394531
-.0988616943
-.1294555664
-.0595703125
.0309600830
.0573425293
-.0812225342
.0451354980
-.0200500488
.0253295898
.0110473633
-.0200500488
-.0115356445
.0089111328
-.0071868896
-.0086975098
-.0065155029
-.0089111328
.0096282959
-.0127716064
.0079803467
-.0147705078
.0173950195
-.0273437500
.0237121582
.0175628662
-.0422210693
.0285491943
-.0502166748
.0420532227
-.0285797119
.0673828125
-.0445251465
-.0471191406
-.0417938232
-.1119537354
-.1204223633
-.1308288574
.0990905762
.0720214844
-.0939788818
-.1895294189
-.2097167969
-.2206115723
-.2132568359
-.2063446045
-.1884460449
-.1545104980
.1625213623
-.1150512695
.1953125000
-.2368164063
.1974792480
-.2340087891
.1905059814
-.2087860107
-.2057952881
.1584777832
-.1446075439
-.1043853760
.1038055420
-.0568084717
-.1789550781
.1420440674
-.0591735840
-.1293029785
.1001739502
-.2241210938
.1576995850
-.0948333740
-.1671600342
.1524200439
-.2009429932
.1702728271
-.1078033447
.1130981445
.1492767334
-.0994110107
.0834503174
.0705718994
-.0867462158
-.0784301758
-.0483856201
-.0434570313
.0612945557
-.0289459229
.0225067139
.0213775635
-.0251007080
-.0186309814
-.0233917236
.0120849609
-.0150451660
-.0124664307
-.0115814209
-.0083465576
.0035400391
-.0112152100
-.0065002441
.0086975098
.0073242188
-.0087738037
-.0110015869
-.0144958496
-.0107116699
.0053863525
-.0158081055
.0286865234
.0303192139
-.0254211426
-.0209350586
-.0220947266
-.0213470459
.0162200928
-.0103454590
.0054931641
.0055847168
.0086212158
.0132293701
-.0090179443
-.0047302246
-.0036926270
-.0050048828
-.0023345947
-.0029296875
-.0024108887
-.0012359619
-.0082550049
-.0089569092
.0056762695
-.0034942627
.0031738281
-.0073547363
.0130920410
.0115356445
-.0367126465
.0564727783
.0454711914
-.0229187012
-.0428314209
.0819549561
.1098022461
.0676116943
-.0498809814
-.0339050293
-.0119323730
.0193328857
-.0135498047
.0314636230
.0407714844
-.0215759277
.0121154785
-.0193328857
.0155944824
-.0194244385
-.0154113770
.0272521973
-.0378417969
.0311584473
.0656127930
-.0940246582
-.0734405518
-.1376647949
-.0808868408
-.0643157959
.0806884766
.0631408691
-.0782775879
-.0662078857
-.1051177979
.1484985352
.1074829102
-.1175079346
-.1149291992
-.1321563721
.0998077393
.0901947021
.0640563965
.0566558838
-.1008300781
-.0812530518
-.0741119385
-.0482330322
.0343933105
.0984954834
.1278686523
.1401519775
-.1212310791
-.1271972656
-.1016387939
.1534729004
.1527099609
-.0742492676
-.0817871094
-.0636291504
.1347503662
.1048278809
-.1069335938
-.0863800049
.0787811279
.0449371338
-.0909423828
.0463256836
.0464324951
-.0390319824
-.0550079346
.0767669678
-.0880432129
.0476226807
-.0637512207
.0444030762
.0127258301
-.0372924805
.0201873779
.0269012451
-.0401458740
-.0531158447
.1110229492
.0774688721
.0876617432
-.0859985352
-.0724182129
-.0292663574
-.0437164307
-.0242156982
-.0280761719
-.0178833008
-.0200653076
-.0121154785
-.0134887695
-.0078735352
-.0165557861
-.0116577148
-.0101623535
.0070343018
.0038452148
.0042572021
-.0039520264
-.0069122314
-.0087280273
-.0120239258
.0324096680
.0430145264
.0741882324
.0678405762
.0547790527
-.0788116455
-.0930633545
-.1095275879
-.1060638428
-.1504669189
-.1329956055
-.0911712646
-.0404357910
-.0524749756
-.0462341309
-.0248870850
-.0093688965
.0135040283
.0209045410
.0138244629
.0136871338
.0161743164
.0131072998
.0087280273
-.0182800293
-.0111999512
-.0182342529
-.0098419189
-.0105438232
-.0242462158
-.0659179688
-.0679321289
-.1003112793
-.0759582520
-.1323699951
.0982971191
.1275939941
.1416778564
.0556488037
.0737304688
.0284729004
.0344543457
.0194091797
.0215301514
.0116424561
.0127410889
-.0080108643
-.0137329102
-.0161895752
-.0146942139
-.0100555420
-.0042877197
-.0032653809
-.0042419434
-.0026397705
-.0011291504
-.0020141602
-.0019531250
-.0017547607
-.0019378662
-.0015411377
-.0016326904
-.0018463135
-.0016784668
-.0015869141
-.0014343262
-.0013732910
-.0017852783
-.0016632080
-.0018310547
-.0014495850
-.0012359619
-.0012207031
-.0010833740
-.0011444092
-.0011138916
-.0013122559
-.0011444092
-.0011749268
-.0012969971
-.0005798340
-.0010070801
.0060577393
-.0071716309
-.0136413574
-.0130462646
-.0413970947
-.0395812988
-.0596160889
-.0729217529
-.0742340088
.0919494629
-.0880432129
-.0584411621
-.0177307129
-.0278472900
.0482635498
.0511169434
-.0589141846
-.0804901123
-.0946350098
-.0892791748
-.0496520996
.0394439697
.0384368896
.0225677490
.0042266846
.0116729736
.0094604492
.0076599121
.0049743652
.0058746338
.0080261230
-.0062408447
-.0037536621
-.0056610107
-.0060119629
-.0040130615
-.0030822754
-.0016326904
-.0023803711
-.0038909912
-.0048675537
-.0049285889
.0172729492
-.0261688232
-.0214385986
-.0174560547
.0091705322
-.0253448486
-.0418701172
-.0505371094
-.0590972900
.0502166748
.0280761719
.0244598389
.0250701904
.0216979980
.0200653076
.0106353760
.0073089600
.0057830811
.0037536621
-.0046386719
.0038146973
-.0021362305
-.0022735596
-.0034179688
-.0041046143
-.0041656494
-.0046691895
-.0034332275
-.0044403076
-.0050964355
-.0038604736
-.0050506592
-.0039215088
-.0033569336
-.0060729980
-.0104370117
-.0182495117
-.0241394043
.0134124756
-.0139312744
-.0107116699
.0060577393
.0030212402
-.0043334961
-.0034942627
-.0013122559
-.0014038086
-.0013275146
-.0009460449
-.0013732910
-.0014648438
-.0013275146
-.0011901855
-.0011138916
-.0011749268
-.0013885498
-.0010528564
-.0010528564
-.0011749268
-.0011444092
-.0010833740
-.0010070801
-.0010833740
-.0011138916
-.0010833740
-.0010833740
-.0010375977
-.0010528564
-.0010986328
-.0010986328
-.0010223389
-.0010833740
-.0010681152
-.0010833740
-.0011138916
-.0010833740
-.0010833740
-.0010833740
-.0010833740
-.0010833740
-.0010528564
-.0010375977
-.0010833740
-.0011291504
-.0010681152
-.0011291504
-.0011138916
-.0011138916
-.0016632080
-.0025482178
-.0024414063
-.0044250488
.0038452148
-.0051879883
-.0086212158
-.0060424805
-.0166015625
-.0117950439
-.0084686279
.0189361572
.0296325684
.0349731445
.0272216797
-.0232849121
-.0280761719
-.0292663574
-.0214996338
.0234832764
.0175781250
.0079040527
-.0016479492
-.0045013428
-.0042114258
-.0029907227
-.0028533936
-.0034637451
-.0018768311
-.0035858154
-.0030364990
-.0027618408
-.0028228760
-.0016479492
-.0012359619
-.0010833740
-.0011138916
-.0010833740
-.0010681152
-.0009002686
-.0009002686
-.0010986328
-.0011596680
-.0015258789
-.0018005371
-.0013580322
-.0018310547
-.0017089844
-.0012969971
-.0009307861
-.0010681152
-.0008850098
-.0007934570
-.0006256104
-.0005950928
-.0006103516
-.0005798340
-.0005950928
-.0005493164
-.0005035400
-.0004882813
-.0004730225
-.0004272461
