-.0000915527
-.0008697510
.0011291504
-.0014495850
-.0014495850
-.0020294189
.0028381348
-.0056915283
.0033111572
-.0038909912
.0077667236
-.0075836182
.0057678223
.0060119629
-.0053558350
.0043640137
-.0080718994
.0065612793
.0127716064
-.0123443604
-.0068511963
-.0087890625
-.0114746094
.0116729736
.0088348389
-.0082244873
-.0085296631
.0068511963
-.0130157471
.0096282959
-.0115509033
.0130462646
-.0065155029
.0143127441
.0106964111
.0100250244
-.0089416504
.0107421875
-.0099487305
.0287933350
-.0164794922
.0268707275
.0243835449
-.0243072510
.0102233887
-.0106201172
.0063781738
-.0101165771
.0092315674
.0087280273
.0123443604
-.0098114014
.0092926025
.0098114014
.0075836182
-.0098419189
.0086364746
-.0097961426
.0120239258
-.0133056641
.0104522705
-.0081176758
-.0111541748
-.0101623535
.0165863037
-.0099334717
.0121765137
-.0124816895
.0178680420
-.0144348145
-.0072937012
.0108337402
-.0075683594
.0100708008
-.0126037598
.0130462646
.0079345703
-.0122680664
.0205230713
.0076599121
-.0080566406
.0084381104
-.0086212158
.0079345703
-.0133666992
.0123901367
.0085906982
.0107421875
.0097656250
-.0230102539
.0137786865
-.0092315674
-.0139923096
.0110473633
-.0093994141
-.0054931641
-.0094451904
.0085449219
.0140686035
-.0118408203
-.0062103271
-.0094299316
.0086059570
.0110015869
-.0111999512
.0087280273
-.0088806152
.0080718994
.0071868896
-.0078125000
-.0217132568
-.0094909668
-.0085296631
-.0080718994
-.0050506592
.0097808838
-.0071411133
.0136718750
-.0250396729
.0150299072
.0096282959
.0074462891
.0063629150
.0085906982
.0101928711
-.0083618164
-.0097351074
.0153045654
-.0099029541
-.0137939453
-.0056610107
-.0099029541
.0094451904
-.0110168457
.0100860596
.0122833252
.0063781738
-.0146636963
.0124359131
-.0119171143
.0055389404
-.0127716064
-.0165710449
.0090942383
-.0111694336
.0122222900
.0079956055
.0133209229
-.0111999512
-.0140991211
.0181884766
-.0117645264
.0176544189
-.0140533447
-.0061950684
.0142822266
-.0139465332
.0122680664
-.0082855225
.0079040527
.0092926025
-.0086822510
.0076141357
-.0073852539
-.0114593506
.0092773438
.0036163330
.0054016113
-.0103454590
-.0120849609
.0077972412
-.0056915283
-.0044403076
.0122833252
-.0090484619
-.0074920654
.0050659180
-.0063781738
.0139465332
-.0101318359
-.0066680908
-.0067901611
-.0105590820
.0083618164
-.0112609863
.0162506104
.0120544434
-.0112457275
.0092163086
-.0053405762
.0107879639
-.0081939697
-.0085449219
.0114135742
-.0078430176
.0178833008
.0065460205
-.0090332031
-.0060119629
-.0132904053
.0101165771
.0066986084
.0059814453
.0090942383
.0121154785
-.0122375488
-.0087432861
.0063781738
-.0104827881
-.0065917969
.0107727051
.0080261230
.0057983398
-.0083007813
.0127563477
-.0140838623
-.0121612549
.0159301758
-.0132446289
-.0068664551
.0094757080
-.0079956055
-.0095825195
.0089874268
-.0129241943
.0052795410
-.0103912354
.0108947754
-.0073394775
-.0074157715
.0109405518
-.0101470947
.0090026855
.0063934326
-.0061035156
.0113372803
.0203247070
.0117492676
.0072631836
.0088348389
-.0056152344
.0076141357
-.0056304932
-.0080413818
.0128326416
.0084838867
.0071105957
-.0078430176
.0132293701
-.0090179443
.0136260986
-.0060272217
-.0148315430
.0070037842
-.0095214844
-.0120239258
.0089874268
-.0131225586
-.0053253174
.0111694336
.0113220215
.0087432861
.0096740723
-.0095672607
-.0087890625
-.0101470947
.0081024170
.0130004883
.0053253174
.0107574463
-.0085296631
.0100860596
-.0099334717
-.0089874268
.0092468262
-.0048217773
.0083312988
.0072174072
.0086822510
-.0099182129
.0121307373
-.0110626221
.0087280273
-.0109405518
.0095520020
.0102233887
.0068664551
.0115509033
.0086364746
-.0091552734
-.0072174072
.0112915039
.0093841553
-.0102081299
-.0193939209
.0220336914
-.0193634033
.0070495605
.0101013184
.0131683350
.0093994141
-.0079345703
.0086212158
.0118408203
-.0118865967
-.0069732666
.0065307617
-.0074462891
.0055694580
-.0043487549
-.0057525635
.0101165771
-.0146331787
-.0113372803
.0096740723
-.0158233643
.0110168457
-.0106811523
.0088500977
-.0066528320
.0067443848
.0112609863
-.0156555176
.0096893311
-.0078430176
.0089111328
-.0086059570
-.0093383789
.0079650879
.0179901123
-.0123291016
-.0083923340
.0086364746
-.0094909668
.0062408447
-.0073547363
.0081024170
-.0061950684
-.0047302246
.0083618164
-.0066223145
.0065155029
.0062255859
.0054321289
.0087890625
-.0052795410
.0050964355
-.0092163086
.0051574707
-.0067443848
.0108642578
-.0073547363
.0054626465
.0064239502
-.0111389160
.0051269531
-.0055999756
-.0047302246
.0070800781
-.0130615234
.0142059326
-.0259857178
-.0096130371
.0081634521
-.0072326660
.0066680908
-.0122375488
.0087890625
.0092010498
-.0114898682
.0095977783
-.0123443604
.0093994141
.0068969727
-.0066528320
.0058441162
-.0044860840
-.0074768066
.0071411133
-.0049285889
.0068206787
-.0048675537
-.0054931641
.0035247803
-.0126953125
.0081634521
-.0100250244
.0091400146
.0165405273
-.0108489990
.0148620605
-.0183258057
-.0228881836
-.0099182129
-.0335235596
.0173339844
-.0079193115
-.0156555176
.0074157715
.0064849854
-.0142669678
.0106506348
-.0091857910
.0069580078
.0101623535
-.0055541992
.0078430176
-.0111083984
.0089263916
.0081176758
-.0091857910
-.0050048828
.0075683594
-.0073089600
.0057830811
-.0069122314
.0065765381
.0079650879
-.0068054199
.0105590820
-.0100097656
.0043334961
.0081939697
-.0082244873
.0181732178
-.0062866211
-.0072784424
.0080871582
-.0048980713
.0043945313
.0055847168
-.0081329346
.0032958984
-.0057067871
-.0033569336
.0078430176
-.0113372803
.0052642822
.0074462891
-.0093994141
.0089111328
-.0090637207
.0071868896
.0076751709
-.0094146729
.0068206787
-.0060272217
-.0059814453
.0105133057
-.0075225830
.0079956055
-.0056610107
-.0099182129
-.0057983398
.0102691650
-.0182037354
.0090332031
.0055999756
-.0132751465
.0095062256
-.0081024170
.0115814209
-.0072174072
.0041961670
.0041809082
.0054473877
.0063018799
-.0073242188
.0170288086
-.0063323975
-.0054779053
.0109710693
.0050811768
-.0105743408
-.0069885254
-.0054168701
.0096435547
-.0073699951
.0044097900
.0041046143
-.0064544678
.0043334961
-.0093994141
.0048980713
-.0061645508
-.0087127686
.0066070557
-.0158843994
.0092010498
-.0062255859
-.0088958740
.0061798096
-.0083618164
.0078430176
-.0065460205
.0072021484
-.0060577393
-.0043945313
.0036468506
.0086975098
.0048065186
.0055694580
-.0046081543
.0062866211
-.0037536621
.0067749023
-.0075531006
.0073852539
-.0085449219
.0053253174
-.0039367676
.0046386719
-.0073699951
.0077362061
-.0101623535
.0128631592
-.0093383789
.0044555664
-.0100555420
.0061950684
-.0038757324
.0050354004
-.0064392090
.0051879883
-.0042877197
.0040130615
.0070037842
-.0048675537
-.0060119629
-.0058593750
-.0052337646
.0060272217
-.0061645508
.0055389404
-.0066528320
.0049438477
.0056457520
.0055389404
.0095520020
-.0086822510
.0051269531
-.0075378418
.0078582764
.0059661865
-.0080261230
.0050354004
-.0051116943
.0065155029
.0034179688
-.0031433105
.0103912354
-.0038146973
.0035247803
.0049591064
-.0054779053
.0065307617
-.0059356689
.0041351318
.0035705566
-.0044555664
.0050201416
.0075225830
-.0073699951
.0069732666
-.0061340332
-.0029296875
.0052032471
.0074157715
.0049743652
-.0033264160
.0060272217
-.0032958984
.0037689209
-.0066833496
-.0050354004
-.0052947998
.0049285889
.0088348389
.0092926025
-.0040893555
.0057525635
-.0114440918
.0037689209
.0041961670
.0032806396
-.0040435791
-.0027770996
.0021209717
-.0054931641
.0071716309
-.0049285889
-.0036010742
-.0046386719
.0039825439
-.0036163330
.0049743652
.0046081543
.0036773682
-.0033874512
-.0072021484
.0094757080
-.0078735352
.0095214844
.0053405762
.0038452148
-.0088348389
.0048370361
.0067901611
.0056152344
-.0066986084
.0054626465
.0079345703
.0071411133
-.0056152344
.0192871094
.0092773438
-.0114288330
-.0076751709
.0068969727
-.0045471191
.0083465576
.0075531006
.0061187744
-.0072021484
.0108795166
-.0073394775
.0081329346
-.0075988770
.0062408447
.0119781494
-.0081481934
-.0126190186
-.0124359131
.0113830566
.0121612549
.0081481934
-.0110168457
-.0130462646
.0075225830
-.0089721680
-.0089569092
-.0056762695
-.0108184814
.0114440918
-.0117645264
-.0211181641
.0093688965
-.0087585449
.0134735107
.0099945068
-.0123901367
-.0073242188
.0095062256
-.0102386475
.0073394775
.0065765381
.0076904297
-.0064697266
.0038757324
-.0044403076
.0101776123
-.0066528320
-.0073394775
.0118560791
-.0080108643
-.0070037842
-.0069732666
.0092315674
-.0128784180
-.0152282715
-.0122222900
.0097656250
.0124511719
.0109252930
-.0113525391
.0139923096
.0085296631
-.0198669434
-.0071868896
-.0127410889
.0119476318
.0073699951
.0097961426
.0120239258
-.0100708008
.0151824951
-.0079040527
-.0075836182
-.0100402832
-.0102386475
.0101013184
-.0112762451
.0124511719
.0100555420
.0083923340
.0089569092
.0058593750
.0123901367
.0118713379
-.0108795166
.0129394531
-.0116271973
-.0108337402
.0099639893
-.0090637207
.0061340332
.0153198242
.0136566162
.0151214600
-.0100555420
-.0121765137
-.0106506348
-.0102081299
.0114593506
-.0138702393
-.0137481689
.0088653564
-.0078887939
.0124816895
.0119018555
.0081481934
.0114288330
.0135192871
-.0108642578
.0100555420
-.0081176758
.0112609863
-.0149078369
-.0140686035
-.0101470947
-.0104217529
.0093383789
-.0172882080
.0118103027
-.0198974609
-.0138092041
.0127563477
-.0107421875
.0118560791
.0148773193
-.0150299072
.0111236572
.0185699463
-.0204010010
-.0132751465
.0124053955
-.0114898682
-.0159759521
.0146942139
-.0163726807
-.0212554932
-.0105438232
-.0102996826
.0112762451
-.0092315674
.0217132568
.0171356201
-.0111389160
.0221862793
-.0134429932
.0332489014
-.0343017578
.0194702148
-.0177917480
-.0250244141
.0210113525
-.0199279785
-.0076599121
-.0121765137
-.0156250000
.0174255371
-.0158233643
.0093231201
.0152587891
-.0110626221
.0078277588
.0143585205
-.0097045898
.0070648193
-.0075836182
.0077209473
-.0142364502
-.0074768066
.0119018555
-.0107727051
-.0088043213
.0087432861
.0112915039
.0075836182
-.0079650879
-.0067443848
-.0125274658
-.0074310303
.0073699951
.0111083984
.0088348389
-.0121612549
-.0092163086
.0124206543
-.0059967041
-.0079650879
.0092010498
.0057830811
.0081481934
-.0104370117
.0097808838
-.0082855225
-.0082397461
-.0079650879
.0062866211
.0189208984
-.0088653564
.0095977783
-.0108642578
.0085601807
.0105590820
-.0094299316
.0076904297
.0068054199
.0142517090
-.0079803467
-.0072174072
.0081024170
-.0079498291
-.0079650879
-.0099945068
.0080261230
.0138549805
.0079498291
.0096282959
-.0093536377
.0112915039
.0076293945
-.0083312988
-.0112152100
-.0120544434
-.0092010498
.0112609863
.0086059570
.0087738037
-.0061798096
-.0083007813
-.0065460205
-.0075225830
-.0109710693
-.0100250244
-.0089569092
-.0108642578
.0116119385
.0091552734
.0105133057
.0090789795
-.0077972412
.0102081299
-.0113525391
-.0071868896
-.0092163086
-.0104675293
-.0099029541
.0077819824
-.0088653564
-.0075073242
.0115814209
-.0064544678
.0084533691
.0122680664
.0065917969
-.0122833252
-.0143127441
.0118560791
.0118865967
-.0079193115
-.0127105713
-.0052185059
-.0111999512
.0097198486
-.0127563477
.0111846924
.0126342773
.0115356445
.0111694336
-.0089263916
.0088348389
.0064849854
-.0093383789
-.0088500977
-.0058288574
-.0090026855
-.0143890381
-.0112609863
.0097503662
-.0091705322
.0061798096
-.0060424805
-.0124359131
.0109710693
.0157318115
-.0083007813
.0131378174
-.0093841553
.0064697266
.0122833252
.0118408203
.0069732666
-.0062713623
-.0081176758
-.0067901611
-.0076599121
-.0082397461
.0083770752
-.0059356689
-.0081634521
.0115814209
.0093994141
.0055847168
-.0109558105
.0048522949
-.0079650879
-.0058746338
-.0071105957
.0092163086
.0069122314
-.0093994141
-.0049896240
-.0068817139
-.0047760010
-.0077056885
-.0050964355
-.0059814453
-.0058746338
.0048675537
-.0167083740
.0092163086
.0079650879
.0063171387
-.0067138672
.0080108643
-.0046234131
-.0070648193
-.0068054199
-.0050201416
.0065612793
-.0065460205
-.0082397461
.0058288574
.0039520264
.0061187744
.0058135986
.0043334961
-.0049438477
-.0051727295
.0069732666
.0056762695
.0038757324
-.0034790039
-.0055694580
.0048980713
-.0038299561
.0026855469
.0058746338
-.0057220459
.0041656494
-.0027313232
.0065307617
-.0027618408
-.0061187744
-.0039978027
-.0043487549
-.0043792725
-.0034027100
-.0028533936
.0035247803
.0027465820
-.0026550293
.0037994385
.0036926270
-.0019531250
-.0020294189
.0031433105
.0020599365
.0014648438
-.0023651123
.0019836426
-.0022583008
-.0017547607
-.0015411377
-.0013580322
-.0016326904
-.0017089844
-.0016021729
.0014038086
.0014343262
.0010681152
.0017395020
-.0005950928
.0007629395
.0007781982
-.0004425049
-.0005187988
-.0004272461
-.0002593994
.0001983643
-.0001525879
-.0000762939
