-.0000152588
-.0000305176
-.0000305176
-.0000305176
-.0000152588
-.0000305176
-.0000305176
-.0000305176
.0001068115
-.0212097168
-.0206604004
.0060577393
.0024414063
.0005950928
-.0005798340
-.0167846680
.0241546631
.0301818848
.0036163330
-.0023498535
.0009460449
.0004272461
.0002441406
-.0017395020
-.0004272461
-.0012207031
.0185089111
.1994018555
.0068664551
.0048828125
-.0021667480
.0012054443
.0006256104
-.0046844482
-.0260009766
-.0060119629
-.0030212402
-.0407409668
.0037231445
-.0024871826
.0010833740
.0006408691
.0005187988
.0002746582
.0002288818
.0002746582
-.0003051758
.0046386719
.0228729248
-.0060272217
.0065307617
.0025939941
-.0013427734
.0003967285
-.0008392334
-.0034942627
.0181732178
-.0044555664
-.0024414063
.0288085938
-.0325775146
-.0047302246
.0025787354
-.0009002686
-.0012207031
.0004425049
.0003967285
-.0093078613
.0432586670
-.0177154541
-.0134735107
-.0036315918
.0015411377
-.0037689209
-.0104827881
.0194549561
-.0031890869
-.0015411377
-.0005798340
-.0121002197
.0533752441
.0060424805
-.0025787354
-.0012664795
.0007019043
-.0004425049
.0018310547
-.0129547119
.0665588379
.0125274658
-.0048828125
.0019989014
.0009155273
.0025024414
.0033264160
-.0464324951
.0139160156
.0035247803
-.0011749268
-.0007781982
.0282745361
-.0299835205
-.0041961670
.0018157959
.0010681152
-.0005493164
-.0009155273
.0004425049
.0070037842
.0532226563
-.0072021484
.0025787354
-.0036773682
.0060272217
.0265808105
.0062103271
-.0019378662
.0009155273
-.0003204346
-.0002746582
.0002593994
.0001831055
-.0001068115
.0001373291
.0001678467
.0001373291
.0001068115
.0001373291
-.0001220703
.0002288818
.0001068115
-.0001068115
-.0001373291
.0001373291
-.0001220703
.0002136230
-.0001983643
-.0004119873
-.0178680420
.0186920166
.0052795410
.0018157959
.0011138916
-.0016784668
.0030059814
-.0134582520
.0046234131
.0082244873
.0458221436
.0084381104
.0041198730
-.0015411377
.0009002686
.0005798340
-.0006561279
-.0009155273
-.0003662109
.0047454834
-.0811309814
-.0105895996
-.0043182373
-.0018157959
.0006713867
-.0015563965
-.0012054443
-.0181274414
.0200042725
.0039672852
-.0021667480
.0099945068
.0419311523
-.0052795410
.0020599365
-.0008697510
.0004119873
-.0002441406
-.0003051758
-.0012207031
-.0025787354
-.0073699951
.0084686279
.0014343262
-.0007324219
.0003814697
-.0003662109
.0001983643
-.0001831055
.0001678467
.0002136230
-.0001373291
.0156860352
.0565338135
-.0028839111
-.0023803711
-.0013580322
.0004425049
-.0007934570
-.0124969482
.0294799805
-.0084686279
.0018310547
.0011138916
.0104675293
.0220336914
.0032348633
.0020141602
.0014953613
.0009918213
.0004272461
.0008239746
-.0003204346
.0012054443
-.0042877197
.0029602051
.0237274170
.0186767578
-.0079345703
.0029907227
.0016784668
-.0019683838
.0020751953
.0233612061
.0084686279
.0035247803
-.0012969971
.0005340576
.0003051758
.0382080078
.0057067871
.0026245117
-.0016021729
.0005798340
-.0003662109
.0002441406
-.0005187988
.0002746582
.0001831055
-.0002746582
-.0026855469
.0071258545
.0033416748
-.0006408691
-.0004272461
.0003509521
.0001983643
-.0001831055
-.0001831055
.0001068115
.0001525879
-.0001678467
-.0211334229
-.0221862793
-.0073852539
.0032196045
-.0019683838
.0038909912
.0011291504
.0032958984
-.0313873291
.0085296631
.0015716553
-.0010375977
.0228729248
.0251464844
.0035552979
.0017395020
-.0010070801
-.0007476807
.0002288818
.0002441406
-.0002746582
-.0020599365
-.0004577637
-.0029907227
-.0135650635
.0070190430
.0150451660
.0027770996
.0025482178
-.0007476807
-.0018157959
.0232391357
.0149993896
.0035858154
-.0013427734
.0006103516
.0006256104
.0001831055
-.0001831055
-.0002136230
.0001525879
.0002288818
.0080566406
-.0227661133
.0048370361
.0020446777
-.0009918213
-.0004425049
.0004730225
.0002593994
-.0003051758
-.0001678467
.0002441406
.0003509521
.0020141602
-.0090179443
.0093231201
.0242309570
-.0996093750
.0065460205
-.0027008057
-.0015106201
.0006408691
.0007934570
-.0058593750
-.0143280029
.0024414063
-.0008087158
.0240173340
.0033416748
-.0086822510
.0039520264
-.0013580322
.0007171631
.0004730225
-.0002441406
.0004882813
-.0021972656
-.0100555420
-.0152587891
.0018920898
-.0013275146
-.0007476807
.0002746582
-.0001525879
.0001831055
.0001373291
-.0001373291
.0001983643
.0001373291
-.0001220703
-.0001831055
-.0001220703
-.0001373291
.0001678467
-.0001068115
-.0121307373
.0090789795
-.0019836426
.0017395020
-.0008087158
-.0016784668
-.0095062256
.0092315674
-.0037384033
-.0011138916
.0006713867
.0003967285
.0001983643
-.0002136230
.0001983643
.0001220703
-.0001525879
-.0058898926
-.0157318115
.0029602051
.0013885498
.0008850098
-.0028533936
.0016479492
-.0773468018
.0156555176
-.0051422119
-.0020294189
-.0007934570
.0378265381
.0038299561
-.0021514893
-.0008239746
-.0004119873
.0002136230
-.0002899170
.0007629395
-.0005340576
.0031127930
-.0079193115
.0055999756
.0012512207
.0010986328
-.0022277832
.0064697266
-.0013580322
.0130310059
-.0251007080
.0077056885
.0025482178
-.0013732910
.0007019043
.0003204346
.0001983643
-.0009918213
-.0008239746
.0080718994
.0121459961
-.0025024414
-.0014495850
.0004272461
-.0094299316
.0133666992
-.0050201416
.0016326904
.0010681152
-.0010528564
.0005645752
.0021514893
.0224151611
-.0040130615
-.0026397705
.0011596680
-.0004577637
.0002899170
.0625000000
.0069885254
-.0027313232
-.0016937256
.0161132813
-.0258636475
.0032196045
-.0026092529
.0012512207
-.0012512207
.0658874512
-.0101318359
-.0038757324
.0019226074
-.0009460449
-.0005035400
.0003204346
-.0002746582
.0002441406
.0001068115
.0001831055
.0001220703
.0001220703
-.0002288818
.0001220703
-.0001220703
-.0001220703
.0001068115
-.0001831055
.0001373291
.0001068115
-.0001220703
-.0001525879
-.0017242432
-.0502471924
.0045471191
.0020141602
.0005340576
-.0004730225
.0002441406
.0013885498
.0079193115
-.0175476074
-.0029449463
.0012054443
-.0011901855
-.0006103516
.0003051758
-.0017242432
-.0187530518
.0273284912
-.0079650879
.0015258789
.0007019043
.0034332275
.0058288574
-.0220489502
.0044860840
-.0020141602
-.0007629395
-.0004577637
.0003051758
.0010986328
-.0005340576
.0010070801
.0063018799
-.0057830811
.0036468506
-.0065155029
-.0017852783
.0018615723
.0010681152
-.0048675537
-.0099639893
.0052947998
.0018005371
-.0013580322
-.0005493164
.0057220459
-.0332336426
.0102691650
-.0042114258
.0016479492
-.0005798340
.0003662109
-.0003356934
.0001525879
.0001678467
-.0090179443
.0102844238
-.0042266846
-.0013580322
.0007171631
-.0003814697
.0027160645
-.0012664795
-.0036010742
.0237426758
.0127868652
.0038909912
-.0012359619
-.0006408691
-.0477447510
.0136566162
-.0033111572
.0014648438
.0005798340
-.0018615723
-.0014953613
-.0012359619
.0200347900
-.0028991699
.0068054199
.0146942139
.0107574463
-.0100860596
-.0449981689
-.0080871582
.0018005371
.0014801025
.0005950928
.0002136230
-.0002899170
.0002288818
.0232391357
-.0201873779
-.0056762695
.0012054443
-.0010375977
-.0036926270
-.0048828125
-.0239715576
.0030975342
.0016326904
-.0012359619
.0146636963
.0028686523
-.0023040771
.0637512207
-.0092773438
-.0049438477
-.0010223389
-.0009613037
.0002746582
.0002746582
.0002136230
.0001525879
-.0001373291
.0001068115
.0000915527
.0235137939
.0202331543
-.0045776367
-.0016174316
-.0014038086
.0004425049
-.0003509521
-.0004882813
.0013732910
-.0004272461
-.0011444092
.0221099854
-.0152740479
.0054931641
.0010375977
-.0005950928
.0004425049
.0206451416
.0122680664
-.0026397705
.0009613037
.0008544922
-.0003662109
-.0002441406
-.0007934570
-.0003204346
-.0005950928
.0015563965
.0058288574
-.0013122559
.0248718262
-.0077819824
.0123443604
.0026855469
.0008697510
-.0006256104
-.0007324219
-.0053405762
-.0018768311
-.0052337646
-.0299224854
-.0028228760
.0011596680
-.0006103516
-.0002746582
-.0567779541
.0089874268
-.0035247803
.0016326904
.0007781982
-.0005645752
-.0117797852
-.0149688721
.0161590576
-.0263061523
.0068206787
-.0023803711
-.0064239502
-.0096282959
.0041656494
.0014343262
-.0003967285
.0002746582
.0002288818
.0001220703
-.0001525879
-.0129699707
.0156250000
-.0049133301
.0015563965
.0009155273
-.0005950928
.0007019043
.0012817383
-.0021667480
.0029296875
.0108795166
-.0226593018
-.0034942627
-.0014038086
.0006713867
-.0003356934
.0002136230
.0010223389
-.0005950928
.0023345947
-.0134735107
.0031738281
.0052947998
-.0062103271
-.0076599121
-.0029602051
.0011291504
-.0009307861
-.0003662109
.0002593994
.0001678467
-.0002899170
.0093994141
.0309143066
-.0072937012
.0023498535
-.0007934570
-.0004577637
-.0003051758
-.0001983643
.0067596436
-.0193328857
.0034484863
-.0014190674
.0034484863
-.0141906738
.0033111572
.0016021729
-.0016937256
-.0171356201
-.0034332275
.0027923584
.0023498535
-.0297698975
-.0040588379
.0013275146
-.0006256104
.0002288818
.0001831055
.0052490234
-.0031585693
.0214996338
.0029754639
-.0014190674
-.0007781982
.0003814697
.0005340576
.0010986328
-.0003509521
.0016021729
-.0154418945
.0033874512
-.0055694580
.0156097412
.0022125244
.0017547607
-.0009307861
-.0003509521
.0002288818
.0003356934
-.0006713867
-.0043029785
-.0229797363
-.0261840820
-.0311126709
-.0065002441
.0016326904
-.0008239746
.0005798340
-.0002746582
.0004730225
-.0003356934
.0005340576
-.0126342773
-.0323333740
-.0092315674
.0043029785
-.0014343262
-.0006561279
.0005798340
-.0017089844
-.0791625977
-.0116424561
-.0029296875
-.0007781982
.0017852783
-.0048217773
-.0194244385
.0050048828
.0007934570
-.0010223389
.0004730225
-.0002441406
.0006408691
.0005340576
.0010986328
-.0104827881
.0136413574
.0013275146
-.0011596680
.0647125244
.0049896240
-.0016784668
-.0011444092
.0010528564
.0007171631
-.0021972656
-.0127563477
-.0035858154
-.0013580322
-.0006713867
.0002593994
.0001831055
.0001525879
.0002441406
.0001373291
.0044403076
-.0133209229
.0056610107
.0016937256
-.0009460449
.0003814697
.0002136230
.0003356934
-.0003356934
-.0034484863
-.0134582520
-.0221710205
-.0074157715
.0306854248
-.0038757324
-.0016479492
-.0006866455
.0004730225
.0082702637
.0117340088
-.0027618408
-.0141601563
.0039367676
.0014801025
.0004272461
.0004425049
-.0003356934
.0012817383
.0195007324
.0084533691
.0023651123
.0018005371
-.0004882813
-.0003356934
-.0045318604
-.0113220215
-.0147247314
.0040588379
.0014648438
-.0005340576
-.0003204346
.0001678467
.0001678467
-.0001831055
.0001525879
.0006408691
.0020751953
-.0017852783
.0320892334
-.0089569092
-.0026092529
-.0009460449
.0520172119
.0193786621
-.0079650879
-.0022430420
.0013885498
-.0007629395
.0003509521
.0003814697
.0005645752
-.0004119873
-.0024719238
-.0265960693
-.0109710693
.0123901367
-.0023956299
.0014495850
-.0008087158
-.0006103516
.0041503906
.0099639893
-.0263366699
-.0024719238
-.0102386475
.0030975342
-.0136108398
.0037078857
.0020294189
.0008544922
-.0004425049
.0001983643
.0005950928
.0015869141
.0198059082
.0102539063
-.0020446777
.0011596680
-.0005035400
.0033111572
.0154724121
-.0179595947
-.0039672852
.0017395020
-.0007324219
.0008239746
-.0005187988
.0018768311
.0526580811
-.0086822510
-.0052185059
.0013122559
-.0006408691
.0004272461
-.0002136230
.0002136230
-.0001220703
-.0111083984
-.0871734619
.0084075928
.0041351318
-.0020904541
.0008697510
-.0004730225
-.0007934570
-.0017547607
-.0374450684
.0108947754
-.0028533936
-.0013122559
.0005950928
.0003509521
-.0001983643
.0002441406
.0001983643
-.0001678467
.0510864258
.0286560059
.0061492920
.0023956299
.0012054443
-.0027160645
-.0014648438
.0201263428
.0106201172
-.0032958984
-.0010223389
-.0005035400
-.0002288818
.0002288818
-.0001525879
.0001831055
-.0001678467
.0238037109
-.0137634277
.0151824951
.0239105225
.0066833496
-.0026855469
.0012664795
.0356903076
-.0090484619
.0027465820
.0011291504
-.0006408691
.0003356934
-.0003356934
.0001983643
.0004425049
-.0015106201
-.0231933594
.0145874023
-.0032043457
-.0015106201
.0008392334
-.0005493164
-.0002593994
-.0001525879
-.0001373291
.0001678467
-.0001983643
.0001220703
-.0001678467
.0001068115
.0000915527
-.0001220703
.0001373291
.0001068115
-.0001068115
.0901794434
.0189361572
-.0043487549
-.0019836426
.0012969971
.0010375977
.0031738281
-.0334777832
-.0091552734
-.0041351318
-.0014038086
.0006866455
-.0003662109
-.0003051758
-.0263214111
-.0514068604
.0138702393
.0044860840
.0023651123
-.0013580322
-.0020599365
.0066986084
-.0992736816
-.0317382813
.0075378418
.0022735596
-.0030212402
-.0011444092
.0005187988
.0004577637
-.0002441406
.0002441406
.0001831055
.0001220703
-.0001068115
-.0000457764
-.0000305176
-.0000305176
-.0000305176
-.0000305176
-.0000305176
-.0000152588
-.0000152588
-.0000152588
.0000152588
-.0000152588
.0000152588
.0000152588
-.0000152588
.0000152588
-.0000152588
