.0096588135
-.0082092285
-.0064392090
.0016174316
.0006256104
-.0009765625
-.0005187988
-.0008087158
-.0006256104
-.0006561279
.0504913330
.0406036377
.0661010742
.0734710693
-.0461425781
-.0447845459
-.0315704346
.0331268311
-.0303344727
-.0313262939
-.0196990967
.0387420654
.0259246826
-.0124511719
.0070953369
.0059509277
-.0010070801
.0009002686
-.0012054443
-.0005798340
-.0006408691
-.0005340576
-.0004730225
-.0440216064
.0566253662
-.0493774414
-.0510559082
.0680236816
.0581665039
-.0420532227
-.0323181152
-.0248260498
.0272064209
-.0271301270
-.0247650146
.0255889893
.0253448486
-.0099182129
-.0047607422
-.0057983398
.0018768311
-.0009460449
-.0006103516
-.0007934570
-.0393218994
-.0817413330
-.0546569824
-.0430450439
.0373535156
-.0418701172
-.0388183594
.0533752441
.0500030518
-.0326232910
-.0266418457
-.0182800293
-.0134887695
-.0148773193
-.0115966797
.0077209473
-.0018768311
.0009155273
-.0009613037
-.0004882813
-.0007934570
-.0004730225
-.0005950928
-.0004577637
-.0005645752
-.0005035400
-.0005493164
-.0005035400
-.0004882813
-.0004577637
-.0004577637
-.0003662109
-.0003204346
-.0003967285
-.0003967285
-.0634460449
.0793151855
.0682373047
.0691833496
.0688476563
.0709991455
.0706787109
.0731811523
.0735473633
-.0716857910
.0747833252
.0751800537
-.0738525391
-.0741882324
-.0666809082
.0697174072
-.0738067627
-.0707092285
-.0779266357
-.0767059326
.0758056641
.0783843994
.0770416260
.0763397217
.0781707764
-.0834655762
.0845489502
-.0868682861
.0852355957
-.0346679688
-.0238952637
-.0114135742
.0079040527
.0092163086
.0077362061
.0081481934
-.0104217529
.0096130371
.0089263916
.0089263916
.0098876953
-.0133056641
-.0154113770
-.0129547119
-.0082702637
.0058288574
-.0659942627
-.0644989014
-.0453033447
.0643310547
.0714721680
-.0496520996
-.0461273193
-.0300140381
.0252227783
.0294189453
-.0278167725
-.0229339600
.0271301270
.0233306885
-.0120544434
-.0065002441
-.0074005127
.0028686523
.0017852783
-.0013275146
-.0011444092
-.0009765625
.0006256104
-.0380859375
-.0485534668
-.0431213379
-.0507202148
-.0393981934
.0597229004
.0513610840
.0293731689
-.0230407715
-.0223693848
-.0235900879
-.0262451172
-.0210418701
.0235137939
.0136108398
-.0120391846
-.0034027100
.0058441162
-.0069427490
-.0088043213
-.0077819824
-.0098876953
.0067138672
-.0047149658
.0048828125
.0090332031
-.0066375732
-.0066986084
.0064849854
.0098724365
.0077514648
-.0070343018
.0078277588
.0127563477
.0117034912
.0116119385
.0119934082
-.0069885254
-.0057220459
.0050506592
.0046997070
-.0031585693
-.0028228760
-.0026550293
-.0024719238
-.0022888184
.0017089844
-.0021209717
-.0019378662
.0013580322
.0005798340
-.0006256104
-.0003204346
.0003967285
-.0004882813
-.0003814697
-.0149993896
.0072326660
.0015106201
-.0006713867
-.0015869141
-.0009765625
-.0011901855
-.0008239746
-.0020904541
-.0008697510
-.0017089844
-.0031890869
-.0069427490
-.0170288086
-.0786895752
-.0498962402
.0487823486
-.0615844727
-.0629730225
.0813751221
.0796661377
-.0496978760
-.0507354736
-.0289154053
.0340423584
.0321502686
-.0373535156
-.0286560059
.0470886230
.0385742188
.0250244141
-.0146179199
-.0167388916
-.0133972168
-.0083618164
.0058746338
-.0039367676
-.0036926270
-.0037994385
-.0028991699
-.0023040771
-.0023040771
-.0034027100
.0016326904
.0014495850
.0011291504
.0010681152
.0007934570
-.0006866455
.0005950928
-.0005035400
-.0004882813
-.0004272461
-.0004882813
-.0003967285
-.0005798340
-.0006408691
-.0005493164
-.0006256104
-.0004882813
.0131835938
-.0068054199
-.0022735596
.0024719238
-.0014190674
-.0039978027
-.0013427734
-.0032501221
.0012359619
-.0037994385
-.0016784668
.0055999756
-.0078582764
-.0070343018
-.0074462891
-.0376892090
.0457916260
-.0388641357
-.0557250977
-.0536499023
.0595397949
.0501708984
-.0425109863
-.0390777588
.0294342041
.0273284912
-.0305175781
-.0300140381
.0333709717
.0319976807
-.0217132568
.0119476318
.0074310303
.0067291260
.0292968750
-.0588226318
.0707550049
.0667419434
-.0510253906
-.0417480469
-.0306091309
-.0321807861
-.0275268555
-.0319519043
.0383148193
.0352172852
-.0167541504
-.0164642334
-.0079040527
-.0060882568
-.0071105957
-.0046234131
.0027618408
-.0019836426
-.0012359619
-.0010223389
-.0006256104
-.0165863037
.0316162109
-.0564575195
.0362701416
.0806579590
.0500793457
-.0375823975
-.0289154053
.0260925293
.0234069824
-.0270233154
-.0292968750
.0395965576
.0269927979
-.0144805908
-.0107116699
-.0097351074
-.0097656250
-.0088043213
-.0083160400
-.0057220459
-.0057983398
.0056304932
-.0054626465
.0076293945
-.0071105957
.0069122314
-.0111846924
.0096130371
.0083770752
.0081481934
.0111236572
.0121612549
.0520477295
-.0670623779
-.0587005615
.0775146484
.0572967529
-.0432891846
-.0420227051
-.0343170166
-.0269470215
-.0368804932
-.0326538086
.0404663086
.0318908691
-.0198974609
-.0133056641
-.0107727051
-.0090484619
-.0046234131
.0030822754
.0023803711
-.0018768311
-.0259246826
-.0848999023
-.0535430908
.0243072510
.0157470703
-.0041809082
-.0051727295
.0052490234
.0062255859
.0072479248
-.0074157715
.0061035156
-.0112457275
.0114135742
-.0149078369
.0133361816
.0239562988
.0269470215
.0401000977
.0395355225
.0319213867
.0305175781
.0252532959
-.0256347656
.0243530273
-.0225372314
-.0322875977
-.0310516357
-.0148620605
-.0154113770
-.0094909668
-.0436859131
.0214233398
-.0270538330
.0246124268
-.0076751709
-.0052185059
-.0077972412
-.0066680908
-.0106353760
.0113983154
-.0191802979
.0175933838
.0252227783
.0245208740
.0367431641
.0412292480
.0535888672
.0505981445
.0640106201
-.0601501465
.0595855713
-.0602111816
.0769958496
-.0706787109
-.0717468262
-.0695953369
-.0621795654
.0731353760
-.0683441162
-.0597381592
-.0683135986
.0716857910
-.0604400635
.0430145264
.0174255371
-.0091400146
-.0040435791
-.0062713623
.0065307617
.0070800781
.0082244873
.0077362061
.0072021484
.0122680664
-.0115203857
.0134735107
.0118408203
-.0262908936
.0314483643
-.0396423340
.0368194580
-.0306701660
.0280456543
-.0252380371
.0122375488
.0231475830
.0360870361
-.0300445557
.0183563232
-.0106658936
.0236511230
-.0118103027
-.0045623779
-.0018005371
-.0011138916
-.0007629395
-.0011444092
-.0005187988
-.0009307861
-.0005035400
-.0009155273
-.0004882813
-.0010223389
-.0005187988
-.0009765625
-.0005493164
-.0009002686
-.0006561279
-.0006561279
-.0003662109
-.0004730225
-.0004119873
-.0005035400
-.0004425049
-.0004577637
-.0003814697
-.0004882813
.0162353516
.0526885986
-.0431671143
-.0555267334
-.0484161377
.0676116943
.0611724854
-.0405731201
-.0254821777
.0252380371
-.0201263428
-.0272216797
-.0208892822
.0245056152
.0139465332
-.0106658936
-.0026092529
-.0023651123
-.0014648438
.0007019043
-.0009918213
.0009002686
-.0009002686
.0005493164
-.0009765625
-.0004577637
-.0007934570
-.0005340576
-.0006561279
.0277557373
.0565795898
-.0633544922
-.0580139160
-.0359649658
-.0366210938
-.0428771973
-.0401916504
.0518035889
.0463409424
-.0268707275
-.0257873535
-.0134124756
-.0134277344
-.0126953125
-.0102386475
-.0048675537
-.0023651123
.0012359619
.0007934570
-.0011749268
-.0005798340
-.0008850098
-.0006408691
-.0006103516
-.0004119873
-.0004272461
-.0003967285
-.0004119873
-.0003662109
-.0004119873
-.0004119873
-.0004272461
-.0004119873
-.0004272461
-.0004272461
-.0004119873
-.0004425049
-.0004577637
.0702056885
-.0674438477
-.0462493896
.0428771973
-.0370635986
-.0437011719
-.0411224365
.0527648926
.0493621826
-.0276184082
-.0164489746
.0132293701
-.0134887695
-.0117340088
-.0106658936
.0058441162
-.0034942627
-.0015869141
-.0007171631
-.0008544922
.0003967285
.0494995117
.0604553223
.0791778564
.0768127441
-.0501251221
-.0471649170
-.0337371826
-.0298919678
-.0356292725
-.0313415527
.0404968262
.0305633545
-.0141601563
-.0097656250
.0072784424
-.0025634766
-.0017395020
-.0014343262
.0008850098
.0006866455
-.0007019043
-.0003814697
-.0005340576
-.0006103516
-.0005035400
.0005645752
-.0003204346
-.0006103516
-.0004272461
-.0006561279
-.0005950928
-.0007019043
-.0005340576
-.0006713867
-.0004577637
-.0004425049
-.0005340576
-.0003967285
-.0004730225
-.0003967285
-.0004577637
-.0003509521
-.0004577637
-.0003509521
-.0004425049
-.0003662109
-.0004730225
-.0004119873
-.0004425049
-.0004425049
-.0003967285
-.0678710938
.1020050049
.0790863037
.0826110840
.0778045654
.0797576904
.0757446289
.0771789551
-.0723419189
.0807342529
.0811462402
.0818939209
-.0764312744
-.0706024170
-.0742034912
-.0682220459
.0630035400
.0650787354
-.0662536621
.0641021729
-.0597686768
.0563201904
.0565643311
.0586395264
-.0559844971
.0518188477
.0524902344
-.0514373779
-.0485229492
-.0482177734
.0495300293
-.0420074463
.0367889404
.0378723145
.0398864746
.0312042236
.0325775146
-.0310516357
-.0291900635
.0235595703
.0218353271
-.0217742920
-.0176086426
.0173950195
.0187225342
.0163269043
.0138397217
.0157775879
.0141906738
-.0128631592
-.0085296631
-.0090026855
-.0089721680
-.0076293945
-.0055694580
-.0033111572
-.0028228760
-.0018768311
-.0013275146
-.0003509521
-.0007781982
.0293426514
-.0905151367
-.0847473145
-.0850067139
-.0831604004
.0882263184
-.0889739990
-.0913696289
.0854187012
.0820007324
.0850830078
-.0893859863
.0831451416
-.0856018066
-.0883026123
-.0830841064
-.0856628418
-.0831451416
-.0692138672
.0692596436
-.0730285645
-.0687561035
-.0663452148
.0664062500
-.0627441406
-.0603332520
-.0585632324
-.0598144531
.0528869629
-.0544738770
-.0555725098
-.0516662598
.0340728760
.0389709473
-.0382843018
.0324707031
-.0323028564
.0338134766
-.0338897705
.0321960449
.0235290527
-.0243988037
-.0251312256
-.0168762207
-.0197296143
-.0178527832
-.0156555176
-.0108337402
-.0098876953
-.0092010498
-.0090332031
-.0051879883
-.0041351318
-.0054626465
-.0035095215
.0016632080
-.0010223389
-.0012512207
-.0010986328
-.0005035400
-.0004882813
-.0005035400
-.0434875488
-.0680236816
.0524597168
-.0515289307
.0527801514
-.0522613525
-.0508117676
-.0509033203
-.0360260010
-.0337066650
.0336303711
.0339508057
-.0313262939
.0295867920
-.0283813477
.0287475586
.0357360840
.0335540771
-.0291900635
-.0317382813
.0304107666
.0299987793
.0318298340
.0393371582
.0410156250
-.0337524414
-.0323486328
.0310363770
-.0265808105
-.0298156738
-.0282287598
.0168457031
-.0137481689
-.0139312744
-.0122985840
-.0105438232
-.0093078613
.0086822510
-.0086212158
-.0140228271
-.0116577148
.0105743408
-.0101928711
.0089263916
-.0081024170
.0084381104
-.0076599121
.0041503906
.0027618408
-.0029296875
-.0020904541
-.0014801025
-.0013580322
-.0012512207
-.0009613037
-.0007934570
-.0006408691
-.0005493164
-.0003967285
-.0004119873
-.0004425049
-.0004882813
.0507659912
.0507049561
-.0413208008
.0415344238
-.0403137207
-.0403442383
-.0415649414
-.0425262451
.0337219238
.0326232910
.0320434570
.0312652588
.0318145752
.0307922363
.0304107666
-.0212707520
.0230407715
.0222167969
.0221557617
.0216369629
-.0205688477
-.0210418701
-.0205993652
.0114593506
-.0130462646
-.0136413574
-.0122985840
-.0113525391
-.0105895996
-.0112762451
-.0109252930
-.0113372803
.0074005127
-.0089416504
-.0094757080
-.0076904297
-.0070343018
-.0077362061
-.0071258545
.0022430420
-.0016784668
-.0020141602
-.0014343262
-.0009765625
-.0009918213
-.0010223389
.0037078857
-.0021820068
-.0010375977
-.0007476807
-.0005798340
-.0006866455
-.0004882813
-.0004730225
-.0005340576
-.0004730225
-.0005493164
-.0004425049
-.0005035400
-.0005035400
-.0005493164
-.0004882813
-.0003967285
-.0003662109
-.0003814697
-.0003509521
-.0004272461
-.0004119873
-.0004730225
-.0004425049
-.0004119873
.0606689453
.0566558838
-.0492706299
.0532226563
.0517272949
.0610504150
.0519256592
.0521850586
.0524291992
.0544891357
.0512542725
-.0487670898
-.0499420166
.0510711670
-.0509338379
.0528869629
-.0505371094
.0526275635
-.0511627197
.0505218506
.0499267578
-.0532531738
-.0519714355
.0515136719
.0508422852
-.0517425537
.0533905029
-.0497131348
.0521087646
-.0509185791
.0527954102
-.0606842041
.0511932373
-.0558776855
.0597686768
-.0602569580
.0604858398
-.0605316162
.0587768555
-.0576324463
.0597229004
-.0597839355
.0580444336
-.0566101074
.0546722412
-.0561065674
-.0563354492
.0568237305
-.0580749512
.0566864014
-.0552673340
.0566864014
-.0584411621
.0603790283
.0575256348
.0575408936
.0566711426
.0607299805
.0586395264
.0585479736
.0612945557
-.0532226563
.0489807129
-.0543365479
-.0537567139
.0540924072
-.0547332764
-.0523986816
.0506134033
.0483245850
-.0540008545
.0491027832
-.0504302979
-.0554809570
-.0546569824
-.0527038574
.0520172119
-.0546417236
.0543060303
-.0538330078
.0527038574
-.0523834229
.0525512695
-.0520629883
.0516357422
.0531311035
-.0520019531
-.0502319336
-.0484924316
.0531921387
-.0512695313
-.0506286621
.0685729980
.0599212646
.0666656494
-.0611877441
.0680847168
-.0628051758
-.0613250732
-.0531311035
.0335083008
.0217132568
.0087738037
