-.0000610352
.0000762939
.0000915527
-.0000915527
-.0000915527
.0000762939
.0000762939
.0000762939
.0000915527
-.0001068115
-.0022277832
.0016937256
.0017242432
-.0037536621
-.0045013428
-.0081787109
-.0085601807
-.0133972168
-.0137786865
-.0236206055
-.0167846680
.0211334229
.0218048096
.0189819336
-.0382385254
-.0262298584
-.0251770020
-.0307617188
.0798645020
.0882110596
-.1148071289
-.0919952393
-.0784912109
-.0568695068
-.0902709961
-.0893096924
.0756378174
-.0854187012
.0827636719
.1088714600
.0771484375
.0792999268
-.0700836182
-.0563964844
.0678100586
-.1525878906
.0718536377
.0793762207
.0780792236
.0785675049
.0614776611
-.0901794434
-.0667419434
.1009063721
.0467987061
-.0944671631
-.0609588623
-.0759429932
.0594940186
.1042175293
.0542755127
-.0439147949
-.0541534424
-.0690612793
-.0675201416
-.0463562012
.0750885010
.0564422607
-.0675811768
-.0510559082
.0844421387
.0926055908
-.1039886475
.0649414063
-.0610504150
-.0440368652
.0761871338
.0446624756
-.0596618652
.0641937256
.0778656006
-.0881195068
-.0541687012
-.1041412354
-.0564117432
.0967254639
-.0582885742
-.0903015137
.0551452637
.0958557129
-.0450897217
-.0814514160
.0606842041
.0430450439
.0627746582
-.0677185059
-.0477600098
-.0494689941
-.0438995361
-.0441894531
-.0561676025
-.0457763672
-.0497436523
-.0373382568
.0431823730
-.0583496094
-.0490264893
-.0539093018
.0417938232
.0372772217
-.0594024658
.0574493408
-.0772705078
.0526123047
.0690917969
.0643005371
-.0382843018
.0403442383
-.0587005615
-.0454101563
-.0472869873
.0545654297
-.0504150391
-.0686798096
.0425415039
-.0488891602
-.0553894043
-.0523986816
.0678405762
.0514526367
.0403900146
-.0652618408
.0474395752
-.0944213867
-.0534667969
-.0608825684
.0474243164
.0350341797
-.0419006348
.0489196777
.0346832275
.0372619629
.0383453369
-.0499725342
-.0355987549
.0327758789
-.0335693359
-.0277557373
-.0406188965
.0392456055
.0390930176
.0495758057
-.0454254150
-.0310058594
-.0424346924
-.0326690674
-.0290679932
-.0398254395
.0463562012
.0372161865
.0407867432
.0430603027
.0313720703
-.0352172852
-.0322875977
.0368041992
.0300598145
-.0277404785
-.0390167236
-.0341033936
.0378112793
.0265502930
.0371246338
-.0393981934
.0242156982
-.0333709717
-.0303955078
.0343017578
.0244140625
.0333557129
.0483398438
-.0391845703
.0350036621
.0249633789
-.0271148682
.0269165039
.0563812256
.0305328369
-.0273895264
-.0268402100
.0234985352
-.0270690918
.0274810791
-.0274810791
-.0308837891
.0271453857
.0373229980
-.0321655273
.0357666016
.0265350342
-.0232849121
.0335388184
.0382232666
.0346527100
.0340728760
.0323486328
-.0293884277
-.0336151123
-.0332489014
.0252075195
-.0364532471
-.0269317627
.0293579102
-.0308074951
.0270233154
.0270843506
-.0274353027
.0295562744
.0256958008
.0282592773
-.0319366455
.0365142822
-.0250701904
.0280914307
-.0314941406
.0310211182
-.0333709717
-.0385894775
-.0292968750
-.0321960449
.0352630615
.0297241211
-.0319976807
.0308837891
.0332794189
.0309295654
.0288085938
-.0338592529
-.0321807861
.0322875977
-.0265350342
-.0342559814
.0286865234
.0334625244
.0258789063
-.0349578857
-.0293121338
.0378723145
-.0272521973
-.0299530029
-.0224761963
-.0319366455
.0280761719
-.0307159424
-.0311431885
.0297241211
-.0310058594
.0314788818
-.0303497314
-.0238342285
-.0245513916
.0300445557
-.0249786377
-.0286254883
.0310821533
.0259399414
-.0371093750
-.0246429443
-.0315093994
-.0274505615
.0457611084
-.0218658447
-.0232238770
-.0274353027
.0261993408
-.0253601074
.0333557129
-.0282897949
.0327148438
-.0326843262
.0223693848
.0228576660
.0228424072
.0290832520
.0289916992
.0233612061
.0251617432
.0339508057
-.0326995850
.0245361328
-.0259094238
-.0321197510
-.0422363281
.0331573486
-.0208435059
-.0439453125
-.0337524414
-.0307312012
-.0343017578
.0317382813
-.0280609131
-.0289764404
.0409240723
.0343170166
.0451812744
.0219879150
-.0267181396
.0237121582
.0304107666
.0223541260
.0314941406
-.0229644775
-.0241699219
-.0282440186
.0270538330
.0226745605
-.0291442871
-.0199737549
-.0287017822
-.0288543701
.0246887207
.0348358154
-.0259857178
-.0273437500
-.0262145996
.0404357910
.0347137451
-.0353088379
.0250854492
.0287475586
.0331268311
.0283508301
.0276947021
-.0257110596
-.0324401855
.0235290527
-.0310211182
.0336761475
-.0245513916
-.0287017822
.0304870605
.0269775391
-.0241394043
.0389404297
-.0270843506
.0316162109
.0291595459
.0229949951
.0260314941
-.0254211426
-.0302886963
.0251770020
-.0212554932
.0253143311
.0291137695
-.0314331055
.0242614746
-.0403289795
-.0301971436
-.0265808105
-.0236663818
-.0282287598
-.0353088379
-.0244293213
.0264434814
.0326232910
-.0247802734
.0253753662
-.0312194824
.0266418457
.0254058838
-.0433502197
.0279541016
-.0336761475
.0269012451
-.0283355713
-.0265808105
-.0337066650
-.0256042480
-.0251922607
.0248413086
.0197753906
-.0460968018
-.0307159424
.0321350098
-.0307617188
.0368957520
-.0279083252
.0243988037
-.0217132568
-.0328063965
-.0270690918
.0287628174
.0347595215
-.0298919678
-.0347595215
-.0344085693
-.0494995117
-.0552673340
.0431823730
.0312805176
-.0297546387
.0340270996
.0260162354
.0275573730
-.0307159424
-.0307922363
-.0214233398
-.0251617432
-.0247802734
-.0372467041
-.0313873291
-.0403747559
-.0262908936
.0319213867
.0378875732
-.0294647217
.0218353271
.0340576172
.0292663574
.0229187012
-.0303649902
.0344390869
-.0335083008
.0288085938
-.0262145996
-.0244598389
.0333709717
-.0349578857
.0268096924
.0359191895
.0297698975
-.0276489258
.0223999023
-.0314941406
-.0292358398
.0252075195
.0253295898
.0269165039
-.0324707031
.0227508545
-.0232086182
.0168609619
.0372161865
.0271759033
.0340728760
-.0326538086
-.0301208496
-.0356292725
.0247192383
-.0310516357
-.0224456787
-.0247802734
.0228729248
.0248718262
-.0245056152
-.0379943848
-.0232543945
-.0204162598
-.0276947021
-.0292968750
-.0209197998
.0220184326
-.0318603516
.0401153564
-.0359344482
-.0282745361
.0271301270
-.0292663574
.0263671875
-.0219726563
-.0278930664
.0274353027
.0518493652
.0300445557
.0323638916
-.0319671631
.0272369385
-.0357971191
-.0334014893
-.0383453369
.0233154297
-.0338439941
.0227508545
.0199890137
.0294799805
-.0224456787
-.0230560303
.0332031250
.0235748291
-.0268096924
.0285186768
.0211181641
-.0251159668
.0383911133
.0234985352
-.0306549072
-.0290069580
-.0254974365
.0234985352
-.0261230469
-.0312194824
.0207214355
-.0317687988
-.0296936035
.0338439941
.0290985107
-.0283355713
.0334014893
.0246734619
-.0308074951
-.0284118652
-.0237884521
.0295867920
.0217742920
.0243988037
.0252685547
-.0310974121
.0270538330
.0268402100
-.0303192139
-.0220336914
-.0303955078
.0414123535
-.0304870605
.0223541260
.0219268799
.0271148682
.0392150879
-.0305023193
-.0231475830
-.0237731934
-.0229339600
.0260620117
-.0247039795
-.0370483398
-.0226287842
.0239868164
.0294342041
-.0259399414
-.0391693115
.0294189453
-.0228881836
.0336914063
.0238800049
.0265655518
-.0248107910
-.0213775635
-.0240325928
-.0228881836
-.0227966309
.0331878662
.0256195068
-.0213165283
-.0209045410
-.0280303955
.0244445801
.0255737305
.0267486572
.0274200439
-.0200195313
-.0259246826
.0207366943
.0276031494
.0303497314
-.0258941650
.0207672119
.0222167969
-.0202026367
-.0266571045
.0278625488
-.0290679932
-.0270996094
.0244750977
-.0208435059
-.0179901123
-.0225219727
.0330810547
-.0246734619
.0293579102
-.0285339355
-.0211944580
-.0294036865
.0291137695
.0202178955
-.0236053467
.0314025879
-.0300598145
.0312957764
-.0244903564
.0260162354
-.0234680176
-.0289611816
.0210266113
.0338592529
-.0324554443
-.0226440430
.0163116455
.0273742676
.0276031494
-.0204467773
-.0230712891
.0198974609
.0240325928
-.0213470459
-.0308685303
.0211181641
.0264739990
-.0321350098
.0256042480
.0323944092
.0247497559
.0215454102
-.0192108154
-.0232849121
-.0402374268
.0326538086
-.0234222412
.0311737061
.0322723389
.0216217041
-.0250396729
-.0253601074
.0253143311
.0233612061
-.0269775391
.0196228027
-.0191497803
-.0301055908
.0238800049
-.0233612061
.0306854248
.0321197510
.0473327637
.0262756348
.0424499512
.0295867920
.0262451172
-.0323028564
.0480194092
.0208892822
-.0213165283
-.0309143066
.0265502930
.0299987793
.0228118896
-.0263366699
-.0269775391
.0265960693
.0226440430
.0226440430
.0249481201
.0281066895
-.0212860107
.0261383057
-.0321960449
.0175933838
-.0213317871
-.0270080566
.0317077637
-.0253295898
-.0217285156
.0258941650
-.0365600586
.0299987793
-.0286560059
.0266418457
.0277862549
.0216827393
.0247955322
-.0225677490
-.0276489258
.0331268311
-.0231170654
-.0596618652
-.0265808105
-.0200958252
.0262603760
-.0226135254
.0186004639
-.0234222412
-.0254669189
-.0234222412
-.0298614502
-.0215606689
.0263366699
-.0203399658
-.0219879150
-.0195007324
-.0256958008
.0269622803
.0312805176
-.0269470215
.0227203369
-.0262451172
-.0256042480
-.0199890137
-.0226440430
-.0246276855
-.0266113281
-.0254974365
.0237121582
.0280761719
-.0222320557
-.0264892578
.0233764648
-.0311584473
-.0179290771
.0271606445
-.0225677490
-.0241088867
.0234680176
-.0238037109
-.0220947266
-.0272064209
.0206756592
.0295410156
.0194244385
.0205688477
.0348663330
.0279693604
.0222320557
.0254364014
.0254974365
.0251312256
.0238494873
.0289306641
-.0197601318
.0193481445
.0284576416
-.0236968994
-.0189666748
-.0217742920
.0181121826
.0359497070
.0278930664
.0231170654
.0226135254
-.0226898193
.0247497559
.0219116211
-.0193481445
.0310058594
-.0191802979
.0213928223
-.0238800049
-.0216522217
-.0325317383
.0241394043
.0245361328
-.0194091797
-.0169677734
.0285797119
-.0229949951
-.0204162598
.0294952393
-.0204315186
.0221710205
.0344238281
.0245666504
.0251770020
.0214996338
.0220184326
-.0264892578
-.0273742676
-.0276489258
.0175476074
.0318908691
.0267791748
-.0260162354
.0166320801
-.0205688477
-.0205535889
.0270385742
.0230255127
-.0218200684
.0306854248
.0275268555
-.0222320557
.0262451172
-.0237579346
.0247344971
-.0224456787
.0194854736
-.0242462158
-.0231628418
.0250091553
.0219421387
.0216064453
.0210113525
.0231628418
.0254364014
.0301513672
.0242309570
.0189666748
-.0204315186
.0210876465
.0244598389
.0225830078
.0275573730
.0227203369
.0249023438
.0231475830
.0247802734
.0269622803
.0349578857
.0271911621
-.0227508545
.0271301270
.0258789063
.0208740234
-.0221099854
-.0222625732
.0223388672
-.0249023438
-.0279388428
-.0223236084
.0231323242
-.0213775635
.0445861816
.0204467773
-.0345306396
-.0277404785
-.0181121826
-.0287170410
-.0187225342
-.0236816406
.0278015137
-.0222167969
.0336151123
.0239105225
-.0185699463
-.0223083496
.0268402100
.0297546387
-.0197448730
.0214385986
.0236663818
.0354919434
-.0209503174
-.0249328613
-.0349884033
-.0269775391
.0213012695
-.0197906494
.0233917236
.0229949951
.0222015381
-.0229339600
-.0301818848
.0246582031
-.0229034424
.0210418701
.0238342285
-.0259857178
.0233612061
-.0256042480
-.0247650146
-.0265808105
-.0192871094
.0222930908
-.0197601318
.0207672119
-.0257720947
-.0255889893
-.0237884521
.0520172119
-.0204925537
-.0316925049
.0274353027
-.0188903809
.0249938965
.0190124512
-.0262145996
.0240173340
.0219268799
-.0255889893
.0239410400
-.0232238770
-.0262756348
.0220336914
.0207519531
.0262603760
-.0220642090
-.0207061768
-.0247344971
.0279541016
-.0227203369
-.0226135254
.0204467773
.0223693848
-.0268096924
.0214691162
.0315551758
.0225830078
-.0228424072
-.0192413330
.0243530273
-.0298156738
-.0258636475
.0217895508
.0267791748
.0180664063
.0224609375
.0191192627
.0323638916
.0187835693
-.0148010254
-.0236816406
.0234832764
-.0219268799
.0266876221
-.0226593018
.0184631348
.0174865723
-.0389404297
-.0493774414
.0504608154
-.0298004150
-.0116882324
.0135803223
.0063934326
-.0038299561
.0038146973
-.0026092529
.0030059814
-.0032196045
.0043334961
-.0152282715
-.0054473877
-.0030364990
.0037994385
-.0054626465
-.0034790039
-.0029602051
.0034027100
.0030364990
-.0015411377
-.0031433105
.0083923340
.0063629150
-.0028533936
.0033416748
.0045471191
-.0030670166
.0027923584
.0048065186
.0025024414
-.0034790039
.0029602051
.0027160645
.0029602051
-.0032806396
.0023956299
-.0045928955
-.0026855469
.0022583008
-.0020294189
-.0041656494
.0058593750
-.0039520264
-.0023803711
-.0046691895
.0024871826
-.0021667480
-.0013427734
-.0022583008
.0019226074
-.0027313232
-.0023040771
.0023956299
-.0019836426
.0006103516
-.0008239746
-.0019683838
.0009918213
.0017547607
-.0026397705
-.0018920898
.0037078857
-.0015716553
.0009460449
-.0005035400
.0004272461
-.0003204346
.0010986328
-.0006713867
-.0006103516
.0005035400
.0018310547
-.0014190674
-.0012817383
-.0005187988
-.0002899170
.0004272461
.0003204346
.0004272461
.0003814697
.0004272461
-.0007019043
-.0005493164
