-.0000305176
-.0000305176
-.0000305176
.0000457764
-.0000305176
-.0000457764
-.0000305176
.0000457764
-.0001373291
.0023498535
-.0028533936
.0010986328
.0038604736
-.0115051270
.0030822754
-.0071563721
-.0046234131
-.0021362305
.0025634766
.0068359375
.0040740967
-.0297088623
-.0046539307
.0055694580
.0121765137
-.0062866211
-.0133514404
.0117797852
.0169067383
.0134887695
.0293884277
-.0145568848
-.0177307129
-.0134887695
-.0134887695
.0106201172
.0132446289
.0246124268
.0156555176
-.0208129883
.0143585205
.0091400146
-.0068206787
.0091857910
.0061950684
-.0112152100
.0087280273
.0041961670
-.0038757324
-.0083160400
-.0228729248
-.0045166016
-.0050201416
.0029296875
.0043945313
.0051727295
-.0041503906
-.0050048828
.0015869141
.0045471191
.0026245117
.0292663574
.0042877197
.0032501221
.0059356689
-.0049133301
.0107116699
-.0106353760
.0103759766
-.0098876953
-.0110321045
-.0123748779
-.0063171387
.0052795410
.0177307129
.0180664063
.0073852539
-.0195770264
-.0071716309
.0062408447
.0049591064
-.0072174072
.0077362061
.0190277100
-.0080871582
-.0117645264
.0040740967
.0038604736
.0044250488
-.0096588135
.0056610107
-.0081634521
-.0100708008
-.0122222900
.0099945068
.0035400391
.0079193115
.0035705566
.0066070557
-.0037689209
.0051879883
.0044403076
.0041656494
.0095825195
.0110626221
.0032806396
.0050964355
-.0142211914
.0128784180
.0101013184
.0070343018
.0058898926
-.0060882568
.0085601807
-.0076904297
-.0084533691
.0111389160
.0177917480
-.0046997070
.0129241943
-.0065155029
-.0100860596
.0087127686
-.0070495605
-.0085754395
-.0060272217
-.0054473877
-.0106506348
-.0140075684
.0054168701
-.0059967041
.0056610107
-.0113983154
-.0042419434
-.0247802734
-.0143890381
.0103302002
.0031890869
.0067596436
-.0045776367
-.0057373047
.0074462891
.0121612549
.0089874268
.0222015381
.0083618164
.0075683594
.0131378174
.0078735352
-.0048370361
.0048370361
-.0076599121
.0067749023
-.0044250488
-.0091857910
-.0059967041
-.0067901611
.0076293945
.0075073242
-.0026550293
.0039672852
-.0039367676
.0089111328
-.0070343018
.0064392090
-.0041503906
.0098724365
.0144195557
-.0045928955
-.0060577393
-.0042724609
.0144042969
-.0060272217
-.0071105957
.0136566162
.0054779053
-.0055847168
-.0056457520
.0153350830
-.0057983398
.0055847168
.0074462891
-.0047454834
-.0058441162
.0040435791
-.0127563477
.0068206787
.0106201172
.0109100342
-.0058898926
-.0112304688
.0076141357
.0097656250
.0060272217
-.0078125000
.0070800781
-.0066070557
.0144348145
.0115814209
.0143890381
.0108947754
-.0102539063
.0077209473
-.0115814209
.0088653564
.0051116943
.0057678223
.0063323975
-.0111999512
.0149230957
-.0117340088
-.0041961670
.0085601807
.0100860596
-.0115814209
-.0326385498
.0107269287
.0126953125
.0065002441
-.0061645508
-.0059967041
-.0064392090
-.0061950684
-.0108337402
-.0070800781
-.0067443848
.0060119629
-.0056915283
.0049438477
-.0054473877
.0068511963
-.0073852539
.0052032471
.0047912598
.0045013428
.0121154785
-.0154266357
.0097503662
-.0109100342
-.0123138428
.0129547119
-.0088043213
.0111389160
.0102844238
-.0069122314
-.0137329102
.0064239502
-.0111694336
.0074920654
-.0057983398
-.0083160400
-.0097351074
-.0055084229
.0091705322
-.0087280273
-.0115661621
-.0059814453
.0144348145
.0300445557
.0157623291
-.0106811523
.0088043213
-.0123596191
-.0122222900
-.0090484619
.0125732422
.0135498047
.0090484619
-.0090637207
.0059814453
-.0089569092
.0106506348
.0104675293
-.0151214600
.0091857910
-.0068969727
.0154876709
.0131835938
.0106353760
.0099182129
-.0161132813
.0162811279
.0076446533
.0147399902
-.0057525635
.0474700928
-.0217132568
.0537567139
-.0172576904
.0296478271
.0138244629
.0466766357
-.0138854980
.0050964355
.0247802734
-.0047302246
.0180969238
.0441589355
.0147247314
.0245361328
.0107269287
-.0316009521
.0111236572
.0066070557
.1266479492
-.0858306885
-.0059509277
-.0056915283
.0040435791
-.0089721680
-.0021209717
-.0014495850
-.0290527344
.0186157227
-.0141601563
.0480804443
-.0425720215
.0159759521
.0161437988
-.0238800049
.0160064697
.0098266602
.0240631104
-.0113220215
-.0137481689
.0144195557
.0140686035
-.0123596191
.0072174072
-.0095367432
-.0060272217
-.0063629150
-.0121765137
.0074462891
.0101623535
-.0102233887
-.0157012939
.0052185059
.0058441162
-.0842437744
.0090637207
.0134735107
.0167236328
.0437316895
-.0070648193
-.0030517578
.0028686523
.0109100342
.0360412598
.0284423828
.0222778320
.0295715332
.0148620605
.0208435059
.0384979248
-.0225830078
-.0124206543
.0119476318
.0276031494
.0247344971
.0213928223
-.0308990479
.0151367188
-.0131683350
-.0196075439
.0117340088
.0037994385
.0247192383
-.0139770508
.0118255615
-.0111999512
.0266876221
.0112762451
-.0065002441
.0050811768
.0100555420
-.0115356445
.0073089600
-.0197143555
.0086517334
.0085754395
.0124206543
.0135040283
.0054168701
-.0075073242
-.0062866211
.0781707764
.0137481689
.0163726807
-.0085754395
.0092926025
-.0080718994
-.0064239502
-.0061798096
.0063323975
.0104980469
-.0068969727
-.0336914063
.0068817139
-.0188446045
.0112915039
.0110168457
-.0063476563
-.0146179199
-.0334777832
-.0043334961
.0228271484
.0074615479
.0113067627
-.0145568848
-.0210266113
.0240020752
-.0181732178
.0193634033
.0130615234
-.0321960449
.0201110840
-.0145568848
.0187530518
-.0095977783
.0256500244
-.0174102783
-.0078582764
-.0095672607
.0124053955
-.0119018555
.0159454346
.0198822021
-.0184173584
-.0234527588
.0204162598
.0305633545
.0115661621
-.0157012939
.0222167969
.0164031982
-.0198822021
.0242309570
.0151062012
.0227355957
-.0299987793
.0093536377
.0098876953
-.0106658936
.0068817139
-.0401000977
.0209655762
.0093688965
.0099487305
.0502624512
-.0055694580
-.0054931641
-.0048675537
.0102996826
-.0087585449
.0060882568
.0061340332
.0191040039
.0077209473
.0057678223
-.0085144043
.0059509277
-.0100708008
-.0099945068
.0102844238
.0044097900
.0169525146
-.0058898926
.0052642822
.0027008057
-.0066070557
-.0045623779
.0062255859
.0058593750
-.0053863525
-.0070800781
-.0043792725
.0065612793
-.0046234131
-.0045776367
-.0074462891
-.0073242188
.0079193115
.0095672607
-.0061950684
-.0033721924
.0079803467
-.0066070557
-.0065460205
.0103302002
.0063018799
-.0125274658
.0040740967
-.0496215820
.0137939453
.0085296631
-.0106201172
-.0208435059
.0077972412
-.0088043213
.0140533447
-.0242156982
-.0059661865
-.0171203613
-.0101776123
.0085449219
.0067901611
-.0070800781
.0142059326
.0046539307
-.0106506348
.0070037842
.0078582764
-.0047149658
-.0153656006
-.0152130127
.0116577148
-.0173492432
-.0059967041
-.0050354004
-.0053558350
-.0060119629
-.0192413330
.0276947021
-.0079956055
-.0052795410
-.0141143799
.0081024170
.0097503662
.0065917969
-.0053710938
.0070953369
-.1213989258
.0117034912
-.0101928711
-.0098876953
.0142059326
-.0070343018
.0377807617
-.0159759521
-.0158081055
.0237121582
.0084381104
.0303192139
.0335540771
.0091857910
-.0161895752
-.0128173828
.0200347900
-.0097808838
-.0291595459
-.0133209229
.0258026123
.0175933838
.0386199951
-.0113983154
-.0113830566
.0110778809
.0113830566
-.0139617920
.0127716064
.0136413574
-.0364532471
-.0096740723
-.0074310303
-.0089721680
.0195159912
.0094757080
-.0181579590
-.0131378174
.0093078613
-.0078430176
-.0086364746
-.0067138672
.0087890625
.0065765381
.0179290771
-.0060119629
-.0092468262
.0057678223
.0094451904
-.0061950684
.0114593506
-.0113372803
-.0053253174
-.0231170654
.0137176514
-.0153503418
.0136718750
-.0190582275
.0144500732
.0095825195
.0125579834
.0261688232
.0291748047
-.0175018311
-.0176391602
-.0113525391
-.0322265625
.0122222900
.0175781250
-.0126190186
-.0082397461
.0113372803
.0092315674
-.0075988770
-.0154266357
.0217895508
-.0158233643
-.0052642822
-.0131683350
.0084991455
.0433807373
-.0475158691
-.0171813965
-.0160827637
-.0126647949
-.0140533447
-.0119018555
.0085906982
.0175170898
.0117645264
.0145416260
-.0152893066
-.0169525146
.0108489990
.0117034912
.0103149414
.0364227295
.0200958252
.0132141113
-.0158691406
.0125885010
.0120086670
.0124664307
-.0179901123
-.0242462158
.0189971924
.0219726563
.0231781006
.0344696045
.0124816895
.0179138184
.0086975098
.0257415771
.0257110596
-.0121917725
-.0213775635
-.0160064697
-.0106048584
.0241851807
-.0156555176
.0227355957
.0295104980
-.0197906494
.0122070313
.0121765137
-.0240173340
.0085906982
.0224151611
.0259094238
-.0186309814
.0120086670
-.0172576904
-.0091857910
.0106201172
-.0083312988
.0247650146
-.0229797363
-.0099945068
.0155639648
.0119628906
.0088958740
-.0156402588
.0063781738
-.0225372314
.0059967041
-.0177307129
.0104370117
.0082550049
-.0123443604
-.0184478760
-.0087432861
.0067901611
.0085754395
.0081634521
.0181274414
.0190734863
.0199584961
-.0117340088
.0116119385
.0187072754
.0131225586
.0111999512
.0201416016
.0163269043
.0308685303
-.0107574463
-.0108032227
.0224456787
.0458984375
.0581207275
.0152740479
-.0132598877
.0218505859
-.0155181885
-.0197753906
-.0147552490
-.0252380371
.0149841309
-.0130767822
-.0087127686
.0227050781
-.0149841309
.0178985596
.0106201172
-.0135498047
-.0154724121
-.0123596191
-.0142669678
.0146484375
-.0147399902
.0197753906
.0113067627
.0091857910
.0119476318
-.0067901611
-.0100097656
-.0284881592
.0120849609
.0171813965
.1202392578
-.0180511475
-.0307006836
.0504150391
-.1151123047
.0367279053
.0268554688
.2326660156
-.0258483887
-.0220336914
-.0242309570
.0594329834
.0236206055
-.0165710449
.0696563721
.0547637939
-.0388488770
-.0860748291
.0348358154
.0196228027
.0314483643
.1668701172
-.0641479492
-.0204925537
-.0526428223
.0349884033
.0272521973
-.0384674072
.0274658203
-.0208892822
-.0179443359
-.0234527588
-.0612487793
-.0191497803
-.1418762207
.0120239258
-.0936431885
-.0516967773
.0278320313
.0677337646
.3037567139
.0382995605
.0660552979
-.0439605713
-.0641479492
.0155944824
.0172424316
-.0115356445
-.0202331543
-.0225372314
.0328979492
-.0217132568
-.0098266602
-.0122985840
-.0209197998
-.1595611572
-.0503234863
-.0491943359
.0161743164
.0065155029
-.0275421143
-.0157775879
.0189971924
-.0797729492
-.0105285645
-.0221252441
.0372009277
.0186004639
-.0512390137
-.0204162598
.0118713379
-.0106964111
-.0209197998
.0068206787
-.0098724365
.0106964111
-.0066223145
-.0381011963
.0253906250
-.0090942383
-.0175170898
-.0240631104
.0227661133
-.0185394287
-.0068359375
.0112762451
-.0104675293
-.0223541260
-.0430297852
-.0142517090
.0127410889
-.0109405518
.0156555176
-.0642700195
.0205993652
.0061950684
-.0109252930
.0143280029
.0167236328
-.0049591064
-.0179595947
-.0095825195
-.0260314941
-.0219421387
.0156860352
-.0115356445
-.0093231201
-.0258178711
-.0196228027
-.0149536133
-.0248107910
.0289916992
.0165405273
.0746765137
.0238647461
-.0095520020
-.0256195068
.0171661377
-.0349121094
-.0093688965
.0161743164
.0355682373
.0187377930
-.0181884766
-.0429687500
-.0292205811
-.0205535889
-.0233001709
.0385131836
-.0134735107
-.0085906982
.0098266602
-.0158233643
.0136566162
-.0098876953
-.0113067627
.0123138428
.0145874023
.0150756836
.0599365234
.0130920410
-.0163726807
-.0233154297
-.0100555420
-.0121765137
.0421752930
-.0198364258
.0146026611
.0233154297
.0120391846
.0299072266
-.0313415527
-.0604858398
.0200042725
-.0108795166
-.0132293701
-.0077514648
.0253753662
-.0100250244
.0104522705
-.0142211914
-.0125122070
.0145111084
.0149993896
-.0088806152
.0081329346
.0089263916
-.0108337402
.0128936768
-.0207214355
-.0143432617
.0077819824
.0107727051
.0171813965
.0063323975
-.0546112061
-.0066833496
-.0250854492
.0136108398
-.0144958496
.0067443848
-.0094299316
.0088500977
-.0133056641
-.0073394775
-.0091552734
-.0095214844
-.0089569092
.0258026123
-.0349731445
.0209655762
-.0114898682
.0156250000
-.0167846680
-.0368041992
.0172576904
-.0229949951
-.0199127197
.0311584473
-.0167846680
-.0488433838
.0424499512
-.0185546875
-.2859039307
-.0287017822
.0310363770
.0306549072
.1759643555
.0601654053
.0226898193
.0236663818
.0297851563
.0153198242
-.0751037598
-.0158538818
-.0392150879
-.1019439697
.0149078369
-.0159149170
.0308685303
-.0195617676
.0666198730
.0211486816
-.0287933350
-.0127563477
-.0144348145
-.0211791992
-.0135040283
.0135955811
-.0148620605
.0093841553
-.0575103760
.0176239014
-.0210113525
.0390014648
.0123138428
.0189819336
.0125579834
.0086364746
.0213165283
-.0154876709
-.0229949951
-.0160522461
-.0171966553
.0075988770
.0141754150
-.0122680664
-.0105438232
.0055999756
-.0117492676
-.0114135742
-.0056915283
.0048980713
-.0185546875
-.0046691895
.0055389404
.0037536621
-.0064697266
-.0103454590
-.0040435791
-.0025787354
.0039367676
.0021667480
-.0053405762
-.0028991699
-.0013122559
-.0017395020
-.0024108887
.0007781982
.0004882813
-.0143432617
