.0000152588
-.0000305176
-.0000305176
.0000305176
-.0000305176
-.0000305176
.0000305176
-.0000305176
.0000305176
-.0000305176
.0000305176
-.0000305176
.0000305176
.0000305176
-.0002746582
.0003967285
-.0001831055
.0001831055
.0004730225
-.0000762939
-.0003204346
-.0000762939
.0002136230
-.0001983643
.0000915527
.0004882813
-.0004119873
-.0002593994
.0014343262
.0003509521
.0002593994
.0006866455
-.0006408691
-.0052032471
.0014190674
-.0013427734
.0053710938
-.0027465820
.0017852783
-.0006408691
.0027770996
-.0017852783
-.0016326904
.0009765625
.0060729980
-.0030670166
.0016021729
.0007934570
-.0007019043
.0014648438
.0018768311
-.0008697510
-.0005035400
-.0004425049
.0007934570
.0005035400
-.0013275146
-.0007171631
.0005645752
.0004882813
-.0006713867
-.0005798340
-.0003356934
-.0008392334
.0007019043
.0016479492
.0016937256
-.0014038086
.0007629395
-.0005798340
.0006713867
.0003051758
.0012664795
.0033264160
.0016784668
.0010681152
.0007324219
.0001678467
-.0006713867
.0004272461
.0008544922
.0026397705
-.0014190674
-.0015869141
.0006408691
.0007629395
-.0033264160
-.0010223389
-.0007629395
.0004119873
.0003814697
-.0028991699
.0016479492
.0006103516
.0011444092
.0022277832
-.0011596680
-.0012054443
.0007476807
.0006866455
-.0008392334
-.0005187988
.0005493164
.0005645752
-.0005493164
.0003509521
.0003509521
-.0002288818
-.0025939941
.0014495850
-.0012359619
.0007171631
-.0006256104
-.0004119873
-.0005035400
.0002746582
-.0005035400
-.0005645752
-.0003662109
.0002746582
.0003967285
-.0003509521
-.0003356934
.0004119873
.0001068115
-.0001678467
-.0002593994
.0004577637
.0000915527
.0000915527
.0001983643
-.0000762939
.0000915527
-.0002899170
.0001373291
.0001220703
-.0001068115
.0001373291
-.0002288818
-.0000457764
-.0002899170
.0001220703
-.0001831055
-.0000762939
.0002593994
-.0001678467
-.0001373291
-.0002899170
.0004272461
-.0003662109
.0002136230
.0001983643
-.0003814697
-.0001831055
-.0002899170
.0005340576
-.0007019043
-.0005035400
-.0003204346
.0003967285
.0004730225
.0004730225
-.0001983643
-.0005950928
.0001983643
.0001678467
.0001831055
-.0001525879
.0002288818
.0001068115
-.0001831055
-.0000762939
.0000915527
-.0002288818
-.0000915527
-.0001678467
.0003814697
.0004272461
.0003051758
-.0001220703
-.0002593994
.0003662109
.0001220703
.0001525879
-.0002136230
-.0001525879
-.0005493164
.0003356934
.0005493164
.0004577637
-.0009460449
.0004272461
.0005493164
-.0003204346
-.0005340576
.0003662109
.0004577637
-.0007781982
.0004119873
-.0006103516
.0005798340
.0001983643
-.0003814697
-.0002899170
.0000762939
.0000610352
.0001678467
-.0001678467
.0003051758
-.0001220703
-.0003204346
-.0004272461
.0000762939
-.0002899170
.0015716553
.0009460449
-.0006713867
-.0020751953
.0005645752
.0026550293
-.0008239746
.0014038086
-.0012969971
.0009155273
-.0019378662
-.0013580322
-.0011901855
.0017089844
-.0011901855
-.0017700195
.0016174316
.0021209717
-.0005950928
-.0020751953
.0007629395
.0016174316
-.0017242432
.0019378662
-.0007781982
.0016937256
.0015563965
-.0015106201
-.0018310547
.0018615723
-.0019378662
.0007019043
.0012054443
.0007019043
.0010833740
-.0007171631
.0009002686
-.0008392334
.0002136230
-.0002746582
.0001678467
-.0015258789
-.0007629395
-.0004730225
-.0006561279
-.0013122559
-.0008087158
-.0002441406
-.0005187988
-.0007629395
-.0003814697
-.0003814697
-.0004882813
-.0003356934
-.0003356934
.0002746582
-.0017089844
.0008544922
.0002593994
.0006408691
-.0001831055
-.0005950928
.0004119873
-.0005798340
.0003204346
.0005950928
-.0001678467
.0001525879
.0000915527
-.0001678467
-.0002136230
.0001831055
.0003814697
.0002288818
.0000762939
-.0000610352
-.0004272461
-.0005035400
-.0002593994
.0002136230
.0023651123
.0008697510
-.0011444092
-.0003509521
.0006713867
.0003204346
-.0003662109
.0003967285
-.0002746582
-.0002136230
-.0001983643
.0001983643
-.0003356934
-.0001983643
.0001220703
.0003662109
-.0002899170
-.0001678467
-.0002136230
-.0001983643
-.0003356934
.0001068115
.0000762939
.0000762939
-.0004730225
.0003204346
.0003051758
-.0003051758
-.0003967285
-.0001678467
.0005493164
-.0001220703
-.0003204346
.0001525879
.0002441406
-.0002288818
-.0003204346
.0002288818
-.0003662109
.0001525879
-.0001373291
.0003509521
-.0004730225
.0003204346
.0003204346
.0004272461
-.0006561279
-.0005340576
-.0005035400
.0006713867
.0005493164
-.0006866455
-.0005645752
.0003967285
.0002136230
-.0003814697
-.0002441406
.0001373291
.0003662109
-.0002288818
-.0004119873
.0002746582
.0001220703
-.0003204346
.0003051758
.0001373291
-.0002136230
.0001983643
.0001373291
-.0000610352
-.0000915527
.0001068115
-.0001373291
-.0000915527
.0001525879
.0001831055
-.0000762939
-.0001068115
-.0002288818
-.0002746582
.0002136230
-.0005187988
.0029907227
.0014190674
-.0008544922
.0033874512
-.0025939941
.0023803711
.0009155273
-.0005645752
-.0008239746
-.0011138916
-.0003051758
.0087585449
-.0066375732
.0032501221
.0015106201
.0009460449
.0007629395
.0013427734
.0008544922
-.0014343262
.0002441406
-.0002136230
.0003051758
-.0008544922
.0001373291
-.0050506592
-.0047760010
.0039978027
-.0011596680
.0008544922
.0017700195
.0011291504
.0008697510
-.0010833740
.0005950928
-.0051116943
-.0019836426
-.0016632080
.0016479492
-.0014953613
-.0011596680
.0008239746
.0053558350
-.0038909912
.0030670166
.0007781982
-.0011596680
.0013885498
.0008697510
.0005340576
-.0007934570
-.0005798340
.0002746582
-.0047302246
.0023345947
-.0016021729
-.0011138916
-.0011749268
-.0012817383
-.0013427734
.0036315918
-.0024719238
-.0018615723
-.0007781982
-.0012664795
.0033569336
-.0018768311
-.0006866455
.0010986328
.0044250488
-.0032653809
.0021514893
.0010528564
.0003204346
-.0016479492
-.0021514893
.0020141602
.0007781982
-.0011291504
.0006866455
.0021820068
-.0020141602
.0016479492
.0008392334
-.0008239746
-.0018615723
.0045318604
.0025787354
-.0020904541
-.0008239746
.0017242432
.0023651123
-.0009613037
.0009307861
.0006103516
.0007934570
.0008392334
-.0002899170
-.0002746582
.0003509521
-.0001983643
.0003509521
-.0011444092
-.0068054199
-.0023956299
-.0025177002
.0008087158
.0008850098
-.0005798340
-.0018920898
.0002899170
.0004272461
-.0005493164
-.0008087158
-.0004730225
.0002593994
.0003051758
-.0003204346
-.0003509521
.0004577637
.0002441406
-.0002746582
-.0004119873
.0003967285
.0011444092
-.0023193359
-.0014953613
-.0050354004
.0053710938
.0044097900
-.0010528564
.0009460449
.0011138916
.0016784668
-.0006103516
.0012359619
.0005645752
-.0005187988
.0003509521
.0005035400
-.0008087158
.0001983643
-.0002441406
.0002136230
-.0005493164
-.0003051758
-.0003051758
-.0004425049
-.0004730225
.0002746582
-.0001678467
-.0003814697
.0005035400
-.0001831055
-.0003967285
.0001220703
.0001831055
-.0003662109
-.0001831055
.0004577637
.0002441406
-.0004119873
.0001220703
.0001525879
-.0002746582
.0001525879
.0001525879
-.0002593994
-.0002288818
-.0001373291
.0001068115
-.0004425049
.0001983643
.0001678467
.0002441406
-.0001678467
.0002593994
-.0002441406
-.0004272461
.0003204346
.0001678467
.0003356934
.0002746582
-.0004882813
-.0001068115
.0003051758
-.0002441406
-.0001983643
.0001831055
.0001678467
-.0002136230
.0001831055
.0001525879
-.0002441406
.0001678467
-.0002899170
.0003051758
.0000915527
.0001220703
-.0000457764
.0001678467
-.0000915527
.0003204346
-.0003814697
-.0001983643
.0003967285
.0002593994
-.0001983643
.0003204346
-.0002441406
-.0002288818
-.0004425049
.0003204346
.0002288818
.0001373291
.0002441406
.0007019043
.0011596680
-.0011901855
-.0021972656
.0013885498
.0012512207
-.0034942627
-.0009307861
.0010528564
.0027465820
-.0013122559
-.0005493164
-.0012207031
.0033264160
.0018920898
.0008544922
-.0005645752
.0036773682
.0024719238
-.0016326904
.0004730225
.0004425049
-.0026550293
.0018920898
.0006866455
-.0012512207
.0006713867
-.0025939941
-.0012054443
.0015411377
-.0023956299
-.0017547607
-.0008544922
.0011749268
.0031890869
-.0013580322
.0014038086
-.0016021729
-.0009307861
.0023345947
-.0008239746
.0009918213
.0033416748
.0014190674
.0011291504
-.0025482178
.0010986328
.0017089844
-.0004119873
-.0019531250
-.0011138916
.0003662109
.0006713867
-.0028839111
-.0016174316
.0015106201
-.0013580322
-.0011138916
.0019073486
.0013275146
-.0009613037
-.0014648438
-.0018310547
.0027770996
-.0013885498
-.0005340576
.0014190674
-.0003662109
.0010375977
.0032043457
.0014953613
.0008087158
-.0010223389
.0009002686
.0036926270
.0018463135
.0009765625
.0007019043
.0009613037
.0036315918
.0012817383
.0015563965
-.0007324219
.0008239746
.0027008057
.0010986328
-.0013580322
.0005798340
.0002746582
-.0004577637
.0025634766
.0013732910
.0008392334
-.0011749268
-.0011291504
.0011291504
.0003051758
-.0005645752
-.0005798340
.0005950928
.0011749268
-.0003356934
-.0005493164
.0001831055
.0008087158
-.0003662109
-.0004119873
.0004577637
.0002593994
-.0003509521
-.0005340576
.0003204346
-.0001831055
.0002746582
-.0001220703
-.0002136230
.0004272461
-.0001525879
-.0003509521
.0001678467
-.0002746582
.0001983643
-.0001983643
-.0001525879
.0001068115
.0001678467
-.0005035400
.0001831055
-.0002441406
-.0000762939
.0001983643
.0004272461
-.0003662109
.0003967285
.0003051758
-.0003967285
-.0003356934
.0005798340
-.0000915527
-.0003967285
.0001831055
.0004119873
-.0005340576
-.0002288818
.0005035400
-.0002899170
-.0002593994
-.0001831055
.0005493164
-.0007019043
.0003204346
-.0001373291
-.0002441406
.0001983643
.0001220703
.0002136230
.0001373291
-.0002441406
-.0002288818
-.0003509521
.0004577637
-.0001525879
-.0000915527
.0002441406
.0001525879
-.0001983643
-.0001831055
-.0003967285
.0003967285
.0002136230
.0003356934
.0001373291
-.0006256104
.0003051758
.0002288818
-.0001983643
-.0001373291
.0003051758
.0002746582
-.0003814697
-.0001525879
-.0002441406
-.0003204346
-.0000762939
.0005340576
-.0002746582
-.0001525879
.0004577637
-.0001983643
-.0003814697
.0000610352
.0003051758
-.0001373291
-.0001678467
-.0001525879
.0003509521
-.0003204346
-.0004119873
-.0001220703
.0000610352
-.0001068115
-.0000762939
.0000915527
.0003814697
-.0002136230
-.0003967285
-.0003509521
.0005950928
-.0001373291
-.0002288818
.0003814697
.0002899170
-.0003204346
.0001373291
.0003051758
-.0070190430
-.0023803711
-.0019073486
.0017700195
-.0012207031
-.0015258789
-.0010528564
-.0008239746
.0015411377
.0088500977
-.0029754639
-.0023651123
.0015106201
.0018463135
-.0043945313
-.0030059814
-.0019531250
.0010833740
.0011749268
.0024414063
.0009765625
.0004119873
.0010070801
-.0019226074
.0061340332
.0020294189
-.0016326904
.0009613037
.0018157959
-.0018310547
-.0009918213
-.0009002686
.0005340576
-.0004882813
-.0008697510
-.0006866455
-.0006866455
-.0006561279
-.0005493164
.0016784668
.0051116943
-.0030517578
-.0027618408
.0012969971
.0017395020
.0015106201
.0006408691
.0007629395
.0007781982
.0002746582
-.0003967285
.0007934570
.0018005371
-.0056915283
-.0015563965
-.0021514893
.0010223389
.0010986328
.0010528564
-.0006561279
.0007171631
-.0008087158
.0071258545
-.0040588379
-.0028991699
.0006561279
-.0010681152
-.0012664795
-.0013885498
-.0006103516
-.0012359619
-.0069274902
.0046234131
.0039062500
-.0025482178
-.0008087158
.0015563965
.0013427734
.0009613037
.0010833740
.0012664795
.0064849854
-.0041198730
-.0016479492
-.0010833740
-.0010833740
-.0023193359
.0030364990
.0018005371
.0008850098
.0007019043
-.0006866455
-.0007934570
-.0008850098
-.0007629395
.0012512207
.0023345947
-.0050811768
.0023193359
-.0014801025
-.0009460449
.0010833740
-.0015106201
.0039062500
.0024108887
-.0019836426
.0023040771
.0026245117
-.0024261475
.0004730225
.0011291504
.0009918213
.0004425049
.0006561279
.0004577637
-.0006561279
.0004730225
-.0005645752
-.0003967285
-.0004730225
-.0004425049
.0003356934
-.0016479492
-.0011749268
.0050506592
.0041198730
.0032196045
.0007781982
.0006866455
-.0007019043
.0011596680
.0003051758
-.0013122559
.0004882813
-.0003814697
.0004119873
.0005798340
.0002288818
.0003509521
-.0001220703
-.0000762939
-.0005187988
.0004272461
.0003204346
.0007324219
.0002288818
-.0003356934
.0003356934
.0004119873
-.0004272461
.0001373291
.0003662109
-.0001831055
.0002136230
-.0003967285
-.0003204346
-.0002441406
.0002746582
-.0001068115
.0004425049
-.0003051758
-.0000610352
-.0000915527
-.0003204346
.0001373291
-.0001068115
.0001983643
-.0001678467
-.0001068115
.0000915527
-.0002288818
.0001220703
-.0002593994
.0003204346
-.0001373291
.0000762939
.0002746582
-.0001373291
-.0001983643
-.0001831055
.0001373291
-.0003204346
.0001373291
.0004882813
-.0002746582
-.0003662109
.0005645752
-.0001831055
-.0004425049
.0001373291
.0002899170
-.0002746582
-.0001068115
.0003662109
-.0001678467
-.0003204346
