-.0000305176
.0000305176
-.0000305176
.0000305176
.0000305176
.0000305176
.0000305176
.0000305176
-.0000305176
-.0000305176
-.0000305176
.0000305176
-.0000305176
.0000305176
.0000305176
.0000305176
.0000305176
.0000305176
-.0000305176
.0000610352
-.0001678467
-.0003662109
-.0379638672
.0090942383
.0018005371
.0031433105
-.0023345947
-.0019531250
.0028533936
.0019073486
.0008239746
-.0008392334
-.0005950928
.0016937256
.0010070801
.0005340576
.0005187988
.0003051758
-.0004425049
-.0006103516
-.0022888184
-.0014953613
-.0010986328
-.0007934570
.0003356934
-.0005645752
-.0006713867
-.0011749268
-.0021209717
-.0005798340
.0003204346
.0008544922
.0010528564
.0003662109
.0004882813
.0015563965
.0004272461
-.0001831055
-.0002899170
-.0003967285
-.0003356934
.0004119873
.0005950928
.0003356934
.0002593994
.0003509521
.0003814697
.0001983643
-.0001983643
-.0002899170
-.0003967285
-.0006256104
-.0006103516
-.0004119873
-.0002899170
-.0005035400
-.0006866455
-.0003814697
.0001525879
.0001983643
-.0002136230
-.0003967285
-.0003814697
-.0002288818
-.0001220703
.0001525879
-.0002899170
-.0003814697
-.0001983643
.0000762939
.0003509521
.0000915527
.0000915527
.0000915527
.0002136230
.0005187988
.0004425049
.0001068115
-.0001373291
.0001831055
.0003051758
-.0003814697
-.0006866455
-.0005493164
-.0002441406
-.0001831055
-.0003509521
-.0003204346
-.0002136230
-.0001831055
-.0000915527
-.0001373291
-.0000762939
-.0000762939
-.0000915527
.0001373291
.0002441406
.0002288818
-.0001831055
-.0003051758
-.0770721436
.0200805664
.0052032471
.0053558350
-.0029296875
-.0041503906
-.0023651123
-.0026550293
.0007934570
.0012054443
.0009460449
-.0029449463
.0014190674
.0013732910
.0026550293
.0012359619
-.0013732910
.0008544922
.0011901855
.0007629395
.0003051758
-.0002593994
-.0003204346
-.0002746582
.0003051758
-.0005493164
-.0004577637
-.0006256104
-.0005187988
.0002593994
.0004272461
-.0001525879
-.0004425049
-.0003814697
.0001373291
.0001678467
.0001831055
.0000915527
-.0004119873
-.0005187988
-.0001678467
.0001983643
.0001068115
-.0005187988
-.0006866455
-.0004119873
-.0003662109
-.0003051758
-.0006408691
-.0006103516
-.0001525879
.0001525879
-.0001373291
-.0002899170
-.0002136230
.0000610352
.0001983643
.0003814697
.0005493164
.0005493164
.0001220703
-.0001678467
.0001373291
.0001831055
-.0001220703
-.0003967285
-.0004425049
-.0001983643
.0003051758
.0004272461
.0003356934
.0001373291
-.0001220703
.0001983643
.0004119873
.0004577637
.0001068115
-.0004119873
-.0002441406
.0003204346
.0003509521
-.0001220703
-.0003814697
-.0003967285
.0000915527
.0003967285
.0002746582
.0001373291
-.0000762939
.0001831055
.0004119873
.0004577637
-.0484924316
-.0087890625
.0051574707
.0047302246
-.0016632080
.0036468506
.0021514893
.0014801025
-.0018920898
-.0012969971
-.0015869141
-.0022583008
-.0015106201
-.0007781982
.0006256104
-.0008392334
-.0009002686
-.0006561279
-.0006103516
-.0004577637
-.0007171631
.0006408691
.0010986328
.0003662109
.0001983643
.0003051758
.0001983643
.0005340576
.0003814697
.0003814697
-.0003509521
-.0003814697
.0009765625
.0009765625
.0005645752
-.0003356934
.0003662109
.0004882813
.0003356934
-.0005645752
-.0010833740
-.0009307861
-.0003662109
-.0001068115
-.0005035400
-.0006256104
-.0005950928
-.0005035400
-.0003204346
-.0002899170
-.0001525879
-.0000762939
.0000610352
-.0001373291
.0002288818
.0001678467
-.0002746582
-.0005187988
-.0005798340
-.0002899170
.0001831055
.0001220703
-.0002136230
-.0002899170
-.0002288818
-.0001220703
.0000762939
-.0002288818
-.0004577637
-.0002746582
.0003967285
.0008239746
.0007171631
.0001373291
.0000610352
.0001983643
.0002746582
-.0001678467
-.0005187988
-.0005950928
-.0004119873
-.0001678467
.0001373291
-.0001525879
-.0003662109
-.0005493164
-.0003509521
.0002441406
.0005187988
.0004119873
-.0000762939
.1002960205
.0203857422
.0158691406
.0039062500
-.0068359375
.0029754639
-.0035705566
-.0017242432
.0007629395
-.0018463135
.0015869141
.0012969971
.0038299561
.0029296875
.0015563965
.0019378662
.0013427734
.0013427734
.0013427734
-.0006256104
.0008087158
-.0006866455
-.0006866455
.0009460449
-.0004272461
.0003509521
.0010833740
-.0001983643
.0003051758
-.0002593994
-.0002593994
-.0001831055
-.0005493164
-.0003814697
-.0006103516
-.0002593994
-.0002288818
-.0005798340
-.0006256104
-.0006561279
-.0004272461
-.0000915527
.0000915527
-.0001831055
-.0003356934
.0001831055
.0001525879
.0000762939
-.0000762939
-.0001831055
-.0001678467
.0001678467
.0002899170
.0003051758
-.0001220703
-.0001983643
.0001525879
.0002746582
.0002288818
.0001068115
-.0003204346
-.0005645752
-.0003967285
.0001220703
-.0001068115
-.0004577637
-.0005187988
-.0003662109
-.0000762939
-.0000915527
-.0004425049
-.0006103516
-.0005493164
-.0003509521
-.0002899170
-.0003051758
-.0003356934
-.0003967285
-.0001678467
.0003662109
.0004882813
.0001068115
-.0001525879
.0001373291
.0002899170
.0004119873
.0002288818
-.0001831055
.0679473877
.0258483887
-.0098876953
-.0056915283
.0025482178
.0053253174
.0023956299
-.0023803711
-.0011901855
-.0027160645
-.0017395020
-.0030059814
-.0027618408
-.0012969971
-.0016479492
-.0019378662
-.0022277832
-.0017089844
.0005950928
.0006713867
.0006561279
.0002288818
.0005950928
.0004577637
.0005645752
.0003814697
-.0002746582
.0003814697
-.0005645752
-.0003356934
-.0002593994
-.0003356934
-.0004882813
-.0006103516
-.0003356934
.0002746582
.0005645752
.0004425049
-.0001831055
-.0001525879
-.0000762939
.0006713867
.0007019043
.0002136230
-.0002136230
-.0001373291
.0002441406
.0004882813
.0002899170
.0001068115
.0001525879
.0002441406
.0002746582
.0001068115
.0000610352
-.0001068115
-.0002136230
-.0002288818
.0001831055
.0003662109
.0001678467
-.0001678467
.0003662109
.0007934570
.0008239746
.0004577637
.0000610352
.0002288818
.0007019043
.0007934570
.0005035400
.0002441406
.0002746582
.0004425049
.0006713867
.0005035400
.0003204346
.0000762939
-.0000457764
.0002288818
.0002136230
.0001068115
-.0001983643
.0000610352
.0002136230
.0003814697
.0002136230
.0000457764
-.0001983643
-.0001373291
-.0533905029
.0131683350
.0074615479
.0035858154
-.0019226074
.0028991699
.0011749268
.0028381348
-.0007629395
-.0011749268
-.0012512207
-.0010375977
-.0020751953
-.0007781982
.0086059570
-.0020446777
-.0007324219
-.0021362305
.0007019043
.0009460449
-.0004425049
-.0003967285
-.0006256104
.0005035400
.0008392334
.0005187988
-.0010528564
-.0006866455
.0005645752
.0003814697
-.0003204346
-.0007171631
-.0003814697
-.0003662109
-.0001068115
.0001525879
.0002593994
.0001678467
.0001220703
.0005035400
.0004272461
.0001068115
-.0002746582
-.0001373291
.0005035400
.0003967285
.0002441406
-.0000915527
-.0001373291
-.0002899170
-.0003509521
-.0002441406
-.0001831055
.0000762939
-.0003204346
-.0002288818
.0001983643
.0001678467
-.0001678467
-.0001983643
-.0001525879
.0004882813
.0006713867
.0002593994
-.0003662109
-.0004730225
-.0003051758
-.0000915527
.0001068115
-.0002136230
-.0002899170
-.0002593994
.0001678467
.0003509521
-.0002136230
-.0005493164
-.0005035400
-.0001068115
.0002441406
.0001983643
-.0003662109
-.0005950928
-.0003509521
-.0002136230
-.0000915527
-.0001373291
-.0001983643
-.0946960449
-.0263061523
-.0120391846
.0075683594
-.0034942627
.0052337646
.0020751953
-.0015716553
-.0022888184
-.0017700195
-.0022583008
-.0035095215
-.0060119629
-.0020446777
-.0007629395
-.0011291504
-.0011291504
-.0021209717
-.0005645752
.0006866455
-.0003356934
-.0005035400
-.0013732910
-.0004425049
.0001373291
-.0003356934
-.0007934570
-.0008850098
-.0010375977
-.0008544922
-.0008850098
-.0002441406
-.0003204346
-.0007781982
-.0008087158
-.0003662109
.0005493164
.0004425049
-.0002288818
-.0005645752
-.0003814697
.0001831055
.0001373291
-.0002593994
-.0006103516
-.0004882813
-.0001068115
.0001831055
-.0000915527
-.0003967285
-.0003051758
.0003204346
.0006561279
.0005035400
.0002441406
.0002136230
.0002593994
.0000762939
.0000610352
-.0001983643
-.0003356934
-.0005645752
-.0005187988
-.0002746582
-.0000762939
.0001220703
-.0000915527
-.0001525879
.0002288818
.0006713867
.0007171631
.0003967285
.0000762939
.0001373291
.0004882813
.0004577637
.0000915527
-.0004730225
-.0003356934
.0002441406
.0004577637
.0003051758
-.0001373291
-.0001220703
.0001373291
.0003662109
.0003204346
.0299682617
-.0281829834
-.0092010498
.0015716553
-.0021362305
.0022888184
.0006561279
.0010986328
-.0011596680
-.0012207031
-.0013580322
.0138702393
-.0021209717
-.0015106201
-.0006256104
.0007934570
.0012969971
.0033569336
.0005798340
.0004577637
.0009155273
.0008087158
.0004119873
-.0004119873
-.0003967285
-.0001678467
.0001373291
-.0003204346
-.0005187988
-.0005187988
-.0005950928
.0001678467
.0005798340
.0005035400
-.0002593994
-.0005798340
.0003967285
.0005950928
.0003204346
-.0008239746
-.0007781982
-.0002899170
.0000762939
.0001831055
.0001068115
-.0001220703
-.0000915527
-.0001525879
.0001678467
.0001525879
-.0001678467
-.0003509521
-.0003967285
-.0000457764
.0001373291
.0000762939
-.0002593994
-.0004730225
-.0003051758
.0003662109
.0005035400
.0003051758
-.0001373291
-.0001068115
.0002593994
.0003356934
.0000762939
-.0003051758
-.0005035400
-.0003509521
-.0000762939
.0000610352
-.0001831055
-.0004577637
-.0004730225
.0001525879
.0003662109
.0003051758
-.0001983643
-.0003051758
-.0001220703
.0002136230
.0003204346
.0002593994
-.0001373291
-.0002441406
.0003356934
.0004119873
.0002899170
-.0003356934
-.0090942383
-.0106506348
-.0120086670
.0044708252
-.0032196045
.0029144287
.0023651123
.0021057129
.0011901855
-.0015563965
-.0019531250
-.0017242432
-.0019226074
-.0007324219
.0008850098
.0006103516
.0016326904
-.0013732910
.0006713867
.0012817383
.0006713867
-.0003509521
.0003204346
.0005950928
.0006561279
.0005035400
.0003814697
-.0002288818
-.0002593994
-.0001983643
.0002441406
.0005035400
-.0001373291
-.0003662109
-.0006408691
-.0003662109
.0003356934
-.0001068115
-.0002441406
-.0002746582
.0001678467
.0003356934
.0004119873
.0002441406
-.0004577637
-.0006103516
-.0004272461
.0002593994
.0001678467
-.0002441406
-.0001678467
.0003509521
.0005187988
-.0001373291
-.0003814697
-.0002746582
.0001678467
.0001373291
.0000915527
.0002746582
.0002593994
-.0002441406
-.0002746582
-.0001373291
-.0000610352
-.0002593994
-.0005645752
-.0005645752
-.0003662109
-.0001525879
-.0002746582
-.0003967285
-.0005340576
-.0006103516
-.0001831055
.0002441406
-.0001831055
-.0007171631
-.0008544922
-.0003204346
.0003204346
-.0000915527
-.0003509521
-.0003051758
.0001525879
.0003814697
.0002441406
-.0002441406
-.0005340576
-.0005798340
-.0002441406
-.0004730225
-.0217742920
.0114440918
.0033874512
-.0024719238
.0026092529
.0023803711
.0024261475
-.0011444092
-.0018157959
-.0019836426
-.0012054443
-.0017242432
-.0014648438
-.0007781982
-.0009002686
.0024566650
-.0010528564
.0006713867
.0006103516
.0003967285
.0002593994
.0004730225
.0008850098
.0003356934
-.0002441406
-.0004272461
-.0002136230
.0004730225
.0004882813
-.0002441406
-.0006256104
-.0005340576
-.0002899170
.0003051758
-.0001678467
-.0003967285
-.0003662109
.0005340576
.0009307861
.0005950928
-.0001831055
-.0004425049
-.0003662109
.0001678467
.0003356934
.0000915527
-.0002746582
-.0002441406
.0001068115
.0004577637
.0004577637
.0002441406
.0000610352
-.0000762939
.0004882813
.0006561279
.0003662109
-.0002441406
-.0003967285
-.0001678467
.0002899170
.0001220703
-.0004730225
-.0006713867
-.0004730225
-.0001678467
-.0001220703
-.0002593994
-.0003051758
-.0003204346
-.0001373291
.0003051758
.0003814697
-.0003356934
-.0005035400
-.0004119873
-.0001068115
.0003204346
.0003509521
.0002136230
-.0002136230
-.0002136230
.0003662109
.0005187988
.0003204346
.0000915527
-.0002441406
.0002288818
.0005950928
.0004882813
-.0002593994
-.0429992676
-.0340576172
.0152587891
.0065155029
-.0035858154
-.0039520264
.0042419434
.0028533936
-.0015258789
-.0018310547
-.0018157959
-.0018005371
-.0019378662
-.0015716553
.0009765625
.0007171631
.0008697510
-.0006256104
.0004882813
.0009002686
.0007019043
.0005340576
-.0004272461
.0003051758
.0005798340
.0005950928
.0002593994
.0003662109
.0004730225
.0006866455
.0006256104
.0007476807
.0001678467
-.0003662109
-.0003662109
-.0004119873
-.0002288818
-.0003051758
-.0003814697
-.0005187988
-.0005798340
-.0002441406
.0000762939
-.0001678467
-.0003356934
-.0003051758
.0002899170
.0004577637
.0003204346
-.0002746582
-.0003814697
.0001678467
.0005645752
.0006103516
.0003204346
.0000762939
.0003967285
.0006713867
.0006866455
.0001678467
-.0001831055
-.0002899170
-.0002288818
.0002136230
.0003509521
.0001068115
-.0006256104
-.0007324219
-.0003814697
.0001983643
-.0001068115
-.0002899170
-.0001678467
.0001678467
.0004882813
