-.0001373291
-.0001983643
-.0001983643
-.0000915527
.0000762939
.0000915527
-.0000305176
-.0000457764
.0000305176
.0000457764
.0000762939
.0001068115
.0000762939
.0000610352
-.0000457764
-.0001068115
-.0001068115
.0000305176
-.0000762939
-.0000762939
.0000305176
.0001068115
.0001220703
.0001525879
.0001068115
.0000762939
.0000915527
-.0000762939
-.0001220703
-.0000457764
.0000762939
.0001983643
.0002288818
.0001831055
.0000915527
-.0000762939
-.0001678467
-.0002136230
-.0001525879
-.0001831055
-.0001373291
-.0000610352
.0000305176
-.0000610352
-.0000915527
-.0000762939
.0166015625
.0152587891
.0054473877
.0058898926
-.0033569336
-.0015716553
-.0023498535
-.0026245117
-.0013122559
-.0020904541
-.0007934570
.0008239746
.0021667480
.0012817383
-.0009460449
.0018615723
.0011444092
.0004119873
.0009613037
-.0007171631
-.0003662109
-.0001525879
.0004882813
-.0008239746
-.0000915527
-.0001373291
.0005950928
.0002746582
-.0004119873
.0003967285
.0002746582
-.0002593994
-.0001068115
-.0003204346
-.0005035400
-.0002288818
-.0001525879
.0001678467
.0001525879
-.0001220703
-.0003051758
-.0001678467
-.0001525879
-.0000762939
.0000610352
-.0001525879
-.0000762939
-.0001983643
-.0000610352
.0000610352
.0003204346
.0002136230
-.0000610352
-.0002593994
-.0002288818
-.0001220703
.0001068115
.0000610352
-.0000762939
-.0001373291
-.0000610352
-.0000305176
-.0000610352
-.0000305176
-.0001525879
-.0001373291
-.0001525879
-.0001220703
-.0000762939
-.0000305176
.0000610352
-.0001220703
-.0001525879
-.0001068115
.0000610352
.0001373291
.0000915527
-.0001373291
-.0002441406
-.0001983643
.0000915527
.0001525879
.0001831055
.0001068115
.0001373291
.0002441406
.0003051758
.0002136230
.0000915527
-.0000915527
-.0001068115
.0001373291
.0001220703
.0000762939
.0000915527
.0000457764
-.0000305176
.0001068115
.0001068115
.0000610352
.0000915527
.0000457764
-.0001068115
-.0001068115
-.0000915527
.0001220703
.0002288818
.0001373291
.0000610352
-.0001220703
-.0001220703
-.0000915527
-.0000915527
-.0001373291
-.0001068115
.0000915527
.0001373291
.0001220703
.0209960938
.0045623779
-.0045318604
-.0025024414
-.0022277832
.0025482178
.0021514893
.0008697510
.0012817383
-.0003051758
.0007781982
-.0008850098
.0007629395
.0028228760
.0006713867
-.0006561279
.0006256104
-.0003967285
-.0004119873
-.0004119873
-.0005950928
-.0003814697
.0004272461
.0005493164
.0004119873
.0002593994
.0001678467
-.0002288818
-.0003051758
-.0002746582
-.0003051758
.0001068115
-.0002288818
.0001983643
-.0001220703
.0002288818
.0001220703
-.0002746582
-.0002593994
-.0002136230
-.0001678467
-.0000915527
-.0001525879
-.0001220703
-.0004119873
-.0003051758
-.0001678467
-.0001220703
-.0002288818
-.0000457764
.0000610352
.0000457764
.0000457764
-.0001068115
-.0000762939
-.0001373291
-.0001068115
-.0001983643
-.0001525879
-.0000915527
.0000610352
-.0000762939
-.0000305176
-.0000762939
-.0000610352
.0000457764
-.0000915527
-.0001373291
-.0001525879
-.0001525879
-.0001068115
.0000457764
-.0000610352
-.0000915527
-.0000457764
.0001068115
.0001068115
-.0000762939
-.0001373291
-.0001373291
.0001068115
.0002441406
.0002288818
.0001068115
.0000457764
.0000305176
.0000610352
.0000762939
.0000305176
.0000610352
.0001068115
.0001831055
.0001831055
.0001831055
.0001373291
.0001831055
.0002136230
.0001373291
-.0000457764
-.0000610352
.0000457764
.0000762939
.0000762939
.0000610352
.0001068115
.0001220703
.0000762939
-.0000457764
.0101470947
.0202636719
.0090942383
.0078582764
-.0055541992
-.0027008057
-.0030364990
-.0019836426
-.0020904541
-.0021057129
-.0007171631
.0007171631
.0020294189
.0015411377
-.0016174316
-.0005035400
.0005187988
.0045776367
.0011138916
-.0006103516
.0005035400
.0004730225
.0008850098
-.0008087158
-.0001983643
-.0004730225
.0001983643
.0000915527
-.0003051758
.0005187988
.0003356934
-.0002288818
.0001983643
.0001220703
-.0000915527
.0001678467
.0002136230
.0002441406
.0002441406
-.0001678467
-.0003814697
-.0000915527
-.0000915527
.0000762939
.0001831055
.0000762939
.0001525879
.0001220703
-.0001831055
-.0002136230
-.0000762939
-.0001525879
-.0001525879
-.0001983643
-.0002136230
-.0001678467
-.0000762939
-.0000915527
.0000305176
.0000610352
-.0000762939
-.0001525879
-.0002746582
-.0002441406
-.0002593994
-.0001983643
-.0001068115
.0000457764
.0001525879
.0001220703
.0000915527
-.0000305176
-.0000457764
-.0001831055
-.0003051758
-.0002288818
-.0001068115
.0000305176
.0001220703
.0000915527
.0000610352
.0000305176
-.0000610352
-.0000915527
-.0001220703
-.0001831055
-.0001525879
-.0000610352
-.0000305176
.0000762939
.0000762939
.0000305176
.0000610352
.0000457764
-.0000305176
.0000457764
.0000305176
-.0000762939
.0000762939
.0001220703
.0001373291
.0001220703
.0000457764
-.0000915527
-.0000915527
-.0000457764
.0000305176
-.0000915527
-.0000762939
-.0001068115
-.0001068115
-.0000610352
-.0000152588
-.0000610352
-.0000915527
.0192871094
.0034942627
-.0040283203
-.0035095215
.0010528564
-.0020294189
-.0022430420
-.0020141602
-.0009155273
.0004577637
-.0004730225
-.0015716553
-.0013580322
-.0009918213
.0004425049
-.0002899170
-.0002288818
-.0004882813
-.0004119873
-.0005645752
.0003204346
.0005340576
.0005035400
.0003051758
-.0003662109
.0002288818
.0000915527
-.0003204346
.0002593994
-.0001678467
-.0001068115
-.0003051758
-.0004119873
-.0003204346
-.0001983643
-.0001525879
-.0001983643
-.0001220703
-.0001220703
-.0001678467
.0001220703
.0000915527
-.0000457764
.0000915527
-.0003051758
-.0001831055
-.0001525879
-.0002136230
-.0001983643
-.0001831055
-.0001831055
-.0001068115
-.0000762939
-.0001831055
-.0000915527
.0000457764
.0001068115
.0001525879
.0000915527
-.0000610352
-.0001220703
-.0001983643
-.0001373291
-.0000915527
.0000762939
.0001220703
.0001373291
.0001068115
.0001068115
.0001525879
.0001831055
.0000305176
-.0000915527
-.0000457764
.0001525879
.0001831055
.0001678467
.0001525879
.0001831055
.0002136230
.0002136230
.0001373291
.0001373291
.0001373291
.0001373291
.0000305176
-.0000762939
-.0000305176
.0000915527
.0000762939
-.0000457764
.0000457764
.0001678467
.0002441406
.0002593994
.0001373291
.0000457764
.0000915527
.0000915527
.0000305176
-.0000305176
-.0001220703
-.0000762939
-.0000305176
-.0000457764
-.0000762939
-.0748748779
-.0179595947
-.0077362061
-.0040740967
.0013885498
.0028228760
.0035552979
.0012664795
.0018310547
.0005340576
.0008850098
.0001831055
-.0018157959
-.0017547607
.0050506592
-.0016784668
.0014495850
-.0006713867
-.0009002686
-.0008544922
-.0005493164
-.0008392334
-.0005187988
.0002288818
.0007171631
.0003509521
.0000915527
.0001373291
-.0003051758
.0002441406
-.0001983643
.0001831055
-.0000610352
.0001373291
-.0002746582
.0001220703
.0000457764
.0002288818
-.0002593994
-.0002441406
-.0001220703
.0000305176
-.0000457764
-.0000762939
-.0002746582
-.0001831055
-.0001525879
-.0002136230
-.0000762939
-.0000762939
-.0000610352
-.0001220703
-.0002746582
-.0003051758
-.0001831055
-.0000762939
-.0000762939
-.0002899170
-.0002899170
-.0002746582
-.0001220703
-.0000457764
-.0000457764
-.0000762939
-.0000305176
.0000457764
-.0000915527
-.0001373291
-.0001373291
-.0001373291
-.0001373291
-.0001068115
-.0000610352
.0002136230
.0001983643
.0001678467
.0000610352
-.0000457764
.0000610352
.0000305176
-.0000305176
.0000610352
.0000610352
.0000610352
.0000762939
-.0000457764
.0000762939
.0000915527
-.0000610352
-.0000610352
.0000610352
.0000610352
-.0000610352
-.0000762939
-.0000610352
.0001068115
.0001220703
-.0000762939
-.0001983643
-.0001373291
.0001373291
.0001220703
-.0001220703
-.0001983643
-.0001068115
.0000457764
.0000305176
-.0001068115
-.0001068115
.0000457764
.0000915527
.0000457764
-.0000762939
-.0001373291
.0425872803
.0192718506
.0044250488
-.0051879883
-.0037689209
-.0025024414
.0015258789
-.0018310547
-.0013732910
-.0019683838
.0010223389
.0007781982
.0020294189
-.0018005371
.0009918213
.0007781982
.0014648438
.0005340576
.0007324219
-.0006561279
-.0002441406
.0002441406
.0005187988
.0002288818
.0003662109
-.0001983643
.0001220703
-.0004730225
-.0002288818
.0002593994
.0002136230
.0001068115
-.0001220703
-.0001983643
-.0002746582
.0001068115
.0002899170
.0002136230
.0000915527
.0000915527
.0001525879
.0001831055
.0000457764
.0001525879
-.0001678467
-.0001220703
.0001373291
-.0000457764
-.0000915527
-.0001678467
-.0001525879
-.0001831055
.0001220703
.0000762939
.0001678467
.0000457764
-.0001525879
-.0001983643
-.0001068115
-.0001220703
.0001373291
.0001373291
.0001525879
-.0000610352
-.0000915527
-.0000915527
.0000305176
-.0000610352
-.0001220703
-.0001373291
-.0000915527
.0000610352
.0000762939
.0000610352
.0001068115
.0002899170
.0002746582
.0002136230
.0000457764
-.0000762939
-.0000610352
-.0000305176
.0000305176
.0001373291
.0002593994
.0002746582
.0001373291
-.0001220703
-.0001831055
-.0000457764
.0001831055
.0001220703
.0000610352
.0000457764
.0001220703
.0000915527
-.0000610352
-.0001220703
-.0001220703
-.0000610352
-.0000610352
-.0001220703
-.0000762939
.0000457764
-.0000915527
-.0001373291
-.0002136230
-.0000915527
.0001678467
.0001525879
.0000762939
-.0000610352
.0308227539
-.0070190430
-.0064086914
.0016632080
.0012054443
-.0020751953
-.0020294189
-.0015258789
-.0008697510
.0006561279
-.0014038086
-.0011138916
.0016937256
-.0010070801
-.0005493164
-.0005798340
-.0007019043
-.0003967285
.0005035400
-.0004272461
.0002288818
-.0004272461
.0002288818
.0002593994
-.0003967285
.0002593994
-.0001373291
-.0005187988
-.0003967285
-.0003967285
-.0001220703
.0000915527
-.0001373291
-.0001373291
-.0002288818
-.0001678467
.0000762939
.0001068115
-.0001831055
-.0002593994
-.0001983643
-.0001525879
-.0000762939
.0000762939
-.0001831055
-.0001831055
-.0002288818
-.0002136230
-.0001525879
-.0000457764
-.0001373291
-.0001678467
-.0001678467
-.0000762939
.0001068115
.0000457764
-.0001831055
-.0002288818
-.0001678467
-.0000915527
-.0000610352
-.0000305176
.0000762939
-.0000305176
-.0000762939
-.0001068115
-.0000915527
-.0000610352
.0000610352
-.0000762939
-.0000762939
-.0000915527
.0000610352
.0001220703
.0001220703
.0000610352
-.0000305176
-.0000305176
.0000610352
.0001068115
.0000610352
-.0000610352
-.0000457764
.0001220703
.0001525879
.0000762939
-.0000457764
-.0001068115
-.0000762939
-.0000610352
-.0000457764
-.0000305176
-.0000457764
-.0000457764
.0000305176
.0000457764
.0000305176
-.0000610352
.0000610352
.0001983643
.0002441406
.0002136230
.0001220703
.0001220703
.0001373291
.0000457764
-.0001068115
-.0000610352
.0001525879
.0001678467
.0200500488
.0156097412
.0053710938
-.0055694580
-.0036468506
-.0020294189
.0017700195
-.0010681152
-.0007629395
-.0011138916
.0003051758
.0005187988
.0016632080
-.0009918213
-.0006103516
.0002288818
.0003356934
.0004272461
-.0005645752
-.0005340576
-.0003051758
.0000915527
.0003051758
.0002746582
-.0001068115
-.0001220703
-.0001373291
-.0001220703
.0002288818
.0004882813
.0004119873
.0001983643
-.0000305176
-.0002288818
-.0001373291
-.0000915527
.0002441406
.0001373291
.0001678467
-.0001068115
-.0000457764
.0000762939
.0001068115
.0002136230
.0001373291
-.0000457764
-.0001983643
.0000457764
.0000762939
-.0001068115
-.0001373291
-.0000915527
-.0000610352
-.0000762939
-.0000762939
-.0000610352
-.0000305176
.0000610352
.0000457764
-.0000305176
.0000457764
.0000457764
-.0000915527
-.0000915527
-.0001373291
-.0001220703
-.0000457764
-.0000915527
-.0001220703
-.0001220703
-.0000762939
.0000915527
.0001220703
.0000305176
-.0001525879
-.0001068115
.0000915527
.0002136230
.0002288818
.0001525879
.0000915527
-.0000457764
-.0000610352
-.0000305176
.0000762939
.0001068115
.0000305176
-.0000305176
-.0000457764
.0000305176
-.0000457764
-.0000915527
-.0001220703
-.0000915527
-.0000610352
.0000305176
.0000915527
.0001068115
.0000762939
.0000305176
-.0000915527
-.0000762939
-.0000762939
-.0001831055
-.0002746582
-.0002288818
-.0000457764
.0000915527
.0001220703
.0000762939
-.0000610352
-.0000610352
-.0000762939
-.0316162109
.0066223145
-.0024261475
-.0009155273
-.0005340576
.0012207031
.0015106201
.0011291504
.0010528564
-.0002899170
.0002136230
.0003051758
.0011901855
.0007171631
.0005035400
.0025329590
.0003814697
-.0003509521
.0005035400
.0002899170
-.0001373291
-.0005950928
-.0003814697
-.0005035400
-.0002746582
.0003509521
.0002899170
.0001831055
-.0001373291
-.0001068115
-.0001373291
-.0002593994
-.0001831055
-.0000610352
-.0001525879
.0000762939
.0000457764
.0001068115
.0000610352
-.0002746582
-.0003204346
-.0003204346
-.0003204346
-.0001220703
-.0000457764
-.0000915527
-.0001525879
-.0001831055
-.0001373291
.0002899170
-.0000915527
-.0001525879
-.0001678467
-.0001220703
-.0000457764
.0000610352
.0001068115
.0000915527
-.0001220703
-.0002441406
-.0002746582
-.0001678467
