-.0069274902
-.0057220459
.0045471191
-.0094299316
-.0100250244
.0062713623
.0105438232
.0069885254
.0088195801
-.0136260986
-.0126647949
.0081176758
-.0109405518
.0100402832
-.0111846924
-.0120544434
.0189666748
.0108947754
.0169219971
.0261993408
.0282897949
-.0335693359
.0212707520
.0215301514
.0407867432
-.0424041748
.0664978027
.0399017334
-.0467987061
.0578460693
.0773162842
-.0777740479
.0608825684
-.0920104980
.1359710693
.0566101074
.1161346436
-.1459655762
.1003417969
.0431213379
-.0353088379
.0299987793
.0327606201
-.0950164795
-.1260070801
-.1474914551
-.1148834229
.0994720459
-.0643463135
.0348510742
.1570739746
-.1594085693
.0849456787
-.1276245117
-.0466156006
-.0987243652
-.0958709717
-.1050262451
-.0835876465
.0680084229
.2115173340
.1930389404
-.0596008301
.1230773926
.1274871826
.2126922607
-.0783843994
.1679229736
-.1280212402
.0780334473
.1412811279
.1294403076
.0667877197
.1404876709
-.1596832275
.1020202637
-.0793609619
.1897888184
-.1156463623
-.1515502930
-.0585174561
-.1565399170
-.1637725830
-.1404266357
-.0800018311
-.0508117676
.0724334717
-.0810546875
-.0956420898
-.0980072021
.1083831787
-.0768737793
.0644836426
-.0393981934
-.0556793213
.0658416748
-.1249694824
.0707397461
-.0846710205
-.0739898682
.0706176758
-.0840454102
-.1038513184
.0701751709
.0344238281
-.0718536377
-.1029815674
-.1703186035
.1646270752
-.0864105225
-.0773925781
-.0338745117
-.0957031250
.1542358398
-.1310272217
-.0701293945
.0429840088
-.1126098633
.1330413818
-.1950073242
-.0755920410
.0571746826
.0772247314
.1431121826
-.1484680176
-.0867919922
-.0880432129
-.1779327393
.1465911865
-.0693817139
-.1111907959
-.1891021729
.0892944336
-.0729064941
.0847015381
-.2073211670
.1309051514
.0624847412
-.1697998047
-.1108856201
-.0848693848
.1656188965
.1619567871
.1195068359
.0952453613
.1402893066
.1527099609
-.0675048828
.1540222168
.1254425049
-.1098175049
.1286163330
.1660308838
.1713409424
-.1275024414
-.2004852295
-.1224670410
.0644531250
.2139892578
-.1872406006
-.1002197266
-.2087249756
-.1724548340
-.0880737305
-.1573028564
.2106323242
.1188049316
.2284088135
.1772918701
-.0949249268
-.1863555908
.1532897949
.0669403076
.1562347412
-.1258850098
-.0909881592
.1443786621
.2033081055
-.0877532959
-.1190643311
.2866210938
.2277526855
.1352233887
.2315979004
.1610260010
.2127838135
.1787414551
.1968688965
.1816711426
.1852569580
-.1429595947
-.0731353760
.1858978271
-.1597290039
-.0653991699
.1287078857
.0971832275
-.0753326416
.1047210693
-.1413879395
-.1022033691
.1426544189
-.1563720703
.2417907715
-.1471099854
.1286621094
.0708312988
.0917205811
-.0588836670
-.0375213623
-.0579528809
-.0248107910
.0335998535
-.0770721436
.1204071045
.0919342041
.1304168701
-.0671234131
-.0466918945
-.0538177490
-.0741577148
.1876525879
.0953521729
.1455993652
.1218261719
.0585479736
-.0544891357
-.0898742676
-.1288299561
-.0933532715
-.0859222412
-.0473937988
-.0646057129
-.1493225098
.1214599609
.0865173340
.0539398193
-.0736846924
-.1632385254
-.1625213623
.0703125000
.0578765869
.1161041260
.1312255859
-.1042022705
-.1130065918
.1800384521
.1754913330
-.1563873291
-.0635070801
.1054077148
.1385192871
.1044464111
.0603485107
.1680603027
-.1217041016
.0894317627
-.1029205322
.1417694092
-.1020660400
.0580139160
-.1451873779
-.1404266357
-.1408691406
.0819244385
.2425384521
.2190551758
-.1405029297
.0591888428
.1666412354
.2621917725
.1125946045
.1454620361
.1571197510
.0901489258
.0900421143
.1140747070
-.1424255371
-.1568603516
.1083221436
.1358947754
.1049194336
-.1410827637
.1893005371
-.1405639648
.0822296143
.1272125244
.1811828613
-.1283416748
-.0865631104
.1151428223
-.2171630859
.1004028320
.2221527100
-.2291870117
-.0725250244
.1331329346
-.1472167969
-.1206512451
-.1191864014
.2331695557
-.1610870361
-.1183471680
.1468200684
.1411743164
-.1482391357
.1395568848
.1457977295
.0916137695
.2340545654
.1775360107
-.0922393799
.1045684814
-.1412506104
.1346282959
.1049346924
-.0959930420
-.1653289795
-.1259460449
.1583709717
.2270202637
.1297912598
.1334991455
.1856079102
.1044616699
-.0755615234
-.1865234375
.1426696777
.0970001221
.1736755371
-.1559143066
.0955657959
-.1318206787
-.1719207764
-.1088256836
-.1248321533
.1031188965
.1343078613
-.1013336182
.1657562256
-.1128997803
-.0817565918
-.1662597656
.0954742432
.0926055908
.2005310059
.1439971924
-.0556488037
.1629028320
-.1296081543
.0733642578
.1414489746
-.1869964600
.1081848145
.1237335205
.1525878906
-.1128387451
-.0941619873
-.1204986572
.1127471924
.0667266846
.1772155762
.0869598389
.0741119385
.1499023438
.1449279785
-.0817565918
.1401977539
-.1090393066
-.0849609375
.2522277832
.1303710938
.1296386719
-.1062622070
.1532135010
.1637573242
.0855560303
-.1438903809
.1427917480
.1046752930
.1108093262
-.1482391357
.2437896729
.0922546387
-.0827941895
-.1825561523
.3674163818
.0779571533
-.0868225098
.1206970215
-.1479034424
-.1301422119
.0790252686
.0693969727
.0509948730
-.0752716064
.2817382813
.1588897705
.1416015625
.1642913818
-.1157379150
.0657043457
-.0649719238
.0430603027
-.0804290771
.1406707764
-.1446533203
-.0853881836
-.0520629883
-.0587921143
.1195068359
.1482543945
-.1165161133
-.1895141602
-.0687408447
.1631774902
-.1784210205
-.1721191406
-.1506958008
-.0554351807
-.1870727539
-.1976318359
-.1497955322
-.0797424316
-.1289215088
-.1795806885
.1590576172
-.2283630371
.1049652100
-.2379455566
-.2994689941
-.1775207520
.0746612549
.1173553467
-.1658325195
.1755676270
-.1138305664
.0884094238
.0913391113
-.1344757080
-.1688690186
-.0603027344
.0780639648
-.1908111572
-.1591339111
.0872192383
-.0660247803
.2172851563
-.2548828125
-.0927734375
.0732116699
-.1150207520
.1487884521
.1455230713
.0597381592
.0996551514
.1084289551
-.1429595947
-.0714721680
.0727691650
-.1425170898
.2545013428
-.1075744629
.0707244873
.0709686279
-.0981445313
.2445983887
.1894836426
-.1156463623
-.0529632568
.0944366455
.1337432861
.1500396729
-.0919036865
-.0692138672
-.0509948730
.0802154541
.1040344238
.0809936523
.0736236572
.0947570801
-.0942230225
-.0693206787
-.1319274902
-.0686645508
-.1303405762
-.0745697021
.1800994873
.0884704590
.1330261230
.0303039551
.0482482910
.0288238525
-.0552215576
.0437774658
.0175170898
.0224761963
.0410308838
.0333709717
-.0444793701
-.0856323242
.0177459717
.0221405029
.0225677490
.0353698730
-.0318603516
.0377502441
.0370788574
-.0498809814
-.1082458496
.0749511719
-.0760803223
.1015014648
-.0196228027
.0275573730
.0338745117
-.0553131104
-.0272979736
.0261993408
-.0255889893
-.0300903320
.0502777100
-.0335693359
-.0351257324
-.0312805176
.0350494385
-.0551300049
-.0299987793
.0228118896
.0261383057
.0572662354
.0610809326
.1252593994
-.0753631592
.0820312500
-.1309204102
.0850677490
-.0325469971
-.0287933350
.0872497559
-.0272216797
-.0276336670
.0300750732
.0617218018
.0616455078
.0308532715
-.0721588135
-.0442657471
-.0448608398
-.0482482910
-.0487213135
.0347442627
-.0265808105
-.0399627686
-.0960540771
.0754547119
-.0870666504
-.0686645508
-.0302886963
.0398101807
.0490264893
.0739288330
-.0530548096
-.0515136719
.0332489014
-.0341644287
-.0341796875
-.0511474609
-.0333709717
.0486450195
.0712280273
-.0533752441
.0504760742
.0513000488
-.0474243164
-.0337829590
-.0883789063
-.0691375732
-.0571746826
-.0983886719
-.0996704102
-.0531158447
.0296173096
.0476989746
-.0184936523
-.0199737549
.0168609619
.0236511230
-.0345153809
-.0388793945
.0317077637
-.0786285400
-.0346832275
.0502014160
-.0934906006
.0504150391
.0530242920
-.0669860840
.0401153564
-.0289916992
.0340576172
-.0506896973
-.0366973877
-.0405731201
.0603942871
-.0714111328
-.0674743652
-.0407867432
-.0357208252
.0268554688
-.0567016602
.0473480225
.0741424561
-.0589447021
-.0499420166
-.0729827881
-.0598907471
.0276489258
.0571594238
-.0592651367
-.0678405762
.0355224609
.0401611328
-.0317840576
-.0289611816
.0289459229
.0346984863
-.0408630371
-.0391845703
-.0423736572
-.0381317139
-.0720062256
.0305633545
-.0490875244
.0482788086
.0416717529
-.0665588379
.0234680176
.0256652832
-.0457916260
-.1129302979
-.1974792480
-.0904083252
-.0836334229
-.1391296387
-.0588531494
.0566864014
-.0517883301
-.0450744629
-.0820465088
-.2243041992
.1181488037
-.1187591553
.0559844971
.0474548340
-.0422363281
.1716918945
.1730041504
.0868530273
-.0633697510
.0457611084
.1186065674
.1377258301
.1563720703
-.1070098877
-.0980682373
.0613098145
-.1188507080
-.0782165527
-.0801696777
-.0789947510
-.1472167969
-.0830688477
-.1128082275
-.0694122314
-.1275634766
-.1238250732
-.1617736816
-.1111602783
.0753631592
-.1237640381
-.1274871826
.1196746826
.1502532959
.1243896484
-.0832977295
.2405700684
.1817169189
.0963897705
-.1560058594
-.1352233887
-.1183013916
-.0656433105
-.0970764160
.1155548096
-.1167602539
.0543670654
-.0831298828
.1387634277
.0949249268
-.0809173584
.0487060547
.0573120117
.0429687500
.0775604248
-.1062011719
.0761718750
.0667724609
-.0935668945
-.0895690918
-.0800170898
-.0895233154
-.0777893066
-.0588531494
.0933074951
.0670013428
-.0789031982
.0466918945
.1124420166
-.0966033936
-.0763397217
-.1074829102
.1225585938
.1291046143
-.1162261963
-.1648101807
-.1525268555
-.1030120850
.0665588379
-.1018676758
-.1283874512
.0792083740
.1995697021
-.1321716309
-.1527099609
.1183929443
.1865081787
-.1309967041
-.1441802979
-.1607818604
-.1519775391
-.0834960938
-.1554565430
.1395874023
.0678100586
.1635894775
-.1411132813
-.1529998779
.1401214600
.1378479004
-.0877075195
.1018371582
-.1399688721
.0985717773
-.1026763916
-.1934051514
-.1248016357
-.1215972900
-.1778411865
.1588592529
-.0855255127
.1230926514
.1533660889
-.0685577393
.0725250244
.1243896484
-.0814056396
-.0689849854
-.0791931152
.2094268799
-.0737762451
-.0476379395
.0954589844
.2095489502
-.0988006592
.0460662842
-.0843353271
-.1993408203
-.1026916504
-.0718078613
-.0877075195
-.0933074951
-.1176605225
.1316680908
.0495910645
-.0922088623
.1842041016
-.0900573730
.0806579590
-.1499176025
-.1017608643
.0975036621
.1269378662
-.1364288330
-.1049652100
-.0629425049
.1842651367
.1864471436
-.1058502197
-.1230468750
.1456146240
-.1425018311
-.1183776855
-.0871887207
-.1313018799
-.1462707520
.1073913574
-.1189575195
-.0533905029
.0403289795
.1346588135
.0751647949
-.0977478027
-.0739288330
.1116638184
-.0639190674
-.0700683594
.0499572754
-.0373535156
-.0308685303
-.0528106689
.0389404297
-.0436553955
.0508270264
-.0781402588
-.0702209473
-.0471191406
-.0525970459
.0512847900
-.0382080078
-.0410919189
.0685577393
-.0331726074
.0255584717
-.0299682617
.0218353271
.0199127197
.0342712402
.0352783203
-.0403900146
.0460815430
.0382537842
.0376739502
-.0306549072
-.0300598145
-.0291137695
-.0138854980
-.0194702148
-.0203247070
-.0281066895
.0242614746
.0335693359
-.0239105225
.0155487061
.0232849121
.0278778076
-.0291748047
.0281219482
-.0230712891
-.0225677490
.0144500732
.0192718506
.0264434814
-.0158691406
-.0202178955
.0192260742
-.0199737549
-.0203247070
-.0117034912
-.0183868408
.0259552002
.0165710449
.0120544434
.0177459717
-.0211791992
-.0120544434
-.0065917969
-.0135955811
.0079498291
.0156860352
.0051574707
.0111236572
-.0221862793
-.0074462891
.0125122070
-.0118865967
.0111083984
.0084075928
.0105438232
.0115203857
-.0053100586
-.0113525391
.0137481689
-.0042419434
.0098876953
.0140075684
.0045928955
.0074310303
.0096435547
-.0063171387
-.0116577148
-.0076141357
-.0063018799
-.0070800781
.0051422119
-.0081634521
.0090484619
-.0056304932
.0086517334
-.0067443848
-.0046691895
.0065460205
.0034484863
.0060729980
-.0057830811
-.0064544678
.0077362061
-.0028991699
.0057373047
-.0044860840
-.0057525635
.0059661865
.0036010742
-.0075836182
-.0029144287
.0047454834
-.0035247803
-.0063934326
.0053710938
.0049438477
.0046691895
.0033264160
.0061798096
.0023498535
-.0044403076
.0030517578
.0044250488
-.0030670166
.0034179688
.0027923584
-.0044555664
-.0035858154
-.0042419434
-.0040893555
.0039062500
.0042266846
.0031433105
-.0031585693
-.0022735596
-.0044708252
.0028228760
-.0030822754
.0027008057
-.0027770996
-.0025634766
.0033569336
-.0023345947
.0023803711
-.0036468506
.0030822754
.0024108887
.0029296875
.0030975342
.0023498535
.0032196045
-.0025329590
-.0020446777
-.0022888184
.0020446777
.0022125244
.0034484863
-.0019836426
-.0032348633
.0025024414
-.0024719238
-.0023193359
.0015716553
.0017089844
.0017242432
.0023956299
-.0016632080
.0014038086
-.0022735596
-.0017547607
.0018615723
.0018768311
.0017852783
.0019531250
.0019226074
-.0018310547
-.0020904541
-.0016479492
.0014801025
-.0014190674
.0016632080
.0012969971
.0019683838
-.0015258789
-.0018920898
-.0010223389
-.0014190674
