-.0000152588
.0000152588
-.0000152588
.0000152588
.0000152588
-.0000152588
.0000152588
.0000152588
.0000152588
-.0000152588
-.0000152588
.0000152588
-.0000152588
-.0000152588
.0000152588
-.0000152588
.0000152588
-.0000305176
-.0001068115
.0000762939
-.0001983643
.0003051758
.0002746582
-.0002288818
-.0004272461
-.0005950928
.0007629395
-.0004425049
.0007171631
.0005187988
.0005035400
-.0002899170
-.0003967285
-.0003356934
-.0003204346
.0004272461
.0003662109
.0003509521
.0004272461
.0019226074
.0138092041
-.0147247314
.0075073242
.0086364746
-.0039672852
.0212707520
.0080413818
.0117187500
.0087890625
.0182189941
.0068817139
-.0072784424
.0051269531
.0094604492
-.0062713623
.0056152344
.0050354004
.0102844238
.0107116699
-.0077209473
-.0083007813
.0115966797
.0131225586
.0093231201
.0083312988
.0135955811
-.0074005127
.0091857910
.0062408447
-.0068511963
-.0057678223
-.0076904297
.0057983398
-.0086364746
-.0073089600
.0086822510
.0084075928
-.0073699951
.0078887939
.0073242188
.0083465576
.0072479248
.0068206787
-.0053863525
-.0058288574
-.0043640137
-.0075683594
.0057678223
.0074920654
.0092315674
.0093536377
-.0086364746
-.0144500732
-.0076599121
.0085601807
.0073089600
-.0048217773
.0049743652
-.0100708008
.0083465576
.0066375732
-.0079193115
-.0093841553
.0125732422
-.0106506348
.0147552490
.0179595947
-.0153656006
.0198974609
.0167999268
.0184326172
-.0162506104
.0156402588
.0122985840
-.0152740479
-.0129547119
-.0085754395
-.0130310059
-.0169830322
-.0164794922
-.0190429688
-.0223236084
-.0223388672
.0280456543
.0350494385
.0339508057
.0356597900
-.0306243896
-.0324554443
-.0431823730
-.0346679688
-.0349884033
-.0304565430
-.0301361084
.0261383057
-.0300598145
.0288696289
.0325469971
.0348663330
.0299072266
.0241241455
-.0226593018
.0236663818
-.0241851807
-.0193786621
-.0180664063
.0188293457
-.0174255371
-.0126953125
.0069427490
-.0083160400
-.0132141113
.0132598877
-.0130310059
-.0101470947
.0121765137
-.0144500732
-.0130615234
.0140838623
-.0170288086
.0137023926
-.0154113770
.0174102783
.0140533447
.0093231201
-.0066375732
.0074462891
.0079650879
.0081939697
.0081634521
.0107116699
-.0092773438
.0131225586
.0106658936
-.0083618164
-.0073699951
-.0051422119
.0059814453
-.0049285889
.0065917969
-.0090026855
.0079193115
-.0090789795
.0115814209
-.0159149170
.0210571289
.0319976807
-.0614166260
-.0759735107
-.0997467041
-.0901489258
-.1156463623
-.1107635498
.1063842773
.1164703369
.1065826416
.0987701416
-.0749664307
.0837402344
.0720214844
.0653533936
.0512084961
.0424652100
.0530700684
.0695037842
-.0869140625
.0762329102
-.0788879395
.0888671875
-.0890502930
.1613464355
-.1515960693
-.1815643311
-.1426544189
-.1201324463
-.1031799316
-.0403594971
.0657348633
.0656585693
-.0552368164
.1186523438
-.0855407715
-.1211700439
.0946197510
.0519714355
-.0330505371
-.0422363281
.0428619385
.0414581299
.0375976563
-.0238647461
-.0246582031
.0222473145
.0205535889
-.0152740479
-.0098724365
.0056762695
.0062103271
.0045166016
.0037231445
.0061035156
.0064849854
-.0057525635
.0032501221
.0037384033
.0033569336
.0027008057
.0036010742
.0009002686
.0020294189
.0017547607
-.0015411377
-.0019378662
-.0012817383
.0011596680
.0016937256
-.0018615723
.0023498535
.0012512207
-.0015106201
-.0006713867
-.0012359619
.0010070801
-.0007781982
.0006256104
.0006713867
-.0009460449
-.0003967285
-.0006256104
.0010223389
.0007019043
.0010375977
-.0006561279
.0006408691
-.0005493164
-.0002593994
-.0004425049
-.0003662109
.0005035400
.0006103516
-.0002136230
-.0002288818
.0002136230
-.0003509521
.0006256104
.0007019043
.0006256104
.0004730225
.0003967285
-.0008850098
-.0005340576
.0013427734
-.0027770996
.0012969971
.0009307861
-.0009155273
.0008850098
.0015869141
.0016174316
-.0050811768
-.0046539307
.0059356689
.0067749023
.0060729980
.0087127686
.0073242188
.0078125000
.0091400146
.0100097656
.0086975098
.0064239502
-.0067901611
.0051116943
-.0061645508
.0065765381
.0048980713
-.0067749023
-.0043334961
.0073699951
.0050811768
.0049438477
.0039215088
.0031280518
-.0034484863
-.0032348633
-.0039367676
.0049591064
-.0046234131
-.0040893555
-.0044097900
-.0036926270
-.0048370361
-.0022735596
-.0026550293
.0030822754
.0034942627
.0040893555
-.0033874512
-.0042266846
.0047912598
.0047760010
.0047760010
-.0035095215
-.0023040771
.0029602051
.0032043457
-.0043792725
-.0067291260
-.0067291260
.0071411133
-.0067443848
-.0054321289
.0058593750
.0042266846
-.0039215088
.0026855469
.0049743652
.0040283203
.0052490234
-.0048980713
.0060119629
-.0062408447
-.0064544678
.0063781738
-.0074157715
-.0060272217
-.0062103271
-.0062255859
.0072937012
.0059814453
.0066986084
.0066070557
-.0051879883
-.0054473877
-.0043182373
-.0052947998
.0090179443
-.0185394287
-.0264892578
.0291290283
.0298614502
-.0239410400
.0226898193
.0196380615
.0205841064
-.0223541260
.0261535645
.0291442871
-.0308837891
-.0354766846
-.0415191650
.0390472412
-.0625915527
-.0686645508
-.0674591064
-.0776977539
.0743255615
-.0857849121
.0884704590
-.0949707031
.0914611816
-.0995330811
-.0913085938
.0848236084
-.1466827393
-.1496429443
-.1362762451
.0766601563
.1039123535
.0950622559
.0552215576
.0578765869
.0672760010
.0584411621
.0515594482
.0449981689
-.0410003662
-.0579681396
-.0658111572
-.0482177734
.0200958252
-.0661468506
.0637817383
.0535125732
-.0493621826
-.0520782471
.0854644775
-.0974731445
-.0768585205
.0578613281
.0217285156
-.0479736328
-.0554199219
.0376739502
.0330047607
-.0240173340
-.0226593018
.0254516602
.0142822266
.0125274658
-.0176544189
.0086975098
-.0057220459
-.0110015869
.0047454834
.0070953369
-.0063018799
.0031433105
.0055236816
-.0062561035
.0030517578
-.0069885254
.0019836426
-.0022888184
-.0018157959
-.0018005371
.0016632080
.0020141602
-.0016326904
-.0017242432
.0012512207
-.0011444092
-.0008544922
.0015869141
-.0006866455
.0012359619
.0014343262
.0006561279
.0022277832
.0008544922
.0008697510
.0012359619
-.0013732910
.0004730225
-.0006713867
-.0006408691
-.0007324219
-.0003662109
.0007629395
-.0005035400
.0005493164
-.0005035400
.0004272461
.0004119873
.0004730225
-.0003051758
-.0002136230
.0002441406
-.0002288818
.0001373291
-.0003509521
.0002899170
-.0003814697
.0007324219
.0005950928
-.0003814697
.0007171631
-.0002746582
-.0006561279
-.0005645752
-.0005340576
.0010223389
-.0016479492
-.0015411377
.0010833740
.0013732910
-.0010528564
.0015716553
-.0019378662
-.0028686523
.0034942627
-.0019531250
.0024108887
-.0021514893
.0015716553
-.0021667480
-.0018920898
.0026702881
.0014953613
.0020904541
.0019378662
-.0018920898
.0019378662
-.0019531250
-.0024261475
-.0017852783
.0013427734
.0014343262
.0023193359
-.0026245117
-.0036773682
-.0034637451
-.0045471191
-.0047607422
-.0058288574
-.0067749023
-.0127258301
.0173797607
-.0237731934
.0325317383
.0362548828
.0420532227
-.0455932617
.0538024902
.0544891357
.0599975586
.0592803955
-.0508880615
.0424804688
-.0320892334
.0429382324
.0459136963
.0436401367
-.0287780762
.0477600098
.0450134277
.0411224365
.0095672607
.0281219482
-.0151824951
-.0313873291
-.0328063965
-.0295410156
-.0340423584
.0312500000
.0270690918
.0245971680
.0217437744
-.0226287842
-.0213165283
-.0215301514
-.0194091797
.0185852051
.0238647461
.0211029053
.0285797119
-.0273895264
-.0275268555
-.0236816406
.0169372559
.0146789551
-.0172424316
-.0189514160
-.0202484131
.0150451660
-.0233764648
.0223541260
-.0112457275
-.0118103027
-.0106964111
.0159454346
.0186004639
-.0178527832
-.0138092041
.0102691650
.0084838867
.0099334717
.0178070068
-.0160217285
-.0210571289
.0240631104
.0225677490
-.0171508789
.0175323486
.0152740479
-.0136871338
.0164642334
.0170898438
-.0128631592
.0141296387
.0145263672
-.0122528076
-.0124511719
.0116271973
-.0108642578
-.0090484619
.0042114258
.0044250488
.0060577393
-.0075378418
.0099639893
-.0120239258
-.0118560791
.0171508789
-.0141601563
.0170593262
.0156250000
-.0126953125
.0129241943
-.0101623535
.0111999512
.0086669922
-.0075988770
.0125885010
-.0113983154
.0159759521
-.0139007568
.0178375244
.0156250000
-.0158538818
.0200500488
-.0182189941
.0211944580
-.0191802979
.0220031738
-.0187683105
.0196228027
.0216064453
-.0172882080
.0193939209
-.0158233643
.0184173584
-.0156555176
.0180816650
-.0162506104
.0191040039
.0168762207
-.0180969238
.0198974609
-.0180816650
.0201873779
-.0182495117
.0204010010
-.0184020996
.0200500488
-.0193481445
.0197296143
-.0198211670
.0195922852
-.0180358887
.0190582275
-.0173187256
.0178680420
-.0169372559
.0177612305
-.0165557861
.0185241699
-.0170135498
.0198822021
-.0191497803
.0209197998
-.0190887451
.0210723877
-.0178527832
.0190582275
.0134887695
-.0151367188
.0193634033
-.0166778564
.0194854736
-.0157012939
.0180358887
-.0148773193
-.0125885010
.0139312744
-.0116882324
.0126495361
-.0112152100
.0106506348
.0116271973
-.0093536377
.0118713379
-.0074768066
-.0110321045
.0119323730
-.0118713379
.0124053955
.0112152100
-.0129547119
.0135192871
-.0085906982
-.0129699707
.0139617920
-.0135955811
-.0120086670
.0144805908
-.0123748779
.0114135742
.0143127441
-.0119628906
.0124206543
.0134887695
-.0115661621
.0122680664
.0124511719
-.0119781494
.0125732422
.0123748779
-.0127716064
.0121002197
.0123748779
-.0108032227
.0113983154
.0114898682
-.0102539063
-.0110931396
.0110321045
-.0102233887
-.0111694336
.0114593506
-.0093841553
-.0114593506
.0115509033
-.0073852539
-.0116271973
.0111999512
.0107879639
-.0121765137
.0104675293
.0119476318
-.0125427246
-.0124053955
.0122222900
-.0121307373
-.0124359131
.0123748779
-.0112762451
-.0121917725
.0129089355
.0121765137
-.0128021240
.0105133057
.0122070313
-.0122070313
-.0118865967
.0123748779
-.0116882324
-.0120239258
.0120697021
-.0068969727
-.0119171143
.0121002197
.0120391846
-.0125274658
-.0123748779
.0123138428
-.0115203857
-.0130157471
.0129699707
.0092620850
-.0132598877
.0131835938
.0129394531
-.0127105713
-.0126037598
.0135955811
-.0127410889
-.0129089355
.0126037598
-.0130767822
-.0129547119
.0125274658
.0082550049
-.0130310059
.0128326416
.0122680664
-.0130310059
-.0127258301
.0119628906
-.0130920410
-.0129852295
.0119781494
-.0126953125
-.0126495361
.0121765137
.0081787109
-.0133819580
.0112304688
.0122375488
-.0120849609
-.0141906738
.0128936768
.0088806152
-.0144653320
.0124511719
.0134735107
-.0125274658
-.0145721436
.0128021240
.0090789795
-.0138244629
-.0118865967
.0124206543
-.0124053955
-.0134429932
.0124816895
.0127410889
-.0134582520
-.0134124756
.0127716064
.0088500977
-.0126495361
-.0117492676
.0124053955
-.0124816895
-.0129547119
.0124359131
.0122375488
-.0125579834
-.0129089355
.0124511719
.0107421875
-.0128936768
-.0128784180
.0117645264
-.0131835938
-.0138549805
.0115356445
.0107879639
-.0148925781
-.0153045654
.0109100342
-.0123748779
-.0146942139
.0100555420
-.0101623535
-.0139770508
.0092620850
.0094451904
-.0136871338
-.0121002197
.0101470947
-.0121154785
-.0136413574
.0094299316
-.0105743408
-.0137939453
-.0091094971
.0102996826
-.0139465332
-.0136566162
.0105285645
-.0118408203
-.0141143799
.0110626221
-.0107269287
-.0150146484
-.0101013184
.0098419189
-.0134124756
-.0133972168
.0097961426
-.0123291016
-.0127410889
.0117797852
.0119781494
-.0114898682
-.0130310059
.0141296387
.0136413574
.0106658936
-.0096282959
-.0104370117
-.0084381104
-.0062561035
-.0037994385
-.0040435791
-.0035400391
.0050506592
-.0031280518
-.0022430420
-.0028533936
-.0022430420
-.0021972656
.0019073486
.0027160645
-.0039672852
.0024566650
.0025482178
.0020904541
.0021209717
.0015411377
.0013580322
.0012207031
.0009307861
-.0009002686
-.0009002686
-.0007171631
-.0005493164
.0005798340
-.0005493164
-.0002288818
.0003662109
.0003204346
-.0002746582
-.0003356934
-.0003814697
-.0004425049
.0001983643
.0002136230
.0002136230
.0001525879
.0001525879
.0002593994
-.0001678467
.0002746582
.0003204346
-.0001831055
.0002746582
.0002288818
.0001678467
-.0001525879
.0002441406
.0001831055
-.0002136230
.0001678467
.0002288818
-.0002288818
-.0002136230
.0001373291
.0001831055
.0001525879
.0001525879
.0001373291
.0001678467
.0001220703
.0001525879
.0000915527
.0001831055
.0001220703
.0001373291
.0001068115
.0000762939
.0001525879
.0001220703
.0001220703
.0001068115
.0001525879
.0001220703
.0001220703
.0002288818
-.0001831055
.0002136230
.0001831055
-.0001983643
.0002136230
.0005035400
.0003051758
-.0003814697
.0004272461
.0005798340
.0009460449
-.0009155273
-.0008239746
-.0012817383
.0006256104
.0010681152
-.0010223389
-.0008239746
-.0010070801
.0008392334
.0007934570
-.0007171631
.0007171631
-.0007476807
.0004577637
.0005187988
-.0005645752
.0007324219
-.0008850098
.0008087158
