.0000152588
-.0000152588
.0000152588
-.0000152588
-.0000152588
.0000152588
-.0000152588
.0000152588
-.0000152588
.0000152588
.0000152588
.0000152588
-.0000152588
.0000152588
.0000152588
.0000152588
-.0000152588
-.0000152588
-.0000152588
-.0000152588
-.0000152588
-.0000152588
-.0000152588
-.0000152588
.0000152588
-.0000152588
-.0000152588
.0000152588
-.0000152588
.0000152588
-.0000152588
.0000152588
.0000152588
.0000152588
.0000152588
-.0000152588
-.0000152588
.0000152588
-.0000152588
-.0000152588
.0000152588
-.0000152588
.0000152588
-.0000152588
.0000152588
-.0000152588
.0000152588
-.0000152588
-.0000152588
.0000305176
.0000915527
-.0002441406
-.0003204346
-.0005187988
-.0007629395
.0028533936
-.0314636230
-.0387725830
-.0613098145
-.0472717285
-.0302429199
.0451202393
.0549621582
.0725250244
-.0679016113
.0515136719
.0453948975
-.0765838623
.1323242188
-.1295013428
-.0971221924
-.1284637451
-.0963897705
-.0682373047
.0743408203
.1011047363
.1227569580
-.1047210693
.1173400879
-.1053466797
.0916290283
.0976257324
.0937347412
.0972595215
.0695495605
.0785980225
-.0689239502
.0805969238
-.0767974854
-.0928344727
.0931243896
.1048889160
.1034088135
.1006927490
.1125793457
.1184692383
.1156158447
.1160736084
.1035003662
.1040344238
-.0670318604
-.0731811523
.1586303711
-.2014465332
-.1614685059
-.1439056396
-.1561431885
-.0761108398
-.0628051758
-.0786437988
-.0780334473
-.0676727295
-.0856781006
-.1323699951
-.2157897949
.1165161133
-.1522674561
-.1309509277
-.0770721436
-.0474243164
-.0157623291
.0120697021
.0222167969
.0207672119
.0113372803
.0162658691
.0106964111
.0036621094
-.0025024414
-.0046386719
-.0035858154
-.0019531250
-.0056610107
-.0030212402
-.0031433105
-.0038146973
-.0027618408
-.0024871826
-.0030670166
-.0026702881
-.0025634766
-.0026092529
-.0031585693
-.0020446777
-.0025177002
-.0020751953
-.0016937256
-.0009307861
.0034790039
.0039520264
.0020294189
.0026855469
.0023345947
.0023803711
.0090026855
.0026245117
.0017700195
.0016784668
.0014190674
.0016326904
.0015716553
.0014801025
.0023498535
-.0013427734
-.0010681152
-.0010986328
-.0013580322
.0012664795
.0012817383
.0037994385
.0161132813
.0882110596
-.1000671387
-.1489257813
.1628570557
-.1848144531
-.1907653809
-.2079315186
-.1986694336
-.1592864990
-.1327056885
-.1646423340
-.1538543701
-.1103363037
-.0807037354
-.0752716064
.0981140137
.1037750244
.0727386475
.1076202393
.0906372070
-.0873107910
-.0707702637
-.1864166260
-.2200469971
-.2124786377
-.1859588623
-.1813812256
-.1386566162
-.0614776611
-.0675659180
-.0703887939
.0966186523
.0516052246
-.0623474121
-.0989227295
-.1972351074
-.1702117920
-.1224822998
-.1511383057
-.1674194336
-.1170806885
-.0796813965
-.0451965332
-.0661621094
-.1133728027
-.1081237793
-.1100769043
-.1237182617
-.1138916016
-.1125183105
-.1157073975
-.1166229248
-.1186065674
-.1047363281
-.0608520508
.0282897949
-.0176239014
-.0077362061
.0062408447
.0075225830
-.0077667236
-.0117797852
-.0037231445
-.0044708252
-.0030364990
.0019531250
.0024261475
.0018615723
.0018157959
-.0023956299
-.0039367676
-.0040893555
-.0034179688
-.0048980713
-.0040740967
-.0036621094
-.0023956299
.0029449463
.0040130615
.0032958984
.0021667480
.0019226074
.0018310547
.0019378662
.0014801025
.0014648438
-.0037078857
.0031127930
.0022125244
.0022277832
.0015716553
-.0015716553
-.0021972656
-.0018157959
-.0017242432
-.0029602051
-.0016174316
-.0013275146
-.0017089844
-.0019989014
-.0019683838
-.0016937256
.0017089844
.0019989014
.0013122559
-.0018463135
.0121917725
.0786895752
-.0988006592
-.1415252686
-.1544494629
-.1472930908
-.1413116455
-.1301879883
-.1595001221
.1520996094
-.1994781494
-.2054290771
-.2077331543
-.1398010254
-.0887603760
-.0962982178
-.0952758789
.0781250000
-.0747070313
-.0670776367
.0684051514
-.1042327881
-.1394958496
-.1449279785
-.1810150146
-.2222747803
-.2106628418
-.1613006592
-.1501007080
-.1587219238
-.1948852539
-.1936492920
-.1035308838
-.1018676758
-.0895996094
-.0923309326
-.0942535400
-.0701751709
.0855560303
.0735168457
.0986938477
-.1240844727
-.2145538330
-.2468261719
.1352539063
-.1532745361
.1615142822
-.1934661865
.1493835449
-.1433258057
.0468597412
.0269165039
.0270385742
-.0177764893
.0087890625
-.0139923096
.0100555420
.0093231201
.0054168701
.0046081543
.0044097900
-.0044097900
-.0030670166
-.0011291504
.0030517578
.0025939941
.0024261475
.0016326904
.0024414063
-.0006713867
-.0041046143
-.0020446777
-.0029754639
-.0030364990
-.0027465820
-.0019836426
.0018768311
.0019226074
.0017852783
-.0031738281
.0020904541
-.0017547607
-.0019378662
-.0017547607
-.0015106201
-.0013122559
-.0012359619
-.0014648438
.0019836426
.0019378662
.0020599365
.0027313232
.0016784668
.0012664795
.0010223389
.0009155273
.0006408691
-.0008544922
-.0005950928
.0008087158
.0007324219
.0012817383
.0017395020
.0015106201
.0014801025
-.0019378662
.0018920898
.0018005371
.0014038086
.0007324219
-.0016174316
-.0026245117
-.0028228760
-.0023803711
-.0016937256
-.0016174316
-.0016937256
-.0015411377
-.0017395020
-.0016021729
-.0014038086
.0014343262
.0016632080
.0016937256
.0013732910
.0015258789
.0008850098
-.0028686523
.0053405762
-.0048980713
.0278015137
.0561981201
.0810089111
.1099853516
.1366577148
-.1110229492
.0956573486
-.1048278809
.1266174316
.1249084473
.1224822998
-.1641235352
-.2076568604
-.1631774902
-.1596679688
-.1977691650
.1847534180
-.1309204102
.1241760254
.1347351074
.1406097412
.1162414551
.1281433105
.1375274658
.1129760742
-.1248016357
-.1326751709
-.1340942383
.1258239746
-.1267547607
-.1234588623
.1226196289
.1240844727
.1155700684
.1261444092
.1217346191
.1211090088
.1344909668
.1127319336
.1256408691
-.1237335205
-.1386871338
-.1358032227
-.1520996094
-.1381072998
-.1262817383
.1410980225
-.1381988525
.1962890625
-.2213439941
-.1904296875
-.1863861084
.1768188477
-.1303405762
.1263732910
.1415252686
.1409454346
-.1304931641
-.1472015381
.1290740967
-.1428680420
-.2218933105
.1701660156
.1479644775
-.1715087891
-.1237182617
.1218872070
-.1336975098
.1283569336
.1169433594
-.1216430664
-.1690826416
-.1806945801
-.1861114502
-.1913146973
-.1896667480
-.1339111328
.0967712402
.1321258545
-.1396331787
-.1452636719
-.1468200684
.1401824951
.1161041260
.1842651367
-.1759338379
.1536560059
.1853942871
-.1365814209
.1260070801
.1574859619
.1506347656
.1429138184
.1400451660
.1551513672
.1298370361
.1387329102
-.1456604004
-.1450958252
-.1609191895
-.1373596191
-.0987396240
.1206665039
.1517333984
.1497955322
.1417083740
.1364135742
.1376800537
.1553344727
.1366271973
-.1562957764
-.2077941895
-.1967010498
.1899108887
-.1680450439
.1537475586
.1165466309
.1328887939
.1676483154
.1575164795
.1261749268
.1457672119
-.1549987793
-.1960296631
-.1622009277
.1766815186
.1714019775
-.1336669922
.1506347656
.1508331299
.1377258301
.1482543945
-.1510314941
-.2081298828
-.1983184814
-.1934661865
.1890563965
.1654052734
.1354827881
-.1012573242
.1190795898
.1403808594
.1388092041
-.1342468262
.1402587891
-.1209564209
.1269531250
.1284332275
-.1462097168
.2182464600
-.1527862549
.1290435791
.1726531982
-.1494903564
.1350555420
.1270751953
.1336975098
.1285858154
.1398468018
.1268005371
.1383361816
-.1420288086
.1369781494
-.1485137939
-.1430664063
-.1431427002
-.1830596924
-.1791687012
.1723632813
.1603240967
-.1351470947
-.1089630127
.1142883301
.1371765137
.1502685547
.1125183105
.1195678711
.1295471191
.1247711182
.1189727783
.1390380859
.1314392090
-.1826782227
-.1849517822
-.1167144775
.1490325928
.1552886963
-.1212615967
.1297149658
.1385803223
.1459197998
.1508636475
-.1473388672
.1509246826
-.1872558594
-.1716766357
.1795196533
.1807556152
.1768188477
.1576538086
-.1348419189
.1452636719
.1705932617
.1521301270
.1399536133
.1617736816
.1351776123
.1417388916
.1488037109
.1540222168
.1479492188
.1597900391
.1550750732
.1530456543
.1521606445
.1610260010
-.1560211182
.1509094238
.1479187012
.1633300781
.1535186768
.1516723633
.1560821533
.1490020752
.1365509033
.1482849121
.1380310059
-.1473083496
-.1591796875
.1493377686
.1402740479
.1528472900
.1483917236
.1756439209
-.1954803467
.1314239502
.1338806152
.1530456543
.1914367676
-.1556243896
.1699829102
.1681976318
-.1552581787
.1687927246
.1694030762
.1713409424
.1706542969
-.1778564453
-.1717834473
-.1129455566
.1309509277
.1282958984
.1454162598
-.1551208496
.1806793213
.2027282715
.1877593994
.1862792969
.2208557129
.1845855713
.2015686035
.1720733643
.1390991211
.1580047607
.1904754639
.1772613525
.1683349609
.1710968018
.1825256348
.1940155029
.1844329834
.1867065430
.1764831543
.1826171875
.1794738770
.1880493164
-.1946258545
-.1320190430
.1196289063
-.1144561768
.1450958252
-.1643066406
.1914062500
.1776428223
.1663513184
.1455993652
.1452789307
.1411743164
.1496429443
.1541595459
.1545562744
.1517333984
.1197509766
.1140747070
-.1032409668
.0928344727
.0852508545
.0815582275
-.0517425537
.0335083008
-.0278320313
-.0234680176
.0177459717
.0212249756
-.0116729736
-.0102691650
-.0098419189
-.0035095215
-.0031127930
.0078277588
-.0036163330
.0021667480
.0059204102
.0031738281
.0034484863
.0082550049
-.0032958984
-.0054626465
-.0037231445
-.0037841797
-.0069732666
-.0031738281
-.0012969971
.0017242432
.0048675537
.0025939941
.0024414063
.0018615723
.0017089844
-.0015869141
-.0012054443
-.0013885498
-.0029602051
.0020446777
.0021057129
.0022125244
.0021667480
.0019226074
-.0119018555
.0029449463
-.0020446777
-.0022888184
-.0027618408
-.0025634766
-.0019073486
-.0023498535
-.0019683838
-.0023498535
-.0024414063
-.0025634766
.0014038086
.0014801025
.0028686523
.0028381348
.0014190674
.0016784668
-.0024719238
-.0027008057
-.0022888184
-.0018920898
-.0008087158
-.0011749268
-.0018005371
.0017700195
.0018920898
.0017242432
.0011749268
.0007476807
.0005187988
.0003662109
.0006561279
.0010681152
.0017395020
.0019836426
.0016174316
.0015106201
.0007019043
-.0044403076
-.0020599365
-.0029907227
-.0032958984
-.0033264160
-.0026550293
-.0014801025
.0030364990
.0009307861
.0021362305
.0027313232
.0022430420
.0013275146
-.0007781982
-.0018005371
-.0021362305
-.0019989014
-.0018768311
-.0014801025
-.0010528564
.0001678467
.0006713867
.0012969971
.0013732910
.0010070801
.0005950928
.0001983643
-.0000762939
-.0001220703
-.0002136230
-.0001983643
-.0001373291
.0000457764
.0000152588
-.0000610352
-.0000762939
-.0000762939
-.0000610352
-.0000610352
-.0000762939
-.0000762939
-.0000762939
.0000762939
.0000762939
.0000915527
.0000915527
.0001068115
.0001373291
.0001678467
.0002288818
.0002441406
.0002746582
.0002746582
.0002593994
.0002136230
.0001678467
.0001068115
-.0000762939
-.0000762939
-.0000610352
-.0000457764
-.0000457764
.0000762939
.0001220703
.0001525879
.0001678467
.0001373291
.0001068115
.0000610352
-.0000457764
-.0000457764
-.0000610352
-.0000762939
-.0000762939
-.0000610352
-.0000457764
-.0000152588
-.0000152588
.0000305176
.0000152588
.0000152588
.0000152588
.0000152588
.0000152588
.0000152588
-.0000152588
.0000152588
.0000152588
.0000152588
-.0000152588
.0000152588
.0000152588
.0000152588
-.0000152588
.0000152588
.0000152588
-.0000152588
.0000152588
-.0000152588
.0000152588
.0000152588
-.0000152588
-.0000152588
.0000152588
-.0000152588
.0000152588
-.0000152588
.0000152588
-.0000152588
-.0000152588
-.0000152588
.0000152588
.0000152588
.0000152588
-.0000152588
-.0000152588
-.0000152588
.0000152588
-.0000152588
-.0000152588
-.0000152588
-.0000152588
.0000152588
.0000152588
-.0000152588
.0000152588
.0000152588
.0000152588
.0000152588
.0000152588
.0000152588
.0000152588
.0000152588
.0000152588
-.0000152588
.0000152588
.0000152588
-.0000152588
-.0000152588
.0000152588
.0000152588
-.0000152588
.0000152588
.0000152588
.0000152588
-.0000152588
.0000152588
-.0000152588
-.0000152588
-.0000152588
-.0000152588
-.0000152588
-.0000152588
.0000152588
.0000152588
-.0000152588
-.0000152588
-.0000152588
-.0000152588
-.0000152588
.0000152588
.0000152588
-.0000152588
-.0000152588
-.0000152588
.0000152588
.0000152588
-.0000152588
-.0000152588
-.0000152588
.0000152588
-.0000152588
-.0000152588
-.0000152588
.0000152588
-.0000152588
.0000152588
-.0000152588
.0000152588
.0000152588
.0000152588
.0000152588
-.0000152588
-.0000152588
.0000152588
.0000152588
-.0000152588
.0000152588
-.0000152588
-.0000152588
.0000152588
.0000152588
-.0000152588
-.0000152588
-.0000152588
.0000152588
.0000152588
.0000152588
-.0000152588
-.0000152588
-.0000152588
-.0000152588
.0000152588
-.0000152588
-.0000152588
.0000152588
-.0000152588
.0000152588
-.0000152588
-.0000152588
-.0000152588
.0000152588
-.0000152588
.0000152588
.0000152588
-.0000152588
.0000152588
-.0000152588
-.0000152588
.0000152588
.0000152588
-.0000152588
-.0000152588
.0000152588
-.0000152588
