.0000305176
-.0000457764
-.0000610352
.0000457764
-.0000457764
-.0000610352
-.0000457764
-.0000457764
-.0000457764
-.0000457764
-.0000457764
.0000457764
.0000457764
-.0000457764
-.0000457764
-.0000457764
.0000610352
-.0000457764
.0000457764
-.0000457764
.0000457764
-.0000610352
-.0000457764
.0000457764
-.0000610352
.0000457764
-.0003051758
.0003967285
-.0001983643
-.0003509521
.0003967285
-.0004119873
.0003509521
-.0002899170
.0617370605
.0885925293
-.0467987061
-.0967712402
.0897216797
-.0743103027
.0542144775
-.0688934326
.0477294922
-.0317993164
.0363922119
-.0849304199
.0430603027
-.0352172852
-.0290222168
-.0158538818
-.0144348145
-.0137786865
.0080718994
-.0030822754
.0039367676
-.0022583008
.0019989014
-.0013275146
.0008544922
.0010528564
-.0027008057
.0017547607
-.0007019043
.0004272461
-.0008087158
.0005950928
-.0032196045
-.0032043457
.0118255615
.0096130371
-.0239715576
.0592956543
.0488128662
-.0514373779
-.0454406738
.0219879150
-.0260314941
-.0191802979
.0186462402
-.0084533691
.0078735352
.0056610107
-.0050201416
.0064849854
.0030364990
-.0032806396
.0012969971
-.0013275146
.0012512207
-.0008239746
.0007019043
-.0007476807
.0015563965
.0005950928
.0008544922
.0009002686
-.0007476807
.0007171631
.0004425049
-.0003967285
-.0004272461
.0004119873
.0005340576
-.0004577637
-.0006103516
-.0012054443
-.0039825439
.0441131592
.0446777344
-.0453948975
-.0324859619
.0258789063
-.0218353271
.0160369873
.0169372559
-.0100250244
.0083007813
-.0189819336
-.0129547119
-.0165252686
-.0080108643
.0112915039
-.0105743408
-.0107269287
-.0052185059
-.0042266846
-.0016021729
.0018463135
-.0016021729
-.0013427734
.0013275146
-.0015411377
.0008392334
.0006713867
-.0013885498
.0015563965
.0014953613
-.0008850098
-.0005645752
.0007019043
.0003662109
-.0008239746
.0032653809
-.0052032471
.0878906250
-.0508728027
-.0307464600
-.0272216797
-.0194854736
-.0168762207
-.0099334717
-.0108795166
-.0188598633
.0090942383
-.0126800537
.0151519775
-.0101470947
.0122985840
-.0091400146
.0070953369
-.0040435791
.0032348633
.0030975342
.0014495850
-.0007629395
-.0012359619
.0012969971
-.0011749268
.0014801025
.0013275146
-.0007781982
-.0007019043
.0005187988
-.0005035400
-.0005340576
.0009918213
.0012969971
.0019226074
-.0418853760
-.0551452637
.0562591553
-.0400085449
.0524444580
-.0233459473
-.0166168213
-.0251617432
.0124969482
-.0148620605
.0120697021
-.0102844238
.0098571777
.0112304688
.0092773438
-.0070953369
.0078125000
-.0061645508
-.0079345703
.0038604736
.0020751953
.0024871826
-.0045776367
-.0015411377
.0024261475
-.0013275146
-.0010681152
.0020446777
-.0153656006
-.0054626465
.0023651123
.0008697510
.0005340576
.0010681152
-.0021362305
.0310974121
-.0323791504
-.0343322754
-.0421447754
.0263366699
.0300445557
-.0163726807
-.0115814209
.0102996826
-.0159912109
-.0098876953
.0129699707
.0081634521
-.0069580078
.0107727051
-.0119323730
.0073394775
.0067901611
.0090332031
-.0074462891
.0066680908
.0063171387
-.0037994385
-.0023345947
-.0023040771
-.0038757324
-.0008850098
.0027618408
-.0035552979
.0072174072
.0013427734
-.0032043457
.0009460449
.0008850098
.0005798340
-.0020294189
-.0008850098
-.0007171631
.0010986328
-.0604248047
-.0537261963
.0321960449
-.0412902832
.0544738770
-.0240478516
-.0258789063
.0219116211
-.0165710449
-.0094757080
.0092468262
-.0106506348
.0110931396
.0118408203
-.0170898438
.0066375732
-.0066833496
.0066070557
.0045318604
-.0018615723
.0016784668
-.0013275146
-.0026245117
.0021362305
.0021057129
.0009155273
.0010833740
.0018920898
-.0009613037
.0014495850
.0012512207
-.0014495850
.0006561279
.0004272461
-.0005187988
-.0017700195
-.0006866455
-.0012969971
.0256347656
.0534210205
.0301666260
.0409088135
.0397186279
.0276336670
.0289154053
-.0188446045
.0146026611
-.0237731934
-.0125885010
-.0204925537
-.0103912354
.0072174072
.0090637207
.0084228516
.0073699951
.0028991699
.0034484863
.0041809082
-.0021057129
.0015716553
-.0014495850
.0006561279
-.0009918213
.0005187988
-.0013275146
.0007781982
-.0007324219
-.0002746582
.0010375977
-.0003356934
-.0004272461
-.0007019043
-.0038299561
-.0270080566
.0149688721
.0506591797
-.0473480225
-.0515289307
-.0189971924
-.0117340088
.0205078125
.0125732422
-.0111999512
-.0119781494
.0091857910
-.0103912354
-.0159454346
.0091247559
-.0145263672
.0123596191
.0090637207
-.0070343018
-.0033416748
.0029602051
-.0013732910
.0016174316
.0024414063
.0014495850
.0019073486
.0010681152
.0009002686
-.0007934570
.0003814697
-.0007781982
-.0011444092
.0003509521
-.0003356934
.0007171631
-.0015563965
.0126647949
-.0185089111
-.0329742432
-.0294952393
-.0252838135
.0179748535
.0078430176
-.0109710693
.0160980225
.0092010498
-.0110321045
-.0079345703
.0079650879
-.0106964111
.0057830811
.0062561035
-.0092010498
.0053863525
-.0068359375
-.0057067871
-.0063323975
.0039215088
.0023345947
-.0026245117
.0010070801
.0014953613
-.0008239746
.0009918213
.0003967285
.0005493164
-.0004882813
.0003662109
.0029754639
-.0006866455
.0005035400
.0003356934
-.0005645752
.0014801025
-.0018615723
-.0390319824
.0255279541
-.0434570313
-.0420379639
-.0377655029
.0363922119
-.0396881104
-.0210113525
.0198669434
-.0183410645
-.0232543945
.0154571533
-.0225067139
.0103912354
-.0088806152
.0095520020
-.0081481934
.0061187744
-.0088806152
-.0047302246
-.0032501221
.0025634766
-.0016937256
-.0016784668
-.0007629395
-.0010528564
-.0106048584
-.0077819824
-.0297546387
-.0032653809
-.0012817383
-.0012512207
-.0008392334
.0006408691
-.0006103516
.0008239746
.0028076172
.0160522461
-.1161651611
-.0891723633
.0721282959
.1007843018
-.0536651611
-.0458679199
.0248870850
-.0364379883
-.0281524658
.0211791992
.0197296143
-.0324096680
.0181121826
.0129089355
.0087280273
.0104827881
.0054321289
.0029144287
.0039825439
.0021362305
-.0030364990
.0023040771
.0017089844
-.0021209717
.0020599365
.0026855469
-.0012664795
.0008087158
-.0008392334
.0004730225
.0007324219
-.0010070801
.0026245117
-.0036163330
.0025024414
-.0178070068
.0397186279
.0406951904
.0273132324
-.0113677979
-.0140533447
-.0108032227
.0060424805
-.0046081543
.0074615479
.0108032227
-.0063171387
.0071411133
-.0109100342
-.0085906982
-.0075225830
.0143585205
.0102844238
-.0081176758
-.0108947754
-.0155029297
-.0121765137
-.0072479248
-.0026702881
-.0023040771
.0017700195
-.0026550293
-.0015869141
.0008697510
-.0016937256
-.0010375977
.0015258789
.0019226074
.0013885498
.0010528564
-.0023498535
.0014343262
-.0038452148
.0023651123
-.0172424316
-.0217895508
.0117797852
.0168914795
-.0050506592
.0105438232
.0067138672
-.0061492920
.0072631836
.0071716309
-.0062561035
.0111846924
-.0091094971
-.0084686279
.0074005127
-.0055847168
.0059661865
.0052032471
.0070495605
-.0047149658
.0025024414
-.0018768311
-.0019378662
-.0013885498
-.0016632080
-.0025634766
-.0009918213
.0007629395
.0011901855
-.0011444092
-.0015258789
.0009765625
-.0005645752
-.0004882813
.0004577637
-.0007171631
.0014343262
.0013732910
.0328369141
.0894927979
.0400695801
.0473022461
.0271301270
-.0221405029
.0379028320
.0219421387
-.0161437988
.0391998291
-.0294342041
.0101470947
.0120697021
.0099029541
-.0083923340
.0112304688
-.0100250244
-.0034790039
-.0039978027
.0024261475
-.0036773682
.0015411377
.0011749268
-.0012054443
-.0009307861
.0014953613
-.0006866455
.0004577637
.0006561279
.0006103516
-.0004119873
.0002441406
.0003051758
-.0002441406
.0004577637
.0013122559
.0625610352
.0766448975
-.0792083740
-.0696868896
-.0390777588
.0466766357
-.0334625244
.0153350830
-.0075073242
-.0138549805
.0197143555
-.0162048340
.0188751221
-.0086059570
-.0080871582
-.0124816895
-.0098876953
.0121459961
.0112609863
-.0094604492
-.0046386719
-.0021362305
.0034179688
.0016174316
-.0024261475
.0006866455
.0011749268
-.0011749268
-.0007171631
.0003051758
.0010528564
.0005645752
.0002746582
-.0002593994
.0008392334
-.0010223389
.0048828125
-.0194396973
-.0341644287
.0271759033
.0319976807
.0192871094
.0113067627
.0129241943
-.0138397217
.0266571045
.0090789795
-.0091552734
.0142517090
.0179443359
-.0117797852
-.0076446533
-.0112457275
-.0089416504
-.0077667236
-.0066070557
.0076599121
-.0055236816
-.0030364990
-.0022125244
.0038757324
.0010833740
.0018005371
.0018920898
-.0020446777
-.0012207031
-.0037231445
-.0007781982
.0009307861
-.0006408691
.0005950928
-.0003204346
-.0007781982
-.0541229248
.0302276611
-.0660400391
-.0433959961
-.0519866943
-.0268096924
-.0142059326
-.0166015625
.0149078369
.0117797852
-.0164031982
.0084991455
.0127868652
.0063171387
.0051879883
-.0118865967
-.0131683350
.0053863525
-.0047607422
.0039215088
.0067443848
.0055694580
.0029296875
.0016479492
.0013427734
-.0010833740
.0007019043
-.0010833740
.0019073486
-.0008697510
.0012359619
.0007019043
.0004577637
.0004272461
-.0007019043
-.0002441406
.0002288818
-.0014190674
-.0021820068
-.0008544922
.0620727539
.0870513916
.0759735107
-.0846862793
-.0509643555
.0303497314
.0352783203
-.0195007324
-.0098419189
-.0139312744
-.0078887939
.0099334717
-.0088348389
.0216827393
.0184936523
.0221405029
-.0109558105
.0178527832
.0093536377
-.0092010498
-.0058441162
.0055999756
-.0031890869
.0023040771
.0027160645
-.0008392334
-.0024414063
-.0023651123
-.0010833740
-.0015563965
.0005645752
-.0011291504
-.0006866455
.0007171631
-.0026702881
.0021667480
.0020141602
-.0047607422
.0027008057
.0118255615
-.0267333984
-.0219116211
.0111541748
-.0095520020
-.0079956055
.0096130371
.0106811523
-.0106048584
.0132141113
.0074462891
.0211029053
-.0212097168
.0116424561
.0089416504
-.0110931396
-.0090332031
-.0070190430
-.0066528320
-.0070800781
-.0031738281
.0029602051
.0019836426
.0019378662
.0025024414
.0014038086
.0014495850
.0008544922
-.0012207031
.0007171631
-.0022735596
-.0007934570
.0006103516
.0050811768
.0016784668
-.0011138916
-.0022430420
.0276641846
-.0765075684
-.0447845459
-.0275115967
.0357513428
-.0180816650
-.0128936768
.0115661621
.0131683350
-.0095062256
.0092163086
-.0099945068
-.0209503174
-.0221557617
-.0115509033
-.0135040283
-.0064544678
-.0078430176
-.0099029541
-.0087585449
-.0060272217
-.0043792725
.0029754639
-.0018463135
-.0013580322
.0041046143
-.0015106201
-.0012359619
.0008392334
-.0007629395
.0009613037
.0010833740
.0005187988
.0007019043
.0007324219
-.0017242432
.0004577637
.0034027100
-.0021362305
.0264892578
-.0653076172
.0503387451
.0274200439
-.0238189697
-.0184478760
.0075225830
.0068359375
-.0076446533
-.0067596436
-.0050506592
-.0081024170
-.0166778564
-.0165863037
-.0140838623
-.0099945068
-.0085754395
-.0061798096
.0057373047
-.0046844482
-.0046081543
-.0039520264
-.0018005371
-.0029144287
-.0050659180
-.0011749268
.0010070801
-.0012664795
-.0006561279
.0004730225
-.0004577637
-.0003662109
.0015411377
.0005035400
-.0004730225
.0019226074
-.0037384033
.0361633301
-.0312347412
.0458068848
-.0264434814
.0126495361
.0110321045
.0123596191
-.0072174072
.0108184814
-.0115966797
-.0089416504
.0091094971
.0102233887
.0089416504
-.0226593018
.0176696777
-.0188140869
.0182495117
.0151672363
.0130310059
.0085601807
.0075531006
-.0060119629
-.0042419434
.0028533936
-.0015411377
.0016326904
.0019073486
.0043029785
.0034027100
.0024719238
.0018310547
.0021972656
.0023956299
.0023651123
.0033111572
-.0025177002
-.0186920166
.0096893311
.0159912109
-.0072479248
.0047149658
.0032958984
-.0033721924
.0097198486
.0044250488
-.0058441162
.0065307617
.0058288574
.0083618164
-.0111083984
-.0057983398
-.0287628174
-.0174560547
-.0149993896
.0083618164
.0092620850
.0126495361
-.0106964111
-.0093231201
-.0041198730
-.0029754639
.0022125244
.0025939941
-.0015411377
.0026702881
-.0021362305
-.0012359619
.0007476807
-.0012512207
.0008850098
.0008850098
-.0014801025
-.0010986328
.0020141602
-.0025329590
.0019683838
-.0022735596
-.0018157959
.0509490967
-.0553131104
.1017608643
.0957489014
.0897979736
.0668640137
.0177612305
.0179138184
.0144958496
-.0164794922
-.0101928711
-.0150604248
-.0146026611
.0138244629
.0106811523
.0077514648
-.0066986084
.0036926270
-.0029754639
.0032043457
-.0012054443
.0016174316
.0013580322
-.0008239746
-.0004119873
-.0013885498
.0055084229
.0025482178
-.0012207031
-.0008850098
-.0007171631
-.0003204346
.0003814697
.0005035400
-.0002288818
.0001678467
.0002288818
.0007019043
.0014343262
.0416870117
.0757446289
-.0496368408
.1030578613
-.0503387451
-.0409088135
.0278625488
.0140075684
.0199279785
.0247039795
-.0151214600
-.0175018311
.0133666992
-.0158081055
.0139617920
.0081024170
.0050354004
-.0088195801
-.0052947998
-.0050811768
-.0028839111
-.0030364990
.0014343262
-.0007476807
.0029144287
-.0019683838
.0012054443
-.0011749268
-.0006103516
.0002593994
.0002899170
-.0001983643
-.0002441406
.0001678467
.0002746582
