-.0008087158
-.0007324219
-.0006256104
-.0007934570
-.0005187988
-.0005187988
-.0005493164
-.0007781982
-.0005950928
-.0006256104
-.0005950928
-.0005340576
-.0005798340
-.0005187988
-.0004882813
-.0004425049
-.0004882813
-.0004730225
-.0004882813
-.0005187988
-.0006713867
-.0008392334
-.0006256104
-.0007781982
-.0016021729
-.0009918213
.0045318604
-.0155639648
.1216735840
.0818634033
-.0475463867
.0448150635
-.0142364502
.0212097168
-.0243225098
.0317840576
.1914978027
.2003326416
-.1104125977
.0440216064
-.0328216553
.0225830078
-.0222625732
.0531158447
.1706848145
.2649841309
.1332550049
.0807495117
.0480957031
.0350952148
.0346069336
-.0160675049
.2108917236
.2760467529
.1722717285
.0899810791
.1044006348
.0417480469
.0510406494
.0776214600
.3076019287
.2809448242
.2277374268
.2444915771
.2561187744
.2510681152
.1901702881
-.1154174805
.0912170410
-.0446319580
-.0453033447
-.0677642822
.2597808838
.2781829834
.2500457764
.1280822754
-.0443572998
.1150360107
.2057189941
.0686645508
.0766296387
-.0338745117
.2319641113
.1628875732
-.0616455078
-.0594024658
.0649871826
-.0519104004
.0751953125
.0833587646
-.0656280518
-.0360565186
.0322723389
-.0200653076
-.0173797607
-.0321502686
-.0333404541
-.0558929443
.0318756104
.0297546387
.0508270264
-.0528717041
-.0132751465
-.0117340088
-.0248260498
-.0277862549
-.0242919922
-.0144042969
-.0072784424
-.0174102783
-.0213623047
.0178070068
.0203552246
-.0206298828
.0136108398
-.0063171387
.0070648193
-.0100097656
-.0048980713
-.0062408447
-.0066375732
-.0135192871
-.0131530762
-.0118408203
-.0095977783
-.0024414063
-.0069580078
-.0085601807
-.0026855469
-.0038452148
-.0054931641
-.0072784424
-.0070495605
-.0040283203
-.0024719238
-.0038604736
-.0028991699
-.0036315918
-.0062255859
-.0059509277
-.0052642822
-.0040130615
-.0018310547
-.0038909912
-.0014953613
-.0021362305
-.0023040771
-.0019531250
-.0023803711
-.0010070801
-.0026855469
-.0040588379
-.0050354004
-.0059051514
-.0043334961
-.0055541992
.0066070557
-.0097045898
-.0044555664
-.0031738281
-.0029449463
-.0034179688
-.0033721924
-.0040130615
-.0035400391
-.0042266846
-.0016326904
-.0034637451
-.0029754639
-.0009460449
-.0022735596
-.0017395020
-.0007324219
-.0022430420
-.0011138916
-.0023193359
-.0018920898
-.0017395020
-.0021820068
-.0015411377
-.0021514893
-.0021362305
-.0009307861
-.0013122559
-.0007171631
-.0013580322
-.0010528564
-.0015869141
-.0021972656
-.0011444092
-.0015411377
-.0019378662
-.0034179688
-.0023956299
-.0010375977
-.0009765625
-.0022277832
-.0018310547
-.0023651123
-.0016784668
-.0020294189
-.0009460449
-.0005798340
-.0015411377
-.0010223389
-.0016021729
-.0022888184
-.0018768311
-.0017547607
-.0009613037
-.0009155273
-.0007019043
-.0006713867
-.0007019043
-.0005187988
-.0007324219
-.0007934570
-.0007476807
-.0006103516
-.0006103516
-.0005645752
-.0007934570
-.0008087158
-.0006713867
-.0005950928
-.0017852783
-.0024719238
-.0012969971
-.0024719238
-.0036468506
-.0036926270
.0035705566
.0503845215
.1816406250
-.1103668213
.0639801025
-.0267791748
-.0208892822
-.0113220215
-.0196228027
.0742187500
.2249298096
-.1098022461
-.0364379883
.0264587402
.0274353027
.0288543701
-.0325622559
-.1278533936
.2664794922
-.1300201416
-.0529022217
.0135803223
.0282592773
.0290527344
-.0367279053
.2138671875
.2653808594
.1516723633
-.0986633301
.1591796875
-.1141357422
.0511779785
-.0359344482
.3325347900
.3215942383
-.1730957031
.1963348389
.2776641846
.2657165527
-.1749114990
.1831207275
.2156524658
.2026519775
-.1439056396
-.0824890137
.2138977051
-.2258911133
.0968017578
.1905822754
.1292266846
-.2047882080
.1653289795
-.0436248779
.0683441162
-.0644989014
.0869140625
-.0799407959
.1699066162
.1534881592
-.2124481201
-.1272430420
-.0613708496
.0479888916
-.0299072266
-.0471191406
.0845794678
-.0668945313
.0875091553
.0259094238
-.0313720703
.0300598145
.0382690430
.2165985107
-.0473175049
.0339965820
-.0194702148
.0084838867
-.0110778809
-.0211944580
-.0297851563
-.0193939209
-.0262145996
.0233154297
-.0095520020
-.0175781250
.0135955811
.0193023682
-.0157470703
.0069885254
-.0090789795
-.0040740967
-.0138702393
-.0122528076
-.0110168457
-.0082855225
-.0126800537
-.0124664307
-.0061492920
.0084838867
-.0109863281
-.0079345703
-.0092315674
.0078125000
.0072021484
-.0051269531
-.0027618408
-.0056304932
-.0079193115
-.0106048584
-.0100708008
-.0110168457
-.0111541748
.0092163086
-.0036621094
-.0054473877
-.0053100586
-.0027923584
-.0015106201
-.0068664551
-.0072631836
-.0060577393
.0039367676
-.0059814453
-.0023498535
-.0087432861
-.0060577393
-.0046691895
-.0056610107
-.0047149658
.0046081543
-.0087127686
.0120391846
-.0114135742
-.0089874268
-.0077056885
-.0088653564
-.0033416748
-.0045623779
-.0029144287
-.0060119629
-.0035095215
-.0064239502
-.0066833496
.0063629150
-.0042419434
-.0055236816
-.0021362305
-.0055084229
-.0045166016
-.0050354004
-.0020294189
-.0063018799
-.0057067871
-.0045013428
-.0009918213
-.0018920898
-.0024414063
-.0039825439
-.0018005371
-.0028991699
-.0020141602
-.0025024414
-.0015716553
-.0025177002
-.0021057129
-.0011138916
-.0008087158
-.0011901855
-.0018310547
-.0016479492
-.0026702881
-.0025939941
-.0028686523
-.0024719238
-.0026702881
-.0023193359
-.0010986328
-.0022888184
-.0027160645
-.0013275146
-.0042724609
-.0027770996
-.0032348633
-.0030364990
-.0028228760
-.0016937256
-.0014495850
-.0015716553
-.0010375977
-.0012664795
-.0010223389
-.0012969971
-.0017242432
-.0010223389
-.0010528564
-.0011901855
-.0015258789
-.0013580322
-.0011291504
-.0007476807
-.0005493164
-.0004577637
-.0005035400
-.0005340576
-.0032501221
-.0098876953
.0066375732
.0120849609
-.0139465332
.0679626465
-.0329742432
.0485534668
-.0740966797
.1175994873
.1797332764
-.0431671143
-.0705108643
.0389404297
.0278625488
.0257568359
-.0371093750
-.0213317871
.0734863281
.2499542236
.2029724121
-.1124267578
-.0523681641
.0466613770
-.0375976563
.0122985840
.1682739258
.2828826904
.1833496094
.1380920410
.2531890869
.3205566406
.2055511475
-.1476440430
.0654754639
.2989501953
.2255859375
.1666870117
.2623138428
.3208312988
-.2043304443
-.1667633057
.1715393066
.2231597900
-.2328643799
.1339874268
.1149139404
.1039733887
.1638183594
.0637817383
.1144409180
.0948944092
-.0818939209
.2522277832
.1589508057
.0487518311
.0949707031
.0908203125
.1141662598
.0426177979
.0636901855
.0915069580
.0582733154
-.0878906250
-.0266876221
.0322113037
-.0356750488
.0874938965
.0995483398
-.1139678955
.0503997803
-.0407257080
-.0545196533
.0535278320
-.0468139648
-.0658569336
-.0403137207
.0497131348
.0378875732
-.0092468262
-.0255737305
-.0158386230
-.0161285400
.0143737793
-.0170440674
-.0092163086
-.0115203857
.0237121582
-.0186920166
.0221405029
-.0210266113
-.0130310059
.0095367432
.0037841797
.0117797852
.0064086914
.0175018311
-.0083312988
-.0121307373
-.0102386475
-.0085754395
.0099945068
-.0147552490
-.0090942383
.0092010498
-.0068664551
-.0088958740
-.0041046143
-.0053100586
-.0045471191
-.0065307617
-.0030975342
.0043640137
-.0106658936
-.0085296631
-.0069427490
-.0037689209
-.0065460205
-.0078735352
-.0032348633
-.0027770996
.0043029785
-.0048065186
-.0036010742
-.0013885498
-.0019989014
-.0021057129
.0086669922
-.0028839111
-.0016937256
-.0041351318
.0056610107
-.0057220459
-.0056457520
-.0055694580
-.0060577393
-.0036163330
-.0016479492
-.0023345947
-.0021820068
-.0028839111
-.0018463135
-.0022735596
-.0017395020
-.0019683838
-.0022430420
-.0012817383
-.0025482178
-.0009765625
-.0013275146
-.0021820068
-.0024261475
-.0017852783
-.0021362305
-.0014801025
-.0014038086
-.0007171631
-.0013580322
-.0010375977
-.0018157959
-.0021972656
-.0010375977
-.0015411377
-.0020904541
-.0034179688
-.0023803711
-.0013580322
-.0017089844
-.0022277832
-.0019531250
-.0023651123
-.0016784668
-.0018463135
-.0009307861
-.0006866455
-.0015411377
-.0009155273
-.0012969971
-.0023345947
-.0018768311
-.0017547607
-.0010223389
-.0008697510
-.0009002686
-.0006713867
-.0007019043
-.0005187988
-.0007324219
-.0008392334
-.0007476807
-.0006256104
-.0005645752
-.0005645752
-.0008087158
-.0008087158
-.0006713867
-.0006561279
-.0017852783
-.0024719238
-.0014495850
-.0024719238
-.0036468506
-.0033874512
-.0028076172
-.0579376221
.1816406250
-.1103668213
.0574188232
.0337066650
-.0187835693
.0110168457
.0259552002
.1513519287
.2126007080
-.0967102051
.0353698730
.0201568604
.0297088623
.0239562988
-.0346679688
.2037200928
.2620086670
.1258239746
-.0529022217
-.0184936523
-.0314941406
.0296173096
-.0407104492
.2138671875
.2531127930
-.1238250732
.1012268066
-.1844787598
.1317596436
.0388641357
-.0439453125
.3558502197
.3134765625
.1748657227
.2378387451
.2776641846
.2396850586
-.1411743164
.2256622314
.2229461670
.2026519775
-.1439056396
-.0708465576
.2183990479
-.1796569824
-.0931091309
.2134246826
-.1107177734
.1757354736
.1224975586
-.0467987061
-.0768585205
-.0644989014
-.0835266113
-.0799407959
.1699066162
.1582794189
.2218780518
.1130676270
-.0698852539
.0479888916
-.0146331787
.0374603271
-.1380004883
-.0668945313
.0875091553
.0204467773
.0284881592
-.0324859619
.0342407227
-.1115112305
.0600585938
.0139312744
.0178070068
-.0082244873
-.0089263916
.0234832764
.0376892090
-.0200500488
-.0262145996
-.0228118896
-.0078735352
-.0175781250
-.0140991211
-.0189361572
.0102996826
.0069885254
.0082397461
-.0040740967
.0151062012
.0118865967
-.0119628906
-.0114746094
-.0126800537
.0070037842
.0066680908
.0079803467
-.0103607178
-.0080718994
-.0103759766
-.0070495605
.0072021484
.0029296875
.0019683838
-.0056304932
-.0079193115
-.0091857910
-.0100708008
-.0108642578
-.0111541748
.0061492920
-.0036621094
-.0052947998
.0035247803
-.0026702881
-.0043945313
-.0067291260
-.0072479248
-.0060577393
-.0052642822
-.0057067871
-.0042114258
-.0095672607
-.0060577393
-.0038299561
-.0066986084
-.0047149658
-.0070190430
-.0087127686
-.0121154785
-.0102691650
-.0089874268
-.0074462891
-.0088653564
-.0033416748
-.0047454834
-.0029144287
-.0069885254
-.0035095215
-.0062255859
.0044860840
-.0062713623
-.0036468506
-.0055236816
-.0011596680
-.0051116943
.0046691895
-.0045928955
.0028839111
-.0063018799
-.0045928955
-.0034637451
-.0013427734
-.0020141602
-.0024414063
-.0038757324
-.0015869141
-.0028991699
-.0024261475
-.0025024414
-.0014801025
-.0025177002
-.0016784668
-.0013122559
-.0009613037
-.0010223389
-.0018310547
-.0019073486
-.0026702881
-.0027923584
-.0030059814
-.0024719238
-.0022888184
-.0020294189
-.0012512207
-.0030364990
-.0021514893
-.0014495850
-.0042724609
-.0027770996
-.0028839111
-.0030364990
-.0027160645
-.0014190674
-.0014495850
-.0013885498
-.0010375977
-.0012359619
-.0011291504
-.0011749268
-.0015563965
-.0012969971
-.0011749268
-.0016784668
-.0015258789
-.0012359619
-.0010223389
-.0006866455
-.0004882813
-.0004425049
-.0004425049
-.0007629395
-.0036315918
-.0098876953
.0059814453
.0120849609
-.0300292969
-.0673522949
-.0342407227
.0656738281
.1456298828
.2013854980
.1846771240
.0455017090
-.0646514893
.0389404297
-.0382843018
.0247497559
.0285644531
-.0268554688
.1550445557
.2475891113
-.1377868652
-.1039428711
-.0376892090
.0466613770
-.0375976563
.0405578613
.2134094238
.2828826904
.1833496094
.1654663086
.2663726807
.3205566406
-.1964874268
-.1247253418
.0891571045
.2989501953
-.2129974365
-.1671600342
.2765350342
.3162078857
-.2214508057
-.1667633057
.1715393066
.2231597900
-.2328643799
-.1318359375
.1110382080
.1039733887
-.1476898193
-.0941467285
.1280517578
.0948944092
.0796661377
-.2305755615
-.1534576416
.0903320313
-.0875854492
-.0912017822
.1095275879
-.0791473389
.0636901855
-.0937805176
.0582733154
-.0834960938
-.0269775391
.0309753418
-.0939636230
.1385650635
-.0461120605
-.0902099609
.0503997803
.0340881348
-.0556640625
.0535278320
.0483245850
-.0658569336
-.0511932373
-.0360412598
.0378875732
.0138244629
-.0258483887
-.0158386230
.0173339844
-.0083618164
-.0160369873
-.0092163086
-.0115203857
-.0256042480
.0181884766
-.0253143311
.0124053955
-.0118560791
-.0086975098
-.0092010498
.0102233887
.0064086914
.0175018311
.0061950684
-.0108642578
.0101165771
.0075683594
.0091094971
-.0151214600
-.0068054199
.0092010498
-.0068664551
-.0091552734
.0024108887
-.0029449463
-.0053100586
-.0052642822
-.0023193359
.0046691895
-.0106658936
-.0085754395
-.0069427490
-.0048065186
-.0065460205
-.0066375732
.0020141602
-.0027770996
-.0056304932
-.0045471191
.0047302246
-.0010681152
-.0019989014
-.0030822754
-.0086059570
-.0021667480
-.0018920898
-.0046234131
-.0060882568
-.0057220459
-.0049285889
-.0056762695
-.0060577393
-.0035705566
-.0016479492
-.0023345947
-.0027313232
-.0032653809
-.0032196045
-.0009460449
-.0023956299
-.0023651123
-.0015869141
-.0013275146
-.0033264160
-.0016021729
.0000000000
.0000000000
.0000000000
.0000000000
.0000000000
.0000000000
.0000000000
.0000000000
.0000000000
.0000000000
.0000000000
.0000000000
.0000000000
.0000000000
