-.0014801025
-.0031738281
.0063018799
-.0039367676
-.0040435791
-.0042419434
-.0025939941
.0037841797
.0043640137
.0040588379
.0043640137
-.0037231445
.0057830811
.0051574707
.0037994385
.0068817139
.0036926270
-.0063018799
-.0040588379
-.0040893555
.0026702881
.0071716309
-.0064239502
-.0025177002
.0047760010
-.0051574707
.0063781738
.0074615479
.0109252930
.0066833496
.0066070557
.0131378174
.0068054199
-.0122070313
.0152893066
.0089569092
-.0071716309
-.0085906982
-.0094146729
.0120697021
.0125122070
.0092468262
-.0087890625
-.0079193115
.0109863281
.0088348389
-.0068969727
-.0111236572
-.0059356689
.0102081299
.0074310303
-.0110321045
-.0076904297
-.0153503418
-.0101013184
-.0059051514
-.0107269287
-.0072479248
-.0099792480
-.0054168701
-.0072631836
.0123291016
-.0087280273
.0138549805
-.0082397461
-.0061950684
-.0112609863
-.0053558350
-.0041503906
-.0153350830
-.0110168457
.0045776367
.0087127686
.0118255615
.0147399902
.0047149658
.0089416504
-.0131530762
.0064392090
-.0100708008
.0091094971
-.0046539307
-.0099945068
.0037078857
.0062408447
-.0097656250
.0049591064
.0058746338
.0129547119
-.0066223145
-.0103759766
-.0151977539
.0093841553
-.0079193115
.0128173828
.0375366211
-.0528259277
.0535583496
-.0346527100
.0165710449
-.0435485840
-.0307159424
.0238342285
-.0376739502
-.0219726563
.0359649658
.0240783691
-.0193023682
-.0234222412
.0158691406
-.0186767578
-.0145721436
-.0097045898
.0192565918
.0145263672
-.0180511475
.0177459717
.0194854736
.0134124756
-.0128631592
.0176544189
-.0159149170
.0168151855
-.0138854980
.0117187500
-.0155639648
.0110931396
-.0154418945
.0078887939
.0072174072
.0093231201
-.0070037842
.0072784424
.0052032471
.0054168701
-.0075836182
-.0103302002
-.0070800781
.0130920410
.0084838867
-.0075378418
.0083465576
-.0049133301
-.0060577393
.0074310303
.0104827881
-.0055694580
-.0107574463
.0035247803
-.0072631836
-.0044097900
-.0079956055
-.0047760010
.0071105957
.0060577393
-.0069122314
-.0094299316
.0088500977
.0041961670
.0062103271
-.0141601563
.0077056885
-.0059661865
.0061035156
.0085601807
-.0054626465
-.0053253174
.0057525635
-.0075683594
-.0066070557
-.0045623779
.0030670166
-.0097045898
.0056457520
.0048675537
.0047454834
.0065307617
-.0044097900
-.0092315674
.0106353760
-.0059356689
-.0050048828
-.0027465820
.0043640137
.0073394775
.0040283203
-.0081634521
-.0090942383
.0072631836
.0048980713
.0072937012
-.0074920654
-.0083465576
-.0071868896
.0034332275
.0040588379
.0050506592
.0038452148
.0095520020
.0084075928
.0069427490
-.0145568848
.0074462891
.0095214844
-.0065460205
-.0102691650
.0055084229
-.0050048828
.0052337646
-.0071716309
.0038909912
.0065612793
-.0076293945
.0062103271
.0084533691
-.0048065186
.0095977783
-.0132904053
-.0112304688
.0066986084
.0092315674
-.0087432861
-.0046234131
-.0091705322
.0122680664
.0066070557
-.0079345703
-.0123596191
.0108947754
.0128784180
-.0090332031
-.0075988770
-.0055541992
.0124359131
.0049896240
-.0095977783
.0145416260
-.0088958740
-.0111541748
-.0117187500
.0081329346
.0124206543
.0139160156
-.0157470703
.0119171143
.0170440674
.0113677979
.0092010498
.0155639648
-.0106811523
.0138854980
-.0114440918
.0069580078
.0095672607
.0082092285
-.0103302002
-.0078277588
-.0077972412
.0074920654
.0090789795
.0065155029
.0124511719
-.0145263672
-.0080413818
.0074920654
.0145721436
-.0141296387
-.0064086914
.0112915039
.0135040283
.0114593506
.0128479004
-.0095062256
-.0223083496
-.0186309814
-.0080718994
.0157165527
-.0151977539
-.0079345703
-.0074005127
.0108489990
-.0092620850
-.0137176514
-.0119171143
-.0100097656
.0083923340
-.0090789795
-.0118408203
.0083007813
.0078277588
.0082702637
.0086669922
-.0081024170
-.0094757080
.0079956055
.0095977783
.0082855225
.0098876953
-.0065307617
.0107727051
-.0063476563
.0085601807
.0124511719
.0135040283
.0091857910
-.0067749023
-.0092926025
-.0093688965
.0083618164
-.0067138672
-.0051269531
.0086975098
-.0072021484
-.0052185059
.0052947998
-.0076599121
-.0070800781
.0049438477
-.0074157715
-.0050811768
.0046539307
.0047149658
.0039215088
-.0143127441
.0084381104
-.0031585693
-.0061035156
.0055999756
.0094299316
-.0061950684
.0048522949
.0032958984
.0026855469
-.0061645508
-.0078735352
.0063476563
.0063934326
-.0070800781
.0059814453
.0055999756
-.0125274658
-.0070037842
.0074768066
.0102539063
.0064239502
-.0086212158
-.0033874512
.0064086914
.0083312988
.0070495605
.0057983398
.0044860840
.0071563721
.0083618164
.0059814453
-.0101165771
.0048217773
.0080108643
.0081024170
-.0168457031
.0348510742
-.0425567627
.0586090088
-.0253448486
.0258636475
-.0220031738
.0295562744
.0232086182
.0220947266
-.0095062256
-.0145263672
.0101928711
.0229339600
-.0108032227
-.0157775879
-.0200958252
.0222167969
.0242309570
.0209045410
-.0125122070
.0228118896
.0110473633
-.0135498047
.0213165283
.0136566162
-.0116271973
.0073547363
-.0156555176
-.0049285889
.0096282959
.0094604492
-.0095520020
.0090942383
-.0119323730
-.0100402832
-.0142669678
-.0149536133
-.0106506348
-.0088653564
-.0066528320
.0075378418
-.0081787109
.0083618164
-.0037689209
-.0065612793
-.0125732422
-.0045928955
.0093231201
.0082092285
-.0139770508
-.0071716309
.0044097900
-.0101165771
.0026550293
-.0034637451
-.0040435791
.0051879883
-.0067901611
-.0033264160
.0075988770
-.0040130615
-.0042114258
.0128326416
.0036163330
.0097351074
.0058135986
.0115509033
.0068969727
-.0075531006
-.0079498291
.0072326660
.0061187744
.0081634521
-.0057830811
.0119628906
-.0084228516
-.0039215088
.0033874512
.0039672852
-.0081024170
.0057067871
.0059509277
-.0105438232
.0088653564
-.0088806152
-.0092926025
-.0055999756
.0045013428
.0043029785
-.0124206543
-.0070648193
.0052032471
-.0071868896
.0061492920
-.0079040527
-.0110015869
-.0056915283
.0052642822
-.0076751709
-.0072784424
-.0084075928
.0063018799
-.0059051514
-.0073089600
.0072174072
-.0083465576
-.0044403076
.0142974854
-.0143432617
-.0142211914
-.0103912354
-.0074005127
-.0071716309
-.0031127930
.0115509033
.0095214844
-.0087890625
-.0115814209
.0115051270
-.0099182129
-.0164642334
.0128326416
-.0068511963
-.0061035156
-.0159149170
.0072326660
-.0068054199
.0031433105
-.0108795166
.0084381104
.0067749023
-.0187683105
-.0121765137
-.0058593750
.0122833252
.0081787109
-.0068511963
.0082855225
.0102539063
-.0056915283
.0089569092
-.0091247559
.0086212158
-.0103454590
-.0052337646
-.0123291016
-.0062561035
-.0084228516
.0069732666
-.0064392090
-.0080413818
-.0073547363
.0130767822
.0188446045
-.0076446533
.0088653564
.0089569092
.0090179443
-.0043792725
-.0096435547
.0098419189
.0055084229
.0077514648
-.0071105957
-.0054016113
-.0026245117
.0049591064
-.0070495605
.0112152100
-.0065307617
.0086517334
.0090026855
.0053863525
.0055541992
.0108795166
.0054626465
-.0066986084
-.0060729980
.0056762695
-.0064697266
.0115814209
.0055999756
.0068817139
-.0055541992
.0078430176
.0107727051
-.0045776367
-.0046997070
-.0093078613
-.0085449219
.0059356689
-.0079650879
-.0051879883
-.0071258545
-.0138854980
-.0106658936
.0087432861
-.0060119629
.0066528320
-.0058746338
-.0093688965
.0066070557
-.0134277344
-.0067291260
.0070800781
.0093536377
-.0069427490
.0064697266
-.0059051514
.0047454834
-.0107421875
.0050048828
-.0077667236
.0067749023
-.0070648193
-.0062103271
-.0056152344
.0119781494
.0086517334
-.0064697266
-.0071716309
.0043640137
.0087280273
-.0145416260
.0054016113
.0060729980
-.0071258545
.0044708252
.0047760010
-.0056304932
.0099639893
.0098876953
-.0070495605
-.0126037598
.0038757324
.0063476563
-.0099334717
-.0070190430
-.0092010498
.0105438232
-.0055084229
.0061187744
-.0084533691
.0059051514
-.0105133057
.0068817139
-.0072937012
.0085296631
.0043182373
-.0042114258
.0067901611
.0072479248
.0087890625
-.0042724609
.0039825439
.0107116699
-.0044097900
.0040740967
-.0054473877
-.0036315918
-.0064239502
.0046081543
-.0042266846
-.0084838867
.0063018799
-.0072784424
-.0033416748
-.0053405762
.0061492920
.0088043213
.0102691650
-.0040588379
.0139770508
.0077667236
.0052642822
-.0042877197
-.0080566406
-.0091247559
.0072784424
.0082397461
-.0092010498
-.0070953369
.0065765381
.0062866211
-.0089111328
-.0062103271
-.0068969727
.0053710938
-.0128936768
.0065460205
.0086975098
-.0095367432
.0060577393
-.0047302246
.0053558350
.0072326660
.0071716309
-.0098266602
-.0101165771
.0083007813
-.0051727295
.0079498291
-.0083312988
-.0078735352
-.0082855225
.0059051514
-.0097351074
.0050048828
.0041503906
-.0108947754
-.0053710938
-.0037689209
-.0087127686
-.0063323975
-.0080718994
.0061492920
-.0071258545
-.0058135986
-.0097503662
.0094757080
-.0052032471
.0036163330
-.0091247559
.0066375732
.0048370361
.0059661865
.0066223145
.0029144287
-.0101165771
-.0040893555
-.0082397461
-.0061035156
-.0032653809
.0083465576
-.0053558350
-.0053405762
-.0050201416
.0068511963
.0051269531
.0109405518
-.0079040527
-.0066070557
-.0093994141
.0108795166
-.0057830811
-.0045928955
-.0127716064
.0054779053
-.0046081543
.0102233887
-.0066986084
.0044097900
-.0093231201
.0060882568
-.0131378174
-.0104827881
.0041503906
.0056304932
-.0045471191
-.0123748779
-.0044250488
.0121307373
.0073699951
-.0046997070
-.0076751709
-.0086059570
.0068206787
-.0081634521
.0086822510
-.0088500977
.0051574707
-.0043792725
.0085144043
.0046997070
-.0082397461
.0099334717
-.0082855225
-.0065765381
-.0071563721
.0073547363
-.0054168701
-.0041198730
-.0106658936
.0041656494
-.0068054199
.0098419189
-.0055847168
-.0061645508
.0068969727
.0090942383
-.0107421875
.0055389404
.0105133057
.0073394775
-.0051422119
-.0064697266
-.0077362061
-.0042419434
-.0076751709
.0050048828
-.0059204102
.0073089600
.0055694580
-.0070190430
-.0040435791
.0061950684
-.0066833496
-.0071868896
-.0030822754
-.0028686523
.0113677979
-.0069580078
.0105438232
-.0092926025
.0081481934
.0093383789
.0087432861
-.0137176514
-.0091705322
.0122070313
.0046386719
.0093536377
.0103759766
.0097045898
.0068054199
.0090332031
-.0140686035
.0094451904
.0091705322
.0093536377
-.0096435547
-.0107269287
.0072937012
.0099639893
.0073089600
-.0086822510
-.0090179443
.0084533691
.0071868896
.0118713379
-.0128326416
.0165863037
.0147399902
-.0085754395
-.0149078369
.0095672607
.0159149170
.0194396973
.0150299072
-.0154113770
.0072326660
.0127563477
-.0099639893
-.0136566162
-.0153656006
.0139617920
.0225219727
-.0189056396
-.0146636963
.0173492432
.0140075684
.0153198242
-.0138244629
-.0119934082
.0119781494
-.0067901611
-.0162048340
-.0086669922
-.0063476563
.0093383789
-.0124206543
.0118713379
-.0120086670
-.0145111084
-.0106048584
-.0057525635
.0133056641
.0090179443
.0092163086
.0119934082
.0147552490
.0126495361
-.0137786865
-.0061645508
.0063323975
.0124053955
.0099945068
-.0078735352
-.0117797852
.0109710693
.0117645264
-.0085449219
.0080108643
.0121612549
.0130004883
.0090332031
-.0108947754
.0084991455
.0100097656
.0065917969
-.0084228516
-.0109100342
.0059356689
.0083618164
.0052947998
-.0048522949
.0074615479
.0068206787
-.0042877197
.0082702637
.0099792480
.0071563721
-.0122375488
-.0119628906
-.0074920654
.0105743408
.0088195801
.0081634521
.0074920654
.0068664551
.0074005127
.0064086914
-.0068817139
-.0071716309
.0080566406
.0119171143
.0135040283
.0112457275
-.0102844238
.0081329346
-.0044708252
-.0049591064
-.0100708008
-.0022583008
.0074615479
-.0074920654
.0102844238
-.0045471191
-.0070953369
-.0059356689
-.0062866211
-.0072631836
.0055541992
-.0106964111
-.0114898682
.0070800781
.0081024170
.0083770752
-.0096282959
-.0114288330
.0101470947
.0097503662
.0082855225
-.0060119629
.0061035156
.0062255859
-.0098724365
.0070190430
.0104522705
.0076751709
.0072326660
-.0075531006
-.0107421875
-.0061645508
.0100402832
.0082397461
.0065155029
-.0097198486
-.0059204102
.0067443848
-.0062255859
.0057220459
-.0094146729
.0039520264
-.0041809082
-.0067596436
-.0068664551
.0072479248
-.0067443848
-.0077514648
.0053558350
-.0046234131
-.0060882568
-.0093078613
.0067596436
-.0107116699
.0070648193
-.0074462891
-.0069885254
.0060882568
-.0025024414
-.0082702637
.0079040527
-.0062408447
.0036315918
-.0038146973
.0062561035
.0058746338
.0044097900
-.0031890869
.0046081543
-.0067901611
-.0047607422
-.0064849854
-.0047454834
-.0059356689
-.0053100586
-.0101470947
-.0039215088
-.0039978027
.0039062500
-.0065612793
-.0066375732
-.0043029785
.0029754639
-.0045776367
-.0045471191
-.0043640137
.0031433105
.0018310547
.0048370361
.0017852783
-.0033874512
.0021514893
.0014495850
.0014953613
.0014038086
.0029449463
.0020141602
.0016937256
.0009613037
.0017852783
.0008850098
.0019836426
.0005493164
-.0007934570
-.0009307861
.0005950928
-.0004272461
-.0003814697
-.0001373291
-.0000610352
