-.0001525879
.0001678467
-.0001831055
-.0001831055
-.0001525879
-.0001525879
-.0001373291
-.0001525879
.0001373291
-.0001220703
-.0001525879
-.0001373291
-.0001373291
-.0001220703
-.0001373291
-.0001373291
-.0001220703
-.0001525879
-.0001831055
-.0001373291
-.0001373291
-.0001068115
-.0000915527
-.0001220703
-.0000762939
-.0002441406
-.0003051758
-.0002899170
-.0002899170
-.0002899170
.0003051758
-.0001983643
-.0002746582
-.0002593994
-.0002441406
-.0001831055
-.0001983643
-.0002288818
-.0001678467
-.0002441406
-.0002441406
-.0003204346
-.0002441406
-.0002441406
-.0003509521
-.0003356934
-.0002593994
-.0003509521
-.0003967285
-.0005645752
-.0004882813
-.0004272461
-.0003662109
-.0003814697
.0003662109
-.0003967285
-.0005187988
.0003662109
-.0004272461
-.0003814697
-.0003356934
-.0003204346
-.0004272461
-.0003051758
-.0003356934
-.0003204346
.0003051758
-.0002899170
.0003967285
-.0003509521
-.0003356934
-.0003509521
.0003814697
-.0003051758
.0003356934
-.0003662109
-.0003051758
-.0003356934
-.0003967285
-.0003509521
-.0003662109
-.0003662109
-.0004425049
.0003662109
-.0003509521
-.0004577637
-.0003967285
.0003814697
-.0002899170
.0003662109
-.0003814697
-.0003814697
-.0004272461
-.0004425049
-.0005798340
-.0004730225
-.0003814697
-.0003356934
-.0003356934
-.0003967285
-.0003814697
-.0003967285
.0003204346
.0003356934
.0003509521
.0004577637
.0003662109
-.0003509521
-.0004577637
-.0007629395
-.0010070801
-.0010833740
-.0010681152
.0015411377
-.0012664795
-.0014190674
-.0013275146
.0014801025
-.0010681152
-.0007934570
-.0008392334
-.0007019043
.0012817383
-.0022430420
-.0024108887
.0041046143
-.0038299561
-.0030822754
-.0042877197
.0027008057
.0031433105
.0027923584
-.0030822754
-.0028076172
-.0028991699
.0036315918
-.0029754639
.0017395020
-.0025329590
-.0026092529
.0030975342
-.0030212402
-.0024414063
.0025787354
-.0023040771
-.0020599365
-.0019531250
-.0022888184
-.0017242432
-.0024719238
.0043640137
.0061645508
-.0073547363
.0055999756
-.0080718994
.0052185059
-.0055541992
.0059814453
-.0043945313
-.0042877197
.0052642822
-.0034484863
.0039215088
-.0044860840
-.0031280518
-.0039215088
.0034637451
.0033416748
.0032958984
.0032501221
-.0030975342
.0034179688
-.0039672852
-.0033874512
-.0028991699
-.0047454834
-.0046386719
.0039520264
-.0035247803
-.0057983398
.0054016113
-.0036621094
-.0046691895
.0045471191
.0044555664
.0041351318
.0031433105
-.0039978027
.0036468506
.0038299561
-.0053405762
.0057983398
-.0048065186
-.0038909912
.0054321289
-.0042419434
.0037231445
-.0029449463
.0038299561
-.0038757324
-.0033264160
-.0043487549
-.0038909912
-.0030822754
-.0041656494
.0034637451
-.0047607422
.0040893555
.0035705566
.0031738281
-.0036773682
.0032043457
-.0041809082
-.0037078857
-.0029754639
-.0058746338
.0050811768
.0032958984
.0040588379
-.0041198730
-.0030364990
-.0044860840
-.0033569336
-.0032653809
.0034790039
.0047149658
.0041503906
.0039520264
-.0053405762
-.0041656494
-.0049896240
-.0039215088
-.0033111572
-.0041351318
-.0038757324
.0048065186
.0055541992
.0060424805
-.0056762695
-.0057220459
-.0058441162
-.0051879883
.0058135986
-.0050811768
.0044555664
-.0043945313
-.0053100586
-.0066070557
-.0071563721
-.0055541992
.0053253174
.0050811768
-.0046691895
.0040588379
-.0086669922
-.0119323730
-.0070495605
-.0098571777
-.0117645264
.0104827881
.0119476318
.0106353760
.0077362061
.0094299316
.0079956055
-.0096130371
-.0079803467
-.0074920654
.0064086914
-.0063781738
.0075683594
-.0050659180
.0061187744
-.0061187744
-.0075683594
.0070953369
.0067596436
.0080871582
-.0074768066
-.0058746338
-.0071716309
-.0069122314
-.0067138672
-.0076141357
-.0065307617
-.0064849854
-.0060729980
.0059661865
-.0075073242
.0064239502
-.0073394775
-.0064239502
-.0071716309
-.0069122314
.0065765381
.0059051514
.0056304932
.0060729980
-.0055999756
.0060882568
-.0069122314
-.0050964355
-.0048675537
.0061187744
-.0073394775
-.0056610107
-.0062866211
.0066375732
-.0068511963
-.0071105957
.0058898926
.0067749023
-.0061950684
.0053710938
-.0056915283
.0051727295
-.0039825439
.0053253174
.0038452148
.0050506592
.0044708252
-.0041961670
-.0048217773
-.0042572021
-.0030670166
-.0042419434
.0040283203
.0044250488
-.0036773682
-.0039215088
-.0039062500
-.0036163330
.0040130615
-.0065460205
.0089416504
-.0096893311
.0121765137
.0105285645
-.0101318359
.0138397217
.0120544434
-.0114440918
-.0110778809
-.0154876709
-.0183868408
.0219573975
-.0201110840
-.0223541260
-.0169219971
.0173950195
.0216522217
.0151977539
.0156250000
-.0166015625
-.0126800537
-.0155029297
.0130310059
-.0105895996
-.0111694336
-.0109710693
.0104370117
.0093841553
-.0098724365
-.0120086670
.0118560791
-.0099334717
.0088043213
-.0100402832
-.0090179443
.0085906982
-.0091247559
-.0084991455
.0086669922
-.0112609863
.0114135742
.0097351074
.0117034912
-.0108795166
-.0103912354
.0098114014
.0108642578
.0087890625
.0091400146
.0083312988
-.0064697266
-.0086059570
-.0074615479
.0093688965
.0072174072
-.0065460205
-.0086059570
.0068359375
-.0086364746
-.0073242188
-.0056762695
.0069427490
.0062103271
-.0059661865
-.0043640137
-.0051422119
.0055389404
-.0043640137
-.0052947998
.0038452148
-.0061645508
.0052490234
-.0049133301
-.0062255859
.0037231445
.0039978027
-.0033416748
-.0038909912
-.0048522949
.0045471191
-.0047149658
-.0047607422
.0063934326
.0046386719
-.0047454834
-.0041961670
.0051879883
.0053253174
-.0052185059
-.0040588379
.0037384033
.0040893555
-.0034332275
.0043792725
-.0040893555
.0030364990
-.0028228760
.0036621094
-.0037231445
.0034027100
-.0033111572
.0047454834
-.0028381348
-.0040283203
-.0062408447
-.0057678223
-.0066528320
.0064392090
-.0050659180
-.0049438477
.0064086914
-.0039215088
-.0040893555
-.0043945313
-.0041809082
.0048675537
-.0077514648
-.0097961426
-.0100402832
.0101623535
.0133209229
-.0126800537
.0193481445
.0163116455
-.0175476074
.0165557861
.0144500732
.0126800537
.0102081299
-.0153961182
-.0121765137
-.0141296387
-.0161895752
.0152282715
-.0174865723
.0176849365
.0166320801
.0160064697
-.0108489990
.0133209229
.0146179199
-.0111236572
.0153656006
.0109710693
.0099334717
.0106506348
.0104827881
-.0086669922
.0086212158
-.0101318359
-.0111694336
-.0062103271
-.0089874268
-.0108032227
.0098876953
-.0097503662
.0078887939
-.0092926025
-.0104217529
-.0075988770
.0082702637
.0071411133
-.0074462891
-.0077667236
-.0068054199
-.0083007813
-.0071258545
.0066528320
-.0091094971
.0077056885
.0087280273
.0090179443
.0074157715
-.0084228516
-.0079345703
-.0078887939
.0092773438
-.0061340332
-.0068359375
.0056152344
.0063781738
.0047454834
.0054779053
-.0059509277
-.0057678223
-.0045318604
-.0052032471
.0034332275
-.0051422119
-.0058593750
-.0087432861
.0070800781
-.0069427490
-.0066070557
-.0096893311
-.0072174072
-.0061950684
.0047607422
.0045623779
.0066833496
.0060272217
-.0060577393
-.0046386719
-.0078430176
-.0061645508
.0057983398
-.0143585205
.0071105957
-.0065460205
-.0054168701
-.0065002441
-.0068969727
-.0066680908
.0084381104
.0109100342
-.0103759766
.0072174072
-.0085296631
-.0085601807
-.0103149414
-.0083465576
-.0084381104
.0059967041
.0076141357
-.0075378418
-.0084228516
-.0081329346
.0084686279
-.0084838867
-.0079345703
-.0093688965
.0084381104
-.0085144043
.0085296631
-.0094757080
-.0088653564
.0086975098
.0075531006
-.0101776123
-.0077362061
.0098266602
-.0100402832
.0085144043
-.0081329346
.0106506348
-.0097808838
-.0101470947
.0100860596
.0082092285
.0116424561
-.0097045898
-.0099487305
.0086364746
-.0104217529
.0087738037
-.0089111328
.0102539063
-.0087890625
-.0094451904
.0086669922
-.0074310303
-.0090026855
.0072174072
.0089111328
-.0106048584
-.0109863281
-.0119476318
.0078430176
-.0103912354
.0107116699
-.0101318359
-.0104064941
-.0108947754
-.0097961426
.0099334717
-.0078277588
.0071563721
.0079193115
.0096130371
-.0095825195
.0077819824
.0079803467
-.0075836182
.0102539063
-.0071563721
-.0093994141
.0127258301
-.0082550049
-.0090637207
-.0086517334
.0109863281
-.0081787109
.0079345703
.0071563721
.0084381104
-.0092773438
-.0075073242
-.0066986084
-.0078735352
.0080108643
-.0082244873
.0067901611
.0051269531
-.0062255859
.0064239502
.0066528320
-.0059967041
.0104217529
.0078277588
.0091094971
.0082702637
-.0082855225
-.0077209473
-.0105590820
-.0104217529
-.0142974854
-.0091705322
-.0073852539
.0114288330
.0122375488
.0096435547
-.0119018555
-.0112304688
.0097656250
.0114135742
-.0099639893
-.0091247559
-.0091705322
.0093536377
.0109863281
-.0125274658
.0127105713
.0123748779
-.0101165771
-.0122680664
-.0123138428
-.0142517090
.0113525391
-.0119781494
-.0112609863
.0113830566
-.0151214600
.0165863037
.0110168457
-.0104522705
.0101776123
-.0112457275
.0080718994
-.0080871582
.0076599121
-.0082244873
-.0087738037
-.0109252930
-.0079803467
-.0074005127
-.0055999756
-.0066375732
.0067749023
-.0062713623
-.0066986084
-.0068817139
.0070648193
-.0053710938
-.0062561035
-.0064392090
-.0084533691
-.0066528320
-.0034942627
-.0040893555
-.0064849854
.0050048828
-.0037841797
-.0044097900
-.0043792725
-.0046539307
-.0037078857
-.0061492920
-.0068817139
-.0059204102
-.0066375732
-.0044708252
.0043792725
-.0054779053
-.0067596436
-.0046691895
-.0034790039
-.0060119629
-.0034332275
-.0064239502
-.0055694580
.0036010742
-.0028686523
-.0037994385
-.0041809082
-.0059356689
-.0049133301
-.0051269531
-.0033721924
-.0053710938
-.0040588379
.0057373047
-.0039672852
-.0045318604
.0036315918
-.0036926270
.0046081543
-.0038757324
-.0058898926
-.0050354004
-.0046691895
-.0050201416
.0048522949
.0051116943
-.0045928955
-.0054168701
.0040740967
-.0046997070
-.0070190430
-.0046386719
.0047607422
-.0040588379
-.0048065186
.0043182373
.0031127930
-.0033264160
-.0038299561
-.0041503906
-.0040893555
-.0036926270
-.0023651123
-.0035247803
-.0040588379
-.0039215088
-.0031127930
-.0041656494
-.0036163330
-.0033416748
.0044403076
-.0041046143
-.0036010742
-.0032501221
-.0040588379
-.0046081543
-.0030670166
.0033569336
-.0024871826
-.0022888184
.0032806396
-.0028076172
-.0043792725
-.0030517578
-.0019683838
-.0026702881
-.0023193359
-.0027313232
-.0023193359
-.0022735596
-.0023651123
-.0023345947
-.0027618408
-.0021362305
-.0030212402
-.0027313232
-.0025787354
-.0045318604
.0051879883
-.0082092285
.0084228516
-.0088195801
-.0083770752
-.0095672607
.0083160400
-.0102233887
-.0071563721
-.0092315674
-.0083465576
-.0158233643
-.0102386475
-.0079040527
-.0093078613
-.0134582520
-.0119018555
.0087432861
.0086975098
.0086822510
-.0091400146
-.0089416504
.0096588135
.0063476563
.0069274902
-.0080871582
-.0097656250
-.0072021484
-.0054931641
-.0054016113
.0064849854
.0073242188
-.0059051514
-.0061950684
-.0062713623
-.0061950684
-.0059509277
-.0055847168
-.0064697266
.0057220459
.0066070557
-.0063476563
-.0070495605
-.0052337646
-.0049438477
-.0038604736
.0044250488
-.0053863525
-.0067596436
-.0052490234
.0052032471
-.0042114258
-.0042266846
-.0047302246
-.0041046143
.0040130615
-.0032958984
-.0036010742
-.0031280518
-.0032501221
-.0033569336
-.0035858154
-.0031280518
-.0035400391
-.0046539307
-.0036010742
-.0031585693
-.0040588379
.0050354004
-.0042419434
-.0058135986
-.0041046143
-.0036315918
-.0033111572
.0035552979
-.0046539307
-.0037841797
-.0049438477
-.0041046143
-.0042572021
-.0049591064
-.0032501221
-.0045623779
.0039672852
-.0038146973
.0041198730
-.0039825439
.0058593750
-.0049133301
-.0035095215
-.0040130615
-.0037231445
-.0028533936
-.0027313232
-.0049591064
.0035705566
.0030975342
-.0034484863
-.0040435791
-.0034332275
-.0049285889
-.0050964355
-.0041503906
-.0035705566
-.0042266846
.0131683350
-.0135498047
-.0090332031
-.0114746094
-.0099029541
-.0101928711
-.0100250244
-.0110321045
-.0096282959
-.0077362061
-.0064544678
-.0076751709
-.0090789795
-.0066070557
-.0073089600
-.0063323975
-.0042114258
-.0031738281
-.0036315918
.0028076172
-.0030059814
-.0030364990
-.0023345947
-.0033416748
.0026397705
.0021362305
-.0025939941
-.0042572021
-.0042877197
-.0055541992
-.0041809082
.0039215088
-.0035552979
-.0047912598
-.0035400391
-.0032958984
-.0032653809
-.0029602051
-.0026855469
-.0031433105
-.0033264160
-.0029602051
.0023651123
-.0023345947
-.0023040771
-.0021057129
-.0027313232
.0026092529
-.0020446777
-.0024719238
-.0018768311
-.0019836426
-.0014648438
-.0016632080
.0017547607
-.0025177002
-.0017547607
.0027465820
.0026397705
-.0021667480
-.0020751953
-.0023040771
-.0020446777
-.0019226074
-.0016174316
-.0014343262
.0015411377
-.0019836426
.0012817383
-.0013885498
-.0014953613
-.0013732910
-.0013427734
-.0012817383
-.0012664795
-.0012207031
-.0012512207
.0008850098
-.0014495850
-.0008544922
-.0009613037
-.0007324219
-.0008850098
-.0006561279
-.0006866455
-.0004882813
.0005950928
-.0003967285
.0005035400
-.0004577637
-.0004425049
-.0003204346
-.0003204346
-.0005493164
-.0003814697
-.0002746582
.0001983643
-.0002593994
.0001525879
-.0001525879
-.0000610352
.0000305176
-.0000152588
