-.0000610352
-.0006713867
.0011596680
.0022125244
-.0016479492
-.0023040771
-.0021667480
.0023040771
-.0034790039
.0031280518
.0032653809
.0041809082
.0041503906
.0055236816
.0041656494
-.0079650879
.0085601807
.0048980713
-.0061035156
-.0092468262
-.0078735352
.0066223145
-.0067291260
-.0086059570
.0111236572
.0091857910
-.0080871582
-.0082244873
.0085754395
-.0152435303
.0120391846
.0133514404
.0082244873
-.0110321045
.0142059326
.0182342529
-.0194396973
-.0153961182
.0156097412
.0220336914
-.0096130371
-.0124053955
.0164947510
-.0148162842
-.0291442871
.0187988281
.0214996338
-.0192871094
-.0169525146
.0182495117
-.0160675049
-.0212554932
.0106201172
.0100860596
-.0154571533
-.0087280273
.0115509033
.0080871582
.0111846924
-.0115356445
.0125274658
-.0184020996
-.0078277588
-.0121307373
.0117797852
-.0193634033
.0108184814
-.0109100342
-.0085906982
-.0094909668
.0184936523
.0110321045
-.0242462158
-.0139770508
.0184020996
-.0195007324
.0159301758
.0229949951
-.0166931152
-.0233764648
.0175323486
.0302429199
-.0184631348
.0085144043
-.0149841309
-.0153656006
-.0129852295
.0130310059
-.0146331787
-.0146484375
-.0172119141
.0224151611
-.0103302002
-.0122375488
-.0161895752
.0170745850
-.0159606934
.0132751465
-.0120849609
.0138397217
-.0137481689
.0127105713
.0166168213
-.0202178955
.0144653320
.0099029541
.0154418945
-.0158081055
-.0064849854
.0105438232
-.0074310303
-.0271148682
.0177917480
-.0157928467
-.0174255371
-.0119018555
.0257568359
-.0130157471
-.0166320801
-.0085449219
.0263671875
-.0263977051
-.0063934326
.0104827881
.0227966309
-.0203552246
-.0139160156
.0195617676
-.0155334473
-.0135040283
.0171203613
.0061645508
-.0258026123
.0168304443
-.0159912109
.0228729248
.0159149170
.0194244385
-.0251312256
-.0242156982
-.0273590088
.0266571045
.0210113525
-.0182647705
.0113220215
.0180358887
-.0210723877
.0082397461
.0139617920
-.0178680420
-.0144653320
.0263519287
.0167388916
-.0208435059
-.0128936768
-.0199127197
.0089111328
-.0196228027
.0197143555
.0154571533
.0182647705
-.0204620361
.0186157227
-.0087432861
-.0221252441
-.0155487061
.0310363770
.0112304688
-.0236206055
.0161437988
-.0135955811
-.0225830078
-.0132293701
.0145721436
-.0124969482
.0137634277
-.0208282471
.0159149170
-.0200347900
-.0103759766
.0253906250
.0099792480
-.0156402588
.0169830322
.0289154053
-.0250549316
-.0175476074
.0148468018
.0179901123
-.0113677979
.0146331787
.0259857178
-.0082092285
-.0245513916
.0102844238
.0099487305
.0106506348
-.0081176758
.0174713135
-.0065307617
.0148468018
-.0207061768
-.0164794922
-.0189666748
.0106964111
.0173950195
-.0266265869
-.0146636963
.0144195557
-.0122528076
-.0145416260
.0214385986
.0149383545
-.0124206543
-.0147552490
.0132293701
-.0146026611
.0170135498
-.0146942139
.0229949951
-.0105285645
.0162658691
-.0192108154
-.0108337402
-.0252532959
.0136871338
.0262756348
-.0142517090
-.0179443359
.0160675049
-.0076599121
-.0242462158
-.0156860352
.0157165527
.0145111084
-.0170135498
.0130310059
.0174560547
-.0113372803
-.0147399902
.0201110840
.0141754150
-.0095977783
-.0164337158
.0211029053
-.0111541748
-.0237579346
.0154571533
-.0172119141
-.0179443359
.0099182129
.0145111084
.0172424316
-.0112762451
-.0181579590
.0218963623
-.0148162842
.0153961182
.0116271973
.0135650635
-.0122833252
-.0199584961
.0261535645
-.0161285400
-.0204010010
.0278930664
.0104827881
-.0256805420
.0293579102
.0121459961
.0301361084
-.0188903809
.0087585449
.0136718750
-.0149078369
-.0164794922
.0178833008
-.0128021240
-.0157928467
.0172119141
.0338592529
-.0095977783
-.0093078613
-.0208740234
-.0216979980
.0260009766
.0209197998
.0121917725
-.0213470459
-.0102233887
.0192871094
-.0141754150
-.0172424316
.0240936279
-.0134887695
.0104675293
.0158233643
.0213165283
-.0231323242
-.0191497803
.0153350830
.0218658447
-.0160064697
.0092163086
.0159606934
-.0153198242
-.0194854736
-.0154571533
.0150756836
.0134887695
.0167999268
-.0247344971
.0181274414
.0115966797
-.0072021484
.0122680664
.0212097168
-.0240325928
-.0162353516
.0236358643
-.0117797852
-.0278778076
.0172729492
.0155639648
.0148468018
.0166625977
-.0092620850
-.0134124756
-.0199279785
-.0193786621
.0076446533
.0175323486
-.0133972168
.0114288330
-.0197448730
-.0129089355
-.0233459473
.0176239014
-.0180511475
.0158081055
.0233459473
.0177307129
-.0163574219
.0128631592
-.0131683350
-.0233459473
-.0187377930
.0129699707
.0171356201
-.0134735107
.0152282715
.0127258301
-.0091857910
-.0187377930
.0088958740
.0114746094
-.0172576904
.0138244629
.0221252441
-.0223999023
-.0148620605
.0259094238
.0231933594
-.0179901123
-.0215759277
.0126342773
-.0190429688
-.0099029541
-.0116271973
.0175933838
-.0109558105
-.0158538818
.0174865723
.0235595703
-.0241546631
.0179443359
.0142059326
.0158081055
-.0206909180
.0141754150
.0129547119
-.0267639160
.0129089355
.0161743164
-.0112609863
.0156860352
.0163726807
-.0179595947
-.0140380859
-.0123596191
.0190429688
.0207366943
.0157012939
-.0190734863
-.0132598877
-.0176849365
.0116729736
-.0103912354
.0133666992
.0121765137
.0371704102
.0094451904
-.0215606689
-.0158386230
-.0175781250
.0203704834
.0149688721
.0196838379
-.0194702148
-.0202789307
-.0132751465
-.0182647705
-.0187225342
.0179290771
-.0195465088
.0294647217
-.0104064941
.0115966797
.0116577148
-.0211486816
-.0158538818
.0124969482
.0159454346
-.0194702148
-.0130920410
.0144805908
.0156707764
-.0265655518
.0169067383
.0179290771
.0244293213
-.0159149170
.0163726807
.0156555176
-.0155487061
-.0143890381
.0182647705
-.0121002197
-.0199279785
.0200042725
.0105743408
-.0173645020
-.0102844238
.0163574219
-.0151367188
.0146789551
.0138854980
.0132751465
-.0157470703
-.0148010254
.0090637207
.0176391602
-.0229187012
.0133056641
.0139770508
-.0096740723
-.0126342773
.0167999268
.0166778564
-.0164794922
.0098724365
.0158538818
.0132446289
-.0176086426
-.0101318359
.0167694092
.0153503418
.0111846924
.0165710449
.0090637207
-.0186157227
-.0106811523
.0148315430
.0194549561
-.0191040039
.0133666992
-.0122222900
-.0161437988
-.0099334717
.0140686035
-.0090637207
.0182800293
.0165100098
.0135803223
-.0173187256
-.0113830566
.0092620850
-.0191802979
-.0128631592
.0102233887
.0111389160
-.0199279785
.0115661621
.0134124756
-.0260009766
.0097351074
.0231170654
-.0154418945
.0146636963
.0078277588
.0144348145
-.0137634277
-.0274505615
.0198211670
.0215301514
.0102386475
.0178070068
.0116882324
-.0195159912
-.0095977783
.0162811279
.0118408203
-.0177307129
.0196990967
.0106506348
.0109863281
-.0132904053
-.0088348389
.0165405273
-.0159301758
-.0124053955
-.0147705078
.0130462646
-.0087585449
-.0088500977
.0160369873
.0220184326
-.0119323730
-.0217895508
.0157165527
.0094299316
-.0095214844
-.0104827881
-.0133514404
.0184936523
.0172119141
-.0095520020
-.0166473389
-.0092315674
.0115203857
-.0133514404
.0245208740
-.0139465332
.0132141113
-.0120086670
.0177917480
.0128173828
-.0182342529
-.0212707520
.0154724121
.0123138428
-.0205383301
.0106964111
.0094604492
-.0165405273
-.0083770752
.0187225342
.0138244629
-.0076599121
-.0099639893
.0149383545
.0095214844
.0122070313
.0131835938
.0142822266
-.0155944824
-.0156250000
.0165405273
-.0192108154
-.0169982910
.0110626221
.0154418945
-.0184478760
.0116119385
-.0070495605
-.0134582520
-.0168151855
.0101928711
.0263671875
.0164337158
-.0183105469
.0148773193
-.0108795166
-.0231628418
.0191040039
.0204772949
.0087738037
-.0179290771
.0238494873
.0208282471
-.0198822021
-.0129852295
.0227813721
-.0264282227
-.0169372559
.0148315430
.0224151611
-.0090332031
-.0136718750
.0110626221
.0179138184
.0109252930
-.0226745605
.0106506348
-.0197601318
.0173645020
.0100708008
-.0132751465
-.0166625977
.0177917480
.0129852295
-.0100097656
.0142059326
.0102539063
-.0150299072
-.0169525146
.0215454102
-.0179595947
-.0142669678
-.0195770264
.0177459717
-.0126342773
.0142211914
.0113983154
.0146331787
-.0170135498
.0081024170
.0169067383
-.0224456787
-.0159759521
.0142517090
.0164947510
-.0223846436
.0115814209
.0144195557
.0170288086
-.0109100342
.0108184814
.0234527588
.0119781494
-.0123291016
-.0145874023
.0178222656
-.0254516602
-.0105285645
.0203704834
.0186920166
-.0169372559
.0176086426
.0140075684
-.0233154297
-.0111999512
.0114593506
.0209808350
.0137023926
-.0088958740
.0108795166
-.0164794922
-.0214691162
.0098419189
.0080261230
.0111541748
-.0117034912
.0157623291
-.0091552734
-.0105285645
-.0084228516
.0079040527
.0118103027
.0177764893
.0132751465
-.0208587646
.0113983154
.0160369873
.0082550049
-.0122375488
-.0159301758
.0079956055
-.0113220215
-.0185852051
.0121917725
-.0208129883
-.0165100098
.0225524902
.0295104980
-.0126190186
-.0183715820
.0145416260
-.0174713135
.0153350830
.0149078369
.0128479004
-.0110015869
-.0085906982
.0121917725
.0126953125
-.0153808594
-.0116882324
.0109252930
.0162658691
-.0122985840
-.0125732422
.0126800537
-.0134582520
.0129547119
.0138397217
-.0113677979
.0084686279
.0144195557
.0092010498
-.0171356201
.0088348389
-.0113525391
.0207214355
.0179901123
-.0220336914
-.0163269043
-.0188293457
-.0169982910
.0204315186
.0144958496
-.0137329102
-.0182647705
-.0117187500
-.0197296143
.0121154785
.0116119385
-.0160827637
.0193634033
.0123748779
.0221862793
-.0115661621
-.0107421875
-.0075683594
.0175323486
.0137939453
-.0073852539
.0097656250
-.0080871582
-.0135498047
.0114898682
-.0132446289
.0114898682
.0265960693
-.0101318359
.0102081299
.0099029541
.0175933838
-.0178070068
.0104522705
.0295715332
-.0140991211
-.0062713623
-.0195770264
-.0117034912
.0134124756
-.0174102783
.0158691406
.0136718750
-.0139770508
-.0104675293
.0138397217
-.0229492188
-.0193939209
-.0172882080
.0263519287
-.0189666748
.0117340088
.0110015869
.0150604248
.0132293701
-.0138244629
-.0186309814
.0223388672
-.0191497803
-.0099792480
.0138549805
-.0154266357
-.0129699707
.0119476318
.0220794678
-.0167083740
.0112915039
.0105895996
-.0109558105
.0175781250
-.0158233643
.0167541504
-.0153198242
.0171051025
.0159759521
-.0162353516
-.0225219727
-.0145416260
.0182495117
.0114440918
-.0139923096
.0190124512
.0160522461
-.0163879395
-.0175933838
-.0130310059
.0101776123
.0168914795
.0113983154
-.0097503662
-.0223541260
.0161285400
-.0127868652
-.0133514404
.0082397461
.0169067383
.0130920410
-.0151367188
.0166320801
.0091400146
-.0087127686
-.0127563477
-.0186309814
.0142059326
-.0175781250
-.0170745850
.0171356201
-.0138854980
-.0135192871
-.0064849854
.0134277344
-.0143127441
.0156250000
-.0099792480
-.0132446289
-.0123138428
.0061035156
.0095825195
-.0156555176
.0072937012
.0114440918
-.0120239258
.0088958740
.0074462891
.0165710449
-.0078887939
-.0106811523
-.0148925781
-.0178833008
.0160980225
-.0086517334
-.0104980469
.0168762207
-.0093994141
-.0148162842
.0127105713
.0107727051
-.0156250000
-.0233612061
.0223083496
-.0166931152
-.0154266357
.0139923096
.0186004639
-.0193786621
.0096130371
-.0080108643
-.0193786621
.0294036865
.0187225342
-.0242462158
-.0265350342
-.0175170898
-.0145263672
.0193176270
-.0071716309
.0172119141
.0190277100
-.0190734863
.0146331787
.0186767578
-.0147247314
-.0182800293
.0108337402
.0150604248
-.0162200928
-.0096588135
.0125579834
-.0092926025
.0216979980
.0114135742
-.0155944824
-.0167694092
-.0130310059
.0181579590
-.0130767822
-.0177612305
.0097351074
.0135040283
.0108489990
-.0126953125
-.0132293701
-.0149383545
-.0178375244
.0167999268
.0191802979
-.0100097656
-.0155944824
.0078277588
.0183715820
-.0119781494
.0065155029
-.0193939209
.0163726807
-.0128021240
.0175476074
.0139160156
-.0097351074
-.0161285400
.0198364258
-.0111541748
-.0202941895
.0115203857
.0171051025
.0164184570
-.0092010498
.0172882080
.0219726563
.0169067383
-.0172729492
-.0153961182
.0130004883
-.0243988037
-.0118103027
.0173492432
.0155944824
-.0118255615
.0163574219
.0146636963
-.0236053467
-.0126190186
-.0154876709
-.0199890137
.0194854736
-.0111083984
-.0140533447
-.0097961426
.0145263672
.0104522705
.0131835938
.0129699707
.0149841309
-.0180053711
-.0219726563
.0159606934
.0120391846
-.0200500488
-.0193023682
.0261993408
.0223388672
-.0201873779
-.0147399902
-.0270233154
-.0116577148
.0148620605
.0248107910
.0149841309
.0171051025
-.0122985840
.0136108398
.0127716064
-.0101623535
.0154876709
.0201568604
.0102233887
-.0237274170
.0191040039
-.0126342773
-.0102233887
-.0077972412
.0148315430
.0118103027
.0149383545
.0088195801
.0246124268
-.0180358887
-.0186767578
.0130920410
-.0208892822
-.0087585449
.0140380859
-.0093841553
-.0074157715
-.0075836182
.0062408447
-.0051574707
-.0054779053
-.0034027100
-.0050659180
.0051879883
.0043334961
.0022125244
.0024261475
-.0015106201
-.0003662109
