.0134277344
.0147552490
.0116424561
.0075378418
.0066833496
.0062866211
-.0032043457
-.0066375732
-.0074005127
-.0057525635
.0034637451
-.0068359375
-.0103454590
-.0062713623
-.0063934326
-.0119934082
-.0175018311
-.0183258057
-.0149230957
-.0096282959
.0033111572
.0118713379
.0231323242
.0310363770
.0318450928
.0216064453
.0132751465
.0043487549
-.0117034912
-.0141143799
-.0132598877
-.0131530762
-.0128173828
-.0102691650
-.0079345703
-.0124511719
-.0146789551
-.0117340088
-.0123291016
-.0076904297
-.0040435791
-.0036468506
.0036926270
.0068664551
.0109252930
.0131835938
.0152587891
.0147399902
.0134582520
.0110778809
.0057220459
-.0024261475
-.0037384033
-.0073394775
-.0077209473
-.0094604492
-.0082855225
-.0074462891
-.0089569092
-.0088806152
-.0079193115
-.0061798096
-.0068817139
-.0046539307
.0058441162
.0088653564
.0093688965
.0115814209
.0121002197
.0122833252
.0073242188
-.0034790039
-.0072937012
-.0068359375
-.0026550293
-.0034332275
-.0078887939
.0037841797
.0047149658
.0027465820
.0018615723
.0045166016
-.0036010742
-.0106658936
-.0144500732
-.0131835938
-.0119323730
-.0119628906
-.0098724365
-.0046234131
.0099639893
.0187530518
.0212097168
.0221099854
.0207672119
.0165710449
.0083923340
.0026397705
.0040435791
-.0082092285
-.0166320801
-.0166473389
-.0135040283
-.0077056885
-.0081024170
-.0085296631
-.0127258301
-.0189514160
-.0198059082
-.0147705078
-.0065917969
.0034484863
.0089721680
.0147705078
.0239868164
.0289154053
.0253143311
.0171813965
.0147857666
.0087585449
.0037536621
-.0083770752
-.0108184814
-.0122528076
-.0123291016
-.0082092285
.0023193359
.0025787354
-.0035095215
-.0080566406
-.0075988770
-.0086975098
-.0095672607
-.0117340088
-.0099487305
-.0061492920
.0040283203
.0076751709
.0083618164
.0107727051
.0072937012
.0034332275
.0066375732
.0098876953
.0073242188
.0068359375
-.0048828125
.0052642822
.0059661865
.0035858154
-.0019683838
-.0029449463
-.0075378418
-.0130157471
-.0139770508
-.0140991211
-.0154266357
-.0169219971
-.0119171143
-.0054016113
.0082702637
.0131225586
.0156707764
.0223388672
.0244903564
.0181579590
.0142517090
.0123138428
.0126800537
.0084533691
-.0021514893
-.0074005127
-.0104827881
-.0143890381
-.0166015625
-.0197143555
-.0232696533
-.0234222412
-.0182037354
-.0166168213
-.0128479004
-.0104980469
.0035095215
.0222015381
.0299530029
.0313720703
.0298156738
.0258178711
.0161437988
.0074462891
-.0071563721
-.0123291016
-.0150909424
-.0158081055
-.0121917725
-.0055389404
-.0052795410
-.0080566406
-.0082244873
-.0056915283
-.0037231445
-.0109710693
-.0090789795
-.0046691895
.0034332275
.0057678223
.0070343018
.0082092285
.0136871338
.0183715820
.0171203613
.0068664551
-.0072174072
-.0070495605
-.0078582764
-.0108947754
-.0102233887
-.0101165771
-.0097808838
.0039062500
.0113067627
.0069580078
-.0087432861
-.0103149414
-.0049133301
-.0074768066
-.0067749023
-.0066070557
-.0051879883
.0060119629
.0149230957
.0239105225
.0264434814
.0168762207
.0090332031
-.0052642822
-.0038604736
-.0053710938
-.0046691895
-.0081481934
-.0103912354
-.0148468018
-.0130462646
-.0105438232
-.0102844238
-.0176849365
-.0167846680
-.0153961182
-.0120544434
-.0047912598
.0090179443
.0186462402
.0208282471
.0221557617
.0298919678
.0236816406
.0225524902
.0072631836
-.0118713379
-.0107421875
-.0269470215
-.0266571045
.0347137451
-.0358886719
-.0261840820
.0293121338
.0319519043
-.0196990967
-.0305175781
-.0410766602
.0054321289
-.0227203369
-.0450744629
.0285491943
.0110168457
-.0373687744
.0310821533
.0412139893
.0293884277
.0312194824
.0466461182
.0236206055
-.0173492432
-.0391082764
-.0297241211
-.0225524902
-.0295715332
-.0073242188
.0285797119
.0418395996
.0215759277
.0201721191
.0197906494
-.0211486816
-.0403900146
-.0385284424
-.0300445557
-.0402069092
-.0181121826
.0245361328
.0306549072
.0312347412
.0386352539
.0343475342
.0089874268
-.0147399902
-.0290679932
-.0371398926
-.0350799561
-.0200958252
.0127868652
.0307464600
.0444335938
.0437622070
.0335540771
.0111083984
-.0111846924
-.0302124023
-.0462036133
-.0480346680
-.0450439453
-.0348510742
-.0144042969
.0216674805
.0435638428
.0524291992
.0509490967
.0395965576
.0170288086
-.0053100586
-.0173645020
-.0207519531
-.0279083252
-.0233612061
-.0105895996
.0061035156
.0106811523
.0143585205
.0140228271
.0025329590
-.0116271973
-.0147399902
-.0219879150
-.0224609375
-.0219879150
-.0159759521
-.0072479248
.0109710693
.0209350586
.0198059082
.0174865723
.0106658936
.0048980713
.0072326660
.0137481689
.0154418945
.0122985840
.0114135742
.0153961182
.0139312744
.0097045898
-.0037536621
-.0166778564
-.0289001465
-.0369720459
-.0374298096
-.0292816162
-.0207977295
-.0077056885
.0154113770
.0263977051
.0267944336
.0226287842
.0178680420
.0117950439
.0064697266
-.0062561035
.0054931641
.0070037842
-.0028991699
.0021362305
.0074005127
.0082702637
.0061798096
-.0044555664
-.0081329346
-.0142211914
-.0240936279
-.0256347656
-.0265350342
-.0245819092
-.0179138184
-.0071105957
.0102996826
.0205841064
.0238800049
.0278320313
.0279693604
.0223083496
.0104980469
.0042419434
-.0051422119
-.0101776123
-.0121765137
-.0127716064
-.0100708008
-.0035705566
.0074462891
.0080261230
.0047302246
-.0058746338
-.0125427246
-.0125274658
-.0117340088
-.0081634521
-.0039062500
-.0022735596
.0056304932
.0074615479
.0082550049
.0088806152
.0074462891
.0041809082
.0042572021
.0068206787
.0043792725
.0046691895
.0047607422
.0050354004
.0050659180
.0065765381
.0061645508
-.0048828125
-.0143890381
-.0155792236
-.0141143799
-.0169525146
-.0162200928
-.0106048584
-.0042419434
.0116577148
.0144195557
.0149841309
.0177459717
.0136718750
.0091094971
.0086059570
.0051269531
.0045318604
-.0019836426
.0027923584
-.0037078857
-.0053863525
-.0076141357
-.0135345459
-.0156250000
-.0155029297
-.0172119141
-.0166168213
-.0122985840
-.0051574707
.0048828125
.0147705078
.0256805420
.0264434814
.0261535645
.0223693848
.0165252686
.0077209473
-.0058746338
-.0129394531
-.0211486816
-.0264282227
-.0221099854
-.0147094727
-.0105895996
-.0059661865
-.0027160645
.0034179688
.0066833496
.0102386475
.0119018555
.0095367432
.0064849854
.0032043457
.0054931641
.0049133301
.0041503906
.0101318359
.0118713379
.0089721680
-.0048828125
-.0099639893
-.0112915039
-.0137023926
-.0130310059
-.0103454590
-.0105285645
-.0039978027
-.0025482178
.0075836182
.0059509277
-.0034942627
-.0068664551
-.0075836182
-.0057220459
-.0085906982
-.0087890625
.0033264160
.0107269287
.0178222656
.0257568359
.0209960938
.0155029297
.0102539063
.0062255859
.0026245117
-.0069274902
-.0120086670
-.0177154541
-.0139007568
-.0099945068
-.0058746338
-.0088348389
-.0125732422
-.0117340088
-.0070648193
-.0084991455
-.0083770752
-.0075378418
-.0046691895
.0032653809
.0101623535
.0133666992
.0170745850
.0181732178
.0159149170
.0171051025
.0099792480
.0041503906
-.0061950684
-.0082702637
-.0064392090
.0027618408
.0044403076
-.0032043457
-.0060424805
-.0063018799
-.0118865967
-.0111846924
-.0138549805
-.0189819336
-.0171203613
-.0119018555
-.0077514648
-.0068054199
.0076446533
.0118865967
.0157470703
.0172882080
.0187072754
.0138092041
.0087585449
-.0051116943
-.0031738281
.0037689209
.0069427490
.0095520020
.0132293701
.0143585205
.0105743408
-.0073699951
-.0102233887
-.0143585205
-.0175323486
-.0214538574
-.0256195068
-.0301971436
-.0244750977
-.0141296387
.0040283203
.0156250000
.0220489502
.0247650146
.0243682861
.0225219727
.0197448730
.0140075684
.0097045898
.0068969727
.0068817139
-.0035247803
-.0069427490
-.0094146729
-.0124359131
-.0203704834
-.0269165039
-.0312194824
-.0306854248
-.0246124268
-.0183563232
-.0075378418
.0126800537
.0195007324
.0295410156
.0349426270
.0345306396
.0230102539
.0153350830
.0091552734
.0057220459
.0035095215
-.0086975098
-.0084991455
-.0077362061
-.0075531006
-.0067901611
-.0053863525
-.0102081299
-.0161132813
-.0141448975
-.0121917725
-.0131225586
-.0122680664
-.0061340332
.0072784424
.0108337402
.0127868652
.0193634033
.0241851807
.0179748535
.0167083740
.0095367432
.0049285889
-.0103607178
-.0087890625
-.0072784424
-.0105590820
-.0104980469
-.0080108643
-.0060119629
-.0083160400
-.0125122070
-.0147094727
-.0191040039
-.0169982910
-.0139007568
-.0117645264
-.0052947998
.0083160400
.0192565918
.0252075195
.0210571289
.0192413330
.0160675049
.0148620605
.0122680664
.0072174072
.0031280518
-.0070495605
-.0103607178
-.0077972412
-.0052337646
-.0094299316
-.0138549805
-.0133209229
-.0159454346
-.0217895508
-.0233917236
-.0151214600
-.0063018799
.0049133301
.0126037598
.0226135254
.0265655518
.0315704346
.0278625488
.0189666748
.0058135986
-.0089874268
-.0137329102
-.0173797607
-.0167694092
-.0132293701
-.0064239502
.0025787354
-.0060577393
-.0106811523
-.0157165527
-.0182647705
-.0150146484
-.0113372803
.0026855469
.0109558105
.0122375488
.0186462402
.0247955322
.0209350586
.0251922607
.0269927979
.0108337402
-.0133819580
-.0292663574
-.0310058594
-.0247955322
-.0192718506
-.0136718750
.0045471191
.0133972168
.0176391602
.0190734863
.0120849609
-.0067901611
-.0129547119
-.0079956055
-.0066680908
-.0080871582
-.0061187744
.0062713623
.0106811523
.0172882080
.0171051025
.0138244629
.0103149414
.0107574463
.0135345459
-.0119018555
-.0279541016
-.0275878906
-.0141143799
-.0071258545
.0087280273
.0132751465
.0210876465
.0213165283
.0122833252
-.0079956055
-.0435943604
-.0505371094
-.0346984863
-.0315093994
-.0204467773
.0118103027
.0260772705
.0394134521
.0517730713
.0418548584
.0315399170
.0203247070
-.0066375732
-.0180664063
-.0206909180
-.0377197266
-.0435943604
-.0285491943
-.0055236816
.0128021240
.0150756836
.0224761963
.0297393799
.0241699219
-.0033264160
-.0204162598
-.0315856934
-.0366363525
-.0314025879
-.0241394043
-.0140838623
.0137786865
.0265502930
.0319824219
.0314788818
.0301971436
.0267944336
.0139617920
-.0055847168
-.0050048828
.0079345703
.0100402832
.0035247803
-.0125122070
-.0216979980
-.0260009766
-.0275421143
-.0271301270
-.0267791748
-.0212554932
-.0140228271
.0031280518
.0126953125
.0222778320
.0273590088
.0262756348
.0276489258
.0191955566
.0076599121
.0046386719
.0055694580
-.0068664551
-.0131225586
-.0118255615
-.0142059326
-.0116577148
-.0076599121
.0046234131
-.0062255859
-.0077819824
-.0111541748
-.0130004883
-.0132141113
-.0125885010
-.0060729980
.0034637451
.0075836182
.0151824951
.0238800049
.0261993408
.0261993408
.0202026367
.0136108398
.0117797852
-.0021972656
-.0136260986
-.0198059082
-.0231781006
-.0251464844
-.0205841064
-.0181732178
-.0141754150
-.0067596436
.0039672852
.0039215088
.0105590820
.0122528076
.0141448975
.0122985840
.0121459961
.0170745850
.0160675049
.0108489990
.0132598877
.0067596436
-.0118103027
-.0184478760
-.0199584961
-.0171203613
-.0105438232
-.0031738281
.0048065186
.0069122314
.0100097656
.0070648193
-.0071716309
-.0096893311
-.0094757080
-.0086822510
-.0098724365
-.0089111328
-.0036315918
.0040435791
.0069885254
.0141906738
.0195007324
.0214385986
.0197448730
.0140838623
.0098571777
-.0071716309
-.0119628906
-.0147552490
-.0146026611
-.0133209229
-.0056610107
-.0032653809
-.0058288574
-.0071716309
-.0114135742
-.0182189941
-.0160980225
-.0142211914
-.0064239502
.0041809082
.0129547119
.0187988281
.0200805664
.0199279785
.0123138428
.0118865967
.0072326660
.0026855469
-.0029296875
-.0043792725
-.0060577393
-.0074157715
-.0059204102
.0041351318
.0085601807
.0076446533
.0034637451
.0031433105
-.0074310303
-.0182342529
-.0253601074
-.0259399414
-.0203094482
-.0126342773
.0070495605
.0167999268
.0249786377
.0244445801
.0158843994
.0102844238
.0041351318
-.0026855469
-.0038146973
-.0031280518
.0042724609
.0059967041
.0116119385
.0091552734
.0029907227
-.0079650879
-.0125732422
-.0153350830
-.0142669678
-.0155944824
-.0157470703
-.0147094727
-.0105590820
-.0040435791
.0066528320
.0199127197
.0251007080
.0290679932
.0263977051
.0199127197
.0139617920
-.0041198730
-.0108184814
-.0120239258
-.0117340088
-.0050659180
-.0025482178
-.0034942627
-.0112304688
-.0143890381
-.0244598389
-.0263671875
-.0219268799
-.0183258057
-.0099487305
-.0037994385
.0068206787
.0169830322
.0194244385
.0244293213
.0258483887
.0273132324
.0180969238
.0101623535
.0053710938
-.0080413818
-.0147247314
-.0188140869
-.0156707764
-.0113983154
-.0071563721
-.0024108887
.0040588379
.0065460205
-.0077667236
-.0119934082
-.0121765137
-.0146179199
-.0145568848
-.0061035156
.0153503418
.0222473145
.0242919922
.0199737549
.0171966553
.0100097656
-.0039520264
-.0084381104
-.0075073242
-.0058746338
-.0066528320
-.0092468262
-.0108184814
-.0073394775
-.0060424805
-.0104370117
-.0093536377
-.0119628906
-.0127563477
-.0158996582
-.0147705078
-.0131225586
-.0056762695
.0119323730
.0180511475
.0222167969
.0190582275
.0184020996
-.0203094482
