-.0005645752
.0007019043
-.0008544922
-.0009002686
.0006561279
-.0008392334
-.0004272461
.0005340576
.0103149414
-.0124816895
-.0149383545
.0621185303
.0322113037
.0667724609
.0507965088
-.0289154053
-.0355987549
.0445098877
.0570068359
-.0388336182
.0626831055
-.0458526611
.0505065918
.0462493896
.0502471924
-.0577392578
-.0463409424
-.0674743652
.0549621582
-.0959320068
-.0607299805
-.0448913574
-.0685272217
.0591583252
.0586547852
-.0630340576
-.0763397217
.0759429932
.0637664795
-.0495758057
.0727691650
-.0771026611
.0600585938
-.0546569824
.0501861572
.0635375977
-.0567016602
.0610961914
-.0509033203
-.0688323975
-.0547637939
.0476226807
.0644073486
-.0757141113
-.0466766357
.0496673584
.0487518311
-.0722503662
.0690155029
.0461273193
.0807800293
.0530700684
.0520324707
.0624847412
-.0464477539
-.0506439209
.0580749512
.0571289063
.0633850098
-.0633392334
.0524444580
-.0457611084
.0563507080
.0466918945
-.0644683838
-.0512390137
-.0473480225
.0409240723
-.0618133545
-.0628662109
-.0508880615
.0502624512
-.0620880127
-.0567474365
-.0471649170
.0467376709
.0657501221
-.0429840088
.0445404053
.0485229492
-.0625762939
-.0513763428
.0574188232
-.0542449951
-.0605163574
-.0430908203
.0622406006
-.0485839844
.0505676270
-.0517120361
-.0496673584
.0438690186
-.0526580811
.0728302002
-.0471343994
.0460662842
.0450744629
-.0432281494
-.0561370850
.0504150391
.0457305908
.0465087891
.0439605713
-.0704650879
-.0523529053
-.0525207520
.0442047119
.0563354492
.0549926758
.0696716309
-.0685272217
.0608673096
-.0736236572
.0447540283
.0476684570
.0708770752
.0504302979
-.0543823242
-.0614318848
.0491943359
.0623779297
-.0551605225
.0527496338
.0558013916
.0467681885
.0379791260
-.0508575439
-.0495300293
-.0687103271
-.0647888184
-.0529785156
-.0462951660
.0760650635
-.0582733154
-.0550994873
-.0557098389
-.0455322266
.0438385010
.0505065918
-.0592193604
-.0552215576
.0474700928
.0432128906
-.0485229492
.0674438477
-.0757904053
-.0465698242
.0613861084
.0630035400
-.0616607666
.0653991699
-.0624847412
-.0388946533
.0481414795
-.0481262207
-.0563507080
.0525817871
.0451660156
-.0384826660
.0634918213
.0367736816
-.0664825439
-.0666961670
.0568695068
.0506439209
-.0569915771
-.0676269531
-.0538177490
-.0433807373
.0514221191
.0536041260
.0467224121
-.0512390137
-.0617828369
.0433349609
-.0621185303
.0596923828
.0597076416
.0653991699
.0732421875
-.0496978760
-.0481567383
.0513000488
-.0632171631
-.0590209961
-.0500488281
-.0528564453
.0557098389
-.0549011230
.0541381836
.0586853027
-.0617218018
-.0330047607
-.0432128906
-.0599212646
.0669708252
-.0557250977
-.0561370850
-.0533905029
.0477142334
.0443420410
-.0615386963
-.0497436523
-.0527954102
.0366210938
-.0575256348
.0611114502
.0659637451
-.0511779785
-.0529022217
-.0406188965
.0526733398
.0517730713
-.0675048828
-.0770568848
.0601806641
.0553283691
-.0651397705
-.0643005371
.0467834473
-.0414123535
-.0583801270
.0458679199
.0572967529
-.0642547607
.0774993896
-.0595092773
.0712890625
.0493927002
-.0503082275
.0458679199
-.0607147217
-.0559387207
-.0606536865
-.0432739258
.0547332764
-.0332031250
.0557098389
.0590057373
-.0417022705
.0503845215
.0506439209
.0498199463
.0610198975
-.0503845215
.0437774658
-.0386199951
.0612030029
.0634765625
-.0797119141
-.0509185791
-.0576171875
.0565032959
-.0665283203
-.0493927002
.0463562012
-.0563049316
.0582733154
-.0437927246
-.0413360596
.0665283203
.0503692627
.0515899658
-.0516204834
-.0519104004
.0385437012
.0454406738
-.0606994629
.0746002197
.0511169434
-.0641021729
-.0642395020
-.0496368408
-.0503692627
-.0720214844
.0575866699
-.0664367676
.0496368408
-.0559082031
-.0437622070
-.0642547607
-.0576477051
.0581359863
.0532836914
.0470886230
-.0743560791
-.0752716064
.0550994873
-.0493316650
.0521850586
.0604400635
-.0500488281
-.0539855957
-.0454406738
.0477294922
-.0610504150
-.0451965332
-.0654296875
.0552062988
-.0559539795
-.0537261963
.0573120117
-.0449523926
.0648040771
.0604705811
.0445098877
-.0589752197
.0589904785
-.0540008545
-.0518035889
-.0548095703
.0487060547
-.0477600098
-.0615234375
.0571441650
-.0597076416
-.0508117676
-.0620727539
.0451965332
-.0380554199
.0731353760
-.0476226807
.0526580811
-.0461120605
-.0654602051
.0517425537
-.0636138916
-.0526123047
-.0626983643
-.0466156006
-.0639953613
-.0533905029
.0533752441
.0512847900
-.0463562012
-.0525360107
-.0465087891
.0416259766
.0508422852
-.0450134277
-.0524444580
-.0576171875
-.0600891113
-.0538024902
-.0508880615
.0606689453
.0602722168
-.0502014160
-.0456695557
-.0475463867
-.0607299805
-.0647430420
-.0574188232
.0510711670
.0651702881
-.0591125488
-.0540161133
-.0518493652
.0530242920
.0587615967
-.0587921143
.0480346680
.0724334717
.0640869141
-.0528869629
-.0646667480
-.0588073730
.0632171631
-.0535125732
.0691375732
.0504608154
.0364379883
-.0728149414
-.0519561768
-.0605621338
-.0561523438
.0502014160
-.0580749512
.0643005371
-.0531616211
-.0453643799
.0598754883
-.0522155762
.0483856201
.0654907227
-.0402679443
-.0522460938
.0534057617
.0525207520
-.0421295166
.0555877686
.0450439453
-.0434722900
-.0561981201
-.0382690430
-.0604705811
-.0466461182
.0560913086
-.0477600098
-.0545043945
.0553131104
-.0682830811
-.0439605713
-.0665740967
-.0451202393
.0501251221
.0579528809
-.0390167236
-.0490570068
.0549774170
-.0335693359
.0443267822
.0420532227
-.0562591553
.0514221191
.0715026855
.0647125244
.0572509766
-.0538482666
.0534057617
-.0617828369
-.0429382324
.0495758057
.0551452637
.0600433350
.0674438477
-.0569458008
-.0434265137
-.0498962402
.0442504883
-.0420989990
-.0523834229
.0524291992
-.0482177734
-.0543670654
-.0483093262
.0444335938
.0718078613
-.0736389160
.0581817627
-.0628356934
-.0559234619
.0465698242
-.0536956787
-.0363769531
.0570220947
-.0457153320
-.0512390137
-.0509643555
-.0615692139
-.0514831543
-.0508270264
.0645599365
.0625762939
-.0502624512
-.0565795898
.0575103760
-.0551147461
-.0486602783
.0427703857
-.0614013672
.0457916260
-.0603332520
-.0605926514
.0501251221
.0531921387
-.0564422607
-.0634765625
.0584259033
.0618591309
.0670928955
-.0509185791
-.0460357666
-.0539855957
.0739440918
.0507812500
-.0544738770
-.0573425293
.0547943115
.0482025146
.0439605713
-.0491638184
-.0554351807
.0433197021
-.0687255859
.0497894287
.0640563965
-.0453338623
.0468139648
.0511627197
.0609588623
-.0826873779
-.0652160645
-.0518188477
-.0487670898
-.0517883301
.0668792725
.0472869873
.0583648682
-.0380401611
-.0453796387
.0451202393
.0574340820
-.0577087402
.0528564453
.0515136719
.0569000244
-.0537109375
-.0552520752
-.0466918945
.0438842773
.0524749756
.0579223633
-.0645141602
-.0521240234
.0619659424
-.0724334717
-.0618286133
-.0575714111
-.0519409180
.0392303467
.0408935547
-.0466003418
-.0501556396
.0541534424
-.0516662598
-.0479583740
.0648345947
-.0565185547
.0407867432
.0591583252
.0474243164
.0598297119
-.0686340332
.0536651611
.0540313721
-.0693664551
.0589752197
-.0695495605
.0544128418
.0680847168
-.0562591553
-.0371398926
-.0611114502
-.0449218750
.0506896973
-.0509338379
-.0502929688
.0578460693
-.0550537109
.0625610352
.0554504395
-.0757446289
.0555114746
.0644989014
.0478210449
-.0404205322
-.0782623291
.0533294678
-.0598449707
.0637664795
-.0697937012
.0588531494
.0560913086
-.0568389893
.0627899170
-.0494842529
.0575561523
.0448303223
-.0461883545
-.0511474609
.0534362793
-.0617980957
-.0438079834
.0686492920
-.0672607422
.0523223877
-.0559844971
.0661621094
-.0522918701
.0506591797
-.0581359863
-.0627746582
.0634918213
.0549621582
.0578613281
-.0501708984
.0685882568
.0699005127
-.0493469238
-.0513000488
-.0623321533
-.0581970215
-.0478363037
.0545196533
.0679779053
.0468597412
.0420684814
-.0607910156
-.0501098633
.0507659912
-.0597686768
.0576171875
.0656890869
-.0637664795
-.0697326660
-.0558929443
-.0506744385
.0584259033
-.0585327148
-.0537109375
-.0495147705
-.0547637939
.0674591064
.0509033203
.0648345947
-.0594329834
-.0572662354
.0674896240
-.0486602783
.0474090576
.0443267822
.0576934814
-.0656433105
.0554046631
.0591430664
.0418395996
-.0583190918
.0417022705
-.0708770752
.0448303223
-.0685577393
.0575714111
-.0473480225
-.0656738281
-.0732269287
-.0675506592
.0542449951
-.0611114502
-.0603942871
-.0439453125
-.0580596924
.0616760254
.0548553467
.0532226563
.0587921143
-.0669250488
-.0578765869
-.0516204834
-.0721740723
.0691070557
.0703582764
.0525970459
-.0834350586
.0395660400
-.0612335205
-.0577087402
.0564422607
-.0761871338
-.0470733643
-.0506591797
.0526733398
-.0528869629
-.0563507080
.0629272461
-.0605163574
.0577239990
-.0532226563
.0523071289
-.0581054688
-.0605926514
.0652313232
.0793914795
-.0487060547
-.0530548096
-.0743103027
.0449676514
-.0547943115
-.0562438965
.0627136230
-.0483703613
.0561523438
.0666656494
.0567779541
-.0523834229
.0555572510
.0572052002
.0759277344
-.0457916260
.0566558838
-.0753479004
.0481414795
.0577392578
.0628662109
.0632934570
-.0466003418
.0507202148
.0492858887
-.0624847412
-.0515289307
-.0614929199
.0620880127
.0473937988
.0603790283
.0486755371
-.0542602539
-.0456848145
.0563964844
-.0467529297
-.0759429932
-.0549468994
.0429077148
.0604095459
-.0480651855
.0699768066
-.0469055176
.0735015869
.0494079590
-.0535125732
.0616607666
-.0619812012
-.0537719727
.0558319092
.0444183350
-.0726623535
.0519866943
-.0543518066
.0450744629
-.0587310791
-.0467071533
.0454101563
-.0593719482
-.0571136475
.0513153076
.0566406250
-.0461273193
-.0589599609
.0450897217
-.0434875488
-.0449829102
-.0711364746
.0604705811
.0539398193
-.0571746826
-.0735473633
.0507354736
-.0510711670
-.0562744141
-.0621643066
.0590209961
.0440521240
-.0458068848
.0451202393
-.0469207764
-.0453033447
.0630645752
-.0501403809
.0455474854
-.0615692139
.0591888428
-.0394134521
-.0419616699
.0482788086
.0505981445
.0437927246
.0686187744
-.0505828857
-.0605163574
-.0372314453
-.0583190918
-.0493927002
.0628662109
.0588531494
-.0542602539
-.0521850586
-.0527191162
-.0444183350
.0472869873
-.0557250977
-.0565338135
-.0439147949
.0618133545
-.0546722412
-.0421752930
-.0471496582
-.0463562012
.0464172363
-.0463256836
.0535430908
-.0383300781
-.0402526855
-.0374603271
-.0405731201
.0361022949
.0445098877
.0407867432
-.0543975830
.0433959961
-.0553283691
.0629730225
-.0583190918
-.0441436768
-.0589904785
-.0531311035
-.0527648926
-.0420379639
.0507202148
.0577392578
-.0407562256
.0511016846
-.0516967773
.0540771484
-.0610961914
.0524444580
-.0370941162
-.0415039063
.0528564453
-.0641174316
-.0579376221
.0459136963
.0545959473
-.0569000244
.0644226074
-.0673828125
.0551452637
.0431976318
-.0527343750
-.0408935547
-.0425262451
.0412445068
.0434417725
.0444641113
-.0367736816
.0515747070
-.0412750244
-.0376739502
-.0404815674
-.0420379639
.0625762939
-.0478820801
.0473785400
.0381774902
-.0303039551
.0300445557
-.0430297852
.0304718018
-.0386047363
-.0425109863
.0426483154
-.0443115234
.0401916504
.0270080566
.0310974121
.0236053467
-.0267791748
-.0189819336
.0274658203
.0266113281
-.0270385742
-.0271911621
.0241241455
-.0229949951
-.0140228271
.0104522705
-.0133361816
.0192718506
-.0139465332
-.0160980225
.0160064697
-.0177764893
-.0139617920
-.0163879395
-.0505981445
.0260467529
-.0137786865
-.0157775879
.0140380859
-.0168914795
-.0105438232
.0095062256
-.0088043213
-.0097808838
.0077362061
-.0155487061
-.0077819824
-.0071716309
.0279083252
-.0195770264
-.0128021240
.0095520020
.0100555420
-.0206298828
.0162658691
.0107421875
-.0070190430
.0069274902
.0119018555
.0046844482
-.0044708252
.0049591064
-.0038146973
.0048980713
-.0022277832
-.0025329590
.0026702881
.0043487549
-.0041198730
-.0022430420
.0032653809
-.0018005371
.0035705566
-.0027160645
-.0027008057
-.0030822754
.0023193359
-.0042266846
.0028991699
-.0052337646
.0029602051
-.0139160156
.0052642822
-.0058441162
.0041351318
-.0036468506
.0019836426
.0023345947
.0022888184
-.0019531250
.0089874268
-.0036163330
-.0064849854
-.0026397705
-.0030517578
.0034790039
-.0014953613
-.0099639893
-.0069274902
.0050506592
-.0070953369
.0046691895
-.0059204102
.0035247803
.0018768311
-.0044097900
-.0130920410
.0063171387
.0034790039
-.0021362305
.0019683838
-.0031585693
-.0011901855
-.0026550293
.0019226074
-.0013580322
.0023345947
-.0010986328
-.0010223389
-.0007476807
.0011138916
-.0039825439
.0026702881
-.0015563965
.0029296875
.0016326904
-.0028076172
.0014495850
.0014038086
.0095214844
-.0030670166
.0069274902
.0025177002
.0023040771
.0018463135
-.0009460449
-.0027160645
.0015716553
-.0077514648
.0100860596
-.0056915283
.0034027100
-.0031127930
.0030822754
-.0016021729
.0022583008
.0023498535
-.0017852783
.0014495850
-.0020751953
-.0013580322
-.0016632080
.0025177002
.0021209717
.0162658691
