-.0242156982
.0128173828
-.0148773193
-.0120239258
.0114898682
-.0139465332
-.0135803223
.0042266846
-.0048828125
-.0097503662
-.0068817139
-.0140380859
-.0058593750
.0123138428
.0092620850
.0142669678
.0118865967
.0113525391
.0205688477
.0156860352
.0107269287
.0132904053
-.0102996826
.0115509033
-.0136871338
-.0073089600
-.0096740723
-.0079498291
-.0094757080
-.0079650879
-.0131225586
-.0192565918
-.0187988281
-.0122375488
.0289611816
-.0214385986
-.0222015381
-.0232696533
-.0157165527
-.0206756592
.0182189941
.0089416504
.0232543945
.0195007324
.0248413086
.0222930908
-.0304718018
.0185241699
.0191192627
-.0198211670
.0154418945
.0241394043
-.0196990967
.0182495117
-.0291748047
-.0315093994
-.0212554932
-.0265045166
-.0198974609
-.0274505615
-.0253906250
-.0311584473
-.0221710205
-.0158996582
-.0175781250
.0210266113
.0275421143
.0285949707
.0284118652
.0322723389
.0314025879
.0401458740
.0246276855
.0258026123
.0308532715
.0488586426
.0287628174
.0319976807
-.0328369141
-.0294494629
.0199432373
.0320434570
-.0288085938
-.0330963135
-.0356597900
-.0271453857
-.0272674561
-.0309906006
-.0290069580
-.0251007080
-.0419616699
-.0565948486
.0401458740
-.0359497070
.0373840332
.0355682373
.0348052979
.0301971436
.0351867676
.0386810303
-.0286712646
.0433197021
.0578918457
.0438079834
-.0569763184
-.0422363281
.0420684814
.0326690674
-.0433197021
-.0569763184
-.0512695313
-.0379180908
-.0267333984
-.0258483887
-.0247650146
.0200195313
.0290832520
.0334320068
.0431518555
.0399780273
.0330352783
.0348510742
.0428924561
.0492401123
.0377655029
-.0411071777
-.0427093506
-.0442504883
-.0352630615
-.0377502441
-.0485992432
-.0428314209
-.0335235596
-.0457611084
-.0287628174
-.0369873047
-.0254974365
.0342407227
.0491027832
-.0335540771
.0366516113
.0338745117
-.0287170410
.0593872070
.0503845215
.0546569824
.0551147461
.0562896729
.0447692871
.0510864258
.0322265625
-.0357971191
.0311126709
.0251464844
.0389251709
.0413055420
.0360870361
-.0403137207
-.0387420654
-.0360260010
-.0564117432
.0549163818
-.0420989990
.0232086182
-.0266723633
-.0511932373
.0384216309
.0283203125
.0281829834
.0385894775
.0431976318
.0442352295
.0464324951
.0540313721
.0376129150
.0310211182
.0456237793
-.0380249023
-.0873718262
-.0613555908
-.0422363281
.0352630615
-.0356903076
-.0317382813
-.0458526611
-.0459289551
.0421905518
-.0515747070
.0553894043
-.0537261963
-.0380249023
-.0485229492
.0861511230
.0610809326
.0519866943
-.0461273193
.0373687744
.0387115479
.0218963623
-.0335388184
.0311431885
.0534973145
.0375976563
.0512084961
.0211334229
-.0304412842
-.0403289795
.0381469727
-.0291595459
-.0391998291
.0544586182
-.0317077637
-.0471954346
.0294647217
.0325622559
.0286712646
.0330505371
.0394439697
-.0640106201
.0384521484
.0496520996
.0366516113
-.0367279053
.0420379639
.0580139160
.0387725830
.0364685059
.0276031494
.0503997803
-.0550537109
-.0383758545
-.0431213379
-.0237274170
-.0348052979
-.0543365479
-.0375061035
-.0292663574
-.0366516113
.0467224121
.0353546143
-.0437774658
-.0267333984
.0281524658
-.0400085449
.0385742188
.0376586914
.0318145752
.0566711426
.0615692139
.0385437012
.0396575928
-.0690460205
-.0416717529
-.0423278809
-.0337524414
.0338745117
-.0439453125
-.0662994385
-.0439453125
-.0330505371
-.0247650146
-.0429992676
-.0476074219
-.0379333496
-.0411224365
-.0513153076
-.0688934326
.0556793213
-.0290222168
-.0327758789
.0396423340
.0450439453
.0355987549
-.0406494141
.0491638184
.0335235596
.0551757813
-.0485229492
-.0346832275
-.0396270752
-.0285797119
-.0377960205
-.0372161865
.0272064209
.0393676758
.0307159424
-.0232696533
-.0299987793
-.0313873291
-.0395355225
.0217742920
-.0387268066
.0332794189
.0259704590
.0356140137
.0371551514
.0726318359
.0480957031
.0519256592
.0516510010
.0276947021
.0437164307
-.0381622314
-.0351867676
-.0364990234
-.0364837646
-.0311126709
-.0317382813
-.0580749512
.0419616699
-.0250396729
-.0472412109
-.0261077881
-.0285491943
-.0180969238
.0203094482
-.0271911621
.0253295898
-.0287628174
.0395050049
-.0505371094
.0442657471
.0328369141
.0367431641
-.0344543457
.0368804932
-.0446624756
-.0433197021
-.0276794434
.0283355713
.0526885986
-.0383453369
-.0476531982
-.0323181152
-.0206604004
-.0312347412
.0289764404
.0370483398
-.0334472656
-.0470428467
.0501708984
-.0421447754
-.0389556885
.0590972900
.0311737061
.0254211426
.0220947266
.0211029053
-.0476074219
.0422515869
.0293731689
.0376129150
-.0291137695
-.0534057617
.0298156738
-.0306396484
-.0356597900
-.0480194092
.0377044678
-.0325927734
-.0243835449
-.0244445801
.0267181396
-.0359497070
-.0267181396
-.0282287598
-.0272369385
-.0259552002
.0295715332
-.0356445313
.0356750488
.0325469971
.0464324951
.0600128174
.0310058594
-.0334625244
.0280151367
.0279541016
-.0459442139
-.0416107178
-.0336608887
.0341033936
-.0485992432
.0449523926
-.0429534912
.0516052246
-.0400390625
.0489807129
.0299224854
-.0267181396
-.0230102539
.0583190918
.0433349609
-.0472412109
-.0249176025
.1019592285
-.0664215088
.0509185791
.0312194824
-.0590667725
.0338134766
-.0279235840
-.0265502930
.0278930664
-.0424041748
.0378265381
-.0344238281
.0409088135
-.0420379639
.0357513428
-.0432434082
.0485839844
.0386657715
.0437164307
.0378265381
-.0306396484
.0434265137
-.0367584229
-.0493316650
.0281372070
.0429077148
.0332946777
.0179901123
-.0295410156
-.0484924316
.0316925049
-.1078033447
-.0864562988
.0493011475
-.0453186035
-.0342712402
-.0448150635
.0376739502
-.0365600586
-.0484771729
.0521392822
.0271759033
.0338134766
-.0390472412
.0214233398
.0654907227
.0493011475
.0355529785
-.0395507813
.0288848877
.0389862061
-.0290832520
.0514373779
-.0477142334
-.0408630371
.0236511230
-.0389709473
.0349731445
.0387878418
.0274658203
.0329742432
-.0262298584
.0404510498
.0334472656
-.0425720215
.0607757568
.0373840332
.0286254883
-.0556030273
-.0231323242
.0285339355
.0275573730
.0278472900
.0235900879
-.0168151855
.0477752686
-.0330657959
-.0359649658
.0239105225
-.0266113281
.0251922607
-.0321350098
.0428771973
.0374298096
-.0269927979
.0334167480
.0227508545
.0414733887
.0509490967
-.0480804443
.0285949707
-.0357818604
.0300140381
-.0466918945
.0317382813
-.0361938477
-.0261840820
.0404663086
-.0313415527
.0333404541
.0428466797
-.0302124023
.0344848633
-.0509948730
.0340270996
-.0186462402
-.0857391357
.0487670898
-.0394744873
-.0489654541
.0491180420
-.0419616699
.0296783447
-.0480499268
.0275268555
.0237426758
.0406799316
-.0390930176
-.0361633301
.0228881836
-.0382843018
.0441741943
.0551147461
-.0347747803
.0327758789
-.0408630371
-.0308532715
-.0285491943
-.0414123535
.0408782959
-.0424804688
-.0316467285
.0404663086
.0517272949
.0455474854
.0330963135
-.0360107422
.0278015137
-.0316619873
.0371551514
.0370635986
.0290527344
.0365753174
-.0348968506
.0354461670
.0283966064
.0390014648
-.0343933105
.0457458496
.0649108887
.0426483154
.0398559570
-.0316925049
-.0377502441
.0383911133
.0398712158
-.0264434814
-.0287170410
-.0298461914
.0419769287
.0402069092
.0295257568
-.0605468750
-.0367736816
.0340118408
.0355682373
.0220642090
.0283966064
.0318450928
.0542297363
-.0294189453
.0349578857
.0560302734
-.0417175293
.0330657959
.0298919678
.0297393799
.0515747070
.0727844238
-.0402832031
-.0328826904
-.0438995361
.0506439209
-.0306854248
.0322418213
.0347595215
.0175018311
-.0275115967
.0298309326
.0289459229
-.0292053223
.0291595459
.0337371826
-.0474090576
.0551300049
-.0383758545
.0298919678
.0235748291
-.0346069336
.0383148193
-.0271148682
.0355682373
.0413665771
-.0393524170
-.0374908447
-.0475006104
-.0237579346
-.0227050781
-.0184478760
.0184936523
-.0178070068
-.0279846191
-.0319366455
.0391540527
-.0284576416
-.0448455811
.0321655273
-.0428466797
.0377502441
-.0298919678
.0485229492
-.0294189453
-.0347900391
.0300445557
.0311279297
.0322418213
.0356903076
-.0361785889
-.0396728516
-.0303192139
.0266418457
-.0358123779
-.0494232178
-.0306396484
.0390167236
-.0518341064
.0433959961
-.0495452881
.0288543701
-.0463714600
.0274200439
-.0259857178
.0229339600
.0492553711
.0352783203
-.0362701416
.0336151123
.0399169922
.0276794434
-.0375061035
-.0263519287
.0181274414
.0221099854
.0278472900
-.0364532471
-.0293273926
-.0443725586
.0430908203
.0379638672
.0342102051
-.0313568115
-.0223388672
-.0308380127
.0359039307
-.0211791992
.0370635986
-.0469970703
-.0322723389
.0425415039
.0345306396
.0472717285
-.0386962891
.0396423340
.0454101563
.0312347412
.0303344727
-.0500335693
-.0791931152
-.0282897949
-.0440368652
.0365600586
-.0273284912
-.0229492188
.0568084717
-.0271453857
-.0278472900
-.0308837891
-.0368804932
.0313415527
.0452117920
.0337219238
.0433044434
-.0370788574
.0370635986
.0328521729
.0369567871
.0434265137
.0265502930
-.0262145996
-.0566253662
.0345001221
-.0435028076
-.0267028809
.0363006592
-.0409545898
.0324096680
-.0469818115
-.0427856445
-.0369262695
-.0364685059
-.0441436768
-.0280761719
-.0319366455
-.0389251709
.0323638916
.0293426514
.0313262939
.0239562988
.0485076904
-.0394744873
.0406036377
.0340118408
.0268402100
.0589141846
.0428771973
.0409393311
.0486297607
.0455017090
-.0334777832
-.0408935547
.0442199707
-.0533142090
.0669250488
-.0489959717
.0318908691
-.0344543457
-.0258178711
-.0363769531
.0363311768
-.0293579102
.0297241211
-.0229034424
-.0217742920
.0467224121
.0363922119
-.0402374268
.0365142822
.0457000732
.0467529297
.0538024902
-.0293731689
-.0532836914
-.0354919434
.0353393555
-.0498809814
-.0642700195
-.0411834717
-.0410003662
-.0464172363
-.0564727783
.0377655029
-.0305480957
-.0540466309
.0421447754
.0366516113
.0339508057
.0373077393
.0338592529
.0383300781
-.0403594971
-.0274505615
.0411071777
.0434112549
.0399780273
.0355072021
-.0460357666
-.0711517334
-.0468902588
-.0463104248
.0348358154
.0438079834
-.0362701416
-.0413513184
-.0438079834
-.0382690430
-.0442352295
-.0352630615
-.0439910889
.0329132080
-.0339508057
-.0554046631
.0355987549
-.0518798828
-.0611724854
.0299835205
.0343780518
-.0277709961
.0288391113
.0514678955
.0439758301
.0451354980
.0329589844
-.0506134033
.0459594727
-.0360412598
-.0472259521
.0384521484
-.0454711914
.0327453613
-.0588836670
-.0342407227
-.0343780518
-.0393829346
-.0373077393
-.0341339111
-.0456085205
.0603332520
.0355224609
-.0275115967
.0363616943
.0340881348
.0346832275
.0402221680
.0315246582
-.0408325195
.0280914307
.0280761719
.0531921387
.0279235840
.0200195313
.0464019775
-.0407714844
-.0461730957
-.0391845703
-.0445556641
-.0566253662
.0426177979
-.0375976563
.0316619873
.0386657715
-.0453643799
-.0381164551
-.0511932373
-.0352935791
.0422821045
.0277099609
-.0363769531
.0351867676
.0293273926
-.0244445801
.0330963135
-.0204925537
.0324096680
.0408172607
-.0320739746
-.0330657959
-.0363922119
.0333099365
-.0493621826
-.0420989990
-.0418853760
-.0368194580
-.0356750488
-.0293579102
.0371398926
.0241546631
.0302581787
.0516052246
.0916748047
.0470886230
.0463256836
.0364837646
.0428771973
-.0366973877
.0395202637
.0531616211
-.0428161621
.0721893311
-.0282287598
-.0358581543
-.0381011963
-.0361480713
.0316162109
-.0455627441
-.0465087891
-.0292205811
-.0454864502
-.0301513672
-.0510253906
.0514831543
.0478820801
-.0356445313
.0328979492
.0301208496
.0245056152
.0354156494
-.0275878906
-.0763397217
.0513458252
-.0331573486
.0686798096
.0618133545
-.0391693115
.0563964844
-.0378723145
-.0699005127
-.0381011963
.0407562256
-.0359497070
-.0257110596
-.0393524170
-.0291442871
.0466613770
-.0314178467
.0498809814
-.0304718018
-.0270385742
-.0278778076
.0379943848
.0287475586
-.0343322754
.0318908691
.0247192383
-.0351409912
.0321655273
-.0418548584
-.0370941162
.0264892578
.0340881348
-.0399475098
-.0334777832
-.0497741699
-.0296783447
-.0389556885
-.0410614014
.0335693359
.0380859375
.0310974121
-.0467681885
-.0383758545
-.0256195068
-.0350646973
-.0341491699
.0560455322
-.0328674316
.0400390625
.0260162354
.0275878906
-.0255279541
.0258178711
-.0305938721
.0283203125
-.0272674561
.0326385498
.0279083252
-.0254516602
.0351562500
.0260620117
-.0610961914
-.0394287109
.0276947021
.0361480713
.0347442627
-.0231475830
-.0240020752
.0368499756
.0257873535
.0355224609
-.0357208252
-.0243072510
.0240325928
-.0189819336
.0184478760
.0212249756
.0406036377
.0354156494
-.0289764404
.0415344238
-.0273132324
-.0341644287
.0511627197
.0445251465
-.0304565430
.0405273438
-.0441131592
-.0269470215
-.0301208496
.0379486084
-.0324096680
-.0221862793
.0166168213
.0186309814
.0140380859
-.0162963867
-.0174560547
-.0185241699
-.0170898438
-.0110168457
.0155639648
.0132598877
-.0079040527
-.0081939697
.0075988770
-.0038909912
-.0020446777
.0004577637
