.0024108887
-.0018615723
-.0011901855
-.0013885498
-.0036010742
-.0016174316
.0017700195
.0012359619
-.0020751953
.0045013428
.0043792725
.0026855469
.0020446777
-.0030364990
.0019226074
-.0030670166
.0017852783
-.0018920898
-.0012664795
.0015258789
.0027465820
.0034332275
-.0015258789
.0016479492
-.0021972656
.0019531250
-.0019989014
-.0007476807
.0014343262
-.0020446777
.0014648438
-.0018005371
.0010070801
-.0019073486
.0010681152
.0018463135
.0015716553
.0022888184
-.0014495850
.0023498535
-.0010986328
-.0012054443
-.0012207031
-.0019073486
.0024566650
.0011291504
.0025329590
.0010681152
.0011901855
.0011596680
-.0015106201
-.0011901855
-.0019073486
.0019531250
-.0009918213
.0011596680
.0008850098
-.0016326904
.0010375977
-.0014038086
-.0010833740
-.0077209473
.0031433105
.0011749268
.0013275146
.0015411377
.0008544922
-.0013275146
-.0031433105
-.0012512207
.0010375977
-.0015106201
.0012969971
-.0008239746
.0013732910
-.0008544922
.0011596680
-.0019989014
.0017700195
.0020446777
.0005950928
.0008239746
-.0010070801
-.0006866455
-.0013122559
.0011444092
-.0017089844
.0014038086
.0019226074
.0010681152
.0011444092
-.0045928955
-.0032653809
-.0026397705
.0012054443
.0007934570
-.0011901855
-.0007171631
-.0023193359
-.0013275146
.0013427734
.0007324219
.0016937256
-.0011596680
.0022583008
-.0010986328
.0012207031
.0006561279
-.0010375977
.0014648438
.0007781982
.0008087158
-.0021667480
.0013885498
-.0011444092
.0007171631
.0014343262
.0010070801
-.0009002686
.0011138916
.0013732910
-.0046234131
.0018615723
-.0009918213
-.0010681152
-.0013732910
.0005950928
.0011596680
.0007629395
-.0011749268
.0019683838
-.0006256104
.0010223389
-.0013122559
.0007171631
-.0011444092
.0026397705
.0015106201
.0009460449
.0018768311
-.0016784668
.0013122559
-.0015258789
-.0008239746
-.0017852783
.0012054443
-.0011138916
.0007781982
.0011749268
.0048828125
.0074462891
.0097351074
-.0116882324
.0095062256
-.0129547119
-.0155487061
-.0203399658
-.0208129883
-.0161285400
.0117340088
.0258026123
-.0239257813
-.0171051025
-.0320892334
.0341033936
.0312347412
.0272674561
-.0246582031
-.0240478516
-.0257263184
-.0390625000
-.0296325684
-.0471649170
-.0771179199
.0649108887
-.0501098633
.0644836426
.0594940186
.0432739258
-.0378723145
.0600280762
-.0469818115
.0530700684
.0535583496
-.0354919434
-.0205841064
-.0283966064
.0489044189
-.0389709473
-.0378417969
-.0215911865
-.0223846436
-.0199127197
.0237426758
.0233917236
-.0236053467
.0218505859
.0377349854
.0129241943
.0193939209
.0189208984
-.0180053711
.0148468018
-.0113220215
-.0237274170
-.0155487061
-.0261230469
.0284881592
.0198669434
-.0118865967
.0121765137
.0231323242
.0115203857
.0358886719
.0210418701
.0186004639
.0110626221
-.0205993652
-.0228424072
.0324707031
.0323791504
.0321655273
-.0327758789
-.0175933838
.0338134766
-.0198822021
.0127868652
.0225982666
.0192718506
.0187072754
.0211486816
.0226287842
.0217895508
.0230407715
.0348968506
.0201873779
.0246429443
.0310516357
-.0264434814
-.0205078125
-.0295562744
-.0286254883
-.0341186523
-.0392608643
-.0263519287
-.0364990234
-.0421447754
-.0231475830
.0261383057
-.0439453125
.0447998047
.0406188965
.0560760498
.0327911377
.0554199219
.0484008789
-.0260162354
-.0426940918
-.0291595459
-.0347747803
-.0298309326
-.0308380127
-.0509796143
-.0282440186
-.0520629883
-.0188903809
.0153656006
.0238189697
.0258941650
.0261077881
.0223846436
.0274200439
.0219573975
.0308990479
.0181579590
.0239715576
-.0214538574
-.0244903564
-.0287322998
-.0238342285
-.0398406982
-.0364074707
-.0434112549
-.0299224854
-.0779418945
-.0433807373
-.0263061523
-.0295867920
.0160675049
.0306854248
.0339660645
.0434265137
.0294647217
.0385131836
.0646972656
.0263671875
-.0353698730
-.0296630859
-.0351104736
-.0613250732
-.0507812500
-.0417327881
-.0400695801
-.0272216797
-.0274047852
.0230865479
.0283355713
.0364837646
.0517578125
.0443878174
.0381317139
.0527801514
.0207366943
.0266265869
-.0223083496
-.0318450928
-.0233154297
-.0289306641
-.0375518799
-.0330047607
-.0296478271
.0327911377
.0166168213
.0139770508
.0282135010
.0150756836
.0298156738
.0314025879
.0237884521
.0126037598
.0330352783
-.0251770020
-.0252075195
-.0185852051
-.0305328369
-.0182495117
-.0287017822
-.0181274414
-.0191802979
-.0263061523
-.0181427002
-.0235900879
.0297698975
.0141601563
.0193634033
.0391693115
.0197753906
.0303802490
.0327606201
-.0305938721
.0240936279
-.0247497559
-.0323638916
-.0366516113
-.0375976563
-.0242462158
-.0536651611
-.0444030762
-.0355224609
-.0312042236
.0160980225
.0171813965
.0317535400
.0687408447
.0269927979
.0504150391
.0440979004
.0579071045
.0314331055
-.0266876221
-.0262145996
-.0172119141
-.0352783203
-.0329132080
-.0512542725
-.0373077393
-.0854644775
-.0178527832
-.0247650146
.0448455811
.0130767822
.0251617432
.0242919922
.0295257568
.0440673828
.0345916748
.0283508301
.0334930420
.0285186768
.0317535400
.0299530029
.0995025635
-.0237426758
-.0363769531
-.0356292725
-.0387115479
-.0275268555
-.0408935547
-.0309295654
-.0227050781
.0250091553
-.0205841064
.0291748047
.0291442871
.0394897461
.0395355225
.0307922363
.0390930176
-.0216674805
-.0234375000
.0201873779
-.0499877930
-.0382995605
-.0370483398
-.0355529785
-.0375518799
-.0272064209
.0335083008
.0300598145
.0309448242
.0298309326
.0287017822
.0388336182
.0391540527
.0287933350
.0276947021
-.0402679443
-.0383148193
-.0274047852
-.0417327881
-.0424804688
-.0241546631
-.0379180908
-.0375366211
-.0247802734
.0202484131
.0468750000
.0281829834
.0269622803
.0386810303
.0261840820
.0344390869
.0229797363
.0238647461
.0204315186
-.0130920410
-.0280761719
-.0366210938
-.0256652832
-.0405731201
-.0346832275
-.0211944580
-.0287628174
-.0202636719
-.0193634033
.0425720215
.0364532471
.0347137451
.0293121338
.0326843262
.0207672119
.0328826904
.0194396973
-.0370941162
-.0285034180
-.0297088623
-.0308837891
-.0283508301
-.0282745361
-.0211791992
-.0391998291
-.0169677734
.0178833008
.0230102539
.0342254639
.0465698242
.0427703857
.0340423584
.0324554443
.0215454102
-.0224761963
-.0197906494
-.0471038818
-.0329284668
-.0359802246
-.0390625000
-.0363159180
-.0192413330
-.0405731201
-.0271301270
-.0299072266
.0184020996
.0282897949
.0289001465
.0218048096
.0310211182
.0383453369
.0353698730
.0351867676
.0229797363
.0206909180
-.0276947021
-.0418853760
-.0356292725
-.0326232910
-.0338745117
-.0432586670
-.0394134521
-.0391845703
.0639953613
.0351715088
-.0332031250
.0575103760
.0519409180
.0390319824
.0585632324
.0359649658
.0462341309
.0419158936
.0371093750
-.0234069824
-.0574493408
-.0393676758
-.0456390381
-.0524902344
-.0273590088
-.0468750000
-.0310211182
-.0270690918
.0202026367
.0265045166
.0486450195
.0281066895
.0350952148
.0217895508
.0395812988
-.0279693604
-.0289916992
-.0292968750
-.0372161865
-.0336761475
-.0373840332
-.0381469727
-.0700378418
-.0265045166
.0338897705
.0169677734
.0369567871
.0355072021
.0427246094
.0400848389
.0305786133
.0259094238
-.0109405518
-.0397644043
-.0353088379
-.0356903076
-.0400238037
-.0367736816
-.0269622803
-.0336151123
-.0349578857
.0441284180
.0331573486
.0229644775
.0316467285
.0360107422
.0404357910
.0335845947
.0317382813
.0158843994
.0301361084
-.0182342529
-.0550537109
-.0188598633
-.0343933105
-.0208587646
-.0190124512
-.0219116211
-.0226440430
-.0156402588
.0240020752
.0211486816
.0363769531
.0214843750
-.0229797363
.0354309082
.0158996582
.0198364258
-.0146636963
-.0313873291
-.0445861816
-.0358734131
-.0309143066
-.0418395996
-.0294494629
-.0298919678
-.0219116211
.0260467529
.0444488525
.0351257324
.0355987549
.0400695801
.0272369385
.0369110107
.0285949707
-.0149841309
-.0374450684
-.0313415527
-.0278778076
-.0336914063
-.0402679443
-.0383148193
-.0340270996
-.0296020508
-.0312347412
-.0214843750
.0300750732
.0220794678
.0486450195
.0375518799
.0436859131
.0349731445
.0304565430
.0467224121
.0218048096
-.0452880859
-.0276336670
-.0435333252
-.0452728271
-.0511779785
-.1133575439
-.0272369385
-.0286102295
.0226440430
-.0373229980
-.0148010254
.0588378906
.0640106201
.0402679443
.0480041504
-.0160980225
-.0284271240
-.0272674561
-.0191345215
-.0189056396
-.0216217041
-.0307159424
-.0264739990
-.0287933350
-.0245056152
-.0294647217
.0331726074
.0250549316
.0230865479
.0350036621
.0299072266
.0321502686
.0439453125
-.0329742432
-.0364685059
-.0291748047
-.0289001465
-.0262908936
-.0428161621
-.0161743164
-.0229339600
-.0185699463
-.0317382813
.0290527344
.0290832520
.0209045410
.0340576172
.0250701904
.0177307129
.0162353516
.0169830322
-.0204315186
-.0410156250
-.0362701416
-.0390930176
-.0252532959
-.0241088867
-.0276184082
.0269775391
.0186309814
.0234375000
.0227203369
.0226287842
.0185546875
.0308990479
-.0101470947
-.0362854004
-.0322113037
-.0250396729
-.0323486328
-.0320587158
-.0230865479
-.0176239014
.0305633545
.0232086182
.0283050537
.0293121338
.0227355957
.0311737061
.0401458740
.0199890137
.0286865234
.0205078125
-.0316314697
-.0333404541
-.0469818115
-.0241546631
-.0239257813
-.0305786133
-.0188293457
-.0128936768
.0271301270
.0225067139
.0308074951
.0199890137
.0180511475
.0466613770
.0186157227
-.0176086426
.0220489502
-.0189819336
-.0155181885
-.0291900635
-.0140533447
-.0165710449
.0197143555
.0209503174
.0348358154
.0255432129
.0594635010
.0259246826
.0194091797
.0365142822
.0169982910
-.0264587402
-.0363311768
-.0377197266
-.0364685059
-.0292358398
-.0354766846
-.0350036621
-.0249481201
.0318450928
.0270690918
.0285186768
.0417022705
.0187377930
.0192108154
.0307312012
-.0157165527
-.0126647949
-.0415039063
-.0330963135
-.0323791504
-.0405883789
.0187988281
-.0188751221
.0234527588
.0529632568
.0613861084
.0309448242
.0538635254
.0343627930
.0278167725
-.0377807617
.0262451172
-.0418701172
-.0336761475
-.0214080811
-.0408630371
-.0287322998
-.0338897705
-.0212860107
.0258331299
.0218505859
.0243072510
.0372009277
.0284271240
.0287628174
.0443572998
.0464782715
.0569610596
-.0322418213
-.0344238281
-.0306243896
-.0253601074
-.0250854492
-.0296478271
-.0201568604
-.0236511230
.0151062012
-.0439910889
.0293731689
.0246124268
.0349121094
.0211486816
-.0208892822
.0314331055
-.0346832275
-.0274047852
-.0329437256
-.0325469971
-.0170135498
-.0304107666
-.0298004150
-.0153198242
.0191497803
.0171813965
.0205383301
.0194702148
.0228424072
.0244445801
.0282287598
.0238800049
.0219421387
.0206604004
-.0386352539
-.0364379883
-.0426025391
-.0303802490
-.0342559814
-.0426483154
.0279235840
.0333557129
.0220947266
.0309906006
.0474395752
.0351257324
.0525207520
.0345306396
-.0207366943
-.0231628418
-.0475311279
-.0224761963
-.0184020996
-.0316619873
-.0366668701
.0383605957
-.0319213867
.0281066895
.0367431641
.0220184326
.0334472656
.0125122070
.0135040283
.0148468018
-.0151824951
-.0334167480
-.0268249512
-.0502166748
-.0349121094
-.0264129639
-.0212402344
.0286712646
.0256347656
.0337677002
.0500335693
.0428924561
.0310974121
.0251159668
.0189819336
.0134887695
-.0150451660
-.0177001953
-.0297241211
-.0342712402
-.0232086182
-.0275115967
.0122070313
.0110931396
-.0154571533
.0188293457
.0338134766
.0178375244
.0321960449
.0249633789
.0209197998
-.0287017822
-.0230255127
-.0216979980
-.0254821777
-.0305328369
-.0231018066
-.0221252441
-.0844116211
.0195770264
.0258178711
.0241699219
.0389251709
.0463867188
.0266876221
-.0365753174
-.0291900635
-.0370635986
-.0366973877
-.0398406982
-.0550994873
-.0481872559
-.0454406738
-.0222930908
-.0263214111
.0150909424
.0359497070
.0335845947
.0279541016
.0463562012
.0429840088
.0304870605
.0373077393
-.0403900146
-.0317687988
-.0363769531
-.0519561768
-.0293121338
-.0310363770
-.0291595459
-.0300598145
.0273132324
.0303649902
.0303192139
.0223083496
.0530700684
.0283355713
.0297546387
.0277862549
.0239562988
.0284118652
-.0506896973
-.0380249023
-.0332641602
-.0250244141
-.0484924316
-.0327301025
-.0360565186
-.0139923096
.0234527588
.0291442871
.0288085938
-.0262145996
.0362854004
.0327758789
.0324859619
-.0132293701
-.0361328125
-.0238342285
-.0343933105
-.0388793945
-.0211486816
-.0245513916
-.0393524170
.0144195557
.0307464600
.0284881592
.0401306152
.0228118896
.0399627686
.0429687500
-.0130157471
-.0206604004
-.0189819336
-.0259246826
-.0237579346
-.0307006836
-.0169982910
.0243225098
.0216979980
.0234832764
.0343017578
.0398101807
.0259246826
.0302429199
.0316009521
.0246124268
-.0241699219
-.0350952148
-.0209808350
-.0284881592
-.0302886963
-.0291442871
-.0429992676
-.0171051025
.0181274414
.0543518066
-.0318908691
.0290069580
.0177612305
.0155487061
.0180206299
.0085144043
.0091705322
-.0109405518
-.0147247314
-.0072784424
-.0080871582
-.0082244873
-.0061035156
-.0037231445
.0017700195
.0004425049
